[[1.0,0.001533796388802465,1.8119411383884124E-4,3.5837940825710773E-4,3.0203012470575813E-5,0.0010042129654187347,1.3567874489375694E-4,5.842662463436527E-5,2.006052277068719E-4,1.1838795677671267E-4,5.729513086488811E-5,1.4572936450406335E-5,1.5013595347110979E-5,1.2606982712100735E-4,2.444071031573844E-5,0.008155439429386832,9.707333502158487E-4,0.003018609865562349,0.001822361002656534,1.566745132540848E-5,3.605899489981481E-5,2.0002073804568833E-5,2.2252374120547323E-5,8.239638155543354E-5,1.9350879364850874E-5,4.1981947149458205E-5,2.4812362366822773E-4,6.201052886556492E-5,0.0013989969482273209,0.005563915600788176,2.0166558149738585E-4,0.001415343646292937,1.7126646282946846E-4,6.783643520675425E-5,1.43174203720848E-5,6.855144626401095E-5,1.4811233140023372E-5,6.985998568627732E-5,1.628968271508128E-5,5.946870629964599E-4,0.005204622297831266,0.0013917045518910096,0.001185192083635258,0.013702759863316705,2.2401792016825843E-5],[0.001533796388802465,1.0,0.001773887503392646,0.0011277262379590734,9.756910211108594E-4,0.0019259874944465192,0.0010996379345423646,0.0011957080326238105,0.0011959756709908388,6.81952613811571E-4,0.0012601757596449308,0.002270791148647945,2.645956613108082E-4,8.835254526118969E-4,0.0013428083490207013,0.010804597385202744,0.0014459679561571541,0.010793770552759704,0.0023089555525176732,7.712610567571658E-4,0.0014546396769353823,9.813803906504673E-4,0.0017159468975923133,0.0016281868043963726,4.1178391348024125E-4,8.372057812769963E-4,7.650536491593534E-4,6.264966135028018E-4,0.0024237022399600503,0.008599946538059292,0.001561621559537068,0.002110765398571866,5.495004960510622E-4,9.988286759427313E-4,2.9405120163501514E-4,0.0024365737539385444,0.0024628325212490356,0.0014671056139887297,0.0015629451561046115,0.0024975683607145666,0.002919995992073397,0.002162707993674838,0.0018869114387803482,0.04449274474083425,0.0011599761885560708],[1.8119411383884124E-4,0.001773887503392646,1.0,4.0889824195097194E-4,1.8913471652024047E-4,0.0013565807371457217,1.565734656923063E-4,1.9415982906468372E-4,7.905757075603399E-4,2.6800302891368606E-4,1.3407946051399413E-4,1.516907564503854E-4,4.946063911734619E-5,6.934453824116464E-4,2.518046652892246E-4,0.00880070432527741,6.154687233394982E-4,0.007561497209425851,7.020674923859606E-4,8.900004740064682E-5,8.971545852352251E-5,7.402806470497421E-5,1.3082392192091864E-4,1.2388589476422E-4,2.633075908030873E-5,1.8414602275374078E-4,2.1668411786416887E-4,1.796206101572641E-4,2.3454394000874392E-4,0.008518610504886552,2.0369562650379152E-4,5.687484779339773E-4,2.6756094542882715E-4,1.8120008046227997E-4,2.6446109579947083E-5,1.3146303511811305E-4,5.8321904159851095E-5,1.6932282000033309E-4,3.516801378734552E-5,6.953899573923364E-4,0.0030062349798118575,3.709018028026287E-4,0.0013577640322546929,0.00845925803658422,1.344463693766941E-4],[3.5837940825710773E-4,0.0011277262379590734,4.0889824195097194E-4,1.0,4.866874093581532E-4,7.884346150658153E-4,6.451604423399655E-4,4.7657576669159543E-4,8.199293913326133E-4,5.814848511632128E-4,1.3931627152710913E-4,4.3818474462811166E-4,5.413550165848303E-4,7.959733061888334E-4,6.057878191635835E-4,0.009256500001135877,0.001275744411840948,0.00800103944958652,0.0017132306464300688,3.9802526662063484E-4,5.442354633819227E-4,4.495392991367614E-4,9.916826431372379E-5,5.69503122122491E-4,3.0157360709500016E-4,2.7696665578479747E-4,3.972690022860749E-4,2.689114319991125E-4,0.0012775091528722683,0.001078439072810447,2.768458052443682E-4,0.0015270019585402212,5.217812537865296E-4,4.4255024882743603E-4,3.077797474839069E-4,1.3843231988540754E-4,1.5416567086983074E-4,5.325130431248836E-4,1.6174391961322834E-4,0.0012115495707523945,0.003085432350910138,0.0010546169500301277,0.0016327567058629655,0.005914855988795572,4.207840488245998E-4],[3.0203012470575813E-5,9.756910211108594E-4,1.8913471652024047E-4,4.866874093581532E-4,1.0,0.001516022499580809,7.87062811432174E-5,8.00861679302263E-5,3.134231192045195E-4,2.536275990047299E-4,6.845304959568423E-5,1.8373220593756293E-5,2.9609937844268598E-5,6.988974176608451E-4,1.5596875592011907E-4,0.008219715494207577,3.674315003798162E-4,0.007789450882390963,0.0018061505520555801,2.813144127775507E-5,6.522660735864473E-5,6.9835303851895E-5,4.2995748189150125E-5,8.940508831077233E-5,4.3249892180556E-5,9.718183978212314E-5,2.162257630446977E-4,9.070517149780086E-5,0.0013902030232770632,0.008588180496170786,1.658862795254435E-4,0.0010792802928896754,9.204759763691646E-5,7.540013376298714E-5,1.5789008523714646E-5,8.616004045103974E-5,3.643601867778711E-5,1.2870637053789916E-4,5.8663576922778855E-5,2.892122654483792E-4,0.0010109667911940585,0.0011936365275379507,7.447558703869277E-4,0.03311502069567263,3.7431128127027943E-5],[0.0010042129654187347,0.0019259874944465192,0.0013565807371457217,7.884346150658153E-4,0.001516022499580809,1.0,5.388997402067629E-4,7.259461111847506E-4,0.0013466427334559972,0.001172004793371461,0.001005040908654649,4.0397225995201244E-4,3.7463850167791465E-4,9.715887657901061E-4,5.950178769958174E-4,0.0073810865062450106,0.0014440346229546883,0.010883573795535402,0.001569248090609408,6.900274402015306E-4,0.0012024181344783994,1.6208733329976718E-4,0.001500682952290162,9.690879064442051E-4,7.06910955145212E-5,0.0012276631968165307,0.00117420597485304,5.269971055525909E-4,0.0015198520091505036,0.0023792097820079464,9.924468255966988E-4,0.001533778264590452,0.0014913968299591152,5.873441699985695E-4,3.551204254206557E-5,2.706618328284457E-4,4.191163629770302E-4,0.0013739541441901682,0.0012606459638058165,0.0018853892893535475,0.004144931444798909,0.0015207115886296165,0.0015618518436725944,0.02609812478300881,0.0013268372473352074],[1.3567874489375694E-4,0.0010996379345423646,1.565734656923063E-4,6.451604423399655E-4,7.87062811432174E-5,5.388997402067629E-4,1.0,1.288323459501919E-4,4.255565729396786E-4,2.360049303088423E-4,1.372384871328185E-4,1.2370897329721319E-4,4.690750658901117E-5,6.142022340755544E-4,2.535849660699847E-4,0.006737347924843332,6.708832264169921E-4,0.008737752256532812,8.061771446519518E-4,1.1793393993192812E-4,7.91062488577891E-5,1.3475881359895206E-4,1.214704014230751E-4,1.3727230138985128E-4,8.785257829230387E-5,1.4793048767231765E-4,1.545341333787658E-4,1.3946221270138287E-4,0.0011484861372780355,0.0019312286320119004,1.8434887729873743E-4,2.6419655950324757E-4,1.9288429387517164E-4,1.4243188980920114E-4,9.362838192147419E-5,1.3762574348052186E-4,1.1751791093335936E-4,1.2945004289175233E-4,1.4165699150563108E-4,0.00197145568731919,0.0016894508454369014,5.129137344124426E-4,8.614128309041516E-4,0.030613334647849513,1.0068115622881654E-4],[5.842662463436527E-5,0.0011957080326238105,1.9415982906468372E-4,4.7657576669159543E-4,8.00861679302263E-5,7.259461111847506E-4,1.288323459501919E-4,1.0,6.677652584044016E-4,2.409295636994397E-4,1.2516082261363628E-4,1.2232887501886154E-4,4.823755246921674E-5,7.10648223134206E-4,2.554377005260477E-4,0.0043971370601716565,0.0010673222641626944,0.010216085183742427,8.20371004143227E-4,8.85377717223205E-5,7.68744519147215E-5,7.466854040028E-5,6.184597187101756E-5,1.218698662819474E-4,1.0286480683487029E-4,1.3100385043352875E-4,1.6872690392151846E-4,1.2875510939015122E-4,0.001284704077394906,0.003732458007183648,1.8828736345566098E-4,0.0011197724213814855,1.8955267041356126E-4,1.2365125408430873E-4,6.955221989074904E-5,1.2407023511831988E-4,2.2517494214374867E-5,1.2881399367897773E-4,5.635305555030514E-5,0.002222434380521448,0.006404120789938332,0.0011139906874271736,0.0012791161112201664,0.02183027222380406,5.711958967265276E-5],[2.006052277068719E-4,0.0011959756709908388,7.905757075603399E-4,8.199293913326133E-4,3.134231192045195E-4,0.0013466427334559972,4.255565729396786E-4,6.677652584044016E-4,1.0,4.7300761950233095E-4,1.4237402457546413E-4,5.463492481265161E-4,7.499054723127235E-4,8.49255876561852E-4,6.136259266908789E-4,0.003730073226561886,8.712314437458247E-4,0.01509071663327436,0.0016029268485768281,5.35562720817454E-4,4.5768220054791616E-4,4.23505436922474E-4,8.016380135994707E-4,8.288260323924942E-4,1.6718989123609126E-4,3.425596440606364E-4,6.123092284395535E-4,2.2650435748540324E-4,8.838173716605901E-4,0.002312714010602855,5.771696405027845E-4,0.0014855816251593424,3.368341363656107E-4,7.2790030485169E-4,1.7806914495680374E-4,4.079214222217133E-4,5.786080598161622E-4,6.773708870119024E-4,7.287089860392792E-4,0.00259040652282189,0.001727188501842277,0.0014498708758618009,9.518674810913932E-4,0.028696558050740874,7.003303195981207E-4],[1.1838795677671267E-4,6.81952613811571E-4,2.6800302891368606E-4,5.814848511632128E-4,2.536275990047299E-4,0.001172004793371461,2.360049303088423E-4,2.409295636994397E-4,4.7300761950233095E-4,1.0,1.5926500663661646E-4,5.2115970360073E-5,1.9313050538427763E-4,3.6794087288961663E-4,3.530974861686973E-4,0.005036472868729298,0.0013130927195900994,0.00507452847428303,6.168146510410952E-4,2.6978716551202E-4,6.75595150490209E-5,2.8647202398183444E-4,2.738093069566514E-4,2.548933325881212E-4,1.6126470341273872E-4,1.7196097578258424E-4,2.6512508561420887E-4,2.816300696494086E-4,6.297729695474198E-4,0.004175938798476583,2.599588428553495E-4,3.971265223796043E-4,2.9641405705568813E-4,2.7795177342948113E-4,1.1580311384289537E-4,1.8528869908227198E-4,2.1826311881919796E-5,2.2779823744630391E-4,8.039807073990543E-5,0.0014022428926871045,0.0033753784875072018,0.0012062701396203847,7.160566506415726E-4,0.02148251703826462,2.874812656412581E-4],[5.729513086488811E-5,0.0012601757596449308,1.3407946051399413E-4,1.3931627152710913E-4,6.845304959568423E-5,0.001005040908654649,1.372384871328185E-4,1.2516082261363628E-4,1.4237402457546413E-4,1.5926500663661646E-4,1.0,7.461461642461793E-5,9.780059575190242E-5,4.915470791961231E-4,1.3531732267999316E-4,0.0038593734625964175,7.08340989097114E-4,0.0076546557254869715,0.0010261192873664655,8.703277717020581E-5,7.267575381050351E-5,8.291233240357409E-5,6.151598103886089E-5,1.175477006720877E-4,7.344985865059218E-5,1.2161175294319984E-4,1.3233399646167088E-4,1.2588827851512969E-4,0.0013390474117808322,0.002870495737556925,1.4996803289433472E-4,6.147283275601484E-4,2.15463980269791E-4,1.1928371551966412E-4,1.802520314548838E-5,1.2041707016757609E-4,7.775714722469012E-5,1.2173565763571882E-4,9.830376078220232E-5,0.0014263351117334603,0.001591642943767236,0.0010422580212069283,5.427813403882118E-4,0.0328190065447513,8.275311094528765E-5],[1.4572936450406335E-5,0.002270791148647945,1.516907564503854E-4,4.3818474462811166E-4,1.8373220593756293E-5,4.0397225995201244E-4,1.2370897329721319E-4,1.2232887501886154E-4,5.463492481265161E-4,5.2115970360073E-5,7.461461642461793E-5,1.0,1.2223388474419914E-5,5.855758948300752E-4,3.410643473294078E-4,0.0026072361172896344,5.978260205839402E-4,0.014986663629119849,0.0015168765949321469,1.449138825913994E-5,2.8747651854703503E-5,6.992391399345148E-5,1.6169068307406556E-5,6.038721851399938E-5,1.8474062697300842E-5,1.423501661706629E-4,1.4334164589990887E-4,1.320302580540115E-4,7.960822549012107E-5,0.008264907339227157,1.849273904568262E-4,0.001560795984412966,2.9589781101441723E-4,1.950134468972968E-5,1.4030997755190959E-5,7.720200363543971E-5,1.1406940549175165E-5,9.251303508726502E-5,1.4466524677934697E-5,1.655800811734945E-5,0.0036297562262290373,0.001169391668045857,8.196967820974713E-4,0.0030316498457365706,1.8816878714741477E-5],[1.5013595347110979E-5,2.645956613108082E-4,4.946063911734619E-5,5.413550165848303E-4,2.9609937844268598E-5,3.7463850167791465E-4,4.690750658901117E-5,4.823755246921674E-5,7.499054723127235E-4,1.9313050538427763E-4,9.780059575190242E-5,1.2223388474419914E-5,1.0,1.1839238972356447E-4,1.8099550572137885E-4,0.005534674532654786,3.286507999185027E-4,0.006950551978799773,0.0017133393957172816,1.278907167847068E-5,3.2719610705379275E-5,5.693356055682257E-5,1.874676491448983E-5,6.268501818177031E-5,1.5162818825353589E-5,2.6925615528026847E-5,1.1597668611559351E-4,4.642022449348487E-5,8.143208215693524E-4,8.978840153983888E-4,1.8611490228020116E-4,8.387524514544574E-4,2.3767609808458644E-5,9.864823428438574E-5,1.3053647463070691E-5,7.386006400730187E-5,1.0456901716559569E-5,8.873099458300691E-5,1.5509761784522416E-5,8.88964885117857E-4,0.0048505294097215155,7.578613574271356E-4,9.670300362004094E-4,0.03246320448383837,1.646761820151573E-5],[1.2606982712100735E-4,8.835254526118969E-4,6.934453824116464E-4,7.959733061888334E-4,6.988974176608451E-4,9.715887657901061E-4,6.142022340755544E-4,7.10648223134206E-4,8.49255876561852E-4,3.6794087288961663E-4,4.915470791961231E-4,5.855758948300752E-4,1.1839238972356447E-4,1.0,4.683304038867091E-4,0.009917642139740212,0.0013414192520348868,0.012159631665356448,0.0013080861936867224,5.758066059283408E-4,4.542849792758747E-4,3.69756775335518E-4,3.443981424582989E-4,7.403706193878433E-4,3.8302745758258855E-4,2.9148444289924305E-4,5.327809703555345E-4,2.815826961392437E-4,0.001373189564824208,0.009945071756748015,3.6934678598894027E-4,0.0010179143693892678,7.387619737935254E-4,4.4540145544101514E-4,7.384202372144039E-4,3.1464205062694476E-4,4.0026261729150796E-5,6.804184092170363E-4,6.385122952433708E-4,0.0014422714346396756,0.006658977033766914,0.0012205613382267138,8.295463151438271E-4,0.04160522409724758,1.0339004042695588E-4],[2.444071031573844E-5,0.0013428083490207013,2.518046652892246E-4,6.057878191635835E-4,1.5596875592011907E-4,5.950178769958174E-4,2.535849660699847E-4,2.554377005260477E-4,6.136259266908789E-4,3.530974861686973E-4,1.3531732267999316E-4,3.410643473294078E-4,1.8099550572137885E-4,4.683304038867091E-4,1.0,0.012206100776769263,6.672311322835607E-4,0.002095378021524567,7.007150291105882E-4,6.752452604767032E-5,1.852625463570297E-4,3.5727675464670354E-4,5.5668303604255746E-5,2.4114428371045524E-4,3.4235803264465756E-4,2.4331237522338858E-4,3.3652807960239076E-4,3.549458848188274E-4,8.4085672984917E-4,0.008464472370660552,3.458228822109349E-4,6.170705974431216E-4,3.6683890211727083E-4,2.663461626675671E-4,2.4537176165009096E-4,2.4659294158433417E-4,1.966070001309379E-4,2.5642068247207407E-4,2.623283821557847E-4,0.002065847247320774,0.006185301803197743,6.343243449818108E-4,8.073218776491556E-4,0.013677441019691056,2.3819536894889424E-4],[0.008155439429386832,0.010804597385202744,0.00880070432527741,0.009256500001135877,0.008219715494207577,0.0073810865062450106,0.006737347924843332,0.0043971370601716565,0.003730073226561886,0.005036472868729298,0.0038593734625964175,0.0026072361172896344,0.005534674532654786,0.009917642139740212,0.012206100776769263,1.0,0.009873876157382565,0.01300365994709217,0.006316703374617747,0.010217630986463475,0.005458701394572521,0.003393455375165162,0.009176260424589602,0.0029128724591476287,0.007389959903908413,0.004811968066626386,0.004897994489007998,8.886390061953937E-4,0.004450588792842894,0.011918539910122,0.005569051293081554,0.004104457830010871,0.004823660024396451,0.0020770260933390397,0.001885543948448432,0.004251692273402531,8.729950860386028E-4,0.0069772672655985446,0.009575788520092296,0.010680825872491244,0.01046478241975144,0.0018482326561911362,0.007862334901736939,0.016656137543153177,0.007204840392501623],[9.707333502158487E-4,0.0014459679561571541,6.154687233394982E-4,0.001275744411840948,3.674315003798162E-4,0.0014440346229546883,6.708832264169921E-4,0.0010673222641626944,8.712314437458247E-4,0.0013130927195900994,7.08340989097114E-4,5.978260205839402E-4,3.286507999185027E-4,0.0013414192520348868,6.672311322835607E-4,0.009873876157382565,1.0,0.002544246382217125,0.0018629658170971316,6.156137284099623E-4,0.001026661396677731,0.001044511953755402,8.504451127777263E-4,7.665730895511003E-4,0.0010834326025400784,5.440480717059937E-4,8.568678712607815E-4,3.9148464677529586E-4,0.0013982270996419337,0.0092902167422457,0.0011342154896637332,0.001566130038653028,0.0012343554662351116,6.049784944293507E-4,0.0010376566474059124,0.0011599476660595508,9.121666923772217E-4,0.0012077939254220636,0.0012669765742933895,0.0014397764286038376,0.0038816534261983,0.0015039412455608993,0.0016823628518664207,0.012238050158564885,0.0010622845495881562],[0.003018609865562349,0.010793770552759704,0.007561497209425851,0.00800103944958652,0.007789450882390963,0.010883573795535402,0.008737752256532812,0.010216085183742427,0.01509071663327436,0.00507452847428303,0.0076546557254869715,0.014986663629119849,0.006950551978799773,0.012159631665356448,0.002095378021524567,0.01300365994709217,0.002544246382217125,1.0,0.0023752715650124418,0.008024324581947451,0.009093050097091687,0.0020015107829535568,0.00771552101801648,0.004017417312945584,0.003687977225336337,0.012209659735394172,0.0031735957612678673,0.0031455329925722513,0.012751143550573827,0.010381586743513563,0.003723134238152264,0.012811438495119098,0.003257221288236539,0.0015265994618121137,0.0073284462433575075,0.012236134169491262,0.0025927025597289907,0.002555993405889349,0.009127227187915442,0.014527176039150401,0.009007085506116615,0.0034125629923339924,0.004033409487960322,0.04976099358365263,0.0013180868562364307],[0.001822361002656534,0.0023089555525176732,7.020674923859606E-4,0.0017132306464300688,0.0018061505520555801,0.001569248090609408,8.061771446519518E-4,8.20371004143227E-4,0.0016029268485768281,6.168146510410952E-4,0.0010261192873664655,0.0015168765949321469,0.0017133393957172816,0.0013080861936867224,7.007150291105882E-4,0.006316703374617747,0.0018629658170971316,0.0023752715650124418,1.0,0.0014680413860590625,6.358954650956355E-4,0.0014196490323982404,0.0011123421846082906,0.0018957375580153637,5.433140185883038E-4,0.00144141962606725,0.001329830369144731,5.645108959652894E-4,0.0017179292345430358,0.004235240923487319,2.8722502416734494E-4,0.0017147265545808745,0.0016547873401867065,0.0014653565931134218,5.186574528337019E-4,0.0016848013249528846,8.156736599190075E-4,0.001604427902490859,0.0017060111040473,0.002354611028100008,0.0029748590844750544,0.0018890464036887857,0.0018447560974186512,0.033689675066620205,2.660999351506579E-4],[1.566745132540848E-5,7.712610567571658E-4,8.900004740064682E-5,3.9802526662063484E-4,2.813144127775507E-5,6.900274402015306E-4,1.1793393993192812E-4,8.85377717223205E-5,5.35562720817454E-4,2.6978716551202E-4,8.703277717020581E-5,1.449138825913994E-5,1.278907167847068E-5,5.758066059283408E-4,6.752452604767032E-5,0.010217630986463475,6.156137284099623E-4,0.008024324581947451,0.0014680413860590625,1.0,4.620626857658544E-5,4.803418182697268E-5,2.3603288479296136E-5,9.641579571378747E-5,1.9617884153698333E-5,3.71810514222861E-5,8.400738428654754E-5,1.0606897118058632E-4,4.5483855142882843E-4,0.006346887274340466,8.449203492899325E-5,2.174331515734227E-4,2.1815500630710633E-4,1.2048427104786405E-4,1.3819392839904584E-5,5.212048465710157E-5,1.2492488816914165E-5,5.0655052000490504E-5,1.581530875114225E-5,0.002507413470034584,0.0030577082629773176,8.62309138999051E-4,0.0013887916519883924,0.04815478645515767,1.4803755078577816E-5],[3.605899489981481E-5,0.0014546396769353823,8.971545852352251E-5,5.442354633819227E-4,6.522660735864473E-5,0.0012024181344783994,7.91062488577891E-5,7.68744519147215E-5,4.5768220054791616E-4,6.75595150490209E-5,7.267575381050351E-5,2.8747651854703503E-5,3.2719610705379275E-5,4.542849792758747E-4,1.852625463570297E-4,0.005458701394572521,0.001026661396677731,0.009093050097091687,6.358954650956355E-4,4.620626857658544E-5,1.0,6.471717632601725E-5,5.661003972027266E-5,6.370719232169734E-5,2.9874521332499284E-5,5.7152230306347667E-5,2.4125217101958165E-4,6.93604757332293E-5,0.0014691639566907237,0.002172989748120695,1.082171961914318E-4,4.6452657580599917E-4,6.892515417428061E-5,1.1182926939832154E-4,5.441243186798192E-5,1.0902852545312506E-4,5.4760642399244115E-5,1.1650359626344409E-4,2.647970918665663E-5,8.627238505632081E-4,0.0010582690824503195,3.841234148300542E-4,0.001372361012547044,0.017180769036653606,4.374936529717443E-5],[2.0002073804568833E-5,9.813803906504673E-4,7.402806470497421E-5,4.495392991367614E-4,6.9835303851895E-5,1.6208733329976718E-4,1.3475881359895206E-4,7.466854040028E-5,4.23505436922474E-4,2.8647202398183444E-4,8.291233240357409E-5,6.992391399345148E-5,5.693356055682257E-5,3.69756775335518E-4,3.5727675464670354E-4,0.003393455375165162,0.001044511953755402,0.0020015107829535568,0.0014196490323982404,4.803418182697268E-5,6.471717632601725E-5,1.0,3.664395194559587E-5,9.45757712341924E-5,5.6051512261805385E-5,1.5172339602734198E-4,1.7230245350967954E-4,1.1790920913225009E-4,0.0014176540847731268,0.0030981377638276235,1.8092809960338661E-4,8.725776948331504E-4,1.9854346115173843E-4,8.883710166114133E-5,6.202171098257566E-5,1.0976997991404882E-4,2.3096920792507092E-5,1.115268120204096E-4,2.8169522181764396E-5,4.290558247896595E-4,0.0051697311859397205,9.550861249162268E-4,0.00146944068554265,0.04582828984543954,6.731574339154455E-5],[2.2252374120547323E-5,0.0017159468975923133,1.3082392192091864E-4,9.916826431372379E-5,4.2995748189150125E-5,0.001500682952290162,1.214704014230751E-4,6.184597187101756E-5,8.016380135994707E-4,2.738093069566514E-4,6.151598103886089E-5,1.6169068307406556E-5,1.874676491448983E-5,3.443981424582989E-4,5.5668303604255746E-5,0.009176260424589602,8.504451127777263E-4,0.00771552101801648,0.0011123421846082906,2.3603288479296136E-5,5.661003972027266E-5,3.664395194559587E-5,1.0,6.544184040919385E-5,2.52787916539023E-5,4.0082546062819243E-5,1.7727765057073242E-4,1.1099842309761166E-4,0.0010591564492331749,0.004467024245689741,2.0747191438446065E-4,0.001485936591505682,8.210742936007618E-5,7.044689998937744E-5,1.979070240385257E-5,1.0176912143787823E-4,1.859851606109449E-5,1.1530558918474355E-4,1.6179991464653506E-5,0.001716203193799639,0.004733270854603467,6.354747674803675E-4,5.465198896399367E-4,0.035044443972940605,2.676534243517445E-5],[8.239638155543354E-5,0.0016281868043963726,1.2388589476422E-4,5.69503122122491E-4,8.940508831077233E-5,9.690879064442051E-4,1.3727230138985128E-4,1.218698662819474E-4,8.288260323924942E-4,2.548933325881212E-4,1.175477006720877E-4,6.038721851399938E-5,6.268501818177031E-5,7.403706193878433E-4,2.4114428371045524E-4,0.0029128724591476287,7.665730895511003E-4,0.004017417312945584,0.0018957375580153637,9.641579571378747E-5,6.370719232169734E-5,9.45757712341924E-5,6.544184040919385E-5,1.0,5.53148273083506E-5,1.2738524713521424E-4,1.2157103173347367E-4,1.1635624344060458E-4,0.0010125562895074844,0.008291610903980041,1.8225395862417421E-4,4.801558193778243E-4,1.8701683208770253E-4,1.1784599806666512E-4,5.8366213190207095E-5,1.222137115352456E-4,1.543661812913132E-5,1.1467672494251669E-4,9.657124973689923E-5,0.001266038398857653,0.005041048259639553,2.3981206869447765E-4,0.001090967350244609,0.0400304575207998,6.64390891812313E-5],[1.9350879364850874E-5,4.1178391348024125E-4,2.633075908030873E-5,3.0157360709500016E-4,4.3249892180556E-5,7.06910955145212E-5,8.785257829230387E-5,1.0286480683487029E-4,1.6718989123609126E-4,1.6126470341273872E-4,7.344985865059218E-5,1.8474062697300842E-5,1.5162818825353589E-5,3.8302745758258855E-4,3.4235803264465756E-4,0.007389959903908413,0.0010834326025400784,0.003687977225336337,5.433140185883038E-4,1.9617884153698333E-5,2.9874521332499284E-5,5.6051512261805385E-5,2.52787916539023E-5,5.53148273083506E-5,1.0,1.1219896546543844E-4,2.8104095012545853E-5,1.1664962761437378E-4,3.067167578013706E-4,0.0043728018518155555,2.0077139229773825E-4,6.376661638223791E-4,1.851061422279076E-4,7.458318574633765E-5,2.4588087816020524E-5,7.785439998422969E-5,2.409484457637201E-5,4.563805953049651E-5,1.6330385475075143E-5,0.001905126020525241,0.0034359571142300767,0.001479640063543966,0.0012494530207994312,0.026557320761989432,2.5929473129768926E-5],[4.1981947149458205E-5,8.372057812769963E-4,1.8414602275374078E-4,2.7696665578479747E-4,9.718183978212314E-5,0.0012276631968165307,1.4793048767231765E-4,1.3100385043352875E-4,3.425596440606364E-4,1.7196097578258424E-4,1.2161175294319984E-4,1.423501661706629E-4,2.6925615528026847E-5,2.9148444289924305E-4,2.4331237522338858E-4,0.004811968066626386,5.440480717059937E-4,0.012209659735394172,0.00144141962606725,3.71810514222861E-5,5.7152230306347667E-5,1.5172339602734198E-4,4.0082546062819243E-5,1.2738524713521424E-4,1.1219896546543844E-4,1.0,2.2013244604116442E-4,1.5333438366828614E-4,6.361723985631313E-4,0.002128626519361748,2.063141709521913E-4,5.108525014617487E-4,2.472303857141806E-4,1.2761912875397212E-4,1.0999895071209012E-4,1.4674770987635184E-4,1.2109242312893137E-4,1.3681544402732815E-4,2.535165524360983E-5,0.0012871084779302751,3.5598162164180466E-4,2.62342359974451E-4,0.0017002412800404573,4.665528649682239E-4,8.584272557176442E-5],[2.4812362366822773E-4,7.650536491593534E-4,2.1668411786416887E-4,3.972690022860749E-4,2.162257630446977E-4,0.00117420597485304,1.545341333787658E-4,1.6872690392151846E-4,6.123092284395535E-4,2.6512508561420887E-4,1.3233399646167088E-4,1.4334164589990887E-4,1.1597668611559351E-4,5.327809703555345E-4,3.3652807960239076E-4,0.004897994489007998,8.568678712607815E-4,0.0031735957612678673,0.001329830369144731,8.400738428654754E-5,2.4125217101958165E-4,1.7230245350967954E-4,1.7727765057073242E-4,1.2157103173347367E-4,2.8104095012545853E-5,2.2013244604116442E-4,1.0,1.5017701935814267E-4,6.035503319082247E-4,0.001820525339300835,2.26562620746511E-4,6.620722639686011E-4,2.842800925766583E-4,2.2771451746049764E-4,1.1609306113539226E-4,2.602777298914644E-4,1.7373773256852863E-4,2.4022811127383248E-4,8.577777177513087E-5,0.0014844949003926678,0.0014556331140604098,8.834401226538774E-4,4.3147153168107764E-4,0.0464963928576438,6.872622200117137E-5],[6.201052886556492E-5,6.264966135028018E-4,1.796206101572641E-4,2.689114319991125E-4,9.070517149780086E-5,5.269971055525909E-4,1.3946221270138287E-4,1.2875510939015122E-4,2.2650435748540324E-4,2.816300696494086E-4,1.2588827851512969E-4,1.320302580540115E-4,4.642022449348487E-5,2.815826961392437E-4,3.549458848188274E-4,8.886390061953937E-4,3.9148464677529586E-4,0.0031455329925722513,5.645108959652894E-4,1.0606897118058632E-4,6.93604757332293E-5,1.1790920913225009E-4,1.1099842309761166E-4,1.1635624344060458E-4,1.1664962761437378E-4,1.5333438366828614E-4,1.5017701935814267E-4,1.0,0.001105149418255233,0.008128477991639219,1.4963446941038597E-4,4.137046582151175E-4,2.8211711548213007E-4,1.2227580052957249E-4,8.024119809019174E-5,1.2831319233686975E-4,2.5240794899552074E-5,1.3075683242464746E-4,7.612135979660902E-5,9.61463085472928E-4,7.104186867461542E-4,0.0011154964861315034,0.0011325926398779572,0.006629040232401189,5.568864402824797E-5],[0.0013989969482273209,0.0024237022399600503,2.3454394000874392E-4,0.0012775091528722683,0.0013902030232770632,0.0015198520091505036,0.0011484861372780355,0.001284704077394906,8.838173716605901E-4,6.297729695474198E-4,0.0013390474117808322,7.960822549012107E-5,8.143208215693524E-4,0.001373189564824208,8.4085672984917E-4,0.004450588792842894,0.0013982270996419337,0.012751143550573827,0.0017179292345430358,4.5483855142882843E-4,0.0014691639566907237,0.0014176540847731268,0.0010591564492331749,0.0010125562895074844,3.067167578013706E-4,6.361723985631313E-4,6.035503319082247E-4,0.001105149418255233,1.0,0.0016100627896028711,3.3808017027362825E-4,0.0015496006884743948,0.0010967307685666521,8.396444099382908E-4,4.729331558396372E-4,7.076509154968366E-4,0.001082818458879261,8.92265892354694E-4,9.055417544181457E-4,0.002634121062756044,0.0045208211840505885,0.0015221771212932064,0.001636646842980149,0.0034836390511830905,6.527420846439864E-4],[0.005563915600788176,0.008599946538059292,0.008518610504886552,0.001078439072810447,0.008588180496170786,0.0023792097820079464,0.0019312286320119004,0.003732458007183648,0.002312714010602855,0.004175938798476583,0.002870495737556925,0.008264907339227157,8.978840153983888E-4,0.009945071756748015,0.008464472370660552,0.011918539910122,0.0092902167422457,0.010381586743513563,0.004235240923487319,0.006346887274340466,0.002172989748120695,0.0030981377638276235,0.004467024245689741,0.008291610903980041,0.0043728018518155555,0.002128626519361748,0.001820525339300835,0.008128477991639219,0.0016100627896028711,1.0,5.233057542416166E-4,0.005266349391478969,0.0033580956446563484,0.00786230636479903,9.538547299818747E-5,0.004465348761566025,0.009140821635392602,0.0017938616083935973,0.00818464002344902,0.009413359024906972,0.009541048373513387,0.003846272073444168,0.008013734967731062,0.044939432499967145,5.725266180580268E-4],[2.0166558149738585E-4,0.001561621559537068,2.0369562650379152E-4,2.768458052443682E-4,1.658862795254435E-4,9.924468255966988E-4,1.8434887729873743E-4,1.8828736345566098E-4,5.771696405027845E-4,2.599588428553495E-4,1.4996803289433472E-4,1.849273904568262E-4,1.8611490228020116E-4,3.6934678598894027E-4,3.458228822109349E-4,0.005569051293081554,0.0011342154896637332,0.003723134238152264,2.8722502416734494E-4,8.449203492899325E-5,1.082171961914318E-4,1.8092809960338661E-4,2.0747191438446065E-4,1.8225395862417421E-4,2.0077139229773825E-4,2.063141709521913E-4,2.26562620746511E-4,1.4963446941038597E-4,3.3808017027362825E-4,5.233057542416166E-4,1.0,9.783010340071899E-4,2.595130892974538E-4,1.893536109813499E-4,1.6325336920877123E-4,1.5920858270099223E-4,1.5155230907037548E-5,1.8666808900039334E-4,1.118050336396288E-4,0.0022354751752350025,0.0020338576293954013,8.23560062605283E-4,0.001331652057692312,0.020476086019158096,1.0058435567339167E-4],[0.001415343646292937,0.002110765398571866,5.687484779339773E-4,0.0015270019585402212,0.0010792802928896754,0.001533778264590452,2.6419655950324757E-4,0.0011197724213814855,0.0014855816251593424,3.971265223796043E-4,6.147283275601484E-4,0.001560795984412966,8.387524514544574E-4,0.0010179143693892678,6.170705974431216E-4,0.004104457830010871,0.001566130038653028,0.012811438495119098,0.0017147265545808745,2.174331515734227E-4,4.6452657580599917E-4,8.725776948331504E-4,0.001485936591505682,4.801558193778243E-4,6.376661638223791E-4,5.108525014617487E-4,6.620722639686011E-4,4.137046582151175E-4,0.0015496006884743948,0.005266349391478969,9.783010340071899E-4,1.0,0.001253424878587858,0.0015061149448795151,7.590389853089948E-4,0.0010338620297298778,0.0014785057750379765,9.753103501524047E-4,9.413073340488375E-4,0.0022628614161782634,0.004287286413024675,0.00155024850347892,0.0016123751341922121,0.0018889049704108145,0.001562658315276209],[1.7126646282946846E-4,5.495004960510622E-4,2.6756094542882715E-4,5.217812537865296E-4,9.204759763691646E-5,0.0014913968299591152,1.9288429387517164E-4,1.8955267041356126E-4,3.368341363656107E-4,2.9641405705568813E-4,2.15463980269791E-4,2.9589781101441723E-4,2.3767609808458644E-5,7.387619737935254E-4,3.6683890211727083E-4,0.004823660024396451,0.0012343554662351116,0.003257221288236539,0.0016547873401867065,2.1815500630710633E-4,6.892515417428061E-5,1.9854346115173843E-4,8.210742936007618E-5,1.8701683208770253E-4,1.851061422279076E-4,2.472303857141806E-4,2.842800925766583E-4,2.8211711548213007E-4,0.0010967307685666521,0.0033580956446563484,2.595130892974538E-4,0.001253424878587858,1.0,1.7045794905773366E-4,1.335158957116561E-4,2.867253776450485E-4,1.1788644661275694E-5,2.1866448428120363E-4,2.4483288222300955E-4,8.007439907287107E-4,0.002327699994358035,3.5393061030779727E-4,0.0011414574858121171,0.025781256110566857,5.271228849392823E-5],[6.783643520675425E-5,9.988286759427313E-4,1.8120008046227997E-4,4.4255024882743603E-4,7.540013376298714E-5,5.873441699985695E-4,1.4243188980920114E-4,1.2365125408430873E-4,7.2790030485169E-4,2.7795177342948113E-4,1.1928371551966412E-4,1.950134468972968E-5,9.864823428438574E-5,4.4540145544101514E-4,2.663461626675671E-4,0.0020770260933390397,6.049784944293507E-4,0.0015265994618121137,0.0014653565931134218,1.2048427104786405E-4,1.1182926939832154E-4,8.883710166114133E-5,7.044689998937744E-5,1.1784599806666512E-4,7.458318574633765E-5,1.2761912875397212E-4,2.2771451746049764E-4,1.2227580052957249E-4,8.396444099382908E-4,0.00786230636479903,1.893536109813499E-4,0.0015061149448795151,1.7045794905773366E-4,1.0,4.6882460876955004E-5,1.2263165985101E-4,1.5727702126077162E-5,1.2621275010915516E-4,5.262604568056558E-5,0.002316506579171033,0.002258138940525674,9.199307254619514E-4,8.486771374157374E-4,0.014920442704558914,8.462563689817375E-5],[1.43174203720848E-5,2.9405120163501514E-4,2.6446109579947083E-5,3.077797474839069E-4,1.5789008523714646E-5,3.551204254206557E-5,9.362838192147419E-5,6.955221989074904E-5,1.7806914495680374E-4,1.1580311384289537E-4,1.802520314548838E-5,1.4030997755190959E-5,1.3053647463070691E-5,7.384202372144039E-4,2.4537176165009096E-4,0.001885543948448432,0.0010376566474059124,0.0073284462433575075,5.186574528337019E-4,1.3819392839904584E-5,5.441243186798192E-5,6.202171098257566E-5,1.979070240385257E-5,5.8366213190207095E-5,2.4588087816020524E-5,1.0999895071209012E-4,1.1609306113539226E-4,8.024119809019174E-5,4.729331558396372E-4,9.538547299818747E-5,1.6325336920877123E-4,7.590389853089948E-4,1.335158957116561E-4,4.6882460876955004E-5,1.0,8.576948066420244E-5,1.1956150669895607E-5,5.742213065950595E-5,1.5687744161812688E-5,0.0013967068123120663,0.003765345470794042,0.001316707802620657,0.0010360080079401563,0.048718352325269144,2.4705206494460787E-5],[6.855144626401095E-5,0.0024365737539385444,1.3146303511811305E-4,1.3843231988540754E-4,8.616004045103974E-5,2.706618328284457E-4,1.3762574348052186E-4,1.2407023511831988E-4,4.079214222217133E-4,1.8528869908227198E-4,1.2041707016757609E-4,7.720200363543971E-5,7.386006400730187E-5,3.1464205062694476E-4,2.4659294158433417E-4,0.004251692273402531,0.0011599476660595508,0.012236134169491262,0.0016848013249528846,5.212048465710157E-5,1.0902852545312506E-4,1.0976997991404882E-4,1.0176912143787823E-4,1.222137115352456E-4,7.785439998422969E-5,1.4674770987635184E-4,2.602777298914644E-4,1.2831319233686975E-4,7.076509154968366E-4,0.004465348761566025,1.5920858270099223E-4,0.0010338620297298778,2.867253776450485E-4,1.2263165985101E-4,8.576948066420244E-5,1.0,3.715507856885075E-5,1.2393918284947733E-4,7.48057895456901E-5,0.002633267910727399,1.9254995970303972E-4,8.592139762124439E-4,0.0017411472479709207,0.006505230048244973,1.1857080645889299E-4],[1.4811233140023372E-5,0.0024628325212490356,5.8321904159851095E-5,1.5416567086983074E-4,3.643601867778711E-5,4.191163629770302E-4,1.1751791093335936E-4,2.2517494214374867E-5,5.786080598161622E-4,2.1826311881919796E-5,7.775714722469012E-5,1.1406940549175165E-5,1.0456901716559569E-5,4.0026261729150796E-5,1.966070001309379E-4,8.729950860386028E-4,9.121666923772217E-4,0.0025927025597289907,8.156736599190075E-4,1.2492488816914165E-5,5.4760642399244115E-5,2.3096920792507092E-5,1.859851606109449E-5,1.543661812913132E-5,2.409484457637201E-5,1.2109242312893137E-4,1.7373773256852863E-4,2.5240794899552074E-5,0.001082818458879261,0.009140821635392602,1.5155230907037548E-5,0.0014785057750379765,1.1788644661275694E-5,1.5727702126077162E-5,1.1956150669895607E-5,3.715507856885075E-5,1.0,5.339684582132352E-5,1.5166328190790984E-5,0.0016496304011861553,0.0015582874734313933,0.0015111760973082146,9.87699255871402E-4,0.013955365145007247,1.591617163536807E-5],[6.985998568627732E-5,0.0014671056139887297,1.6932282000033309E-4,5.325130431248836E-4,1.2870637053789916E-4,0.0013739541441901682,1.2945004289175233E-4,1.2881399367897773E-4,6.773708870119024E-4,2.2779823744630391E-4,1.2173565763571882E-4,9.251303508726502E-5,8.873099458300691E-5,6.804184092170363E-4,2.5642068247207407E-4,0.0069772672655985446,0.0012077939254220636,0.002555993405889349,0.001604427902490859,5.0655052000490504E-5,1.1650359626344409E-4,1.115268120204096E-4,1.1530558918474355E-4,1.1467672494251669E-4,4.563805953049651E-5,1.3681544402732815E-4,2.4022811127383248E-4,1.3075683242464746E-4,8.92265892354694E-4,0.0017938616083935973,1.8666808900039334E-4,9.753103501524047E-4,2.1866448428120363E-4,1.2621275010915516E-4,5.742213065950595E-5,1.2393918284947733E-4,5.339684582132352E-5,1.0,9.416248405639459E-5,0.002315516340706294,0.0033312915022948616,6.418549232920544E-4,3.897413949063292E-4,0.03744172780497503,4.679036248766265E-5],[1.628968271508128E-5,0.0015629451561046115,3.516801378734552E-5,1.6174391961322834E-4,5.8663576922778855E-5,0.0012606459638058165,1.4165699150563108E-4,5.635305555030514E-5,7.287089860392792E-4,8.039807073990543E-5,9.830376078220232E-5,1.4466524677934697E-5,1.5509761784522416E-5,6.385122952433708E-4,2.623283821557847E-4,0.009575788520092296,0.0012669765742933895,0.009127227187915442,0.0017060111040473,1.581530875114225E-5,2.647970918665663E-5,2.8169522181764396E-5,1.6179991464653506E-5,9.657124973689923E-5,1.6330385475075143E-5,2.535165524360983E-5,8.577777177513087E-5,7.612135979660902E-5,9.055417544181457E-4,0.00818464002344902,1.118050336396288E-4,9.413073340488375E-4,2.4483288222300955E-4,5.262604568056558E-5,1.5687744161812688E-5,7.48057895456901E-5,1.5166328190790984E-5,9.416248405639459E-5,1.0,0.0025720166543999816,0.005808692978700999,8.984347061964446E-4,6.36138807714555E-4,0.026243366379108197,1.6650560707908524E-5],[5.946870629964599E-4,0.0024975683607145666,6.953899573923364E-4,0.0012115495707523945,2.892122654483792E-4,0.0018853892893535475,0.00197145568731919,0.002222434380521448,0.00259040652282189,0.0014022428926871045,0.0014263351117334603,1.655800811734945E-5,8.88964885117857E-4,0.0014422714346396756,0.002065847247320774,0.010680825872491244,0.0014397764286038376,0.014527176039150401,0.002354611028100008,0.002507413470034584,8.627238505632081E-4,4.290558247896595E-4,0.001716203193799639,0.001266038398857653,0.001905126020525241,0.0012871084779302751,0.0014844949003926678,9.61463085472928E-4,0.002634121062756044,0.009413359024906972,0.0022354751752350025,0.0022628614161782634,8.007439907287107E-4,0.002316506579171033,0.0013967068123120663,0.002633267910727399,0.0016496304011861553,0.002315516340706294,0.0025720166543999816,1.0,0.0028793032828778177,0.0023965053284540597,0.0022663759391344813,0.03811987354590163,7.583964339314173E-5],[0.005204622297831266,0.002919995992073397,0.0030062349798118575,0.003085432350910138,0.0010109667911940585,0.004144931444798909,0.0016894508454369014,0.006404120789938332,0.001727188501842277,0.0033753784875072018,0.001591642943767236,0.0036297562262290373,0.0048505294097215155,0.006658977033766914,0.006185301803197743,0.01046478241975144,0.0038816534261983,0.009007085506116615,0.0029748590844750544,0.0030577082629773176,0.0010582690824503195,0.0051697311859397205,0.004733270854603467,0.005041048259639553,0.0034359571142300767,3.5598162164180466E-4,0.0014556331140604098,7.104186867461542E-4,0.0045208211840505885,0.009541048373513387,0.0020338576293954013,0.004287286413024675,0.002327699994358035,0.002258138940525674,0.003765345470794042,1.9254995970303972E-4,0.0015582874734313933,0.0033312915022948616,0.005808692978700999,0.0028793032828778177,1.0,0.003736353121566777,0.0025721133205715,0.040900380126625745,0.002271739600154624],[0.0013917045518910096,0.002162707993674838,3.709018028026287E-4,0.0010546169500301277,0.0011936365275379507,0.0015207115886296165,5.129137344124426E-4,0.0011139906874271736,0.0014498708758618009,0.0012062701396203847,0.0010422580212069283,0.001169391668045857,7.578613574271356E-4,0.0012205613382267138,6.343243449818108E-4,0.0018482326561911362,0.0015039412455608993,0.0034125629923339924,0.0018890464036887857,8.62309138999051E-4,3.841234148300542E-4,9.550861249162268E-4,6.354747674803675E-4,2.3981206869447765E-4,0.001479640063543966,2.62342359974451E-4,8.834401226538774E-4,0.0011154964861315034,0.0015221771212932064,0.003846272073444168,8.23560062605283E-4,0.00155024850347892,3.5393061030779727E-4,9.199307254619514E-4,0.001316707802620657,8.592139762124439E-4,0.0015111760973082146,6.418549232920544E-4,8.984347061964446E-4,0.0023965053284540597,0.003736353121566777,1.0,0.0016083531033720085,0.042485576532890104,2.3419646986524685E-4],[0.001185192083635258,0.0018869114387803482,0.0013577640322546929,0.0016327567058629655,7.447558703869277E-4,0.0015618518436725944,8.614128309041516E-4,0.0012791161112201664,9.518674810913932E-4,7.160566506415726E-4,5.427813403882118E-4,8.196967820974713E-4,9.670300362004094E-4,8.295463151438271E-4,8.073218776491556E-4,0.0