[[1.0,0.0026420751478690345,6.36793372039016E-5,0.01732024583210859,2.4482971927680967E-5,0.017683468437519664,4.227069128155447E-4,5.712228518143241E-4,5.295850422103443E-4,1.6300100207518198E-4,6.638044487636719E-5,8.283686827581706E-4,1.5117670010455218E-4,6.113531231376945E-5,0.0015873634367630763,0.0025473581443482382,1.9885096473176882E-4,1.315968370889214E-4,0.018575263877329433,1.501035769634899E-4,0.0011616388363699373,0.012290107643586595,1.9436530223060887E-4,5.517796527659688E-4,1.3338953068903103E-4,1.82984200936759E-4,0.004031740567345174,0.0013697368375428748,7.066358948600859E-4,0.03746561087388321,0.015077226379117388,1.9923585538292855E-4,0.0019713577909337924,6.276536050231882E-4,1.3412772143446647E-4,1.3988893861379298E-4,3.211856395107423E-4,1.1129510504147812E-4,0.0023384906284942366,5.3593461604916725E-5,1.819050202871831E-4,2.0146427428161944E-4,5.399932708258693E-4,1.4489235744543573E-4,4.995799133491471E-5,5.4923519890742316E-5,0.021352432108229694,0.00450144185338672,0.016055999322567842,3.7810134965603784E-4,2.0925094903182743E-4,0.0011658840988522587,2.1675980623870087E-4,2.1585195307338183E-4,0.004937288818851303,0.0011894173581118148,2.1493817856287E-4,0.002172994427865737,7.370635886039306E-4],[0.0026420751478690345,1.0,6.412982174310606E-4,0.010038185479769871,0.001502934604397722,0.04863604379517727,0.002181598594165915,0.001620133229252683,0.0019775610222624784,0.00228350998490127,0.002085101021347429,0.0012784932370690468,0.0023275384326944958,3.578912095615853E-4,0.001874092050595972,0.0031889856531078726,0.0021682360684544787,0.002170244317642201,0.017597545701857002,0.002557832476019724,0.0026527076773237516,0.007069461094558067,0.0014977246333975737,0.0026234250584947897,0.0015291363856398885,7.295082733212303E-4,0.005848682650030558,0.0027977477519215694,0.001221062010834529,0.04658406896469966,0.00920820445363045,1.4210625437059154E-4,0.0029930062086202984,0.00239610138182651,0.0019772547814056575,0.0021462051662291767,0.0019383089644274842,1.9212505239926643E-4,0.004298670742620186,0.0020773710625034943,0.00226030448721719,5.444906662080541E-4,0.0022627664787454012,3.221847693939203E-4,0.002614813565063985,7.953284910055431E-4,0.00917220259807226,0.005681657854383652,0.04177842298957316,0.0013181192589286894,0.0018125239081902542,0.002517395681575674,3.338230149041748E-4,0.0027187406851831414,0.021349059797756538,0.0022337790710058513,0.002055093770345142,0.004365212132856894,0.001319450564745656],[6.36793372039016E-5,6.412982174310606E-4,1.0,0.014818976970921565,2.4102377328882275E-5,0.03863747157340766,3.16865926486323E-4,0.001298137885505149,8.660557098789378E-4,5.152152074984548E-5,3.1037911312979406E-5,6.223304759520496E-4,2.7500752796048958E-5,2.2158686451081704E-5,6.958515189786679E-4,0.0017202744009787035,2.729347795768849E-5,2.4809008659153607E-5,0.02202259919389613,2.984804954726717E-5,7.933996706460449E-4,0.0030932963345627076,6.294912823346261E-5,9.22805852574423E-4,1.3362277279296076E-5,7.158642112645E-5,8.575389125335234E-4,4.653325818319377E-4,1.1029338947070574E-4,0.04129711447667218,0.0028837876356402254,7.313718674667897E-5,0.0023744028947177333,9.257561797817827E-5,6.239218064287668E-5,3.3534162131896065E-5,1.1735182001275818E-4,1.803358122619512E-5,0.0034736820749803375,1.9526688041499852E-5,2.419751734396853E-5,2.8006437829234133E-5,9.809383800775792E-4,5.185651953581201E-5,1.4963140866540431E-5,1.1124065813693132E-5,0.0037379286292496877,0.00305069287754414,0.049160944251769534,5.223638491475227E-4,8.54045862792583E-5,2.753180925219909E-4,1.4550301682405786E-4,2.079266044076118E-4,0.025120813170015212,0.0011776348658124926,1.114285589911352E-4,0.0030765680413983774,3.686663865255484E-4],[0.01732024583210859,0.010038185479769871,0.014818976970921565,1.0,0.010502752918173996,0.06349988128210522,0.006547076547695688,0.003346662913695085,0.011475381062111259,0.006603522172868499,0.008416503660594892,0.01037468525532905,0.017526187640172816,0.0038059673787107875,0.008238326711371867,0.011412494075044894,0.004274747686844357,3.8608655254330376E-4,0.022149257017599087,0.004324770127983527,0.003961777679486499,0.020226057067999938,0.0035695726287457924,0.016897321772649007,0.014930525343068811,0.01095767866212762,0.01343028307669267,0.01628573061472346,0.010578677202133964,0.046825655551984355,0.0249775607687074,0.0029594140162670156,0.009749244312087423,0.009963123401112025,0.013744972378949597,0.00990761717767976,0.0039458554205448115,0.01199868508957664,0.011273431759397127,0.010839741237759347,0.007204123057253843,0.014258560577280501,0.00549920312149027,0.013151606439496007,0.005409369766374101,0.0019096298104864986,0.029894596083349247,0.017287181631888034,0.03494590748483268,0.0021623198172995893,0.017587763831893376,0.01348855656891099,0.0026427608470007214,0.00805682443085448,0.020877474106384658,0.008116324133006437,0.017324265387720975,0.014755980534576187,0.0078281872926576],[2.4482971927680967E-5,0.001502934604397722,2.4102377328882275E-5,0.010502752918173996,1.0,0.047660230453414706,2.8555083397201116E-4,6.16625161224764E-4,8.017309679957552E-5,6.681245695434739E-5,2.3877104080975265E-5,4.8459610921683746E-4,1.7989773528181107E-5,1.3744468311511468E-5,0.0013709526336181958,5.427503637374216E-4,1.8662510944014463E-5,1.1562152479692554E-5,0.01675666062184248,4.904574971453454E-5,0.0010519888919911186,0.005356580591869001,8.60256183887074E-5,0.0014181439878589183,1.2551805211851816E-5,4.102625111742901E-5,0.008680241096210711,2.0351252036746476E-5,6.53094250885645E-4,0.043895041170286316,0.012678109954860193,2.2462615278113732E-5,5.520194131466299E-4,0.001066573343222731,2.9643818887920002E-5,7.161729588775787E-5,7.152925049862656E-5,1.1582228548381303E-5,0.001613610248257379,1.3910816710883552E-5,1.5478738581110754E-5,2.5006993451675515E-5,5.263306494865642E-4,2.9820827308915916E-5,1.2914659458855543E-5,1.2527709028346866E-5,0.005893744730972599,0.0019890184979441776,0.05152456494937647,9.081217981180417E-5,2.0774012830467134E-4,5.2840545082060545E-5,1.6096658330927639E-4,3.467864363422194E-5,0.01120740161421842,4.047003000488251E-4,1.6707184170474784E-5,0.007217942863207363,1.8013709182221425E-4],[0.017683468437519664,0.04863604379517727,0.03863747157340766,0.06349988128210522,0.047660230453414706,1.0,0.058997757919181035,0.05766303858864795,0.00904521270083386,0.05643613189168296,0.0339017418583878,0.0456247552998801,0.009214296748498293,0.06575552112287372,0.015802525574536274,0.04439146017954742,0.046564661199852427,0.03679420815224336,0.06624115696259607,0.05649697584980056,0.04136890560365918,0.025978218839209477,0.0402833540903955,0.0119830002171822,0.014447720886331747,0.04403607480216047,0.03707314578703433,0.03820621090012293,0.05017231632734644,0.06427362443811109,0.05048183075930736,0.05193679596075121,0.03743424665159574,0.018354551897247964,0.010570755512049272,0.06128055203661259,0.007953391311660056,0.06425271778531556,0.0537026923267825,0.05813689408178991,0.05335918824226647,0.0661229666673329,0.022352063772833473,0.0314471579384805,0.02858441411897671,0.035038673001031695,0.053111904957479056,0.053355278513720704,0.05789754807791536,0.030940405235831126,0.010660999849016934,0.06010118608609362,0.06495292107706058,0.001819975870444347,0.03028267312867982,0.0037168484453462096,0.0326178750785973,0.059016834549899234,0.03080198276714606],[4.227069128155447E-4,0.002181598594165915,3.16865926486323E-4,0.006547076547695688,2.8555083397201116E-4,0.058997757919181035,1.0,0.0014314239608493842,0.0012321040005003941,4.1265269410244946E-4,1.1213503421573896E-4,6.134615174911947E-4,3.476531972704587E-4,3.106798336588409E-4,5.923176064720668E-4,0.0010988374668928066,1.5081476889670107E-4,3.4729662721143413E-4,0.001985218006286699,3.8899623809073545E-4,0.0010359542440231083,0.0028713211976492048,2.6966938088992826E-4,0.0011116741924183775,2.007007696805913E-4,1.66713246209886E-4,0.007580149603591348,6.436742992098303E-4,6.116148566027546E-4,0.013779632698612026,0.012723769307227115,1.710445910601006E-4,0.001128036180644436,0.0015703412640766439,1.419853278300983E-4,1.040850510425071E-4,4.5633678638631105E-4,6.884741092867986E-5,0.004064348023320036,3.898797805681957E-4,1.315211815645364E-4,2.6707244866049415E-4,6.732331449844453E-4,2.1859401505033718E-4,3.949321482013362E-4,3.837737956400669E-4,0.03686008454952369,0.00974498629330989,0.015137020229933313,4.913276796926529E-4,4.620047931741023E-4,5.906615481896001E-4,2.7894422532759105E-4,3.349319396164828E-4,0.006645171542421627,6.510632715305633E-4,3.907330582538038E-4,0.0033236374450522498,6.777196491602425E-4],[5.712228518143241E-4,0.001620133229252683,0.001298137885505149,0.003346662913695085,6.16625161224764E-4,0.05766303858864795,0.0014314239608493842,1.0,0.0014764269058886751,0.001271770322181394,3.101199367890004E-4,9.138591223992431E-4,0.0014184829123720388,0.0011518968748304994,0.0014716989412594632,0.00329323308199716,6.122819002528804E-4,5.961055275883663E-4,0.019915934059449733,4.788350999372045E-4,0.0013738623830926529,0.014218310453682237,0.0011251691420689233,0.0020670822565350476,0.0014262653063744997,5.654816418043841E-4,0.007630122391655058,0.0015426202418621375,0.001273410575471484,0.012197203615964054,0.033350658024126796,4.999464609525845E-4,0.0020673047074750163,0.0015077210197084407,6.558048904461057E-4,0.001423873645761478,0.0013385226852666565,0.001224013175926438,0.004886934775949381,4.753084180386891E-4,3.453949490978404E-4,8.874016280203021E-4,0.0014112204433783335,0.001303601239621976,2.4870757910173878E-5,5.183270061000322E-4,0.027924500762999287,0.0024948273524023064,0.02876193445770494,8.38260508681215E-4,0.0012086965507915916,0.0013821899058410632,7.512682059722839E-4,3.118550642775659E-4,0.026063279380487157,0.0015087103995423852,6.620230455228722E-4,0.007729091594218597,0.00106029355162327],[5.295850422103443E-4,0.0019775610222624784,8.660557098789378E-4,0.011475381062111259,8.017309679957552E-5,0.00904521270083386,0.0012321040005003941,0.0014764269058886751,1.0,9.245306730244271E-4,0.0012608791480735986,0.0011594156748242742,0.0010836082585130935,0.0012210159763263635,0.0016757792352646139,0.0021991254503927905,0.001387261428071958,0.001376336069169553,0.0016977745548349189,2.4119400043834272E-4,0.0012762391588815173,0.019432852971204825,3.998747979791785E-4,0.0021200726344873244,0.0014475048996631546,9.208301967013612E-4,0.005182666206746283,0.0015553159395109845,0.0014849851801338485,0.0071340580063070655,0.036877632206855165,6.945231945655706E-4,0.002466082842014872,0.001597895089581449,0.0011615990909369252,0.001356589457172127,4.4364682991753683E-4,0.001034314202230226,0.002492893712080625,5.131689088436069E-4,1.0543030459623337E-4,1.7862640946653463E-4,0.001437759566280685,3.611538077182763E-4,6.141909502140821E-4,4.413707380551338E-4,0.04105214243731734,0.005961171260096695,0.014437298817992533,0.001048648228309267,0.001482949318521187,0.00144274287371125,6.089842578146331E-4,0.0012011366201548153,0.02216202589282221,0.0015148639441924603,6.993756042021331E-4,0.012706483239187402,0.0012636093587752972],[1.6300100207518198E-4,0.00228350998490127,5.152152074984548E-5,0.006603522172868499,6.681245695434739E-5,0.05643613189168296,4.1265269410244946E-4,0.001271770322181394,9.245306730244271E-4,1.0,7.78389191106255E-5,2.354021259326288E-4,2.8481366733141353E-5,9.962976304833984E-5,0.001213057771552057,0.0015851295460903327,5.907128931462215E-5,8.037347506824437E-5,0.011368584226887638,8.877746125989983E-5,6.199366863983405E-4,0.00548325493453291,1.2286516745944914E-4,0.001257854730386716,5.523024221298735E-5,1.2106795885586443E-4,0.0014721157461901292,1.734473023796245E-4,2.746927626521393E-4,0.006877667508140807,0.005774782212901778,1.1502829815445163E-4,1.346041713342536E-4,4.7336802871032004E-4,1.1282983757027576E-4,9.625318799709681E-5,2.591894122570061E-4,7.815955964914276E-5,0.0010658695863515813,8.672355693291225E-5,6.54359900528833E-5,3.186875436932763E-5,3.738446494909534E-4,1.133648304035279E-4,6.648456339999419E-5,3.455931299004593E-5,0.024558620585504582,0.007140415196421506,0.010211781057741625,5.834935188115184E-4,2.3353752942489989E-4,1.8785602678314197E-4,2.449189426587572E-4,1.826607393807655E-4,0.020161398410773135,8.847673801834926E-4,1.6386324372603327E-4,0.004554292011274972,7.80007198209171E-4],[6.638044487636719E-5,0.002085101021347429,3.1037911312979406E-5,0.008416503660594892,2.3877104080975265E-5,0.0339017418583878,1.1213503421573896E-4,3.101199367890004E-4,0.0012608791480735986,7.78389191106255E-5,1.0,1.5357362048351947E-4,2.863520247259178E-5,1.950225771455086E-5,6.701496309664132E-4,0.0013613171620058934,4.122617151594435E-5,1.4808915441607441E-5,0.01894177510244937,4.971265409522607E-5,3.09429684594238E-4,0.0038148005226065263,6.985630970822321E-5,0.0020511330016171106,1.69780498989233E-5,1.1265598892143346E-4,0.0028606835585597004,0.001661410123449575,3.3745809582980314E-4,0.018215468354514243,0.015484536682655608,5.0428335880483595E-5,0.002850383487152749,3.779674897081851E-4,1.1208790506884685E-4,7.003556574779662E-5,2.3345807469923082E-4,3.5838960259550096E-5,0.0038569697006037794,1.9209514097443888E-5,3.0187399804616304E-5,3.852656819491242E-5,5.592045576712485E-4,1.3803138991449392E-4,3.0314240749076756E-5,3.68045019046671E-5,0.04457739906380262,0.009872077202308583,0.011915711069279482,2.646865687581587E-4,2.3667834865890458E-4,0.001250664361109559,2.422253876954878E-4,7.201397774353165E-5,0.007705970692478523,8.782472054709002E-4,2.3422346255088354E-4,0.0023155440518471664,2.2255594674404233E-4],[8.283686827581706E-4,0.0012784932370690468,6.223304759520496E-4,0.01037468525532905,4.8459610921683746E-4,0.0456247552998801,6.134615174911947E-4,9.138591223992431E-4,0.0011594156748242742,2.354021259326288E-4,1.5357362048351947E-4,1.0,1.7060261299808443E-4,3.5639938504816027E-4,8.968218314744323E-4,0.00309346281998418,8.795561231609893E-4,7.27656212004275E-4,0.02193563515732644,2.8084233912578573E-4,0.0012068491435370536,0.017426267715760276,5.127977749223361E-4,0.0013329670720821647,2.106309962723655E-4,6.061771320542977E-4,0.009496546683324406,0.0012132174638850193,9.722852463700004E-4,0.01328287949259547,0.00245664135758774,3.7579440901686393E-4,0.0013732236785930073,0.0013178569253092052,5.105537724405457E-4,6.621323415176014E-4,6.938235015665852E-4,8.548335464264707E-4,0.003308879275350221,5.5888296176621386E-5,8.210068997217087E-4,1.4659868005219325E-4,9.115536237420716E-4,5.338547070679829E-4,5.093694787862924E-4,4.868830698099673E-5,0.036457748889260205,0.011510559809287335,0.030668827484206164,7.540426774752904E-4,2.895521739542449E-4,0.0012365641206121274,8.395665591749298E-4,6.452123867672305E-4,0.013890676943692918,0.0014558807559800708,3.0685118423196906E-4,0.009349783129578666,9.581131150955147E-4],[1.5117670010455218E-4,0.0023275384326944958,2.7500752796048958E-5,0.017526187640172816,1.7989773528181107E-5,0.009214296748498293,3.476531972704587E-4,0.0014184829123720388,0.0010836082585130935,2.8481366733141353E-5,2.863520247259178E-5,1.7060261299808443E-4,1.0,1.8385771676026092E-5,0.0010709731378009354,7.301906205917E-4,1.9080104404059776E-5,1.1474705976541523E-5,0.009691325689869723,5.219691010767999E-5,0.0011279601278681938,0.007923613852664518,1.503205337439574E-4,6.583393372974488E-4,1.3661366415589014E-5,4.4148446660136616E-5,0.0022540267172242346,3.3209068422874956E-4,9.887762741413444E-4,0.015642848716417353,0.03171201230712199,2.0386945789678157E-5,4.1574709344189013E-4,0.0013572126671301068,9.34201902771954E-5,3.3712250397263476E-5,1.3530992183161738E-4,1.3914796355186261E-5,0.00517765580505218,1.657634264004716E-5,1.7264954571569094E-5,2.18546059152467E-5,8.912446680130967E-4,9.922896806877554E-5,1.2387130713315831E-5,1.2187607506782881E-5,0.014680382350964026,0.010981038603786627,0.0455265614270303,5.529881131690427E-4,2.1343800876563558E-4,9.900920460687503E-4,1.8239672445298432E-4,1.254966229852435E-4,0.01455844457801055,0.0013684161969155805,7.21175116062688E-5,9.879081362002512E-4,9.60140385103078E-5],[6.113531231376945E-5,3.578912095615853E-4,2.2158686451081704E-5,0.0038059673787107875,1.3744468311511468E-5,0.06575552112287372,3.106798336588409E-4,0.0011518968748304994,0.0012210159763263635,9.962976304833984E-5,1.950225771455086E-5,3.5639938504816027E-4,1.8385771676026092E-5,1.0,0.0014753818150450135,0.0028607506917370847,1.9062669102489894E-5,1.749639729865066E-5,0.014940835577889337,3.194288762094072E-5,2.8499992840387626E-4,0.008651484992737171,7.640617010806036E-5,5.477294546229966E-4,1.7307161929748987E-5,8.100961951013168E-5,0.010061410984786792,1.9662489696395115E-4,9.10831959200961E-4,0.05335322761264569,0.0058572407970267385,1.1169417048603434E-4,0.0014492830030225958,4.840905941736662E-4,1.1085885087769244E-4,2.6318775443352143E-5,5.344089625032645E-5,1.1985569241648211E-5,0.001956275906369034,1.4832745974961235E-5,1.6927552905610855E-5,1.9647828033081355E-5,4.412169913969816E-4,1.059432975394182E-4,1.181895953896225E-5,1.1212888161323679E-5,0.011071174418987313,0.003087066411811936,0.03684261407727199,4.373143092467117E-4,3.990633044817492E-5,5.109675982118072E-4,2.513933176723872E-5,1.7096101190875249E-4,0.015488559502625362,8.977641888290287E-5,7.29801188761881E-5,9.485792715255111E-4,1.1164473786730711E-4],[0.0015873634367630763,0.001874092050595972,6.958515189786679E-4,0.008238326711371867,0.0013709526336181958,0.015802525574536274,5.923176064720668E-4,0.0014716989412594632,0.0016757792352646139,0.001213057771552057,6.701496309664132E-4,8.968218314744323E-4,0.0010709731378009354,0.0014753818150450135,1.0,0.00314838764170207,2.2084819098034493E-4,5.881013198831516E-4,0.012082960854696928,6.591646766936232E-4,0.0013683465575008848,0.021264223336025713,0.0014073512689475084,0.0019389879097291,0.0015683696590496515,0.0014257665188958696,0.009027006235748097,0.0017348975394910308,0.001213096164267929,0.046119617756325476,0.005019586041916834,1.801400506106835E-4,0.002896699733226872,0.00171436507776211,4.7094392980341333E-4,0.0015492720392795208,9.371081331997544E-4,3.015583918531037E-4,0.0042866885196835725,0.001741570882593825,3.8255692715047075E-4,8.511531189854413E-4,0.0013072958435527819,0.0017289415521709601,4.96803873272817E-4,9.489339782828213E-5,0.009589968697480598,0.007062215379052439,0.0548161757639864,0.0014372879638313392,2.7165289262620385E-4,0.0015004457647524957,9.182654759819247E-4,4.7919019887210476E-4,0.006294665407914606,0.0017790537439175392,5.886016526359957E-4,0.011454282335373281,0.0017145856225457912],[0.0025473581443482382,0.0031889856531078726,0.0017202744009787035,0.011412494075044894,5.427503637374216E-4,0.04439146017954742,0.0010988374668928066,0.00329323308199716,0.0021991254503927905,0.0015851295460903327,0.0013613171620058934,0.00309346281998418,7.301906205917E-4,0.0028607506917370847,0.00314838764170207,1.0,7.513245241854812E-4,0.0018303892675262433,0.019221894820453354,0.0025368014247621525,0.0024027184192938777,0.022171800865485383,0.0013083687260376147,0.0029352633751875117,0.0025167466205036596,0.0010931876829293112,0.0063979959093461,0.0032074208511917316,0.0015201178605877752,0.019241626967738915,0.016595164903916996,0.0029870027316090766,0.0032915208763455144,0.0030556500801013986,0.003292569567166085,0.0012814996099732886,7.914218548885167E-4,0.0013846521072047617,0.004381029712083221,0.0023259060827575087,0.0031746612244188607,8.102514705273148E-4,0.0026268861027129034,3.472313574168874E-4,0.0032193781079674763,0.0033301294138415546,0.03041796263038514,0.008253311759001375,0.039979145524024,0.0013730728944996162,0.0012643131303875588,0.001968903105768858,0.001274183441931797,6.722066390639106E-4,0.01161063936498454,0.0030110196601514506,0.0015224679310149494,0.006924367795735077,0.0013577368218540657],[1.9885096473176882E-4,0.0021682360684544787,2.729347795768849E-5,0.004274747686844357,1.8662510944014463E-5,0.046564661199852427,1.5081476889670107E-4,6.122819002528804E-4,0.001387261428071958,5.907128931462215E-5,4.122617151594435E-5,8.795561231609893E-4,1.9080104404059776E-5,1.9062669102489894E-5,2.2084819098034493E-4,7.513245241854812E-4,1.0,1.936177029187076E-5,5.766718067626191E-4,4.0222608255894256E-5,1.873765066980048E-4,0.02076196554178308,1.3653363987148562E-4,0.0022086339216083606,1.877152008390142E-5,7.87317859800899E-5,0.004562795991656735,3.580653271710592E-5,5.683614146666916E-4,0.04148046029048131,4.7127697257444125E-4,4.2500291252383996E-5,8.023158254260575E-4,8.403920791797236E-4,1.1518992196741422E-4,7.116491405451636E-5,3.0843556617297945E-4,1.9637985324532705E-5,0.0015006923231578827,1.9228923007702143E-5,2.022712709232224E-5,2.452733787311273E-5,1.9887396184586935E-4,2.9821813905235158E-5,2.1496672319241023E-5,2.199789011906921E-5,0.013280639780177246,0.012630118655941776,0.03727095192497785,4.624426415473511E-4,1.061277167776908E-4,0.0010680456201584813,1.4617586392699596E-4,1.724028844869659E-4,0.018015810253876868,6.422752680831973E-4,3.746003234161826E-5,0.010588106316298456,7.3105119751149E-4],[1.315968370889214E-4,0.002170244317642201,2.4809008659153607E-5,3.8608655254330376E-4,1.1562152479692554E-5,0.03679420815224336,3.4729662721143413E-4,5.961055275883663E-4,0.001376336069169553,8.037347506824437E-5,1.4808915441607441E-5,7.27656212004275E-4,1.1474705976541523E-5,1.749639729865066E-5,5.881013198831516E-4,0.0018303892675262433,1.936177029187076E-5,1.0,0.02154476831896117,1.4130223927121005E-5,0.0011932542361361587,0.00822657766513033,1.6339033755017682E-5,0.0011579920060700872,1.0659029938986207E-5,8.81910218560947E-5,0.0021101011123429926,0.0013883034574535158,7.305032790333308E-4,0.04989069298697139,0.006386289069109751,1.0259037896749552E-4,0.0016346939132767032,0.0010114088609515428,9.24016195320703E-5,4.7728769862233636E-5,2.2713287415737922E-5,1.0523878115114016E-5,0.004242488755441631,1.1987693365678699E-5,1.429555636898061E-5,1.4565526472190338E-5,5.325559929851861E-4,7.140001087822341E-5,1.1118951196556915E-5,1.0376859900151867E-5,0.022805460912610043,0.010566348066776247,0.04952747121585804,2.41125859534005E-4,2.104598228702243E-4,4.8451354518431105E-4,1.8532269741830597E-4,3.903549267147391E-5,0.006346946456205243,0.0011849986535897776,2.3474396718464838E-4,0.011327143083703957,7.028525422993774E-4],[0.018575263877329433,0.017597545701857002,0.02202259919389613,0.022149257017599087,0.01675666062184248,0.06624115696259607,0.001985218006286699,0.019915934059449733,0.0016977745548349189,0.011368584226887638,0.01894177510244937,0.02193563515732644,0.009691325689869723,0.014940835577889337,0.012082960854696928,0.019221894820453354,5.766718067626191E-4,0.02154476831896117,1.0,0.0192372378918536,0.0015780208191203018,0.022727272727272728,0.003762982156443983,0.003839119003313668,0.009722258787566957,0.0063754660569019656,0.01765944001363213,0.0037598428449391414,0.0023074776584663913,0.0531032517245866,0.03040832773275926,0.0024471567600988843,0.015275634082854067,0.0029491193904881436,3.9886993127313873E-4,1.9795434154919195E-4,0.002550613696602354,0.0031273634505584015,0.01762683991616381,0.014448711884757395,9.229832048858952E-4,0.020678724415287016,0.0070412876022282805,0.007432766229195278,0.016350076580844534,0.022354826327518437,0.03009534088522466,0.015371943217164848,0.03598694353470681,0.008793029286048509,0.0047832754331557405,0.019170696593992894,0.010982632538149208,0.0046953068814428334,0.023148957581833652,0.009748259853337922,0.009369843695533791,0.018013948492423486,0.016723073640506785],[1.501035769634899E-4,0.002557832476019724,2.984804954726717E-5,0.004324770127983527,4.904574971453454E-5,0.05649697584980056,3.8899623809073545E-4,4.788350999372045E-4,2.4119400043834272E-4,8.877746125989983E-5,4.971265409522607E-5,2.8084233912578573E-4,5.219691010767999E-5,3.194288762094072E-5,6.591646766936232E-4,0.0025368014247621525,4.0222608255894256E-5,1.4130223927121005E-5,0.0192372378918536,1.0,9.209613624583468E-4,8.280390275376793E-4,6.324268036290992E-5,5.162058534892891E-4,1.373848351407947E-5,6.736516754104438E-5,0.00528323240857388,9.897772723176745E-4,6.974334734013176E-4,0.02721318042691352,4.8257480593369244E-4,9.440663567525888E-5,0.0013728642279368466,0.0011666877951974654,7.062635383171642E-5,7.363559971088987E-5,1.026815576025375E-4,4.538003389347899E-5,0.00155138342546237,5.451034632022965E-5,3.771057516928349E-5,4.143823895168715E-5,4.935659872949696E-4,7.08693835105384E-5,3.87037808027257E-5,5.62446678944908E-5,0.024797344083365078,0.009696672524390914,0.02634203110887747,2.9148362985624164E-4,1.100255768894918E-4,0.0010952038992570795,1.9177159910956256E-4,1.7674977615961496E-4,0.016601781467739714,9.490839903046947E-4,1.8700961842813856E-4,0.011800360855544954,3.01591806356841E-4],[0.0011616388363699373,0.0026527076773237516,7.933996706460449E-4,0.003961777679486499,0.0010519888919911186,0.04136890560365918,0.0010359542440231083,0.0013738623830926529,0.0012762391588815173,6.199366863983405E-4,3.09429684594238E-4,0.0012068491435370536,0.0011279601278681938,2.8499992840387626E-4,0.0013683465575008848,0.0024027184192938777,1.873765066980048E-4,0.0011932542361361587,0.0015780208191203018,9.209613624583468E-4,1.0,0.017460347555026772,0.0010863846184409629,0.0015379965854499292,9.872164192000386E-4,8.406242484893756E-4,0.0014551469523630097,0.0013923362118375678,0.0011151727014846364,0.04342572071473421,0.027627071628927254,8.131141338532293E-4,0.002682466082485472,0.0014860862053861894,0.0012106995714060618,3.739963305054577E-4,5.562004443566404E-4,3.38450166048516E-4,0.002464780776110299,2.886564775143037E-4,9.216847423290569E-5,1.7828968770064625E-4,0.0010749599471874302,1.4474436357596912E-4,4.111769640347708E-4,0.0010578193114631391,0.04447955458295346,0.012160259169467665,0.015500167170589819,0.0012352609579564958,4.245382146455779E-4,0.0012966022321589856,7.182950579552494E-4,0.0010213783646449612,0.0023116801537678235,0.0013381069654508932,6.694074558736992E-4,0.006668457395860924,9.88255354154424E-4],[0.012290107643586595,0.007069461094558067,0.0030932963345627076,0.020226057067999938,0.005356580591869001,0.025978218839209477,0.0028713211976492048,0.014218310453682237,0.019432852971204825,0.00548325493453291,0.0038148005226065263,0.017426267715760276,0.007923613852664518,0.008651484992737171,0.021264223336025713,0.022171800865485383,0.02076196554178308,0.00822657766513033,0.022727272727272728,8.280390275376793E-4,0.017460347555026772,1.0,0.005467338859139449,0.004133081208305104,0.01976166697158577,0.02037570815211738,0.0182114765523678,0.0017052412765861502,0.014267401861017194,0.05500242541607916,0.0351531274337969,0.008392819431811709,0.02191367846817712,0.013333373765210347,0.016318391554891468,0.00670175659159496,0.020344170641929907,0.0032559976315296346,0.01737782712765668,0.008790216710605571,0.006032932399851736,0.005344251153997667,0.018909083214233603,0.001256247835562412,0.01994394452838249,0.019786740178603438,0.03559963546441875,0.021115982256497953,0.03089204522281666,0.01208466098907399,0.02054689609018255,0.015333513568690517,0.01080020532050252,0.021844958580637636,0.022976861433617945,0.005068278355609368,0.01638201665439472,0.014691466649752594,0.022368564555283427],[1.9436530223060887E-4,0.0014977246333975737,6.294912823346261E-5,0.0035695726287457924,8.60256183887074E-5,0.0402833540903955,2.6966938088992826E-4,0.0011251691420689233,3.998747979791785E-4,1.2286516745944914E-4,6.985630970822321E-5,5.127977749223361E-4,1.503205337439574E-4,7.640617010806036E-5,0.0014073512689475084,0.0013083687260376147,1.3653363987148562E-4,1.6339033755017682E-5,0.003762982156443983,6.324268036290992E-5,0.0010863846184409629,0.005467338859139449,1.0,0.0021095488603485708,1.2197174508656691E-4,1.745800175661295E-4,0.0021988324930180526,0.0011290123541567477,4.374557002702098E-4,0.024831095881376608,0.027020143932649496,1.2140956075470396E-4,4.281553828211505E-4,0.001214907861681205,1.2657675914828746E-4,1.7378593958626782E-4,3.073848499158559E-4,6.397021297511115E-5,0.003116234032942856,1.3984280414207635E-4,9.839216357803632E-5,4.883699131448916E-5,4.91124972926702E-4,1.6023645307853285E-4,3.97989061560572E-5,1.4361025768825256E-4,0.007585893134637096,0.003549675611754544,0.02898929325809389,3.73110172255838E-4,1.8641733515088315E-4,3.7842939283353914E-4,2.399158035435379E-4,1.8928502915698485E-4,0.017899536918464794,9.753211625049825E-4,2.3052669503031043E-4,0.010673466180390504,9.315305295343518E-4],[5.517796527659688E-4,0.0026234250584947897,9.22805852574423E-4,0.016897321772649007,0.0014181439878589183,0.0119830002171822,0.0011116741924183775,0.0020670822565350476,0.0021200726344873244,0.001257854730386716,0.0020511330016171106,0.0013329670720821647,6.583393372974488E-4,5.477294546229966E-4,0.0019389879097291,0.0029352633751875117,0.0022086339216083606,0.0011579920060700872,0.003839119003313668,5.162058534892891E-4,0.0015379965854499292,0.004133081208305104,0.0021095488603485708,1.0,0.0017969137965016208,0.0022827570621141205,0.003026331388468457,0.0021220019844593566,0.0021754377239161997,0.049264549505856625,0.029076851869139518,0.0017674656959540207,0.002473954352919613,0.0019727699084514955,0.001146824655910397,0.0011091867366224877,0.0010337720449848297,1.0204947151576301E-4,0.002917109277789875,0.0016981765886878702,4.4207518740038357E-4,3.18572708671272E-4,0.0013380805579636984,8.158946616299524E-4,0.00112717184840073,0.002115983216433699,0.041710700616858346,0.006801891454474022,0.029628663772549,0.0011457498068387407,4.276107438636416E-4,0.0017887323906447129,3.5437109153819724E-4,2.893958228628611E-4,0.013169757380951708,0.0015752040188154427,3.285858115760726E-4,0.011658292610514168,0.0013403024408299657],[1.3338953068903103E-4,0.0015291363856398885,1.3362277279296076E-5,0.014930525343068811,1.2551805211851816E-5,0.014447720886331747,2.007007696805913E-4,0.0014262653063744997,0.0014475048996631546,5.523024221298735E-5,1.69780498989233E-5,2.106309962723655E-4,1.3661366415589014E-5,1.7307161929748987E-5,0.0015683696590496515,0.0025167466205036596,1.877152008390142E-5,1.0659029938986207E-5,0.009722258787566957,1.373848351407947E-5,9.872164192000386E-4,0.01976166697158577,1.2197174508656691E-4,0.0017969137965016208,1.0,1.255544230303313E-4,0.007138023007250274,0.0013261002706433083,7.857284736676206E-4,0.048615704790602614,0.028561498023475546,9.6053106388519E-5,7.425313178597418E-4,0.0013965790691134756,4.0229476067898696E-5,3.109995664431141E-5,3.596389248509027E-4,1.0793126347674761E-5,0.0035774092312627816,1.3464601063923475E-5,1.6161828861291895E-5,2.026184114898955E-5,7.13227996337184E-4,1.0041650204263901E-4,1.1342795864092603E-5,1.0601727495146427E-5,0.01979774894780987,0.0030184359499402184,0.048095604502433234,1.7811595284974308E-4,2.2342644974627019E-4,7.054321996544983E-4,2.412347306247207E-4,5.168462785616554E-5,0.008541645093292314,4.998199797178419E-4,1.248891317747153E-4,0.0032114524086398815,2.990692908893873E-4],[1.82984200936759E-4,7.295082733212303E-4,7.158642112645E-5,0.01095767866212762,4.102625111742901E-5,0.04403607480216047,1.66713246209886E-4,5.654816418043841E-4,9.208301967013612E-4,1.2106795885586443E-4,1.1265598892143346E-4,6.061771320542977E-4,4.4148446660136616E-5,8.100961951013168E-5,0.0014257665188958696,0.0010931876829293112,7.87317859800899E-5,8.81910218560947E-5,0.0063754660569019656,6.736516754104438E-5,8.406242484893756E-4,0.02037570815211738,1.745800175661295E-4,0.0022827570621141205,1.255544230303313E-4,1.0,0.01067067563416805,0.0011832955586224274,7.027495203148642E-4,0.03146883895447682,0.015225837720604199,1.25699109069572E-4,0.002506405568419017,0.0013752858558244028,1.327213866808424E-4,9.232443113389389E-5,3.216027812375145E-4,1.6456413387668856E-5,0.002552105745874367,5.546074730160085E-5,2.339514720315367E-5,8.133607265064264E-5,2.1165464775785907E-4,1.358984641727876E-4,1.0994623969954298E-4,6.88307084290969E-5,0.03171423144905064,0.012317826035860633,0.02990962506983916,4.452038595345601E-4,1.7579765512460945E-4,7.083944470868557E-4,2.1254481329736595E-4,2.0302599876200042E-4,0.007485970365456841,0.0014241771929814928,1.7647794411149078E-4,2.672297248467242E-4,9.358505215069081E-4],[0.004031740567345174,0.005848682650030558,8.575389125335234E-4,0.01343028307669267,0.008680241096210711,0.03707314578703433,0.007580149603591348,0.007630122391655058,0.005182666206746283,0.0014721157461901292,0.0028606835585597004,0.009496546683324406,0.0022540267172242346,0.010061410984786792,0.009027006235748097,0.0063979959093461,0.004562795991656735,0.0021101011123429926,0.01765944001363213,0.00528323240857388,0.0014551469523630097,0.0182114765523678,0.0021988324930180526,0.003026331388468457,0.007138023007250274,0.01067067563416805,1.0,0.007825895649782717,0.0042289886022194466,0.014827855711085606,0.024377495753426317,0.00534300537490227,0.006493867181481814,0.0019691215234494625,0.00939594715051839,0.009374022786352031,0.0024647858537802376,0.009385328841842781,0.007828164560222433,0.004133887093113417,4.6624663496055947E-4,0.008157596705132272,0.004049945768301078,0.00882334265223139,0.006702141574045772,0.003662709230348138,0.019265165577013764,0.010879242287459357,0.023351861300096984,0.003526641812468815,0.006878762195177804,0.010335089882635968,0.003519579023731872,0.00861871327639062,0.014395610108468862,0.0035709384967491237,0.01067888001155795,0.012075529979828999,0.004782831811670401],[0.0013697368375428748,0.0027977477519215694,4.653325818319377E-4,0.01628573061472346,2.0351252036746476E-5,0.03820621090012293,6.436742992098303E-4,0.0015426202418621375,0.0015553159395109845,1.734473023796245E-4,0.001661410123449575,0.0012132174638850193,3.3209068422874956E-4,1.9662489696395115E-4,0.0017348975394910308,0.0032074208511917316,3.580653271710592E-5,0.0013883034574535158,0.0037598428449391414,9.897772723176745E-4,0.0013923362118375678,0.0017052412765861502,0.0011290123541567477,0.0021220019844593566,0.0013261002706433083,0.0011832955586224274,0.007825895649782717,1.0,0.0011470046708013388,0.021743029807499703,0.016101162412148543,0.0016234874132392781,0.002962816082123636,0.0016339149409855095,1.869207583085536E-4,8.878387000962065E-5,6.475430757128896E-4,8.962790180824292E-4,0.0026898171497395174,0.001439954962347555,5.441288907570534E-4,7.787862679279815E-4,0.0011160535156188424,9.627316631013517E-4,5.008525753255726E-4,5.149567400701043E-4,0.03698405687291593,0.012143440300093351,0.02654124307108775,0.001619075365384573,0.0013123387945326043,0.0015079358824286035,8.956252800844693E-4,4.478387073079789E-4,0.015505313207691739,0.0016172498208844208,0.0015228126113335143,0.00947073917917602,0.001487673022963043],[7.066358948600859E-4,0.001221062010834529,1.1029338947070574E-4,0.010578677202133964,6.53094250885645E-4,0.05017231632734644,6.116148566027546E-4,0.001273410575471484,0.0014849851801338485,2.746927626521393E-4,3.3745809582980314E-4,9.722852463700004E-4,9.887762741413444E-4,9.10831959200961E-4,0.001213096164267929,0.0015201178605877752,5.683614146666916E-4,7.305032790333308E-4,0.0023074776584663913,6.974334734013176E-4,0.0011151727014846364,0.014267401861017194,4.374557002702098E-4,0.0021754377239161997,7.857284736676206E-4,7.027495203148642E-4,0.0042289886022194466,0.0011470046708013388,1.0,0.015294206367464546,0.018805673991085802,9.700703960930712E-4,0.00164161015307421,0.0011989118488224062,8.303720716479888E-4,2.057238348971995E-4,9.92727927004357E-4,8.318627678937608E-4,0.0013347772695646307,6.974690811330814E-4,2.346745647469025E-4,2.7623708756375185E-4,0.0010783282300330834,7.065818548828791E-4,4.7941485131887225E-5,1.8093727344824047E-4,0.04164370547327506,0.007426941038399763,0.04636422201655781,7.747264744846942E-4,7.724433009115476E-4,0.0012659625231663148,0.0010647108366424185,6.725209946459494E-4,0.009346085903908861,0.0013992165821286268,0.0010244797022885483,0.004110204830287002,0.001019596084264872],[0.03746561087388321,0.04658406896469966,0.04129711447667218,0.046825655551984355,0.043895041170286316,0.06427362443811109,0.013779632698612026,0.012197203615964054,0.0071340580063070655,0.006877667508140807,0.018215468354514243,0.01328287949259547,0.015642848716417353,0.05335322761264569,0.046119617756325476,0.019241626967738915,0.04148046029048131,0.04989069298697139,0.0531032517245866,0.02721318042691352,0.04342572071473421,0.05500242541607916,0.024831095881376608,0.049264549505856625,0.048615704790602614,0.03146883895447682,0.014827855711085606,0.021743029807499703,0.015294206367464546,1.0,0.04676496751380567,0.025866222403696758,0.01680315099046822,0.026674750437868613,0.050999516958429095,0.023050073270123456,0.027100621542623337,0.016130125333070365,0.03278053250481058,0.01093781956841203,0.02851652303683147,0.035541026985113584,0.041331597754605896,0.03732342352968407,0.018893634072400422,0.01975063403277828,0.048717009523454244,0.01480134933086195,0.05555555555555555,0.029505977565404077,0.023129890486030688,0.023367958762144043,0.017380858952138867,0.04008274572571406,0.03606015548123727,0.013268243203232218,0.01524007858539311,0.02484675118272702,0.048202662401079545],[0.015077226379117388,0.00920820445363045,0.0028837876356402254,0.0249775607687074,0.012678109954860193,0.05048183075930736,0.012723769307227115,0.033350658024126796,0.036877632206855165,0.005774782212901778,0.015484536682655608,0.00245664135758774,0.03171201230712199,0.0058572407970267385,0.005019586041916834,0.016595164903916996,4.7127697257444125E-4,0.006386289069109751,0.03040832773275926,4.8257480593369244E-4,0.027627071628927254,0.0351531274337969,0.027020143932649496,0.029076851869139518,0.028561498023475546,0.015225837720604199,0.024377495753426317,0.016101162412148543,0.018805673991085802,0.04676496751380567,1.0,0.023373780782679616,0.021671909884250825,0.013693773460123914,0.011898364796843308,0.024381585212042603,0.014038601820496793,0.03517186866845297,0.03422880838637609,0.011146501794836004,0.0069503380600062226,0.025080316802128157,0.02161814478835098,0.025079030986699793,0.026805039970687297,0.020346759423446274,0.03950348081224284,0.02712391154349448,0.03774714461201864,0.027655272657038897,0.012878642689468879,0.02499239003951802,0.019936570100059572,0.009916739355014451,0.035338933518279644,0.034688834352977184,0.0153939541397458,0.01925284657822024,0.014186774655069232],[1.9923585538292855E-4,1.4210625437059154E-4,7.313718674667897E-5,0.0029594140162670156,2.2462615278113732E-5,0.05193679596075121,1.710445910601006E-4,4.999464609525845E-4,6.945231945655706E-4,1.1502829815445163E-4,5.0428335880483595E-5,3.7579440901686393E-4,2.0386945789678157E-5,1.1169417048603434E-4,1.801400506106835E-4,0.0029870027316090766,4.2500291252383996E-5,1.0259037896749552E-4,0.0024471567600988843,9.440663567525888E-5,8.131141338532293E-4,0.008392819431811709,1.2140956075470396E-4,0.0017674656959540207,9.6053106388519E-5,1.25699109069572E-4,0.00534300537490227,0.0016234874132392781,9.700703960930712E-4,0.025866222403696758,0.023373780782679616,1.0,9.87742087017299E-4,0.0014816273369031019,1.19950669494825E-4,7.733410197137312E-5,1.880414561383037E-4,3.3127494198568105E-5,0.0045155751061800465,1.097168817932768E-4,8.024033701019473E-5,9.790741786543359E-5,7.135175351926609E-4,1.2380183043769527E-4,1.0418158113461024E-4,7.032647727931572E-5,0.03168510904468719,0.007839162444883049,0.009368990380109646,3.155381957412733E-4,1.7904558032537954E-4,0.001178320355691807,2.0908995666891225E-4,1.7216596415598636E-4,0.012984988188267394,9.179008795055817E-4,1.834016773963535E-4,0.012249772780021666,7.373993087403821E-4],[0.0019713577909337924,0.0029930062086202984,0.0023744028947177333,0.009749244312087423,5.520194131466299E-4,0.03743424665159574,0.001128036180644436,0.0020673047074750163,0.002466082842014872,1.346041713342536E-4,0.002850383487152749,0.0013732236785930073,4.1574709344189013E-4,0.0014492830030225958,0.002896699733226872,0.0032915208763455144,8.023158254260575E-4,0.0016346939132767032,0.015275634082854067,0.0013728642279368466,0.002682466082485472,0.02191367846817712,4.281553828211505E-4,0.002473954352919613,7.425313178597418E-4,0.002506405568419