[[1.0,2.4573292281059836E-4,0.0021134286604865484,1.3836450441875513E-5,3.7907622798617204E-5,1.0848004451563311E-4,6.93163127320664E-5,1.241346039702607E-5,7.874400147665169E-5,2.452027059523105E-4,0.003725871872362464,0.011558608027444102,0.012213356508255882,0.009546284673870021,1.7587814521309532E-4,2.5132138762455278E-5,1.3440917830728763E-4,1.5124181244306596E-4,9.38854860395959E-5,1.3620260031922284E-5,1.6922597319464444E-5,0.01460119262838871,1.5621039377027075E-5,5.086100753784727E-4,0.0010789072986308885,2.2708025436950764E-5,0.0022139385593802005,3.396244181452696E-4,3.6457240105335515E-4,1.452690388771984E-5,0.001209260198243984,4.51046074415655E-5,2.083499315360709E-5,3.0841502342174976E-4,0.004804947163168641,0.002887651213127519,0.008583667304457717,5.002239335351599E-5,2.681562025831981E-5,3.781445133395669E-5,1.4177606079258554E-5,0.002752160958184414,1.918600250467397E-5,0.001953928879166954,1.230422280018144E-5,0.0011388846351296355,1.9960828652804617E-5,1.52569128001064E-5,3.3995927062852515E-4,0.0028693102151341695,4.638471731618656E-4,0.01647085521989801,1.085874860126877E-4],[2.4573292281059836E-4,1.0,0.003899569279379379,2.7460138639061825E-4,0.001084282328031252,0.002707514675496212,3.4614843986990716E-4,0.0012598109083208162,0.002188945409660892,0.0017653209274472812,0.0065578004283808585,0.009447840682979297,0.02650040868012651,0.0130362234744658,3.5889779696542665E-4,0.0023001861216262512,0.0024962852471357277,0.002633462474252938,0.0019283698815495856,5.879272483293565E-4,0.0022755563159267077,0.013770005254653932,0.0018934287211019275,0.002190107065029889,0.002639557709913497,7.264595753053637E-4,0.002970421999599402,0.0024892162288070304,0.002260706796400158,0.00258334680590413,0.0019293057876915581,8.966156494692992E-4,5.097422284628313E-4,0.0015560598445052743,0.005502042433430714,0.004096948535912878,0.011408480230303487,0.0019880025824650497,0.0024381751037124547,0.0025310897994405787,0.0012120523512004907,0.010232229217632591,0.002494121858894563,0.0025323557779155146,0.0012078469862169966,0.0018428110356388159,0.0026354857822175775,0.002612746986671885,0.0017139633599718576,0.0066711531979818306,0.002318043536217321,0.009456135173917557,0.002694025188480385],[0.0021134286604865484,0.003899569279379379,1.0,5.733570101275522E-4,0.0021167875388879397,0.0018642484230950605,0.004812654400908463,0.002017038693810807,0.0012185404307589233,0.0017798693485476021,0.005125753629120559,0.025200401983172742,0.012840960440553242,0.013215891974035714,0.003992120931559761,0.004375230205936139,0.0032213517099216192,0.003109040257536213,5.195881154680126E-4,0.004223001284926444,0.003330730003208648,0.025615908384369283,6.555854843509935E-4,0.004086552585989389,0.0026090111539752835,4.60166260380319E-4,0.004770158617933553,0.003218086223362459,0.001670125113835258,0.002547451729285324,0.0031396906095954216,0.0017475934189185626,0.0015392400888038435,4.4843289948456443E-4,0.0055633404421227195,0.005098998012129512,0.010561228871081466,0.004136971405738885,0.004361076255494334,0.003700579011569092,0.0026636218070226697,0.0076319911533746215,0.004711602679220122,0.003885947763647069,5.5703862909896924E-5,0.003939288448551726,0.0030836414219384306,0.004240685181169332,0.0046545902045390785,0.008473789015576424,0.0028767135144534654,0.009806365167033568,1.3388268668247487E-4],[1.3836450441875513E-5,2.7460138639061825E-4,5.733570101275522E-4,1.0,1.2545108093240246E-4,8.882402395057482E-5,6.917146011632948E-5,1.1927252654899478E-5,1.0379546531258075E-4,1.1000610206395458E-4,0.008298984521817212,0.015663803309911156,0.022692572514628754,0.012740834859133549,1.0176521634922068E-4,8.506300337893009E-5,1.0934209857367475E-4,2.073187564412277E-4,5.741289624678932E-5,1.2757503399544517E-5,1.4226386533126852E-5,0.017972890863596866,1.7271169201313572E-5,0.0013116038451901452,0.0010360226238227503,1.7973323176899747E-5,3.231795076207138E-4,0.0015506296416072439,1.765488971276771E-4,2.5503696177660167E-5,5.738707371399704E-4,2.192900104651065E-5,1.3676779909189878E-5,1.578179975772673E-4,5.841988066278571E-4,6.302513240465466E-4,0.017769477222778624,7.598625569136627E-5,2.980526998507144E-4,9.976394951730137E-5,1.3591602953915426E-5,0.003600801060973071,1.6064091442204026E-5,0.0016648993431731824,1.172623113893803E-5,1.2269374272224045E-4,1.873738440226455E-5,1.4284654122224169E-5,4.94249069553943E-4,0.0018904821519481778,0.0013429201156484336,4.943564117928603E-4,1.25151271004687E-4],[3.7907622798617204E-5,0.001084282328031252,0.0021167875388879397,1.2545108093240246E-4,1.0,1.2400207916987032E-4,8.992417368561644E-5,1.9102540303107655E-5,1.481212130479418E-4,1.8734287464054538E-4,1.2990185507722816E-4,0.001007483679270752,0.005133012807829615,0.005131822154263295,1.51453961076113E-4,1.2631037022645252E-4,1.276010490042905E-4,1.776291962038185E-4,1.2476581342694436E-4,1.2267499535493026E-4,3.6528881057382616E-5,0.019829986723997984,3.51366895533155E-5,8.862755590996086E-4,5.227102140920537E-4,5.067644549889602E-5,0.00174795625893413,8.212006043407053E-4,7.088717852567947E-4,5.4835613980435056E-5,9.686438336007052E-4,7.919418907043155E-5,5.605719994702391E-5,3.266775019692054E-4,0.007060955516276888,0.0018796608265480893,0.01826088187458943,1.247864056134443E-4,2.764653707454776E-4,1.298526676116067E-4,5.646821429821391E-5,0.002760867543261681,6.926550880789269E-5,0.0021130748277167974,3.738683240328749E-5,4.660307583498062E-4,1.0256335557797692E-4,4.0554507715720017E-5,0.0010989610475551194,5.422659102415395E-4,8.055705309228127E-4,0.012038464323406928,1.2781923668882202E-4],[1.0848004451563311E-4,0.002707514675496212,0.0018642484230950605,8.882402395057482E-5,1.2400207916987032E-4,1.0,1.1836631751339767E-4,1.1474618310308042E-4,1.6626773973770121E-4,1.6526267867371895E-4,0.001859647283704611,0.0207880157332887,4.6624257995591463E-4,0.006785127873896693,1.3023652675225669E-4,1.253038409295849E-4,1.3945082021260874E-4,1.3561425462345228E-4,1.2435886906132977E-4,8.330984873492218E-5,3.022152320469841E-5,0.016309607010685588,5.727031487526425E-5,6.291384051232121E-4,3.2251294571992675E-4,1.1336064136524562E-4,9.513959859950488E-4,0.0016553667967688396,7.996763680651196E-4,1.1320901364521581E-4,5.535004355413982E-4,8.072185046901416E-5,6.477166467039379E-5,4.0729849271767867E-4,0.002826796768893402,0.0017765901499973906,0.008058524836445211,1.2324583577390163E-4,3.0314220274450256E-4,1.3050605725298088E-4,8.195696556014041E-5,0.007836238056505367,6.28896316235865E-5,6.383266883624743E-4,8.03779718586474E-5,7.154431697552428E-4,1.0874293117155586E-4,8.143903597329419E-5,1.6587353217535918E-4,0.0018945903804163619,8.606134894322474E-4,0.006033422818317821,1.2792857973623908E-4],[6.93163127320664E-5,3.4614843986990716E-4,0.004812654400908463,6.917146011632948E-5,8.992417368561644E-5,1.1836631751339767E-4,1.0,3.6007709321870896E-5,1.079588331171221E-4,1.7268580367461232E-4,6.648278994534311E-4,0.008382223479683851,0.005827059766910967,0.016408385767673395,1.0699984296286272E-4,8.267201157257539E-5,8.705662629026699E-5,8.741551107837846E-5,8.388968768075583E-5,7.461500051843727E-5,4.3027800612033504E-5,0.015055837301591117,6.714658745833295E-5,0.0015603790017985333,0.0022423975090383615,7.437215329219187E-5,0.002728960775645628,0.001625183107433359,5.925993559782764E-4,5.0411043443627794E-5,8.648037865581506E-4,6.584515029301899E-5,3.90594178962838E-5,3.6506121214536943E-4,0.004116471058585067,5.402648239093952E-4,0.001370393296407906,1.1201538366832776E-4,2.915545300456865E-4,1.2411020820639787E-4,4.901925080285534E-5,9.558599675967393E-4,6.74565138567391E-5,5.143839885405676E-4,5.536730853638077E-5,8.471508261117452E-4,4.233812041085535E-5,3.471792149954243E-5,0.001160031507512392,0.009483496565096198,0.0016289667417313791,0.0012316835614486063,1.1394754092347985E-4],[1.241346039702607E-5,0.0012598109083208162,0.002017038693810807,1.1927252654899478E-5,1.9102540303107655E-5,1.1474618310308042E-4,3.6007709321870896E-5,1.0,1.134459331839455E-4,1.9407328376979213E-5,0.004516363755327912,0.008395810547539356,0.020365651215021104,0.008423122596519016,1.0497457429036917E-4,1.2554541695805415E-4,9.725046257106867E-5,1.0700154142680268E-4,1.22022944070162E-4,1.1418795997457804E-5,2.2171016686352083E-5,0.016913108941699822,1.917389395298463E-5,2.952534866303816E-4,0.0011398070676504456,1.6658978502565573E-5,0.0026813279056254937,6.54958395732799E-5,7.728898214431347E-4,1.854109055743328E-5,0.001084509314695947,1.2224470887043862E-5,1.7418995004822897E-5,1.1849444827890616E-4,0.0060789777031620765,0.005019848674572146,0.010994929338503259,1.0380199091052996E-4,2.4444352284898774E-4,7.949134879486125E-5,1.0897380388412908E-5,0.009565633778604029,1.6973113156627834E-5,3.5160046607446633E-4,1.1566749494994878E-5,2.1364523414173136E-4,2.1520466962402953E-5,1.194188970056967E-5,2.7284801676806563E-4,2.9376742368416453E-4,5.932876011325271E-4,0.016407985465451375,9.013104612551256E-5],[7.874400147665169E-5,0.002188945409660892,0.0012185404307589233,1.0379546531258075E-4,1.481212130479418E-4,1.6626773973770121E-4,1.079588331171221E-4,1.134459331839455E-4,1.0,1.930508841587088E-4,0.006626893848680692,0.024988194506255734,0.012523820113341926,0.005177316193868988,2.0064966356329544E-4,1.5625709052393902E-4,1.8720260200909663E-4,1.9387622952881905E-4,1.2726936378044812E-4,1.2462703826683605E-4,4.907447194871119E-5,0.009064553991309964,1.5717316963464987E-4,0.001018702153237601,0.0012016370742680786,6.05716659627086E-5,0.0017206609519626048,0.001304926430642339,8.305439409457096E-4,1.4224747146046525E-4,2.262737862511239E-4,1.628164676882153E-4,8.249621043286958E-5,2.1735087115999638E-4,0.005726944067123341,0.0027606131883827034,0.012032474746668078,1.4096531277661012E-4,2.258833601209613E-4,1.7249125262875357E-4,1.8270117197577573E-4,0.0019389901968211764,1.8556868697749328E-4,0.001016586442064517,1.0047113838250658E-4,5.247686040821194E-4,1.4738512112876746E-4,1.7445349651615537E-4,0.0010552789751235281,0.00481999671782098,0.001666118125858329,0.007435165237166069,1.732289824483345E-4],[2.452027059523105E-4,0.0017653209274472812,0.0017798693485476021,1.1000610206395458E-4,1.8734287464054538E-4,1.6526267867371895E-4,1.7268580367461232E-4,1.9407328376979213E-5,1.930508841587088E-4,1.0,0.006414100243828371,0.00899877308528651,0.01580042805487011,0.007086673781352955,2.458311197350244E-4,1.566513298474636E-4,1.646809003303381E-4,2.2150650719270545E-4,2.4212399388064576E-4,1.6293260982829536E-4,2.4066344841059846E-4,0.007346210395579009,2.2826250973982234E-4,0.0017106061645812093,0.0013707018600437157,1.1426500012917426E-4,0.0018139190924333984,0.0014128559301412953,7.914974045360962E-4,1.513453974762011E-4,0.0014466147139706332,2.2683770832200418E-4,6.511465996887828E-5,2.63019007163904E-4,0.0013876124760900548,0.0023406352055822385,0.011815483244339238,2.192886619047499E-4,2.789028119125657E-4,1.6715853967460022E-4,6.930424185592023E-5,0.004148004663471459,1.6714562915948303E-4,6.683578471248442E-4,2.489149934786044E-4,0.0012517554296765,1.6226571015943482E-4,2.914440130051751E-5,5.361809215701954E-4,0.0020275786991807107,0.0017205417535301848,0.0018652862539897878,1.8763537417844475E-4],[0.003725871872362464,0.0065578004283808585,0.005125753629120559,0.008298984521817212,1.2990185507722816E-4,0.001859647283704611,6.648278994534311E-4,0.004516363755327912,0.006626893848680692,0.006414100243828371,1.0,0.009109055382059443,0.01260859066374374,0.01663332201164612,0.0056936891783515246,0.00643842685887503,0.006865149763610919,0.008460058151825657,0.0022751356907098805,0.0028155584917639513,9.753351909311029E-4,0.025019933382972318,0.0022202678998807113,0.006372199695139434,0.003282283136224266,0.002251058506613389,0.004331495315436347,0.0026447759427736376,0.006971860981411005,3.15938839241757E-4,0.0031236392540570624,0.006501345956529534,0.0015329597473720381,0.007537477844145149,0.008278337911723473,0.008317173179280577,0.011607459774223866,0.003486545737757315,8.99427174370918E-4,0.003494094233294211,0.0015692984076389849,0.011785971118440505,0.006343993710719611,0.007581820812330397,0.005420895496449808,0.006521744900219893,0.005121295674766859,0.004897007011264765,0.0065151711627634825,0.009350924536767396,0.007255495741776084,0.01078728078428385,0.006900713969669907],[0.011558608027444102,0.009447840682979297,0.025200401983172742,0.015663803309911156,0.001007483679270752,0.0207880157332887,0.008382223479683851,0.008395810547539356,0.024988194506255734,0.00899877308528651,0.009109055382059443,1.0,0.028158117147493302,0.024349780064338244,0.013797013450164503,0.008617650775756078,0.005990580222122548,0.02481568953482866,0.01623060941232357,0.006219587657075058,0.011613415741555066,0.026799182280155313,0.012845081360381039,0.010101597429455926,0.009328513492408715,0.024280353799577277,0.0203689530263411,0.013707697790539122,0.002149421153858809,0.0035724028219688646,0.022618995550570748,0.011043178580622868,0.02264882352072109,0.0024179651223437057,0.02058806378014927,0.0057040922890577985,0.024735558122736364,0.0017519889853046338,0.021935259201846802,0.014715969133708956,0.009387625667882869,0.022472438114355314,0.020917423115928042,0.022334239760238416,0.0013270620619813538,0.008551624355454738,0.012138436564888664,0.01148016296966325,0.010681257053896826,0.014961173505044272,0.025355570577845755,0.023400298284498647,0.005369191394058876],[0.012213356508255882,0.02650040868012651,0.012840960440553242,0.022692572514628754,0.005133012807829615,4.6624257995591463E-4,0.005827059766910967,0.020365651215021104,0.012523820113341926,0.01580042805487011,0.01260859066374374,0.028158117147493302,1.0,0.02198815321642516,0.011882911555464616,0.012478270895852874,0.004749691222599851,0.01037270409118034,0.009671479360179454,0.016741682665011092,0.017808675948534414,0.02927860854405868,0.0015993136483371216,0.019697143386459823,0.01748588663044436,0.010490653607024208,0.021004373319446504,0.012522700425613643,0.007847631021534105,0.006545820751124089,0.025515862051599402,0.028704461724631383,0.027454764867780118,0.0013728880602574705,0.010562888952432969,0.028391806275606044,0.027755399998627417,0.01592743784523811,0.02097107017393702,0.019855390903923773,0.021296711000547523,0.026270594133177762,0.013166774305041389,0.025771690590151063,0.007151879874533444,0.007133616369494473,0.027617991099598907,0.004032602491121135,0.008913136042806944,0.016800438341898476,0.010357967458871253,0.027876517854485406,0.008489473236183443],[0.009546284673870021,0.0130362234744658,0.013215891974035714,0.012740834859133549,0.005131822154263295,0.006785127873896693,0.016408385767673395,0.008423122596519016,0.005177316193868988,0.007086673781352955,0.01663332201164612,0.024349780064338244,0.02198815321642516,1.0,0.0040315154366182045,0.007070405937335575,0.002000710199618624,0.008716471158489251,0.0010018739674251883,0.006779482158164922,0.017614336942542094,0.021615004496671714,0.0026134978934879384,0.008146350769286466,0.0037415656243286015,0.0030818717702012347,0.016622445417452246,0.01655024212239622,0.01353028420733382,0.010986615045105438,0.010360465429825322,0.012057171278840408,0.016608537440991614,0.005188762297991418,0.009807269357704807,0.010606279184162128,0.017974359812451574,0.0037196703228023565,0.009839854464995348,0.011099038558493694,0.01601515742749358,0.014193552819723176,0.010718494909983294,0.006600515814552264,0.008677881951016615,0.014177315177286933,0.011130976033710278,0.005639024954470976,0.009229478763454571,0.012765268158024519,0.00902961815995474,0.021478457460875733,0.013004369095002993],[1.7587814521309532E-4,3.5889779696542665E-4,0.003992120931559761,1.0176521634922068E-4,1.51453961076113E-4,1.3023652675225669E-4,1.0699984296286272E-4,1.0497457429036917E-4,2.0064966356329544E-4,2.458311197350244E-4,0.0056936891783515246,0.013797013450164503,0.011882911555464616,0.0040315154366182045,1.0,1.4396525832138836E-4,1.806835824547846E-4,2.0980505702898516E-4,1.99531875465453E-4,1.1728750195451772E-4,8.063143148239134E-5,0.011701041478477081,6.396858837888393E-5,0.0014696044351548828,5.298522481081443E-4,4.509436529355513E-5,0.0010426345096424116,0.0010035689456206415,8.239988723266739E-4,1.0994078228857238E-4,0.0010114581243191167,6.373709804292393E-5,5.1176428037014896E-5,3.3236429328214144E-4,0.0025353781655793966,0.002233334551930032,0.002960781159012793,1.4345993211277617E-4,2.821578480673558E-4,1.6704474280069837E-4,1.4848921388915242E-4,0.005867619322109279,1.0200405905294249E-4,6.284618062992315E-4,1.874276418286675E-5,2.379667244242104E-4,1.5534225494480636E-4,1.1178622288260036E-4,0.0010712809462410332,0.003596152680583878,4.298527738445918E-4,9.574422321329349E-4,1.5111253207118216E-4],[2.5132138762455278E-5,0.0023001861216262512,0.004375230205936139,8.506300337893009E-5,1.2631037022645252E-4,1.253038409295849E-4,8.267201157257539E-5,1.2554541695805415E-4,1.5625709052393902E-4,1.566513298474636E-4,0.00643842685887503,0.008617650775756078,0.012478270895852874,0.007070405937335575,1.4396525832138836E-4,1.0,1.4402839373116728E-4,1.6791598141647373E-4,1.2564657329521255E-4,2.714454986345338E-5,6.000821549519959E-5,0.01924415746211014,1.0410100448197581E-4,8.732598649147786E-4,0.002386264654232307,8.886668493631307E-5,0.0029389173826203777,0.0011202789877112216,8.727899091875676E-4,1.164501034438835E-4,0.001573450167858306,5.953589365095934E-5,4.048260611186397E-5,1.7087449011236292E-4,1.268856922119154E-4,3.770457413641501E-4,0.0011507742124729464,1.2459709174032457E-4,1.9882906995997393E-4,1.2768868857069386E-4,1.9867219670795996E-5,0.0025776181400088147,3.2069275525710924E-5,6.1194640490592E-4,1.93573594084351E-5,9.14641983187293E-4,6.976691390031794E-5,1.0856304093451668E-4,0.0010287028538850033,0.004420070089623299,0.002254217560443368,0.011432892286282567,1.262242772599797E-4],[1.3440917830728763E-4,0.0024962852471357277,0.0032213517099216192,1.0934209857367475E-4,1.276010490042905E-4,1.3945082021260874E-4,8.705662629026699E-5,9.725046257106867E-5,1.8720260200909663E-4,1.646809003303381E-4,0.006865149763610919,0.005990580222122548,0.004749691222599851,0.002000710199618624,1.806835824547846E-4,1.4402839373116728E-4,1.0,2.1389047418955264E-4,1.3754214741074137E-4,1.1855231078979757E-4,5.449068558659908E-5,0.024982728684967027,8.704663014700328E-5,8.3919018286037E-4,9.73281065633669E-4,4.4075213979253615E-5,0.0016454275152972242,5.939432981988739E-4,2.1084073403224678E-4,1.1546156910617629E-4,0.001248349424555943,1.253699460950881E-4,1.2584619733545173E-4,3.4670907520702133E-4,0.0026454804676792273,0.004278396616409873,0.012924343202303774,1.3617096512012918E-4,1.5860121917535147E-4,1.3817828527485393E-4,4.8821691186693837E-5,2.1116812134857696E-4,2.4702447620940105E-5,0.0020369478871930195,3.8901997780396153E-5,5.048680931337468E-4,5.334132926295123E-5,2.688924794587815E-5,0.0011248016031935983,0.006688895229215082,2.0889305888105794E-4,0.020456240692470925,1.4118630345570952E-4],[1.5124181244306596E-4,0.002633462474252938,0.003109040257536213,2.073187564412277E-4,1.776291962038185E-4,1.3561425462345228E-4,8.741551107837846E-5,1.0700154142680268E-4,1.9387622952881905E-4,2.2150650719270545E-4,0.008460058151825657,0.02481568953482866,0.01037270409118034,0.008716471158489251,2.0980505702898516E-4,1.6791598141647373E-4,2.1389047418955264E-4,1.0,1.6762493828994526E-4,2.0878942700533774E-4,2.145135291669226E-4,0.00644164158385831,1.7466759365424378E-4,0.0011287726907808493,0.00208979126761629,3.6857129105230436E-5,5.494666875617148E-4,3.0996544941930845E-4,2.4401920390013687E-4,1.7468255638834523E-4,0.001546737736543027,1.7866730381355868E-4,2.6239374391432743E-5,3.4843129837095355E-4,0.004424449167578403,0.001856927991206288,0.0019057257233827244,1.5800094685655051E-4,2.8502053448056504E-4,1.3397957630328455E-4,1.830107407248375E-4,0.00896205139740735,1.5544572519833353E-4,3.311454046459022E-4,7.108345252391615E-5,0.0011452153471924668,4.290236711562584E-5,2.081204841978296E-4,5.685784297360939E-4,0.003534426996298403,0.002216611339037964,0.02250740247914355,1.5194055182508442E-4],[9.38854860395959E-5,0.0019283698815495856,5.195881154680126E-4,5.741289624678932E-5,1.2476581342694436E-4,1.2435886906132977E-4,8.388968768075583E-5,1.22022944070162E-4,1.2726936378044812E-4,2.4212399388064576E-4,0.0022751356907098805,0.01623060941232357,0.009671479360179454,0.0010018739674251883,1.99531875465453E-4,1.2564657329521255E-4,1.3754214741074137E-4,1.6762493828994526E-4,1.0,1.021305171312586E-4,4.674098015334784E-5,0.013028332058202512,4.6047731604651563E-5,0.0017258874355453192,0.0017373102110877592,4.570345255859455E-5,8.000688578750049E-4,8.301781972904487E-4,4.954479663974611E-4,7.736355575456376E-5,2.7949410742138486E-4,9.021324595579196E-5,6.0039487468581355E-5,2.273278084732888E-4,0.0015875373541480939,0.0016485345155811655,0.017877283922719974,1.236722459673377E-4,1.9662820036052788E-4,1.2877921677735606E-4,6.380086552667067E-5,0.01160776872462636,4.0014897211761056E-5,3.117107134795698E-4,8.10821639751122E-5,0.0012701166723472091,8.190583371669213E-5,1.2335786068861225E-4,9.568254558205783E-4,0.006259946861918964,0.0019632348305953155,0.005029657193885096,1.265335328471412E-4],[1.3620260031922284E-5,5.879272483293565E-4,0.004223001284926444,1.2757503399544517E-5,1.2267499535493026E-4,8.330984873492218E-5,7.461500051843727E-5,1.1418795997457804E-5,1.2462703826683605E-4,1.6293260982829536E-4,0.0028155584917639513,0.006219587657075058,0.016741682665011092,0.006779482158164922,1.1728750195451772E-4,2.714454986345338E-5,1.1855231078979757E-4,2.0878942700533774E-4,1.021305171312586E-4,1.0,2.3439754018691404E-5,0.002211922148804692,2.0586770182841625E-5,0.0011858361407408148,0.002361348700363545,2.8001751482672766E-5,0.001331844241060879,0.0014066363380389301,5.969447660314684E-4,3.387555233280221E-5,0.0012312624407123207,1.422295230979516E-5,1.4893166844486866E-5,3.807728407547768E-4,0.004349453525524966,5.839581513121406E-4,0.00641805418101247,3.419723777097067E-5,6.318540154269014E-5,8.185602593968083E-5,1.417580085418235E-5,0.009670486158236492,1.713020757183718E-5,0.0012790449678377227,1.221389268729194E-5,0.0012321416992934393,1.849891677836707E-5,1.4663490238856981E-5,2.6068089310652586E-4,0.005111798986221849,0.0011978508605196973,0.016031995053235375,1.0513088364571626E-4],[1.6922597319464444E-5,0.0022755563159267077,0.003330730003208648,1.4226386533126852E-5,3.6528881057382616E-5,3.022152320469841E-5,4.3027800612033504E-5,2.2171016686352083E-5,4.907447194871119E-5,2.4066344841059846E-4,9.753351909311029E-4,0.011613415741555066,0.017808675948534414,0.017614336942542094,8.063143148239134E-5,6.000821549519959E-5,5.449068558659908E-5,2.145135291669226E-4,4.674098015334784E-5,2.3439754018691404E-5,1.0,9.846007056846385E-4,2.460308487474052E-5,7.610550086840751E-4,7.784724840117589E-4,2.684140605740819E-5,7.123158175327274E-4,0.001320420776646302,0.001146276078708661,2.9894842613859284E-5,0.0010543184280523744,4.3716893642178824E-5,2.385410601688186E-5,1.8034310174112523E-4,0.002375407161763009,0.0016082216359397548,0.016181035512068512,4.8006015466973E-5,1.777658343021111E-4,5.8915045128277974E-5,1.594574203039947E-5,0.007364799169832704,2.3602127876358813E-5,0.001625962261997635,1.9175054590151523E-5,4.4551546801364147E-4,2.296983080437619E-5,1.5916848939071447E-5,0.0012234605350231126,0.00620145640589067,7.82904554472473E-5,0.006601994439957277,6.799334583429784E-5],[0.01460119262838871,0.013770005254653932,0.025615908384369283,0.017972890863596866,0.019829986723997984,0.016309607010685588,0.015055837301591117,0.016913108941699822,0.009064553991309964,0.007346210395579009,0.025019933382972318,0.026799182280155313,0.02927860854405868,0.021615004496671714,0.011701041478477081,0.01924415746211014,0.024982728684967027,0.00644164158385831,0.013028332058202512,0.002211922148804692,9.846007056846385E-4,1.0,0.023565649797413612,0.014725174186262487,0.02447060359779952,0.010836623079814926,0.021689382398716477,0.02432277364694786,0.019298185191247503,0.012426050708997192,0.008468423610926123,0.017355377184976928,0.018298244511490758,0.025952223935681067,0.01402445338749497,0.007831548545290916,0.023932017122294744,0.019463560493195104,0.011642683979842266,0.004301928051373629,0.016401441075647557,0.025236367307844204,0.013271945454124618,0.02241102534019928,0.014675216975505093,0.009668386953320406,0.004518770798224452,0.017666817449405944,0.02252798716009416,0.02118679812397775,0.00577332003817984,0.026911959235548545,0.015202232248220674],[1.5621039377027075E-5,0.0018934287211019275,6.555854843509935E-4,1.7271169201313572E-5,3.51366895533155E-5,5.727031487526425E-5,6.714658745833295E-5,1.917389395298463E-5,1.5717316963464987E-4,2.2826250973982234E-4,0.0022202678998807113,0.012845081360381039,0.0015993136483371216,0.0026134978934879384,6.396858837888393E-5,1.0410100448197581E-4,8.704663014700328E-5,1.7466759365424378E-4,4.6047731604651563E-5,2.0586770182841625E-5,2.460308487474052E-5,0.023565649797413612,1.0,1.7709746310038392E-4,0.0023837030223891266,2.784009261897652E-5,1.229761710567881E-4,0.0013293523455318575,6.853355369273993E-4,3.635041718929672E-5,0.001285292904416575,2.5137650370853293E-5,2.4277843460848476E-5,2.3085940722843018E-4,0.0068310552465539595,0.002728202127696945,0.017411954264872544,9.337541277852484E-5,2.4020965723212708E-4,1.10309913430039E-4,2.4315569679040533E-5,0.009679127130849669,2.412729546158139E-5,0.0013356134739599024,2.125718806081244E-5,6.947427470264761E-4,2.385332219014904E-5,1.6469391112630033E-5,6.614616916769019E-4,0.007712697966400676,0.0014238152209668,0.004999798629615256,1.0390804598396962E-4],[5.086100753784727E-4,0.002190107065029889,0.004086552585989389,0.0013116038451901452,8.862755590996086E-4,6.291384051232121E-4,0.0015603790017985333,2.952534866303816E-4,0.001018702153237601,0.0017106061645812093,0.006372199695139434,0.010101597429455926,0.019697143386459823,0.008146350769286466,0.0014696044351548828,8.732598649147786E-4,8.3919018286037E-4,0.0011287726907808493,0.0017258874355453192,0.0011858361407408148,7.610550086840751E-4,0.014725174186262487,1.7709746310038392E-4,1.0,0.0021938989666856505,0.001808409098071567,0.0023612245901251227,0.0019130867140161485,0.0018395949917987182,9.491686565391578E-4,0.0017476077001642085,9.262540404458094E-4,0.0010061991909446775,0.0010618320534790538,0.006244454550655162,0.002428602530312748,0.013836562886666974,0.0012195313893461459,0.0016391058784690038,8.359618588999503E-4,0.0015598741271268817,0.011674149247928565,5.500436641584904E-4,0.001986161773621858,5.890066439384815E-4,0.0015525777903611,8.735674815087861E-4,5.540764818600253E-4,0.0012701658170614306,0.008559799309059918,0.00201040990075177,0.003231407233086751,0.001361388034277188],[0.0010789072986308885,0.002639557709913497,0.0026090111539752835,0.0010360226238227503,5.227102140920537E-4,3.2251294571992675E-4,0.0022423975090383615,0.0011398070676504456,0.0012016370742680786,0.0013707018600437157,0.003282283136224266,0.009328513492408715,0.01748588663044436,0.0037415656243286015,5.298522481081443E-4,0.002386264654232307,9.73281065633669E-4,0.00208979126761629,0.0017373102110877592,0.002361348700363545,7.784724840117589E-4,0.02447060359779952,0.0023837030223891266,0.0021938989666856505,1.0,7.525387787075311E-5,0.002628045810705642,0.0019771374040293754,0.0019467898202122046,0.002226639687013247,0.002208619900766398,5.286396362461934E-4,3.21127594155023E-4,0.0019872996917519353,0.005330672377240848,0.00500838196525177,0.011981980976623272,0.0011755716549667421,0.0016024666505098642,0.001019252901127905,0.0016532589093249878,0.007397067141796239,0.0018975871218033702,0.002173593135276038,0.001751307975554948,0.0022562923715127295,6.073420597793331E-5,0.002333008079563892,0.001385173944734628,0.004507521088607547,0.0024255239607826056,0.00720455572493647,8.706293712927163E-4],[2.2708025436950764E-5,7.264595753053637E-4,4.60166260380319E-4,1.7973323176899747E-5,5.067644549889602E-5,1.1336064136524562E-4,7.437215329219187E-5,1.6658978502565573E-5,6.05716659627086E-5,1.1426500012917426E-4,0.002251058506613389,0.024280353799577277,0.010490653607024208,0.0030818717702012347,4.509436529355513E-5,8.886668493631307E-5,4.4075213979253615E-5,3.6857129105230436E-5,4.570345255859455E-5,2.8001751482672766E-5,2.684140605740819E-5,0.010836623079814926,2.784009261897652E-5,0.001808409098071567,7.525387787075311E-5,1.0,0.0010230498156154628,0.0017156558803064974,2.120639564221964E-4,4.0288588486349825E-5,0.0012259335186937826,2.9504301145760846E-5,2.6430012714654138E-5,3.295757304470593E-4,9.480436432927674E-4,0.002892700200713909,0.01825369296461927,1.1170595441572132E-4,1.5356434904812422E-4,3.05690095706647E-5,1.5591272162071397E-5,0.0058129436906453535,2.5651783217591726E-5,8.753619430314536E-5,2.7277461914517933E-5,8.949311927507409E-4,2.3438422653786303E-5,1.7143056249687757E-5,7.755943705938478E-4,0.005317096080505459,5.174291341775042E-4,0.010595531991201302,1.0620261131543524E-4],[0.0022139385593802005,0.002970421999599402,0.004770158617933553,3.231795076207138E-4,0.00174795625893413,9.513959859950488E-4,0.002728960775645628,0.0026813279056254937,0.0017206609519626048,0.0018139190924333984,0.004331495315436347,0.0203689530263411,0.021004373319446504,0.016622445417452246,0.0010426345096424116,0.0029389173826203777,0.0016454275152972242,5.494666875617148E-4,8.000688578750049E-4,0.001331844241060879,7.123158175327274E-4,0.021689382398716477,1.229761710567881E-4,0.0023612245901251227,0.002628045810705642,0.0010230498156154628,1.0,0.001989621560118168,0.0021743937830266858,0.0018018309234192316,0.002751968145444282,0.0029974744458801275,7.059413382158425E-4,0.0017375900245845182,0.004154480767481215,0.004381025473680493,0.006488476090465508,0.0020002260463429546,0.0010560769230819826,0.002097282679870691,5.125097781501936E-4,0.003594201775047632,0.002458360898730912,0.0026358478249910063,0.002650938937706667,0.0029069050399734343,0.0014417531358705672,4.5632330185055157E-4,0.002006283573402809,0.004036893255843953,0.002662024406758744,0.017820798571731487,0.0024689384047720405],[3.396244181452696E-4,0.0024892162288070304,0.003218086223362459,0.0015506296416072439,8.212006043407053E-4,0.0016553667967688396,0.001625183107433359,6.54958395732799E-5,0.001304926430642339,0.0014128559301412953,0.0026447759427736376,0.013707697790539122,0.012522700425613643,0.01655024212239622,0.0010035689456206415,0.0011202789877112216,5.939432981988739E-4,3.0996544941930845E-4,8.301781972904487E-4,0.0014066363380389301,0.001320420776646302,0.02432277364694786,0.0013293523455318575,0.0019130867140161485,0.0019771374040293754,0.0017156558803064974,0.001989621560118168,1.0,0.0015288246349712863,9.169180219420317E-4,0.0016487195102507632,0.0013002911814770392,0.0012722782801203973,0.0015253709472008397,0.0038112983130720174,0.003452949349896364,0.011247283127498568,6.719159103807639E-4,4.6466583499058943E-4,1.849414779868508E-4,5.44641722057613E-4,0.005282970878581044,4.025902183007825E-4,0.0019071285888899265,7.054187910193076E-4,0.0016298886746093791,0.0014488998704731782,2.2241622252419408E-4,0.0016184495294555075,0.0066830835693298596,0.0020428727147255876,0.017148760943851486,5.289645292546211E-4],[3.6457240105335515E-4,0.002260706796400158,0.001670125113835258,1.765488971276771E-4,7.088717852567947E-4,7.996763680651196E-4,5.925993559782764E-4,7.728898214431347E-4,8.305439409457096E-4,7.914974045360962E-4,0.006971860981411005,0.002149421153858809,0.007847631021534105,0.01353028420733382,8.239988723266739E-4,8.727899091875676E-4,2.1084073403224678E-4,2.4401920390013687E-4,4.954479663974611E-4,5.969447660314684E-4,0.001146276078708661,0.019298185191247503,6.853355369273993E-4,0.0018395949917987182,0.0019467898202122046,2.120639564221964E-4,0.0021743937830266858,0.0015288246349712863,1.0,5.541294544913002E-4,0.001417460452402669,6.105352017883896E-4,6.38523860375649E-4,9.78531020196433E-4,0.0026695554793177596,0.003972673084793068,0.0015509295300541988,7.258879033948521E-4,6.792303163936624E-4,2.6200574540793535E-4,7.015223028463836E-4,0.007485481556846369,0.0010275293421099236,0.0020676310446960137,0.0010175955046720175,0.0012976693064455488,6.572037121853911E-4,0.0011381205170578454,0.0012104305965374084,0.009376477115283185,0.0013906820180728098,0.010394119233714347,2.7086889181712255E-4],[1.452690388771984E-5,0.00258334680590413,0.002547451729285324,2.5503696177660167E-5,5.4835613980435056E-5,1.1320901364521581E-4,5.0411043443627794E-5,1.854109055743328E-5,1.4224747146046525E-4,1.513453974762011E-4,3.15938839241757E-4,0.0035724028219688646,0.006545820751124089,0.010986615045105438,1.0994078228857238E-4,1.164501034438835E-4,1.1546156910617629E-4,1.7468255638834523E-4,7.736355575456376E-5,3.387555233280221E-5,2.9894842613859284E-5,0.012426050708997192,3.635041718929672E-5,9.491686565391578E-4,0.002226639687013247,4.0288588486349825E-5,0.0018018309234192316,9.169180219420317E-4,5.541294544913002E-4,1.0,0.0013359919539320565,5.401818310529644E-5,3.783113587075819E-5,2.29940310534055E-4,0.0033289639450941196,0.0016897666712094455,0.004369887367343884,1.0644056075673544E-4,1.6711484230217405E-4,5.226940533315271E-5,4.694041163118472E-5,0.0031945077424372233,2.8498577127324755E-5,0.0016806972339635732,2.941535446645853E-5,0.0013464670869602446,3.6469125145405146E-5,4.515631485348751E-5,2.434029789684704E-4,0.0058588941282910435,0.0011435018933076354,0.019045361827720087,7.315297133088666E-5],[0.001209260198243984,0.0019293057876915581,0.0031396906095954216,5.738707371399704E-4,9.686438336007052E-4,5.535004355413982E-4,8.648037865581506E-4,0.001084509314695947,2.262737862511239E-4,0.0014466147139706332,0.0031236392540570624,0.022618995550570748,0.025515862051599402,0.010360465429825322,0.0010114581243191167,0.001573450167858306,0.001248349424555943,0.001546737736543027,2.7949410742138486E-4,0.0012312624407123207,0.0010543184280523744,0.008468423610926123,0.001285292904416575,0.0017476077001642085,0.002208619900766398,0.0012259335186937826,0.002751968145444282,0.0016487195102507632,0.001417460452402669,0.0013359919539320565,1.0,0.0012357186505652078,0.001449813658956938,0.0014816061984327506,0.0017403029484379788,0.005051235541031082,0.0029504920975961827,0.0010349766019524145,0.0013350664239182442,0.0012838796918404457,9.551759004889414E-4,0.009346506668587468,1.0855993587307145E-4,0.0019539618953146867,0.0012558448671178301,0.0014512088219642968,5.87517251227736E-4,2.8016977451946254E-4,0.0015405980570954026,0.005809208074831774,0.002092868400808865,0.003458104557005369,0.0012522775317715844],[4.51046074415655E-5,8.966156494692992E-4,0.0017475934189185626,2.192900104651065E-5,7.919418907043155E-5,8.072185046901416E-5,6.584515029301899E-5,1.2224470887043862E-5,1.628164676882153E-4,2.2683770832200418E-4,0.006501345956529534,0.011043178580622868,0.028704461724631383,0.012057171278840408,6.373709804292393E-5,5.953589365095934E-5,1.253699460950881E-4,1.7866730381355868E-4,9.021324595579196E-5,1.422295230979516E-5,4.3716893642178824E-5,0.017355377184976928,2.5137650370853293E-5,9.262540404458094E-4,5.286396362461934E-4,2.9504301145760846E-5,0.0029974744458801275,0.0013002911814770392,6.105352017883896E-4,5.401818310529644E-5,0.0012357186505652078,1.0,4.1510468901308915E-5,3.8020713138415163E-4,0.007820037847374225,0.0034327440434639106,0.017565977056898878,8.807330596356845E-5,1.285795280617108E-4,5.956685727536915E-5,4.6855932294298454E-5,2.6542888735587536E-4,4.8987103132729255E-5,2.913150745512494E-4,4.0337649372229346E-5,9.058071608758269E-4,4.177280578853635E-5,4.6479689387675404E-5,8.549560357644624E-4,0.008628117684597257,0.0018503572143336723,0.01080521620356198,6.169707636420161E-5],[2.083499315360709E-5,5.097422284628313E-4,0.0015392400888038435,1.3676779909189878E-5,5.605719994702391E-5,6.477166467039379E-5,3.90594178962838E-5,1.7418995004822897E-5,8.249621043286958E-5,6.511465996887828E-5,0.0015329597473720381,0.02264882352072109,0.027454764867780118,0.016608537440991614,5.1176428037014896E-5,4.048260611186397E-5,1.2584619733545173E-4,2.6239374391432743E-5,6.0039487468581355E-5,1.4893166844486866E-5,2.385410601688186E-5,0.018298244511490758,2.4277843460848476E-5,0.0010061991909446775,3.21127594155023E-4,2.6430012714654138E-5,7.059413382158425E-4,0.0012722782801203973,6.38523860375649E-4,3.783113587075819E-5,0.001449813658956938,4.1510468901308915E-5,1.0,1.3609233518605083E-4,0.004110818183041485,0.0048944222193885575,0.0071891598329375875,6.385479794114647E-5,2.5468025634887927E-5,9.922288749241205E-5,1.8095349596323487E-5,0.01036357860360509,2.241472183254075E-5,0.001878969936036755,2.218493423219713E-5,9.180638244407359E-4,2.1717211932167598E-5,2.0067127554282535E-5,3.275682142887078E-4,0.003980545542283399,0.0015206049811327244,0.003917443128892589,3.2634220118433165E-5],[3.0841502342174976E-4,0.0015560598445052743,4.4843289948456443E-4,1.578179975772673E-4,3.266775019692054E-4,4.0729849271767867E-4,3.6506121214536943E-4,1.1849444827890616E-4,2.1735087115999638E-4,2.63019007163904E-4,0.007537477844145149,0.0024179651223437057,0.0013728880602574705,0.005188762297991418,3.3236429328214144E-4,1.7087449011236292E-4,3.4670907520702133E-4,3.4843129837095355E-4,2.273278084732888E-4,3.807728407547768E-4,1.8034310174112523E-4,0.025952223935681067,2.3085940722843018E-4,0.0010618320534790538,0.0019872996917519353,3.295757304470593E-4,0.0017375900245845182,0.0015253709472008397,9.78531020196433E-4,2.29940310534055E-4,0.0014816061984327506,3.8020713138415163E-4,1.3609233518605083E-4,1.0,0.001846461520914566,0.003862464203777235,0.006290441217285029,2.1886768346344413E-4,3.1716430366175605E-4,3.2846755386982266E-4,1.5551665018561584E-4,0.00845043684030211,3.873105291823104E-4,6.030886162048324E-4,3.3711042110035836E-4,7.737450296665064E-4,8.899215867140977E-5,3.0581751432134104E-5,8.679624771386433E-4,0.0013114267699652952,0.0018813920187227206,0.007695331868816469,1.3784568897643923E-4],[0.004804947163168641,0.005502042433430714,0.0055633404421227195,5.841988066278571E-4,0.007060955516276888,0.002826796768893402,0.004116471058585067,0.0060789777031620765,0.005726944067123341,0.0013876124760900548,0.008278337911723473,0.02058806378014927,0.010562888952432969,0.009807269357704807,0.0025353781655793966,1.268856922119154E-4,0.0026454804676792273,0.004424449167578403,0.0015875373541480939,0.004349453525524966,0.002375407161763009,0.01402445338749497,0.0068310552465539595,0.006244454550655162,0.005330672377240848,9.480436432927674E-4,0.004154480767481215,0.0038112983130720174,0.0026695554793177596,0.0033289639450941196,0.0017403029484379788,0.007820037847374225,0.004110818183041485,0.001846461520914566,1.0,0.007243913587009719,0.009413497761462504,0.007940445243392392,0.0030720459794161656,5.230071591046576E-4,3.8181819757474755E-4,0.00953464539526902,6.444085030620229E-4,0.007333261211200365,0.006569960627846794,0.002739783237614851,0.0013808761156830771,0.007882961789381271,0.004787167697252017,0.009128827894087444,0.007676627348933738,0.012731951745773455,0.006407006636978412],[0.002887651213127519,0.004096948535912878,0.005098998012129512,6.302513240465466E-4,0.0018796608265480893,0.0017765901499973906,5.402648239093952E-4,0.005019848674572146,0.0027606131883827034,0.0023406352055822385,0.008317173179280577,0.0057040922890577985,0.028391806275606044,0.010606279184162128,0.002233334551930032,3.770457413641501E-4,0.004278396616409873,0.001856927991206288,0.0016485345155811655,5.839581513121406E-4,0.0016082216359397548,0.007831548545290916,0.002728202127696945,0.002428602530312748,0.00500838196525177,0.002892700200713909,0.004381025473680493,0.003452949349896364,0.003972673084793068,0.0016897666712094455,0.005051235541031082,0.0034327440434639106,0.0048944222193885575,0.003862464203777235,0.007243913587009719,1.0,0.014501711838160177,0.0030495766432312122,0.0020216544029708493,0.001125832273008929,0.0014453067516528241,0.012656291367148775,0.0014755646932282222,0.004111749823265799,0.0020263015903008346,0.0034342543973743672,0.0033884907816610476,1.5969771617429553E-4,0