[[1.0,0.002370321468435956,1.4218063616099343E-4,5.212057603786247E-4,0.031578535893780325,0.0013442808742854914,6.009292712565115E-4,1.9168185960076017E-4,5.997225059463135E-4,2.0087494306748232E-4,4.2390740561364744E-4,2.0168896270784752E-4,0.00817549548489149,4.797337386708213E-5,0.004333977916397595,0.014611590881494288,2.5385165468866855E-4,2.2395486318627564E-4,0.005186829285731976,1.2603947479921602E-4,1.792148001000035E-4,3.5267566185890004E-4,1.2570916271412836E-4,5.500611978854159E-4,0.006766687955712155,0.0012055350324655836,1.7551430726856634E-4,1.5442981550383127E-4,0.0010168098634609542,6.796636367403914E-4,3.308075235570377E-4,2.3422177790007796E-4,1.3687055816899682E-4,9.470308106753573E-4,1.5380422433380021E-4,0.048798791500349804,1.7884723450850134E-4,2.4421976923093936E-5,0.002116612508088658,0.0015372416143862502,1.647879784534321E-4,2.2553575060551293E-4,2.5034025498006353E-4,5.38463563466728E-5,1.4797997198232176E-4,0.010565601896458478,6.231102283466538E-4,2.875692196982341E-4,2.1756479044704387E-4],[0.002370321468435956,1.0,0.002945230708962554,0.009344171692363552,0.04858839196858046,0.0069986692109628365,0.0038232918258027412,0.0014720215912535117,0.009179615224898092,0.005958263439829959,0.007669567835907913,0.002287437898928196,0.011486008121165483,0.005994065263142404,0.011294451812476463,0.016301045667583634,0.009655711409258416,0.004512357897974166,0.010437372364139077,0.0011977235140142612,0.003067103782645376,0.00883979982433627,0.008473310002949956,0.003983611636648615,0.008502946793228825,0.004138534269004075,0.001239904876396507,0.008874299074855676,0.009214333357922818,0.00888007773137969,0.0024194189166601996,0.0100589460754431,0.0036942172966484724,0.007150517778830565,0.0029586051385582053,0.037129293985509265,0.005076397560515386,0.006616580153947404,0.009843227968426405,0.005089076629141782,0.00920258480540197,0.0023198531858240495,0.0019129062957386415,0.0071064076754184325,1.1860045253238817E-4,0.01163039516502276,0.0022231021523473225,0.003012842618862268,0.0012400106609001703],[1.4218063616099343E-4,0.002945230708962554,1.0,8.487257988388891E-4,0.0337190302755851,7.197110569593767E-4,3.608163968192433E-4,1.1044252007480436E-4,0.006931560065825557,7.288985204699372E-4,6.29297384363223E-4,1.2421508110981394E-4,0.008095255151113125,8.991639341547111E-5,0.003885235217229058,0.015202781729129559,1.9015077065003973E-4,2.7524313489840277E-4,0.0011549106721899785,3.06150470489845E-5,1.1398574979478296E-4,3.942280729951273E-4,1.6589978431070427E-5,5.352024406997435E-4,8.39328813585747E-4,0.0012341080790056452,1.336231244032186E-4,4.7225133825178596E-5,0.0014729306298821635,4.026604487257986E-4,1.1978858662147396E-4,4.640999801964174E-4,8.582570712191662E-5,0.0011278441057377448,1.0770038856195655E-4,0.022700038839196784,1.4856886360651322E-4,3.839830056582189E-5,1.7578920555830078E-4,0.0012004066721708862,1.0680486523787252E-4,2.4105698864591228E-4,1.9261175480908704E-4,4.47604910166795E-5,8.216092342287075E-5,0.005687903593599882,2.199878531354027E-4,0.0017587466982836133,1.9128685570491875E-4],[5.212057603786247E-4,0.009344171692363552,8.487257988388891E-4,1.0,0.005970255647173035,0.0013629753251435148,8.087963398124353E-4,6.381516704368295E-4,0.003730212332302559,0.0011016002243836958,0.001077401493692207,8.734447031406862E-4,0.010831741826167337,7.254271587193098E-4,0.004920527401128805,0.010290323807666493,7.632374865543981E-4,8.068815627778284E-4,0.0011464704019099388,0.0010496113764127345,2.9973212344680425E-4,6.159105312569922E-4,7.731676764938284E-4,0.0010907640391837575,0.00513962969834963,0.0012917774574901105,2.1103738870815314E-4,7.050917876261133E-5,0.0016614820900686983,0.0012246320783182508,4.396878048163714E-4,7.429010558428329E-4,9.940592138487846E-4,0.0011634610537753541,7.139275539550944E-4,0.02701773526179122,0.0010380951896711472,4.999159089539898E-4,0.0020289303838720296,0.0011957990692187872,9.68927028444527E-4,5.50382859323492E-4,4.887885978773126E-4,4.955399446063121E-5,9.371517361493031E-4,0.0036787414965784564,0.0010857763300760044,0.0011098241863181902,4.583099733052985E-4],[0.031578535893780325,0.04858839196858046,0.0337190302755851,0.005970255647173035,1.0,0.04729149009369339,0.046187688589594406,0.046978885489030585,0.031337794139181065,0.015490407932424415,0.0430884836168716,0.04281130906466994,0.04709065580555172,0.029173765883670304,0.01371073103189086,0.027768156604462857,0.013414031940792406,0.003460693552922971,0.04726642053923032,0.05220845629661315,0.004478915342375368,0.017672026974191558,0.04216910813121704,0.041384896371904824,0.010050412925136509,0.006683502497360577,0.020771238981291528,0.047996311591616506,0.029707405648604895,0.020705850258743396,0.012298462612928199,0.005561263939235861,0.0015492315163461356,0.0024253851853972114,0.028985218121447307,0.05263157894736842,0.032762038339975826,0.019923519113428736,0.013830666149760487,0.04456194768875173,0.0412122479643111,0.011728307474845469,0.03309895508257488,0.019006097193609107,0.04092301454304059,0.015311593799799792,0.014330506669133184,0.021170249463348712,0.045673158091145714],[0.0013442808742854914,0.0069986692109628365,7.197110569593767E-4,0.0013629753251435148,0.04729149009369339,1.0,8.032288710971755E-4,4.590712165505437E-4,0.002650784592807379,0.0012347926092687832,0.0011710760218050591,4.965654008396468E-4,0.006459504769880567,0.0011964200364492268,0.004902098588330791,0.015658011582949147,5.74777177094202E-4,7.703435619028505E-4,0.0014104734076813002,0.0010324197876083773,3.611335377506868E-4,8.784357404230205E-4,0.0013825899520487311,0.0013843279896841503,0.0029529360641151452,0.001400603203968162,0.0013289292088126772,7.314436655286882E-4,0.0018240245277405395,0.0013874520411079438,4.449998216752791E-4,0.0010805948119299365,0.0011438964512799222,0.0012843669385493883,9.991610355648182E-4,0.04659931183425616,0.0012753158377317973,3.944252733775403E-4,0.00157091086360994,0.0015835390538081005,5.19614594399736E-4,0.0011059725519874822,0.0011997293680710906,0.001146978437386985,5.037785530471292E-4,0.00879371024244994,0.0013449195343223953,0.001532561422306377,5.707501304856746E-4],[6.009292712565115E-4,0.0038232918258027412,3.608163968192433E-4,8.087963398124353E-4,0.046187688589594406,8.032288710971755E-4,1.0,4.0341175437829985E-4,0.0024486791742777026,9.656082379255042E-4,9.76605648946741E-4,4.7016611951399153E-4,0.012503237328860503,4.309313863860145E-4,0.009828783562082317,0.009926187087402547,5.440074790953608E-4,6.98723398744877E-4,0.005044377349533107,3.34463838457508E-4,4.5229311972275535E-4,4.5918451894397076E-4,6.512882851527596E-5,8.297261605529602E-4,0.003847880630595622,0.001272970925038754,4.470137687863757E-4,5.435325978755025E-4,0.0021698716321565145,9.734137402892366E-4,6.001954431421037E-4,7.600059120277118E-4,1.115613138680414E-4,7.922829167071263E-4,1.3238438629381037E-4,0.04888372997090583,6.079358496385813E-4,6.860170023043399E-4,0.0020618039111558787,8.524821263522276E-4,2.3843948434643276E-4,6.567607843840284E-4,6.209244296259462E-4,9.738585712024237E-5,2.74454257968759E-4,0.0030665058355615563,8.69497504259747E-4,0.0015612913089795755,5.865594902159531E-4],[1.9168185960076017E-4,0.0014720215912535117,1.1044252007480436E-4,6.381516704368295E-4,0.046978885489030585,4.590712165505437E-4,4.0341175437829985E-4,1.0,0.007032691597106506,5.550143760175594E-4,3.735421751752783E-4,2.0914802981582053E-4,0.009594906165123405,9.229737862498568E-5,0.0018694798260133236,0.008337454754598708,1.5350503906396573E-4,2.98831494379909E-4,0.010037227625666693,8.492065401686174E-5,1.5834015798303207E-4,1.7126449907795363E-4,1.2560431640817822E-4,0.0010691267470795507,0.00647295860236368,5.304200040186803E-4,1.3246196886500518E-4,1.0338193188460304E-4,0.0020058358752243497,4.135666539282532E-4,3.1584541840188577E-4,1.6919220405828104E-4,1.0462128929356501E-4,3.998203941557773E-4,1.1647915177813098E-4,0.015112840833358255,1.5772571981666995E-4,6.675283493028076E-5,9.30862839562985E-4,0.0013172181571301205,1.2418173273689902E-4,2.2324146990536267E-4,2.1890876859287129E-4,3.1872188896438004E-5,1.2062086389920797E-4,0.005995812165831515,0.0010179815668980637,0.0013674179146412654,2.20355108178218E-4],[5.997225059463135E-4,0.009179615224898092,0.006931560065825557,0.003730212332302559,0.031337794139181065,0.002650784592807379,0.0024486791742777026,0.007032691597106506,1.0,0.006545884512916511,0.005711504098157175,0.0069311635625018,0.010118240352665998,0.007128984139244262,0.009393874316665433,0.01354390901603137,0.005595988546916089,0.003157332777033717,0.00822687236363848,9.266588175140287E-4,0.005379130879761531,0.006117044482898909,0.004763248030568449,0.0044820035776303845,0.007383192843296326,0.0067474480892843304,0.0025467602518426604,0.006109497410040662,0.006462936313463267,0.004795016238143579,0.006444620558031117,0.0021999840360569464,0.007692251571181915,0.0036083409453646193,0.0011521923538144057,0.03284072257466513,0.0021205823311011137,0.006937970859820209,0.006351422459393029,0.0025667769799251087,0.007099557394287223,0.0025013715630598076,0.0049940079785297286,0.006186484943204321,0.0029815931913108945,0.012537823740983597,0.0012787952598045647,0.004565754611393635,0.005532106052017142],[2.0087494306748232E-4,0.005958263439829959,7.288985204699372E-4,0.0011016002243836958,0.015490407932424415,0.0012347926092687832,9.656082379255042E-4,5.550143760175594E-4,0.006545884512916511,1.0,0.0010271025237832414,8.180302620684611E-4,0.005046163185354148,2.0464648546589606E-4,0.00877735235500269,0.013789056316086816,7.854118478930951E-4,7.208092198195013E-4,0.011109756742796765,8.484810402371413E-4,2.173921851875048E-4,5.433121656187838E-4,5.545183893627821E-4,0.00111533583929426,0.0063515915080636955,0.0012347377019386156,6.932818226318487E-4,4.89256423643654E-4,0.002073530226144894,0.0011999951117549828,5.897976168646422E-4,0.0010157200474702208,3.8239965182921035E-4,0.0012156613495911462,2.515126261001679E-4,0.0068043017496289115,0.001036518110748974,7.816429683844188E-4,0.0014565712177660945,0.001303187189363789,0.0011060951836065114,4.639512997487397E-4,6.302173052306349E-4,4.5110069283764296E-4,3.587827239604287E-4,0.007782723002421223,0.0011047407091097187,0.0014042866183169643,3.076857124114535E-4],[4.2390740561364744E-4,0.007669567835907913,6.29297384363223E-4,0.001077401493692207,0.0430884836168716,0.0011710760218050591,9.76605648946741E-4,3.735421751752783E-4,0.005711504098157175,0.0010271025237832414,1.0,4.2545838435971585E-4,0.004447430481094975,8.960548489433775E-4,0.00782747967379707,0.008095676460397435,5.646895695690784E-4,9.651852147006738E-4,0.009761728418825038,3.245580165279015E-4,7.200663289175822E-4,4.16008361784553E-4,8.438914171276187E-5,0.0010348824503021747,0.007130016036149568,0.0012369480893386659,9.511549537811088E-4,9.458415953619411E-4,0.0016502285108362523,0.0012684955704805687,6.589826043563506E-4,8.56048181761723E-4,1.4481573017185176E-4,0.0012575188995342119,5.79008844369228E-4,0.008819799854988906,5.351445853168056E-4,1.0333357967765998E-4,0.0011443270094256958,0.0013135921665546138,7.260975866425944E-4,0.0010094020185954732,3.2170485746991356E-4,3.4937491255345506E-4,8.394152238432818E-4,0.005055486319546912,0.0010658215114499286,0.0013985723421644715,4.6143677520541003E-4],[2.0168896270784752E-4,0.002287437898928196,1.2421508110981394E-4,8.734447031406862E-4,0.04281130906466994,4.965654008396468E-4,4.7016611951399153E-4,2.0914802981582053E-4,0.0069311635625018,8.180302620684611E-4,4.2545838435971585E-4,1.0,0.01184109882015874,1.7272868155781702E-4,0.009442278340801687,0.0029981633890523414,2.709082562801558E-4,3.258157672742439E-4,0.005823352070280028,1.7584026387435617E-4,2.087491473936308E-4,3.358604896056434E-4,1.6366610282204702E-4,9.23075730385342E-4,0.0012718744317920128,3.8889437870509726E-4,2.606179051378147E-4,8.706433287314683E-5,0.00126472309225189,0.0011922024163817557,2.707771620851384E-4,2.765446084970001E-4,1.6758472247893928E-4,0.0012769380396688832,1.378271115852273E-4,0.02794258556972582,1.8867080339692307E-4,4.978901695253715E-5,0.0023480157955541154,9.711724208791956E-4,2.466151826384225E-4,2.4670163082133754E-4,2.685744172967864E-4,1.0618932217123549E-4,2.515835974912391E-4,0.002129646939941323,6.273539780126611E-4,5.769924177150541E-4,2.524457600206862E-4],[0.00817549548489149,0.011486008121165483,0.008095255151113125,0.010831741826167337,0.04709065580555172,0.006459504769880567,0.012503237328860503,0.009594906165123405,0.010118240352665998,0.005046163185354148,0.004447430481094975,0.01184109882015874,1.0,0.010865514202017118,0.01332299214312676,0.01823845253850757,0.008126878887353872,0.011173741980307185,0.012166173447191144,0.009829888412502923,0.012463004727770111,0.008734691778542159,0.0032611705162979353,0.006206150610641928,0.009774435100410163,0.0060104327616779295,0.003063695697625873,0.005315163578650978,0.002809294378661605,0.0028196932613534674,0.0066427373914196945,0.006964215466366303,0.011012540241511395,0.012813166612494781,0.010994408139878793,0.02719632026409347,0.0038424879101378977,0.005197285922816316,0.013112019157581119,0.004551448517884144,0.005033311372001284,0.005423882457913179,0.004852802608753635,0.01250672303565044,0.0030511825960695734,0.013661884622472227,0.00920552104205885,0.005629484129828413,0.012807923028032922],[4.797337386708213E-5,0.005994065263142404,8.991639341547111E-5,7.254271587193098E-4,0.029173765883670304,0.0011964200364492268,4.309313863860145E-4,9.229737862498568E-5,0.007128984139244262,2.0464648546589606E-4,8.960548489433775E-4,1.7272868155781702E-4,0.010865514202017118,1.0,0.008787101756722336,0.0030797605842279798,1.705695445500066E-5,2.4647399548239187E-4,0.004737671829892318,2.9769575540222196E-5,1.582808307997609E-4,1.4177391612125146E-4,1.1854534803535064E-5,9.712366724985791E-4,0.003741373808744729,8.533923244108555E-4,1.256230929014306E-4,1.1583137712742994E-5,1.8707500277451123E-4,8.601806743758136E-4,3.5308504767117815E-4,2.2645907460881257E-5,1.2966271559503016E-5,7.000400314356398E-4,4.412436628624424E-5,0.035375790029449725,1.0893803644245751E-4,1.2908112524237328E-5,5.776573767409794E-4,7.177353487269095E-4,2.5252305512510274E-5,6.125899549485115E-5,1.190662345739664E-4,1.9417297678940485E-5,1.7081100491759853E-5,0.0057411463286342005,2.7970669595873987E-4,0.0010221850137823547,1.8541638571966304E-4],[0.004333977916397595,0.011294451812476463,0.003885235217229058,0.004920527401128805,0.01371073103189086,0.004902098588330791,0.009828783562082317,0.0018694798260133236,0.009393874316665433,0.00877735235500269,0.00782747967379707,0.009442278340801687,0.01332299214312676,0.008787101756722336,1.0,0.01513225519521862,0.0025126166369154957,0.003330200999657138,0.011582333687932059,0.0027080832777272345,0.005688836331906063,0.002938748384681451,0.0117781359529021,0.012876287482749937,0.008458892052397957,0.002078079192609289,8.142812788559193E-4,7.597249447098776E-4,0.002795276610457151,0.008998406254814148,0.011876085332159055,0.0017506004012489834,0.004708396177055578,0.012111544607406162,0.004205680883061558,0.030379460768313098,0.0035295202764399417,0.0025053028002233924,0.0025326999660987533,0.0019526121595152806,0.01025871881498928,0.012731848314164629,0.0016608613236101062,0.010092398047448315,0.008911727537423034,0.013358666014959157,0.012690545550744285,0.003956939062832768,0.0028543820100780395],[0.014611590881494288,0.016301045667583634,0.015202781729129559,0.010290323807666493,0.027768156604462857,0.015658011582949147,0.009926187087402547,0.008337454754598708,0.01354390901603137,0.013789056316086816,0.008095676460397435,0.0029981633890523414,0.01823845253850757,0.0030797605842279798,0.01513225519521862,1.0,0.003931493558870046,0.0017208532180256083,0.016868320643840994,0.013293087525886486,0.018059080493212042,0.011179071161043665,0.014914240150811785,0.005066305343442079,0.018252355860416528,0.003974263115172103,0.005532916583525319,0.0045324660587553215,0.0028850439983721375,0.012937145746019374,0.01061620419544613,0.010140271245330672,0.016978931038597173,0.01796702663937766,0.018978593565886468,0.02522812171939658,0.007490216348604899,0.010363531662085663,0.006352711230432566,0.012687778758482003,0.008494321076453691,0.009794762864538379,0.012281083489327266,3.575110945111808E-4,0.011608567901304108,0.018582990836778265,0.005892026210783496,0.01414649848922421,0.010312833073931809],[2.5385165468866855E-4,0.009655711409258416,1.9015077065003973E-4,7.632374865543981E-4,0.013414031940792406,5.74777177094202E-4,5.440074790953608E-4,1.5350503906396573E-4,0.005595988546916089,7.854118478930951E-4,5.646895695690784E-4,2.709082562801558E-4,0.008126878887353872,1.705695445500066E-5,0.0025126166369154957,0.003931493558870046,1.0,3.6943090219508195E-4,0.00764603359591007,1.4633443803750362E-4,2.140314765569038E-4,3.573834531990151E-4,2.137290881651789E-4,4.031763376602637E-4,0.003754920423330625,0.0011982123256798,1.4151175975892966E-4,2.1311343471213772E-4,6.180234291897572E-4,4.700868556880083E-4,3.4418929397763093E-4,3.1646469314114395E-4,2.9487886682864363E-4,0.00112703444263668,2.8529074579502855E-4,0.015305869853036433,2.950271586850331E-4,2.3242028786664616E-4,0.0024524436729179543,7.580130641682593E-4,1.641340035889091E-4,2.4588939271503785E-4,2.9700899968999547E-4,2.8343990354619733E-5,8.691924632300744E-5,0.005188048488666822,5.617408735904654E-4,8.6216936471232E-4,2.3901934446592604E-4],[2.2395486318627564E-4,0.004512357897974166,2.7524313489840277E-4,8.068815627778284E-4,0.003460693552922971,7.703435619028505E-4,6.98723398744877E-4,2.98831494379909E-4,0.003157332777033717,7.208092198195013E-4,9.651852147006738E-4,3.258157672742439E-4,0.011173741980307185,2.4647399548239187E-4,0.003330200999657138,0.0017208532180256083,3.6943090219508195E-4,1.0,0.006604722169437989,3.5307212169003257E-4,2.704573026133682E-4,4.065959174361205E-4,3.8103012416694656E-4,4.0171079653979105E-4,0.004701058885742169,7.620905575077255E-4,1.676859028390986E-4,4.774511319297325E-5,0.0014991711897419466,5.268802008552075E-4,3.870373548000121E-4,5.192207558984928E-4,4.43830467345494E-5,8.206828664556025E-4,1.6901190722986076E-4,0.048910680489182255,2.1028786529336265E-4,2.045739864321838E-5,0.0011847445615670062,0.0013372228607556843,3.103398882600846E-4,3.323797164068049E-4,2.7412960719937055E-4,1.460115813306421E-4,3.368172587881992E-4,0.012190643383474625,4.218964117708054E-4,7.044950001726241E-4,2.624520660154976E-4],[0.005186829285731976,0.010437372364139077,0.0011549106721899785,0.0011464704019099388,0.04726642053923032,0.0014104734076813002,0.005044377349533107,0.010037227625666693,0.00822687236363848,0.011109756742796765,0.009761728418825038,0.005823352070280028,0.012166173447191144,0.004737671829892318,0.011582333687932059,0.016868320643840994,0.00764603359591007,0.006604722169437989,1.0,0.005796312149728542,0.003981567325809303,0.0022705845705325825,0.010591181211312868,0.004146398094106338,0.008863458178433993,0.006935020540407578,0.010535413456712845,0.0033486631810147193,0.006487278380301439,0.009433358990007364,0.0019293011690974858,0.0019662519878211695,0.0011030747194019895,0.007990124767965828,0.005827787095993153,0.05143017082120056,0.004570889471006122,0.002447647354197108,0.010343030977938733,0.007804780343840153,0.009158157412383338,0.0019414265961640784,0.0012972560543491945,0.007665779449295868,0.006568239928184011,0.013365778609937934,0.003157052009030639,0.004332192507420467,0.005383895672418211],[1.2603947479921602E-4,0.0011977235140142612,3.06150470489845E-5,0.0010496113764127345,0.05220845629661315,0.0010324197876083773,3.34463838457508E-4,8.492065401686174E-5,9.266588175140287E-4,8.484810402371413E-4,3.245580165279015E-4,1.7584026387435617E-4,0.009829888412502923,2.9769575540222196E-5,0.0027080832777272345,0.013293087525886486,1.4633443803750362E-4,3.5307212169003257E-4,0.005796312149728542,1.0,8.302133200491185E-5,3.274007038816063E-4,1.7209118222780792E-5,9.376405735428971E-4,0.00404626410325209,7.434022767587363E-4,3.1784118220793275E-5,1.941165053662962E-5,0.001437439752140324,0.0012189587212376126,1.3830235646247426E-4,3.865027419077413E-4,2.6544404341041174E-5,7.857514608876019E-4,6.936237070834009E-5,0.022576823774683334,1.1159957871895355E-4,2.206447148758766E-5,0.0012242451795470392,9.198658051139807E-4,8.687185764544376E-5,2.3390959022161754E-4,7.122732376060063E-5,2.317809800481626E-5,2.104589864202659E-5,0.008933139840963852,5.5236354285091E-4,5.292414621934437E-4,3.4047328187006455E-5],[1.792148001000035E-4,0.003067103782645376,1.1398574979478296E-4,2.9973212344680425E-4,0.004478915342375368,3.611335377506868E-4,4.5229311972275535E-4,1.5834015798303207E-4,0.005379130879761531,2.173921851875048E-4,7.200663289175822E-4,2.087491473936308E-4,0.012463004727770111,1.582808307997609E-4,0.005688836331906063,0.018059080493212042,2.140314765569038E-4,2.704573026133682E-4,0.003981567325809303,8.302133200491185E-5,1.0,3.0982081437652584E-4,4.12814619147681E-5,4.235848499434758E-4,0.003465014820569291,5.428292239976514E-4,1.5250300986249443E-4,1.0720965259854173E-4,0.002103051284824683,8.606432941098557E-4,3.578406316558358E-4,1.8115577389999173E-4,8.81974702034036E-5,4.7971175538928353E-4,1.42744240312068E-4,0.003915643553305743,1.6545671871643974E-4,1.5246151105432977E-4,3.871214023290475E-4,0.0012096619971269883,1.2088750453157807E-4,2.1942787174759583E-4,2.0144780661724153E-4,9.47242480638545E-5,9.839407376468816E-5,0.001273366578065967,4.6897544874923043E-4,0.0014771430785873257,1.7424500051999286E-4],[3.5267566185890004E-4,0.00883979982433627,3.942280729951273E-4,6.159105312569922E-4,0.017672026974191558,8.784357404230205E-4,4.5918451894397076E-4,1.7126449907795363E-4,0.006117044482898909,5.433121656187838E-4,4.16008361784553E-4,3.358604896056434E-4,0.008734691778542159,1.4177391612125146E-4,0.002938748384681451,0.011179071161043665,3.573834531990151E-4,4.065959174361205E-4,0.0022705845705325825,3.274007038816063E-4,3.0982081437652584E-4,1.0,3.653470649838667E-4,5.170886963165553E-4,0.001647522381556158,0.0013784228538588396,3.8904787967703E-4,3.924128229027622E-4,0.001616299861096639,9.524198789509241E-4,3.913507918847886E-4,5.362906231064187E-4,3.1484839520743346E-4,0.001077299540817145,1.1223648409324845E-4,0.04677635493176559,2.2441528727155957E-4,2.0768025211350693E-4,0.002035308389834249,0.0012416981111933031,2.45175244523761E-4,2.7730558438094743E-4,2.8792458259264725E-4,3.7404321159629724E-4,1.2018533548764469E-4,0.009258380125502582,0.0010477201237535008,0.0014383734845435834,3.760364100662632E-4],[1.2570916271412836E-4,0.008473310002949956,1.6589978431070427E-5,7.731676764938284E-4,0.04216910813121704,0.0013825899520487311,6.512882851527596E-5,1.2560431640817822E-4,0.004763248030568449,5.545183893627821E-4,8.438914171276187E-5,1.6366610282204702E-4,0.0032611705162979353,1.1854534803535064E-5,0.0117781359529021,0.014914240150811785,2.137290881651789E-4,3.8103012416694656E-4,0.010591181211312868,1.7209118222780792E-5,4.12814619147681E-5,3.653470649838667E-4,1.0,5.306756847741252E-4,0.006054679840496703,4.98482397137571E-4,1.1568624511405358E-4,1.1809321256853513E-5,0.0010781542854757806,4.7135229635534865E-4,3.4790824895883463E-4,3.339481661441302E-4,1.7793030182980285E-5,2.988860149174606E-4,2.2643064238856306E-5,0.008755516983841125,3.498451780984347E-5,1.215363956625606E-5,0.001174338357143674,2.4044139424004516E-4,2.4784156285316244E-5,9.718983162862238E-5,2.2480888231303682E-4,1.812436573877817E-5,1.5273086511521838E-5,0.006651723475113178,4.210937017305764E-4,3.2047226904541765E-4,1.7753454815096713E-4],[5.500611978854159E-4,0.003983611636648615,5.352024406997435E-4,0.0010907640391837575,0.041384896371904824,0.0013843279896841503,8.297261605529602E-4,0.0010691267470795507,0.0044820035776303845,0.00111533583929426,0.0010348824503021747,9.23075730385342E-4,0.006206150610641928,9.712366724985791E-4,0.012876287482749937,0.005066305343442079,4.031763376602637E-4,4.0171079653979105E-4,0.004146398094106338,9.376405735428971E-4,4.235848499434758E-4,5.170886963165553E-4,5.306756847741252E-4,1.0,0.006875612863149355,0.0013539824026452248,6.90259841544435E-4,5.997619895942622E-4,0.0015816844709787572,0.0012079697294649374,8.293005342911652E-4,9.283840074095794E-4,4.1896234243799717E-4,0.0011172665730453497,8.282669163539098E-4,0.014063967701057303,9.83209456117844E-4,1.8770774369941158E-4,0.0020456248040561066,0.001356417522956394,9.551489395356544E-4,5.244808131704384E-4,0.0010759749271700139,8.295761964025542E-4,2.6040262454752315E-4,0.005012253831002627,0.0010860425775974254,0.0015097838005776357,8.397272974510158E-4],[0.006766687955712155,0.008502946793228825,8.39328813585747E-4,0.00513962969834963,0.010050412925136509,0.0029529360641151452,0.003847880630595622,0.00647295860236368,0.007383192843296326,0.0063515915080636955,0.007130016036149568,0.0012718744317920128,0.009774435100410163,0.003741373808744729,0.008458892052397957,0.018252355860416528,0.003754920423330625,0.004701058885742169,0.008863458178433993,0.00404626410325209,0.003465014820569291,0.001647522381556158,0.006054679840496703,0.006875612863149355,1.0,0.0030745524808881925,0.007050832300390909,0.00582553103482909,0.005787438226231243,0.006232420614321729,5.39301885297649E-4,0.005129025584615687,0.0020772433092558925,0.006745035771693537,8.909085682216502E-4,0.01590324336744918,0.003789725748092232,0.004447860682850129,0.007108512593470305,0.003046702333165065,0.0015102202719849576,0.0031295421904397416,0.001401068255165226,0.003788121707622925,0.006529005786818485,0.009314695852154407,0.0038544194389959047,0.0028342659474558073,0.0019706178756528866],[0.0012055350324655836,0.004138534269004075,0.0012341080790056452,0.0012917774574901105,0.006683502497360577,0.001400603203968162,0.001272970925038754,5.304200040186803E-4,0.0067474480892843304,0.0012347377019386156,0.0012369480893386659,3.8889437870509726E-4,0.0060104327616779295,8.533923244108555E-4,0.002078079192609289,0.003974263115172103,0.0011982123256798,7.620905575077255E-4,0.006935020540407578,7.434022767587363E-4,5.428292239976514E-4,0.0013784228538588396,4.98482397137571E-4,0.0013539824026452248,0.0030745524808881925,1.0,7.734531936530638E-4,6.399764273808432E-4,0.0016543553222412638,0.0014360180923495846,3.995669896207169E-4,0.0013859866109478393,1.6102238642979558E-4,0.0012927997500786252,3.2311206022245855E-4,0.010270386753470855,9.242697522393528E-4,1.575834055832728E-4,0.002359917002159994,0.0015080874581481353,8.45530582675462E-4,8.331160011052809E-4,8.064570356350394E-4,8.758918502274046E-4,8.637019337481822E-4,0.007217572294577714,0.0013860878889776147,0.0014877225085369627,0.0011596051427841506],[1.7551430726856634E-4,0.001239904876396507,1.336231244032186E-4,2.1103738870815314E-4,0.020771238981291528,0.0013289292088126772,4.470137687863757E-4,1.3246196886500518E-4,0.0025467602518426604,6.932818226318487E-4,9.511549537811088E-4,2.606179051378147E-4,0.003063695697625873,1.256230929014306E-4,8.142812788559193E-4,0.005532916583525319,1.4151175975892966E-4,1.676859028390986E-4,0.010535413456712845,3.1784118220793275E-5,1.5250300986249443E-4,3.8904787967703E-4,1.1568624511405358E-4,6.90259841544435E-4,0.007050832300390909,7.734531936530638E-4,1.0,2.6815312376122703E-5,0.001577163230007355,0.0012401511248851314,2.8924462183507635E-4,5.019789756844761E-4,7.594077765870491E-5,0.001204013542074723,1.3114584419428413E-4,0.04081265871603047,1.536159559759197E-4,1.0818028224357565E-4,0.002372416731243077,0.0013313024638253214,1.2636830221871622E-4,1.782138300889192E-4,2.2250427315860492E-4,7.070460770904616E-5,8.457700274573027E-5,0.0011862269649641913,2.0223170937494245E-4,0.0013056212830950859,2.0858427673361757E-4],[1.5442981550383127E-4,0.008874299074855676,4.7225133825178596E-5,7.050917876261133E-5,0.047996311591616506,7.314436655286882E-4,5.435325978755025E-4,1.0338193188460304E-4,0.006109497410040662,4.89256423643654E-4,9.458415953619411E-4,8.706433287314683E-5,0.005315163578650978,1.1583137712742994E-5,7.597249447098776E-4,0.0045324660587553215,2.1311343471213772E-4,4.774511319297325E-5,0.0033486631810147193,1.941165053662962E-5,1.0720965259854173E-4,3.924128229027622E-4,1.1809321256853513E-5,5.997619895942622E-4,0.00582553103482909,6.399764273808432E-4,2.6815312376122703E-5,1.0,1.3803945775631705E-4,9.088960401573838E-4,7.457902330158255E-5,4.4348711477368275E-5,1.9340601079066848E-5,1.8442229141356307E-4,9.90043266936303E-5,0.04516930824992514,1.562936810365891E-4,1.3197269459999087E-5,3.9738546740905964E-4,0.0014514061652023224,4.3951046943082396E-5,1.7486610532865647E-4,4.470382575620118E-5,1.5931956478437198E-5,1.428290573457622E-5,0.0106776171074778,5.806711885660953E-4,8.173414730875577E-4,8.484433533583666E-5],[0.0010168098634609542,0.009214333357922818,0.0014729306298821635,0.0016614820900686983,0.029707405648604895,0.0018240245277405395,0.0021698716321565145,0.0020058358752243497,0.006462936313463267,0.002073530226144894,0.0016502285108362523,0.00126472309225189,0.002809294378661605,1.8707500277451123E-4,0.002795276610457151,0.0028850439983721375,6.180234291897572E-4,0.0014991711897419466,0.006487278380301439,0.001437439752140324,0.002103051284824683,0.001616299861096639,0.0010781542854757806,0.0015816844709787572,0.005787438226231243,0.0016543553222412638,0.001577163230007355,1.3803945775631705E-4,1.0,0.0017175991108527395,0.0014297368179760192,7.786895880176536E-4,9.298034909421955E-4,0.002020106438122431,0.002100516854183491,0.051627440215483496,0.0012468877129859998,4.1012346386377457E-4,0.0023673776481393976,0.0019743358850056528,3.2745758249528526E-4,0.0018192246352728442,0.0020569715247067744,0.0013449270889159984,0.0020599865319512636,0.01298695836534998,0.0019007361290012022,0.0021783219236595273,5.832466626774707E-4],[6.796636367403914E-4,0.00888007773137969,4.026604487257986E-4,0.0012246320783182508,0.020705850258743396,0.0013874520411079438,9.734137402892366E-4,4.135666539282532E-4,0.004795016238143579,0.0011999951117549828,0.0012684955704805687,0.0011922024163817557,0.0028196932613534674,8.601806743758136E-4,0.008998406254814148,0.012937145746019374,4.700868556880083E-4,5.268802008552075E-4,0.009433358990007364,0.0012189587212376126,8.606432941098557E-4,9.524198789509241E-4,4.7135229635534865E-4,0.0012079697294649374,0.006232420614321729,0.0014360180923495846,0.0012401511248851314,9.088960401573838E-4,0.0017175991108527395,1.0,0.00110598888347352,9.216415399197204E-4,0.001019494884539049,0.0013723849168051144,0.0010615335970407395,0.02915428218151609,6.801100989283298E-4,5.845655018745084E-4,0.001730586116536241,0.0014930136113721387,4.3597157759652546E-4,2.6739933340739493E-4,5.488933658250396E-4,0.0012101675093008073,1.8533059580656252E-4,0.005960858773721434,0.0012391875337525754,0.0015508745437126147,4.5085701806594483E-4],[3.308075235570377E-4,0.0024194189166601996,1.1978858662147396E-4,4.396878048163714E-4,0.012298462612928199,4.449998216752791E-4,6.001954431421037E-4,3.1584541840188577E-4,0.006444620558031117,5.897976168646422E-4,6.589826043563506E-4,2.707771620851384E-4,0.0066427373914196945,3.5308504767117815E-4,0.011876085332159055,0.01061620419544613,3.4418929397763093E-4,3.870373548000121E-4,0.0019293011690974858,1.3830235646247426E-4,3.578406316558358E-4,3.913507918847886E-4,3.4790824895883463E-4,8.293005342911652E-4,5.39301885297649E-4,3.995669896207169E-4,2.8924462183507635E-4,7.457902330158255E-5,0.0014297368179760192,0.00110598888347352,1.0,4.4477620477611585E-4,3.0133668899408653E-4,7.570993552807924E-4,3.4111247030827786E-4,0.009618201312123981,2.773284574583479E-4,1.2724321743393054E-4,5.177596950070826E-4,0.0016279173742149188,3.794237795093719E-4,3.091424534456977E-4,3.4744462063240574E-4,1.7589339229202237E-4,3.755366329761296E-4,0.011960373063003654,0.001029334976286456,5.491519404272143E-4,3.5030207855815297E-4],[2.3422177790007796E-4,0.0100589460754431,4.640999801964174E-4,7.429010558428329E-4,0.005561263939235861,0.0010805948119299365,7.600059120277118E-4,1.6919220405828104E-4,0.0021999840360569464,0.0010157200474702208,8.56048181761723E-4,2.765446084970001E-4,0.006964215466366303,2.2645907460881257E-5,0.0017506004012489834,0.010140271245330672,3.1646469314114395E-4,5.192207558984928E-4,0.0019662519878211695,3.865027419077413E-4,1.8115577389999173E-4,5.362906231064187E-4,3.339481661441302E-4,9.283840074095794E-4,0.005129025584615687,0.0013859866109478393,5.019789756844761E-4,4.4348711477368275E-5,7.786895880176536E-4,9.216415399197204E-4,4.4477620477611585E-4,1.0,2.968535092467871E-4,8.897223464174725E-4,1.3355509616383684E-4,0.011742122563657285,5.145123596650338E-4,4.308228660208821E-5,0.0024584121413455894,0.0016117553088765332,5.197200266081711E-4,3.56015887756182E-4,4.925625157687087E-4,3.5274972736796075E-4,4.9005713274256115E-5,0.009281541027237222,0.0010114476669176957,6.914712786248981E-4,5.021896782884284E-4],[1.3687055816899682E-4,0.0036942172966484724,8.582570712191662E-5,9.940592138487846E-4,0.0015492315163461356,0.0011438964512799222,1.115613138680414E-4,1.0462128929356501E-4,0.007692251571181915,3.8239965182921035E-4,1.4481573017185176E-4,1.6758472247893928E-4,0.011012540241511395,1.2966271559503016E-5,0.004708396177055578,0.016978931038597173,2.9487886682864363E-4,4.43830467345494E-5,0.0011030747194019895,2.6544404341041174E-5,8.81974702034036E-5,3.1484839520743346E-4,1.7793030182980285E-5,4.1896234243799717E-4,0.0020772433092558925,1.6102238642979558E-4,7.594077765870491E-5,1.9340601079066848E-5,9.298034909421955E-4,0.001019494884539049,3.0133668899408653E-4,2.968535092467871E-4,1.0,7.106664418115263E-4,5.980398449456196E-5,0.027327189868208795,7.978626684488921E-5,2.5930962711942287E-5,0.002224607330726066,0.00120359267271753,3.9220507550618464E-5,1.9658771986501592E-4,2.90024774593228E-5,2.4927304937352703E-5,1.8559242498822333E-5,0.007750977025292175,1.1227921990114112E-4,0.0013410027967636566,5.673816123468733E-5],[9.470308106753573E-4,0.007150517778830565,0.0011278441057377448,0.0011634610537753541,0.0024253851853972114,0.0012843669385493883,7.922829167071263E-4,3.998203941557773E-4,0.0036083409453646193,0.0012156613495911462,0.0012575188995342119,0.0012769380396688832,0.012813166612494781,7.000400314356398E-4,0.012111544607406162,0.01796702663937766,0.00112703444263668,8.206828664556025E-4,0.007990124767965828,7.857514608876019E-4,4.7971175538928353E-4,0.001077299540817145,2.988860149174606E-4,0.0011172665730453497,0.006745035771693537,0.0012927997500786252,0.001204013542074723,1.8442229141356307E-4,0.002020106438122431,0.0013723849168051144,7.570993552807924E-4,8.897223464174725E-4,7.106664418115263E-4,1.0,7.532462252894562E-4,0.04865654171320877,4.842489009028276E-4,5.816124039804554E-4,0.0015300107708399427,0.001576971662882031,2.506277731543453E-4,2.9686518467444945E-4,6.836630928433789E-4,4.1748012518584985E-5,8.833505502376042E-4,0.010933946727962565,0.0010872522598954274,0.00133504706518607,7.161796385511871E-4],[1.5380422433380021E-4,0.0029586051385582053,1.0770038856195655E-4,7.139275539550944E-4,0.028985218121447307,9.991610355648182E-4,1.3238438629381037E-4,1.1647915177813098E-4,0.0011521923538144057,2.515126261001679E-4,5.79008844369228E-4,1.378271115852273E-4,0.010994408139878793,4.412436628624424E-5,0.004205680883061558,0.018978593565886468,2.8529074579502855E-4,1.6901190722986076E-4,0.005827787095993153,6.936237070834009E-5,1.42744240312068E-4,1.1223648409324845E-4,2.2643064238856306E-5,8.282669163539098E-4,8.909085682216502E-4,3.2311206022245855E-4,1.3114584419428413E-4,9.90043266936303E-5,0.002100516854183491,0.0010615335970407395,3.4111247030827786E-4,1.3355509616383684E-4,5.980398449456196E-5,7.532462252894562E-4,1.0,0.03187618942777728,1.2601126913824032E-4,6.568073452232852E-5,8.671448591530334E-4,3.5926281105709513E-4,1.1639534408342466E-4,1.1780857844982155E-4,2.0840152507695879E-4,9.170726794716864E-5,4.493304682740791E-5,0.011187047909386806,7.922919428588486E-4,0.001386692739660518,1.921239195735745E-4],[0.048798791500349804,0.037129293985509265,0.022700038839196784,0.02701773526179122,0.05263157894736842,0.04659931183425616,0.04888372997090583,0.015112840833358255,0.03284072257466513,0.0068043017496289115,0.008819799854988906,0.02794258556972582,0.02719632026409347,0.035375790029449725,0.030379460768313098,0.02522812171939658,0.015305869853036433,0.048910680489182255,0.05143017082120056,0.022576823774683334,0.003915643553305743,0.04677635493176559,0.008755516983841125,0.014063967701057303,0.01590324336744918,0.010270386753470855,0.04081265871603047,0.04516930824992514,0.051627440215483496,0.02915428218151609,0.009618201312123981,0.011742122563657285,0.027327189868208795,0.04865654171320877,0.03187618942777728,1.0,0.004079671429921163,0.04198056221448736,0.03983061173470805,0.03655627748368042,0.00924622690290911,0.004185382994538,0.016234672262744682,1.2359506580623692E-4,0.0248744111877065,0.02897489862356229,0.027666151090969097,0.03630111246066034,0.015178291877762066],[1.7884723450850134E-4,0.005076397560515386,1.4856886360651322E-4,0.0010380951896711472,0.032762038339975826,0.0012753158377317973,6.079358496385813E-4,1.5772571981666995E-4,0.0021205823311011137,0.001036518110748974,5.351445853168056E-4,1.8867080339692307E-4,0.0038424879101378977,1.0893803644245751E-4,0.0035295202764399417,0.007490216348604899,2.950271586850331E-4,2.1028786529336265E-4,0.004570889471006122,1.1159957871895355E-4,1.6545671871643974E-4,2.2441528727155957E-4,3.498451780984347E-5,9.83209456117844E-4,0.003789725748092232,9.242697522393528E-4,1.536159559759197E-4,1.562936810365891E-4,0.0012468877129859998,6.801100989283298E-4,2.773284574583479E-4,5.145123596650338E-4,7.978626684488921E-5,4.842489009028276E-4,1.2601126913824032E-4,0.004079671429921163,1.0,9.050021484939989E-5,5.71608207533739E-4,0.0013190773100443221,1.649252681984439E-4,1.707068070649285E-4,1.8311891723094855E-4,3.359793535234348E-5,1.07216862712341E-4,0.003929954875522457,6.673869276490359E-4,5.690203517042865E-4,1.870101332744234E-4],[2.4421976923093936E-5,0.006616580153947404,3.839830056582189E-5,4.999159089539898E-4,0.019923519113428736,3.944252733775403E-4,6.860170023043399E-4,6.675283493028076E-5,0.006937970859820209,7.816429683844188E-4,1.0333357967765998E-4,4.978901695253715E-5,0.005197285922816316,1.2908112524237328E-5,0.0025053028002233924,0.010363531662085663,2.3242028786664616E-4,2.045739864321838E-5,0.002447647354197108,2.206447148758766E-5,1.5246151105432977E-4,2.0768025211350693E-4,1.215363956625606E-5,1.8770774369941158E-4,0.004447860682850129,1.575834055832728E-4,1.0818028224357565E-4,1.3197269459999087E-5,4.1012346386377457E-4,5.845655018745084E-4,1.2724321743393054E-4,4.308228660208821E-5,2.5930962711942287E-5,5.816124039804554E-4,6.568073452232852E-5,0.04198056221448736,9.050021484939989E-5,1.0,7.855716110200011E-4,0.001623155957111592,7.040149712153864E-5,1.2426352332967387E-4,2.3586100564862488E-4,1.861244811653063E-5,1.5257140156159905E-5,0.008158625343045458,7.694065213328142E-4,7.712358766457136E-4,8.865458964288416E-5],[0.002116612508088658,0.009843227968426405,1.7578920555830078E-4,0.0020289303838720296,0.013830666149760487,0.00157091086360994,0.0020618039111558787,9.30862839562985E-4,0.006351422459393029,0.0014565712177660945,0.0011443270094256958,0.0023480157955541154,0.013112019157581119,5.776573767409794E-4,0.0025326999660987533,0.006352711230432566,0.0024524436729179543,0.0011847445615670062,0.010343030977938733,0.0012242451795470392,3.871214023290475E-4,0.002035308389834249,0.001174338357143674,0.0020456248040561066,0.007108512593470305,0.002359917002159994,0.002372416731243077,3.9738546740905964E-4,0.0023673776481393976,0.001730586116536241,5.177596950070826E-4,0.0024584121413455894,0.002224607330726066,0.0015300107708399427,8.671448591530334E-4,0.03983061173470805,5.71608207533739E-4,7.855716110200011E-4,1.0,0.0019493917132704685,1.5118831384466027E-4,0.0023899919278432395,0.0017061562187729567,5.251954854537104E-4,0.0016098180852661896,0.012234082836939815,0.0024419419178503213,0.0024634136483524995,0.0013495960614172565],[0.00