[[1.0,1.2213139327457527E-4,0.001037634132871243,1.8910384125143647E-4,0.0026036575681211136,0.0011805563275412096,0.009330032783555384,5.402750887504025E-5,0.0015533218151503238,2.0035385890379047E-4,0.005565166479679871,1.6574184448517838E-4,0.0029604762846681468,8.975059953415793E-5,0.0016774283498628704,8.03504619688721E-5,7.733679037490466E-5,9.056634872386115E-4,0.0044973348189719575,1.4806199442672874E-4,3.6089466066498144E-4,1.6024744445787068E-4,2.912379299888927E-4,2.712112027547361E-4,0.0014071303869149232,2.9691927150162867E-4,8.329002638019322E-5,5.5406013790861246E-5,0.0010923167217119026,0.001509161109591707,5.898577026588964E-4,2.77391958137038E-4,1.505185220090296E-4,1.530996812143978E-4,0.0011434769372270898,2.4176142388788378E-4,1.63020814446805E-5,8.965055680410934E-4,1.2742327189435327E-4,3.4227662146300907E-4,0.02680403956655947],[1.2213139327457527E-4,1.0,0.011124230384300379,1.1900486945892429E-4,0.008915386157549467,0.00196735703607444,0.004902077002051564,6.517760477623326E-5,0.0017315801316236353,7.024788752835638E-4,0.031207903467770762,2.0438107521638695E-4,0.00345764695513615,7.212512505872887E-5,9.706491298029534E-4,7.559922889061133E-5,5.769948002770591E-5,6.933564580745349E-4,0.0019750804938425985,1.1279103541602673E-4,2.6719268460585494E-4,1.3909745553509402E-4,4.4770695236968244E-4,3.927006161525866E-4,6.757349253835491E-4,7.018063118821759E-4,8.371140551693588E-5,4.431562632449825E-5,4.363823254453338E-4,6.993547314815526E-4,0.001064101946477854,2.4614904289317917E-4,8.946259390011483E-5,1.0836163610869675E-4,4.868826758617444E-4,2.5353798442328797E-4,6.422049815175729E-5,4.853145107913643E-4,9.558288760877562E-5,3.2565479747771205E-4,0.011479099548951871],[0.001037634132871243,0.011124230384300379,1.0,0.0057015990041151725,0.01127298087050417,0.004216056131859431,0.01799127405527044,0.001130522426488511,0.010315049432115723,0.010650274261206889,0.042685192247863296,0.0011223160350654535,0.013025574629100613,0.002702293579845525,0.010836011791313308,0.00802436020216918,0.002903740704361131,0.010081017953063265,0.01123468705892703,0.00417675796466882,0.007712339519984063,0.011324396082915425,0.007263503578983156,0.010852906311440055,0.005975528218360213,0.00315071176754641,0.00380874248399297,0.002256208102720188,0.008385266389773775,0.006786549618284078,0.0032718026849279315,0.01008701974562021,0.0047149439771049274,0.0029709963472165654,0.008985451678255643,0.003186110065437317,0.0019050675612371306,0.004515804591310481,0.006983013289113353,0.011238658069121759,0.016319209718105798],[1.8910384125143647E-4,1.1900486945892429E-4,0.0057015990041151725,1.0,0.005097820059609474,0.002412227077357852,0.014219149232760494,5.034003581728096E-5,5.479937159812763E-4,3.8320840078420466E-4,0.020556272163546576,2.3385639494909535E-4,0.010599831747649774,7.402973460096681E-5,7.145356772378091E-4,6.812993332947622E-5,3.0251027954787815E-4,5.805536682151678E-4,0.009294964800995746,1.4711750011256805E-4,0.0011640037881485903,1.8944389170387369E-4,3.770503373800409E-4,3.378983584270223E-4,6.266749919719833E-4,3.8919652649702606E-4,2.0973651283323456E-4,6.188021034394078E-5,3.5155560078810425E-4,0.0014153557889796055,5.055239676178764E-4,3.0014482283744235E-4,2.525843578700125E-4,2.237945037828442E-4,0.003788098772526575,3.194954303914464E-4,4.3829006041243125E-5,3.573589639237825E-4,1.738952417431062E-4,3.519151416427667E-4,0.015966200043325555],[0.0026036575681211136,0.008915386157549467,0.01127298087050417,0.005097820059609474,1.0,0.0034291577618446737,0.010584231075254736,0.007150140086216045,0.004593193287373324,0.003611909024221943,0.04120120446777351,0.010076778706862945,0.011111756258321533,0.0029668271329367415,0.008479861650929288,0.0014555428889119102,0.0023814693161251627,0.00861890129002123,0.01045872614984441,8.976815376033394E-4,0.00647652702589176,0.009938528589087711,0.009236639258538735,0.0095130049883886,0.00695577418382912,0.004080220937604493,0.009039878647002692,0.00437332534418734,0.002604298750577115,0.003223875723218054,0.007351797169834145,0.009127790394132475,9.410214494764982E-4,0.006592813275875521,0.005318031693637899,0.00386402520151396,0.005751600290844642,0.007323754696286552,2.536400665714553E-4,0.00442501508242073,0.020917346559366976],[0.0011805563275412096,0.00196735703607444,0.004216056131859431,0.002412227077357852,0.0034291577618446737,1.0,0.01374586907205589,0.001112814672663325,0.002051730698468074,0.0032278178604336826,0.026094827654358617,0.002811943553814689,0.013338333732220941,0.0018873015001713124,0.0030302469676259437,2.6758735383020386E-4,4.1240396798222756E-4,0.002662530484956131,0.008789461318066658,0.003252677593943919,0.003117785194575327,5.879352482316322E-4,0.0021250418994901614,0.0020428380205981516,0.0032192666865074188,0.0019522854056809005,9.022674631629227E-4,0.002439943722330928,0.0019351944496016982,0.002849250175522549,0.002622906972551393,0.0028023659096300304,0.0028416098764913614,0.0032196002336634076,0.0035867138493747377,0.0018663540962665353,0.002558122663620902,0.0019107414461122893,0.001594681524091134,0.0022519016853144664,0.008221115854291666],[0.009330032783555384,0.004902077002051564,0.01799127405527044,0.014219149232760494,0.010584231075254736,0.01374586907205589,1.0,0.004563420367400667,0.0035737376031950725,0.015307533495820414,0.022120516661976446,0.017054909960492845,0.018323264145476578,0.005699499054855116,0.0028962659444000532,0.018772884569248454,0.011417910583135694,0.013789069097342458,0.010724022575687492,0.010986295884908312,0.007664619676104381,0.01708448961128684,0.011791673707040972,0.010719344950524295,0.008499160822684182,0.008370046124926998,0.018847445050556313,5.022537255159201E-5,0.017675804419353708,0.016350994226756517,0.018664766742691782,0.00438342579150105,0.006863453281479805,0.016191124148942873,0.0172561171805408,0.001788891467979006,0.015938185087364404,0.0035221521477379423,0.008082873778864323,0.004503566114219631,0.020712158452276624],[5.402750887504025E-5,6.517760477623326E-5,0.001130522426488511,5.034003581728096E-5,0.007150140086216045,0.001112814672663325,0.004563420367400667,1.0,0.0014266968500322135,9.951540651867632E-4,0.04081502903744311,2.5372379463731908E-5,0.009993455283946406,1.972101757086748E-5,0.0014970489840197617,1.6299288898962093E-5,1.3965173340164668E-5,4.339121370052622E-4,0.008541314110312124,2.9215451675215513E-5,9.518374246449055E-4,3.52858073578778E-5,1.4763133153785753E-4,3.6492236898311343E-4,8.736311661817997E-4,4.5575459343240375E-4,2.1858041767542106E-5,1.7674908909111854E-5,1.7175023728683273E-4,0.0014292899559044123,1.9845672681880403E-5,2.143530834579254E-4,2.3248169330712177E-5,9.355801450180906E-5,0.0014843940507086324,6.544883435760131E-5,1.2901074841529813E-5,5.441729536749363E-4,4.553670813393519E-5,3.505345838274532E-4,0.01662320348927338],[0.0015533218151503238,0.0017315801316236353,0.010315049432115723,5.479937159812763E-4,0.004593193287373324,0.002051730698468074,0.0035737376031950725,0.0014266968500322135,1.0,0.0016897665096142617,0.032807097948803474,0.0018434694437857047,0.006664463698219659,4.6827768679599075E-4,0.0018542647939496853,0.0015471751516664075,0.0011209529478253349,0.0015422813209917466,0.005269438673532613,9.258122490828674E-4,0.0017174303918955328,0.0010190384712169286,7.847764684936352E-4,7.676982809146331E-4,0.0019217239791611534,0.0018984889110921996,0.0014474906794811756,5.72712348579776E-4,0.0018434927759106564,0.0020017717752025535,0.0015447936117221925,5.79828806689572E-4,1.10642096185847E-4,0.0018293111214962722,0.0032483472531408602,8.140968249039267E-4,0.0015292603999574278,0.0019632912224113734,7.663608973976947E-4,0.0011327274139188452,0.018452572764598957],[2.0035385890379047E-4,7.024788752835638E-4,0.010650274261206889,3.8320840078420466E-4,0.003611909024221943,0.0032278178604336826,0.015307533495820414,9.951540651867632E-4,0.0016897665096142617,1.0,0.02913016985515764,0.0013040179115690843,0.012545341062227438,2.3923869218853513E-4,0.0015036591846460945,0.0012679386917296884,8.15606407571135E-4,0.0014428443075332577,0.0016465862695743013,0.0012291042677623637,0.001513073815981077,8.821734891419971E-4,6.860348444585575E-4,0.001033641480181752,0.0014385943118404524,0.0013828304850868,6.316743019691111E-4,2.3083387537735082E-4,0.0016190338840309784,0.0015326149523754713,0.0012701214624669893,6.777813253617262E-4,5.733575175209235E-4,7.173612678588422E-4,0.003802769600363574,0.001349382710177709,2.5593956995353484E-5,0.0014561592958859438,7.216023516277757E-4,0.0010926876298358711,0.023223292118446138],[0.005565166479679871,0.031207903467770762,0.042685192247863296,0.020556272163546576,0.04120120446777351,0.026094827654358617,0.022120516661976446,0.04081502903744311,0.032807097948803474,0.02913016985515764,1.0,0.010834215984644784,0.029059219146079462,0.03831176254360385,0.009862512105645075,0.005837728117580932,0.032370324407670736,0.033906232356439706,0.041828483940519405,0.03046506024309079,0.012170171498803298,0.007701975249205213,0.03146098974020836,0.04120108340821549,0.015964573916376207,0.00828620369636071,0.03484061061194607,0.025388892409542663,0.041168124148526435,0.002469460539022644,0.008325393989562786,0.011394472408186314,2.3026626346913916E-4,0.03522289773938091,0.01838852303942132,0.029014184334768437,0.023524032938304778,0.03774609612009929,0.03674953975482281,0.03283736942233388,0.029771020825348944],[1.6574184448517838E-4,2.0438107521638695E-4,0.0011223160350654535,2.3385639494909535E-4,0.010076778706862945,0.002811943553814689,0.017054909960492845,2.5372379463731908E-5,0.0018434694437857047,0.0013040179115690843,0.010834215984644784,1.0,0.00227764251969733,7.556317064073091E-5,0.0011688888269428847,5.805313046604905E-5,1.7150752254276036E-4,2.220905424679652E-4,0.007486253291003921,1.7051613862742183E-4,0.0015921954943664825,1.927484161434675E-4,2.3033999897395296E-4,3.0638555868681605E-4,8.708610231301536E-4,0.001126970583473045,1.5622193155430741E-4,1.9102922121812924E-4,6.402936517052474E-4,7.459171812886694E-4,3.366468554530355E-4,2.5231466907224055E-4,1.9879487891948924E-4,1.3281319509541564E-4,0.001645705375921363,2.2737993047788495E-4,2.263564929560223E-5,7.65681582669258E-4,1.032177301630774E-4,2.311964729679183E-4,0.026982510054015488],[0.0029604762846681468,0.00345764695513615,0.013025574629100613,0.010599831747649774,0.011111756258321533,0.013338333732220941,0.018323264145476578,0.009993455283946406,0.006664463698219659,0.012545341062227438,0.029059219146079462,0.00227764251969733,1.0,0.0013659677398384254,0.006493850708430596,0.00733116298810535,0.01142743393436158,0.005004209079157454,0.014301651539914759,0.005693852247671105,0.005798350221811297,0.0016203315047260318,0.014546024536679471,0.008807303080009007,0.004590682537130682,0.0021065651710556106,0.0036571835545257335,0.00983644939327601,0.005344340137470513,0.009761288023930077,0.002740799525267414,0.006206670312913376,0.006526165858609155,0.012345164710665052,0.0060965554496358685,0.011037422325271022,0.007505322009284641,0.007240635266517985,0.010319755390031613,0.0010539125873104335,0.020981389413201934],[8.975059953415793E-5,7.212512505872887E-5,0.002702293579845525,7.402973460096681E-5,0.0029668271329367415,0.0018873015001713124,0.005699499054855116,1.972101757086748E-5,4.6827768679599075E-4,2.3923869218853513E-4,0.03831176254360385,7.556317064073091E-5,0.0013659677398384254,1.0,0.0016271139254480159,1.2704828795782467E-5,2.000552333184593E-5,2.4263965100651593E-4,3.93219968115531E-4,1.191503705005355E-4,0.001113888845002326,1.4658999501246617E-4,4.757091089037076E-5,4.407006603078315E-5,6.746795332524352E-4,8.286453985318576E-4,2.624620934222062E-5,2.022165389445855E-5,4.961780448766658E-4,0.0013729856042898508,9.755583963926063E-4,8.699361917597918E-5,4.939749416954873E-5,1.1545517950940377E-4,0.0030099077953418553,1.572573868141303E-4,2.096650115141653E-5,4.367935226846377E-4,7.295669896580347E-5,3.174724575358712E-4,0.012609082352612277],[0.0016774283498628704,9.706491298029534E-4,0.010836011791313308,7.145356772378091E-4,0.008479861650929288,0.0030302469676259437,0.0028962659444000532,0.0014970489840197617,0.0018542647939496853,0.0015036591846460945,0.009862512105645075,0.0011688888269428847,0.006493850708430596,0.0016271139254480159,1.0,0.0012310772358334048,0.0013626280395795528,0.001538479267153906,0.00946045816155803,0.0015698682389590779,0.0017057100167033534,9.618404640989921E-4,0.0012356556617993644,0.001448096070155917,0.0015701480202814,0.0013868481687622932,5.441880569339805E-4,9.838335393085394E-4,0.001791386067335489,0.001694574190758546,0.0015010899583630046,4.0950137674637053E-4,0.001120571971540659,0.001141264705961572,0.0022942264903478525,0.001455372086573066,0.0013858032538592018,0.001648958089165509,1.6195605086365313E-4,7.815200469646804E-4,0.02594491598388431],[8.03504619688721E-5,7.559922889061133E-5,0.00802436020216918,6.812993332947622E-5,0.0014555428889119102,2.6758735383020386E-4,0.018772884569248454,1.6299288898962093E-5,0.0015471751516664075,0.0012679386917296884,0.005837728117580932,5.805313046604905E-5,0.00733116298810535,1.2704828795782467E-5,0.0012310772358334048,1.0,1.229506882115957E-5,5.817029266192825E-4,9.164434321129991E-4,2.1517697262835846E-5,9.294436435798494E-4,1.4693861573297133E-4,2.5415953721056277E-4,4.352598291821802E-4,2.1989669549583258E-4,0.0011384744887712418,3.146176581052105E-5,1.416874390804035E-5,1.5199653717770428E-4,0.0014501377109705177,4.513035135748079E-4,2.050337314506246E-4,7.741335295044282E-5,2.1736604363313182E-5,0.0017658720144648136,2.72350098583108E-4,1.1505039269263377E-5,0.001457883698869284,8.986082978895318E-5,1.6796316589944872E-4,0.024099004017343453],[7.733679037490466E-5,5.769948002770591E-5,0.002903740704361131,3.0251027954787815E-4,0.0023814693161251627,4.1240396798222756E-4,0.011417910583135694,1.3965173340164668E-5,0.0011209529478253349,8.15606407571135E-4,0.032370324407670736,1.7150752254276036E-4,0.01142743393436158,2.000552333184593E-5,0.0013626280395795528,1.229506882115957E-5,1.0,0.0010729817979544785,0.005127683924772114,1.1208415812337017E-4,9.636055310215991E-4,8.30682914055198E-5,1.6135803418889586E-4,5.264081122600901E-5,4.4760862492757605E-4,7.721536221965578E-4,2.8989039271329268E-5,1.77676115011254E-5,5.829839354038514E-4,8.415719714486803E-4,5.784961502676982E-4,2.32393841297397E-4,5.868497137923404E-5,3.2355923704870437E-5,0.002528494136537931,2.4190036306766976E-4,1.195376557153859E-5,4.2556955833022964E-4,7.409226071281273E-5,3.60018754182277E-4,0.026968022904922086],[9.056634872386115E-4,6.933564580745349E-4,0.010081017953063265,5.805536682151678E-4,0.00861890129002123,0.002662530484956131,0.013789069097342458,4.339121370052622E-4,0.0015422813209917466,0.0014428443075332577,0.033906232356439706,2.220905424679652E-4,0.005004209079157454,2.4263965100651593E-4,0.001538479267153906,5.817029266192825E-4,0.0010729817979544785,1.0,0.009281304696779152,3.1646044391004974E-4,0.0015610617169457227,7.98958016622305E-4,9.458568189375445E-4,0.0012823146547119712,0.0014314635570611607,0.001430085607561931,3.7958023957482506E-4,9.219805571062538E-4,0.0016098772078204445,0.001489822637041955,0.001369986118784542,0.0011507505449628052,0.001415687571170303,5.237784985278322E-4,0.004013216006906264,0.001155172855422961,3.0942231164455874E-4,0.0014835763147742862,0.0011766033042801126,0.0013274331195662302,0.020685410392762858],[0.0044973348189719575,0.0019750804938425985,0.01123468705892703,0.009294964800995746,0.01045872614984441,0.008789461318066658,0.010724022575687492,0.008541314110312124,0.005269438673532613,0.0016465862695743013,0.041828483940519405,0.007486253291003921,0.014301651539914759,3.93219968115531E-4,0.00946045816155803,9.164434321129991E-4,0.005127683924772114,0.009281304696779152,1.0,0.010598349307637178,0.0029060572319579195,0.005241059529745429,0.0031008746068667886,0.003602710887568676,0.007228998856527446,0.00597217923130873,0.004789181843491882,0.008312509348061211,0.008871282349088077,0.009295091769082064,0.00535619558809018,0.0051425138781497175,4.2735883214267977E-4,0.00399226730928997,0.009576230739631264,0.008047212358133535,0.0030219579318506006,0.007443376643367885,0.002176857386244983,0.007927621461834296,0.02684607613947304],[1.4806199442672874E-4,1.1279103541602673E-4,0.00417675796466882,1.4711750011256805E-4,8.976815376033394E-4,0.003252677593943919,0.010986295884908312,2.9215451675215513E-5,9.258122490828674E-4,0.0012291042677623637,0.03046506024309079,1.7051613862742183E-4,0.005693852247671105,1.191503705005355E-4,0.0015698682389590779,2.1517697262835846E-5,1.1208415812337017E-4,3.1646044391004974E-4,0.010598349307637178,1.0,1.574058041204026E-4,1.436524823803764E-4,2.6233233688902665E-4,6.701975417806223E-4,0.0010737045848990558,0.00127073028545943,8.348334519060603E-5,1.0243371906564687E-4,1.5222825082021087E-4,5.230005773455117E-4,1.4049455071699036E-4,2.3625268297908003E-4,1.0585455307342733E-4,1.1919281341245102E-4,0.0030936662658216547,1.5176835913747073E-4,1.7154487575215335E-5,4.096395346149401E-4,1.1786442083426951E-4,1.5845868670552273E-4,0.013271085419485169],[3.6089466066498144E-4,2.6719268460585494E-4,0.007712339519984063,0.0011640037881485903,0.00647652702589176,0.003117785194575327,0.007664619676104381,9.518374246449055E-4,0.0017174303918955328,0.001513073815981077,0.012170171498803298,0.0015921954943664825,0.005798350221811297,0.001113888845002326,0.0017057100167033534,9.294436435798494E-4,9.636055310215991E-4,0.0015610617169457227,0.0029060572319579195,1.574058041204026E-4,1.0,0.0011525348547097077,7.203245906342806E-4,0.0014400211909483822,0.0015828625585944643,0.0015569872796269886,0.001094849818662236,0.0011243551592331473,0.0018244646254087155,0.001705250803568269,0.0016810284555649074,8.160418707798257E-4,0.0015450489413377476,8.342106065135384E-4,0.004048781045418046,8.830423709701787E-4,0.0011337972709232682,0.0016544040594399503,0.0016168156573803578,0.0011237631739285177,0.020002508154711527],[1.6024744445787068E-4,1.3909745553509402E-4,0.011324396082915425,1.8944389170387369E-4,0.009938528589087711,5.879352482316322E-4,0.01708448961128684,3.52858073578778E-5,0.0010190384712169286,8.821734891419971E-4,0.007701975249205213,1.927484161434675E-4,0.0016203315047260318,1.4658999501246617E-4,9.618404640989921E-4,1.4693861573297133E-4,8.30682914055198E-5,7.98958016622305E-4,0.005241059529745429,1.436524823803764E-4,0.0011525348547097077,1.0,3.802327342760743E-4,5.290841130220962E-4,0.0011854985490121772,4.945768985984481E-4,1.1393539750424927E-4,9.720319316830859E-5,0.0018173184356736908,0.0012137603267103603,4.2582681064575E-4,1.733314555654087E-4,1.454691902499267E-4,1.3619342373927666E-4,2.896742901929407E-4,2.3978443990698749E-4,8.972919179555052E-5,2.91969139871091E-4,1.1206228154214192E-4,2.8975919500420875E-4,0.016334429173034924],[2.912379299888927E-4,4.4770695236968244E-4,0.007263503578983156,3.770503373800409E-4,0.009236639258538735,0.0021250418994901614,0.011791673707040972,1.4763133153785753E-4,7.847764684936352E-4,6.860348444585575E-4,0.03146098974020836,2.3033999897395296E-4,0.014546024536679471,4.757091089037076E-5,0.0012356556617993644,2.5415953721056277E-4,1.6135803418889586E-4,9.458568189375445E-4,0.0031008746068667886,2.6233233688902665E-4,7.203245906342806E-4,3.802327342760743E-4,1.0,6.434451218049245E-4,8.947838516945399E-4,0.0013734040598667283,4.4951767459817493E-4,7.728608342471999E-5,0.001180872701572033,5.182599869156513E-4,0.0010036749340390277,4.2391633202447897E-4,2.595964498766201E-4,4.256794945349936E-4,0.0026475675879747557,3.282382165970413E-4,2.3987413361269518E-4,5.147200406759333E-4,1.8014835946844732E-4,4.351405420512525E-4,0.0032161454992284625],[2.712112027547361E-4,3.927006161525866E-4,0.010852906311440055,3.378983584270223E-4,0.0095130049883886,0.0020428380205981516,0.010719344950524295,3.6492236898311343E-4,7.676982809146331E-4,0.001033641480181752,0.04120108340821549,3.0638555868681605E-4,0.008807303080009007,4.407006603078315E-5,0.001448096070155917,4.352598291821802E-4,5.264081122600901E-5,0.0012823146547119712,0.003602710887568676,6.701975417806223E-4,0.0014400211909483822,5.290841130220962E-4,6.434451218049245E-4,1.0,0.0013016042241538327,7.615144363508485E-4,6.578563319106821E-4,3.615297703684757E-4,8.414948196664285E-4,7.342442334689685E-4,7.666255418140586E-4,4.348101648736459E-4,2.5409343159579724E-4,6.099048531065188E-4,0.002798710279571585,4.045652529058475E-4,1.1299092796034585E-4,0.0011030541546912177,5.736106679822689E-4,3.945530383308254E-4,0.019813278463625506],[0.0014071303869149232,6.757349253835491E-4,0.005975528218360213,6.266749919719833E-4,0.00695577418382912,0.0032192666865074188,0.008499160822684182,8.736311661817997E-4,0.0019217239791611534,0.0014385943118404524,0.015964573916376207,8.708610231301536E-4,0.004590682537130682,6.746795332524352E-4,0.0015701480202814,2.1989669549583258E-4,4.4760862492757605E-4,0.0014314635570611607,0.007228998856527446,0.0010737045848990558,0.0015828625585944643,0.0011854985490121772,8.947838516945399E-4,0.0013016042241538327,1.0,0.0013926587455442272,6.321223333040386E-4,6.675520379064221E-4,0.0016913753110439828,0.0015651711521886152,0.0011930304694199587,0.0012433944748882642,9.908606080145665E-4,0.001247492897286966,0.001572896319206686,0.0012019309155024732,8.351552318009617E-4,0.0014699813924629558,0.0011097999414847069,4.6520141403571857E-4,0.018860204866985118],[2.9691927150162867E-4,7.018063118821759E-4,0.00315071176754641,3.8919652649702606E-4,0.004080220937604493,0.0019522854056809005,0.008370046124926998,4.5575459343240375E-4,0.0018984889110921996,0.0013828304850868,0.00828620369636071,0.001126970583473045,0.0021065651710556106,8.286453985318576E-4,0.0013868481687622932,0.0011384744887712418,7.721536221965578E-4,0.001430085607561931,0.00597217923130873,0.00127073028545943,0.0015569872796269886,4.945768985984481E-4,0.0013734040598667283,7.615144363508485E-4,0.0013926587455442272,1.0,1.3272446716551794E-4,0.001323474429567981,0.0018067595010716163,0.0015138722687281475,0.0013756352604486594,0.0011611059454979767,8.16480264403082E-4,0.0010638536528472583,0.003957450483643991,0.0010489845648385039,0.001183116165051475,0.001410457272924866,0.0010144393312177828,0.001181491744829764,0.006990977803633467],[8.329002638019322E-5,8.371140551693588E-5,0.00380874248399297,2.0973651283323456E-4,0.009039878647002692,9.022674631629227E-4,0.018847445050556313,2.1858041767542106E-5,0.0014474906794811756,6.316743019691111E-4,0.03484061061194607,1.5622193155430741E-4,0.0036571835545257335,2.624620934222062E-5,5.441880569339805E-4,3.146176581052105E-5,2.8989039271329268E-5,3.7958023957482506E-4,0.004789181843491882,8.348334519060603E-5,0.001094849818662236,1.1393539750424927E-4,4.4951767459817493E-4,6.578563319106821E-4,6.321223333040386E-4,1.3272446716551794E-4,1.0,6.036984689004072E-5,0.0017018313620517527,0.0010613725079312304,0.001069582926596331,1.512520404108154E-4,6.879417138288852E-5,1.0716252369083001E-4,0.0030284160879529174,2.4580215757960354E-4,3.823565858998204E-5,7.47187007493683E-4,8.222585105532258E-5,2.8194079615389737E-4,0.013354168571066787],[5.5406013790861246E-5,4.431562632449825E-5,0.002256208102720188,6.188021034394078E-5,0.00437332534418734,0.002439943722330928,5.022537255159201E-5,1.7674908909111854E-5,5.72712348579776E-4,2.3083387537735082E-4,0.025388892409542663,1.9102922121812924E-4,0.00983644939327601,2.022165389445855E-5,9.838335393085394E-4,1.416874390804035E-5,1.77676115011254E-5,9.219805571062538E-4,0.008312509348061211,1.0243371906564687E-4,0.0011243551592331473,9.720319316830859E-5,7.728608342471999E-5,3.615297703684757E-4,6.675520379064221E-4,0.001323474429567981,6.036984689004072E-5,1.0,0.001498743051826559,0.0010699632451512406,1.4913007993878357E-4,1.0099897522876088E-4,7.536333904997945E-5,5.1507240691251394E-5,0.003227388436670704,2.265208289285578E-4,1.3192192458944516E-5,0.0010341134176329746,7.696470689586333E-5,3.470967131332231E-4,0.010134004699206658],[0.0010923167217119026,4.363823254453338E-4,0.008385266389773775,3.5155560078810425E-4,0.002604298750577115,0.0019351944496016982,0.017675804419353708,1.7175023728683273E-4,0.0018434927759106564,0.0016190338840309784,0.041168124148526435,6.402936517052474E-4,0.005344340137470513,4.961780448766658E-4,0.001791386067335489,1.5199653717770428E-4,5.829839354038514E-4,0.0016098772078204445,0.008871282349088077,1.5222825082021087E-4,0.0018244646254087155,0.0018173184356736908,0.001180872701572033,8.414948196664285E-4,0.0016913753110439828,0.0018067595010716163,0.0017018313620517527,0.001498743051826559,1.0,0.001685031824183004,0.0016140620264113062,0.0012416649569158714,0.0015672857382398452,7.719016749831038E-4,0.0026681572470988466,7.972192353838455E-4,8.373937970369104E-4,0.001767046088780381,5.722365489140332E-4,0.001370242916755757,0.01811613412366232],[0.001509161109591707,6.993547314815526E-4,0.006786549618284078,0.0014153557889796055,0.003223875723218054,0.002849250175522549,0.016350994226756517,0.0014292899559044123,0.0020017717752025535,0.0015326149523754713,0.002469460539022644,7.459171812886694E-4,0.009761288023930077,0.0013729856042898508,0.001694574190758546,0.0014501377109705177,8.415719714486803E-4,0.001489822637041955,0.009295091769082064,5.230005773455117E-4,0.001705250803568269,0.0012137603267103603,5.182599869156513E-4,7.342442334689685E-4,0.0015651711521886152,0.0015138722687281475,0.0010613725079312304,0.0010699632451512406,0.001685031824183004,1.0,0.0014230695973430469,4.633677381952727E-4,2.247471585558037E-4,0.0014878360897419948,0.002237760815881052,0.001457399981885258,0.001538112732961457,0.0015632292756641306,0.001344746343785306,0.0011188554923678672,0.024773333091746463],[5.898577026588964E-4,0.001064101946477854,0.0032718026849279315,5.055239676178764E-4,0.007351797169834145,0.002622906972551393,0.018664766742691782,1.9845672681880403E-5,0.0015447936117221925,0.0012701214624669893,0.008325393989562786,3.366468554530355E-4,0.002740799525267414,9.755583963926063E-4,0.0015010899583630046,4.513035135748079E-4,5.784961502676982E-4,0.001369986118784542,0.00535619558809018,1.4049455071699036E-4,0.0016810284555649074,4.2582681064575E-4,0.0010036749340390277,7.666255418140586E-4,0.0011930304694199587,0.0013756352604486594,0.001069582926596331,1.4913007993878357E-4,0.0016140620264113062,0.0014230695973430469,1.0,0.0010079519845930674,9.055707044332962E-4,3.67664966188394E-4,0.0039665522303859975,9.841374493429302E-4,0.0010003686962267414,0.0012841447503333238,7.419263597912344E-4,9.419143141788208E-4,0.01219226894855431],[2.77391958137038E-4,2.4614904289317917E-4,0.01008701974562021,3.0014482283744235E-4,0.009127790394132475,0.0028023659096300304,0.00438342579150105,2.143530834579254E-4,5.79828806689572E-4,6.777813253617262E-4,0.011394472408186314,2.5231466907224055E-4,0.006206670312913376,8.699361917597918E-5,4.0950137674637053E-4,2.050337314506246E-4,2.32393841297397E-4,0.0011507505449628052,0.0051425138781497175,2.3625268297908003E-4,8.160418707798257E-4,1.733314555654087E-4,4.2391633202447897E-4,4.348101648736459E-4,0.0012433944748882642,0.0011611059454979767,1.512520404108154E-4,1.0099897522876088E-4,0.0012416649569158714,4.633677381952727E-4,0.0010079519845930674,1.0,1.6837799288662133E-4,1.1804846647586697E-4,0.003957144265689461,2.914924836019239E-4,2.794092858935013E-4,3.041729397259065E-4,2.481236788042176E-4,3.1045564535501016E-4,0.02661796788130274],[1.505185220090296E-4,8.946259390011483E-5,0.0047149439771049274,2.525843578700125E-4,9.410214494764982E-4,0.0028416098764913614,0.006863453281479805,2.3248169330712177E-5,1.10642096185847E-4,5.733575175209235E-4,2.3026626346913916E-4,1.9879487891948924E-4,0.006526165858609155,4.939749416954873E-5,0.001120571971540659,7.741335295044282E-5,5.868497137923404E-5,0.001415687571170303,4.2735883214267977E-4,1.0585455307342733E-4,0.0015450489413377476,1.454691902499267E-4,2.595964498766201E-4,2.5409343159579724E-4,9.908606080145665E-4,8.16480264403082E-4,6.879417138288852E-5,7.536333904997945E-5,0.0015672857382398452,2.247471585558037E-4,9.055707044332962E-4,1.6837799288662133E-4,1.0,1.055638679928514E-4,0.002822596939905299,1.2213085784617766E-4,6.091097369829643E-5,6.66853516253973E-4,1.0350997526321548E-4,1.8718568960064317E-4,0.019958575227939614],[1.530996812143978E-4,1.0836163610869675E-4,0.0029709963472165654,2.237945037828442E-4,0.006592813275875521,0.0032196002336634076,0.016191124148942873,9.355801450180906E-5,0.0018293111214962722,7.173612678588422E-4,0.03522289773938091,1.3281319509541564E-4,0.012345164710665052,1.1545517950940377E-4,0.001141264705961572,2.1736604363313182E-5,3.2355923704870437E-5,5.237784985278322E-4,0.00399226730928997,1.1919281341245102E-4,8.342106065135384E-4,1.3619342373927666E-4,4.256794945349936E-4,6.099048531065188E-4,0.001247492897286966,0.0010638536528472583,1.0716252369083001E-4,5.1507240691251394E-5,7.719016749831038E-4,0.0014878360897419948,3.67664966188394E-4,1.1804846647586697E-4,1.055638679928514E-4,1.0,0.002815477197266437,2.3468505291621416E-4,1.912683236863511E-5,0.0013785227062801534,1.1448799389114583E-4,1.4387753935007756E-4,0.02224649833809877],[0.0011434769372270898,4.868826758617444E-4,0.008985451678255643,0.003788098772526575,0.005318031693637899,0.0035867138493747377,0.0172561171805408,0.0014843940507086324,0.0032483472531408602,0.003802769600363574,0.01838852303942132,0.001645705375921363,0.0060965554496358685,0.0030099077953418553,0.0022942264903478525,0.0017658720144648136,0.002528494136537931,0.004013216006906264,0.009576230739631264,0.0030936662658216547,0.004048781045418046,2.896742901929407E-4,0.0026475675879747557,0.002798710279571585,0.001572896319206686,0.003957450483643991,0.0030284160879529174,0.003227388436670704,0.0026681572470988466,0.002237760815881052,0.0039665522303859975,0.003957144265689461,0.002822596939905299,0.002815477197266437,1.0,0.001417781529149202,0.0021395632353235845,0.001637074041656175,0.0023798954696592906,0.0019951648685975487,0.026111912250578195],[2.4176142388788378E-4,2.5353798442328797E-4,0.003186110065437317,3.194954303914464E-4,0.00386402520151396,0.0018663540962665353,0.001788891467979006,6.544883435760131E-5,8.140968249039267E-4,0.001349382710177709,0.029014184334768437,2.2737993047788495E-4,0.011037422325271022,1.572573868141303E-4,0.001455372086573066,2.72350098583108E-4,2.4190036306766976E-4,0.001155172855422961,0.008047212358133535,1.5176835913747073E-4,8.830423709701787E-4,2.3978443990698749E-4,3.282382165970413E-4,4.045652529058475E-4,0.0012019309155024732,0.0010489845648385039,2.4580215757960354E-4,2.265208289285578E-4,7.972192353838455E-4,0.001457399981885258,9.841374493429302E-4,2.914924836019239E-4,1.2213085784617766E-4,2.3468505291621416E-4,0.001417781529149202,1.0,2.4051415085927412E-4,9.945473751418517E-4,1.477656141577249E-4,3.4151218063153195E-4,0.0035399632494270876],[1.63020814446805E-5,6.422049815175729E-5,0.0019050675612371306,4.3829006041243125E-5,0.005751600290844642,0.002558122663620902,0.015938185087364404,1.2901074841529813E-5,0.0015292603999574278,2.5593956995353484E-5,0.023524032938304778,2.263564929560223E-5,0.007505322009284641,2.096650115141653E-5,0.0013858032538592018,1.1505039269263377E-5,1.195376557153859E-5,3.0942231164455874E-4,0.0030219579318506006,1.7154487575215335E-5,0.0011337972709232682,8.972919179555052E-5,2.3987413361269518E-4,1.1299092796034585E-4,8.351552318009617E-4,0.001183116165051475,3.823565858998204E-5,1.3192192458944516E-5,8.373937970369104E-4,0.001538112732961457,0.0010003686962267414,2.794092858935013E-4,6.091097369829643E-5,1.912683236863511E-5,0.0021395632353235845,2.4051415085927412E-4,1.0,3.134600949804464E-5,1.5671352812232123E-5,3.292750193191034E-4,2.1986249509353333E-5],[8.965055680410934E-4,4.853145107913643E-4,0.004515804591310481,3.573589639237825E-4,0.007323754696286552,0.0019107414461122893,0.0035221521477379423,5.441729536749363E-4,0.0019632912224113734,0.0014561592958859438,0.03774609612009929,7.65681582669258E-4,0.007240635266517985,4.367935226846377E-4,0.001648958089165509,0.001457883698869284,4.2556955833022964E-4,0.0014835763147742862,0.007443376643367885,4.096395346149401E-4,0.0016544040594399503,2.91969139871091E-4,5.147200406759333E-4,0.0011030541546912177,0.0014699813924629558,0.001410457272924866,7.47187007493683E-4,0.0010341134176329746,0.001767046088780381,0.0015632292756641306,0.0012841447503333238,3.041729397259065E-4,6.66853516253973E-4,0.0013785227062801534,0.001637074041656175,9.945473751418517E-4,3.134600949804464E-5,1.0,0.0010142395243948543,4.843215639509412E-4,0.01289820686319882],[1.2742327189435327E-4,9.558288760877562E-5,0.006983013289113353,1.738952417431062E-4,2.536400665714553E-4,0.001594681524091134,0.008082873778864323,4.553670813393519E-5,7.663608973976947E-4,7.216023516277757E-4,0.03674953975482281,1.032177301630774E-4,0.010319755390031613,7.295669896580347E-5,1.6195605086365313E-4,8.986082978895318E-5,7.409226071281273E-5,0.0011766033042801126,0.002176857386244983,1.1786442083426951E-4,0.0016168156573803578,1.1206228154214192E-4,1.8014835946844732E-4,5.736106679822689E-4,0.0011097999414847069,0.0010144393312177828,8.222585105532258E-5,7.696470689586333E-5,5.722365489140332E-4,0.001344746343785306,7.419263597912344E-4,2.481236788042176E-4,1.0350997526321548E-4,1.1448799389114583E-4,0.0023798954696592906,1.477656141577249E-4,1.5671352812232123E-5,0.0010142395243948543,1.0,1.9588463940368832E-4,0.026431174455094575],[3.4227662146300907E-4,3.2565479747771205E-4,0.011238658069121759,3.519151416427667E-4,0.00442501508242073,0.0022519016853144664,0.004503566114219631,3.505345838274532E-4,0.0011327274139188452,0.0010926876298358711,0.03283736942233388,2.311964729679183E-4,0.0010539125873104335,3.174724575358712E-4,7.815200469646804E-4,1.6796316589944872E-4,3.60018754182277E-4,0.0013274331195662302,0.007927621461834296,1.5845868670552273E-4,0.0011237631739285177,2.8975919500420875E-4,4.351405420512525E-4,3.945530383308254E-4,4.6520141403571857E-4,0.001181491744829764,2.8194079615389737E-4,3.470967131332231E-4,0.001370242916755757,0.0011188554923678672,9.419143141788208E-4,3.1045564535501016E-4,1.8718568960064317E-4,1.4387753935007756E-4,0.0019951648685975487,3.4151218063153195E-4,3.292750193191034E-4,4.843215639509412E-4,1.9588463940368832E-4,1.0,0.02026692884517755],[0.02680403956655947,0.011479099548951871,0.016319209718105798,0.015966200043325555,0.020917346559366976,0.008221115854291666,0.020712158452276624,0.01662320348927338,0.018452572764598957,0.023223292118446138,0.029771020825348944,0.026982510054015488,0.020981389413201934,0.012609082352612277,0.02594491598388431,0.024099004017343453,0.026968022904922086,0.020685410392762858,0.02684607613947304,0.013271085419485169,0.020002508154711527,0.016334429173034924,0.0032161454992284625,0.019813278463625506,0.018860204866985118,0.006990977803633467,0.013354168571066787,0.010134004699206658,0.01811613412366232,0.024773333091746463,0.01219226894855431,0.02661796788130274,0.019958575227939614,0.02224649833809877,0.026111912250578195,0.0035399632494270876,2.1986249509353333E-5,0.01289820686319882,0.026431174455094575,0.02026692884517755,1.0]]