[[1.0,3.0172705098466127E-4,0.006222264348680238,5.385803340093238E-4,5.942260683266086E-4,8.511411088969206E-4,0.006626382172811624,0.0014605736957779703,0.009440624641851712,3.947373374480904E-4,6.127537130644318E-4,3.569099054581637E-4,6.253846617267446E-4,5.856084330382292E-4,4.19301522522387E-4,1.741690895046097E-4,0.0013103557973264096,0.0026772654286616724,0.0010332394931640543,0.006414891661656563,5.925353202477487E-4,0.0010533463962418051,6.261643380053478E-4,0.005944891417147538,5.792370701213458E-4,4.2616060745182124E-4,0.0010375138766948282,4.298922897924553E-4,0.006310916174034661,3.179587387775088E-4,9.45660195352799E-4,0.0013198437474971824,7.663166378446784E-4,9.860135982119715E-4,2.6999574007637673E-4,5.333258489842997E-4,5.020727962907166E-4,4.4185652591851145E-4,0.001437746779184135,3.0894112266266103E-4,0.0011892530643699865,4.541388097634113E-4,5.030649960914767E-4,3.3420939822276403E-4,5.220814855110198E-4,0.002477459669754451,7.176798193617239E-4,4.42186978624956E-4,8.83643223818148E-5,0.0019262780667190084],[3.0172705098466127E-4,1.0,5.719207923116135E-4,1.88027148836739E-4,2.2842704293711866E-4,0.0013695267932704097,0.007168679277101556,9.675784502367787E-4,0.011682965986951456,9.373962181908685E-5,1.167776135676876E-4,1.3080475777929072E-4,1.2246597228999593E-4,2.981430190196773E-4,2.471897395346016E-4,1.3100159335200243E-4,0.0010441451417526019,5.282174770684713E-4,3.5887217858994566E-4,0.004516181983724506,3.0375111443809913E-4,0.0012264859702788287,2.2091914358778855E-4,0.007247039181473536,1.3127382717107564E-4,1.4966367899034848E-4,0.0010621328966051535,7.358292512223126E-5,0.004968470886446037,8.096692450063205E-5,7.497968865446832E-4,0.0018950824597790952,5.210009532902454E-4,1.659265170119162E-4,1.9509779077631753E-4,4.2036046688781105E-5,1.1404359151229072E-4,1.0836089140691746E-4,0.0014537369556438095,7.935390337291521E-5,0.0017859240370562668,6.462309258614576E-5,9.52066531949721E-5,2.069395817941851E-4,2.365716124194432E-4,6.931387949680687E-4,4.684025799848449E-4,2.3317579986436337E-4,8.679911352768911E-5,1.836381391347813E-4],[0.006222264348680238,5.719207923116135E-4,1.0,0.0036653728614194523,0.0035951302201896827,0.004547723996346497,0.0111305928992072,0.007858822020114266,0.011106967188310557,0.007473437634531065,0.006511877241515283,0.005386705295698817,0.009754638868574528,9.197151850757315E-4,0.0015671025116779222,0.004528167957781505,0.005939209002820314,0.00884906244514962,0.01051690121028567,0.009699997662682801,0.002199348847745706,0.010218435679570544,0.008252872406449431,0.01019689751421855,0.0051935148239161556,0.010126304569640612,0.007537659637505515,5.565307201308716E-4,0.012443712845839339,0.005493068307419417,0.0051244490872618875,0.0029446921886604094,0.010464159203480749,0.006548648865691369,8.840678657918808E-4,0.007515457728331262,0.00651735942238324,3.025445009127996E-4,0.006624959714378916,0.00929480727913138,0.005490429271852042,0.0071887846655657546,0.00437644666345533,0.0014893298499738068,0.0047663639813268896,0.007951306543440707,0.004045078859341203,0.003231629702960828,0.003930961393932274,0.002863249858647518],[5.385803340093238E-4,1.88027148836739E-4,0.0036653728614194523,1.0,3.1344711225406906E-4,0.0016647571086957618,0.004151958113375366,0.001789379928501871,0.006939620931745984,1.6084941559502385E-4,1.4695435826804162E-4,2.1681307285852265E-4,2.2494346909589198E-4,2.886624800373325E-4,2.6062580195066143E-4,2.0843809251781437E-4,7.026324668756639E-4,0.001341541213745028,3.3666620608789827E-4,0.0010207809608590935,3.886026430255009E-4,0.0015917918851470212,4.99244241214724E-4,0.008558064531797516,2.105707433124849E-4,2.183338245569427E-4,8.23330797319758E-4,1.2480562738436478E-4,0.0018150860736520428,2.054377176718327E-4,4.0851114145487046E-4,0.0010867680318061032,4.4450125577391087E-4,7.350895303613074E-4,2.379104111472662E-4,2.931470146992503E-5,1.7804969432013166E-4,1.3144420683058847E-4,0.0010842409688634758,1.0715078898248379E-4,0.002332483498349097,1.417827066267002E-4,1.440031240343812E-4,2.409336638164601E-4,2.4716603822121097E-4,0.003172219004764575,7.525252608886213E-4,3.8041252325376194E-4,1.5449059810766585E-4,0.0011107576523786459],[5.942260683266086E-4,2.2842704293711866E-4,0.0035951302201896827,3.1344711225406906E-4,1.0,9.228999562895184E-4,0.012204976895634665,0.002815275711218297,0.011314076104553927,8.903881879473339E-5,1.9895178286998612E-4,2.173461821821789E-4,2.5558150655468476E-4,4.0972646302481246E-4,3.5187200789516627E-4,3.354465276888441E-4,6.250981939131989E-4,0.0011181752204192084,5.610482021755624E-4,0.002043347732582485,3.673954184891428E-4,0.0011145864117019066,5.435851295256734E-4,0.004593269883088906,3.472119953592544E-4,2.4489577649941253E-4,4.80072103388992E-4,7.549590250627418E-5,0.003654364653077892,1.541730481377156E-5,4.438954853116911E-4,8.858556647913207E-4,0.0010274429029875746,6.73267340712009E-4,2.499151193772126E-4,1.633662106943289E-4,3.4371830163383327E-4,1.737121233106134E-4,6.234114667577884E-4,1.330712422946134E-4,8.471767879093656E-4,8.962299857564703E-5,3.339611091476887E-4,2.8927914193696276E-4,2.6504826027075226E-4,0.0027946970836566537,9.87556595647151E-4,3.694998240825181E-4,2.6870870533197326E-4,0.0013223420182881004],[8.511411088969206E-4,0.0013695267932704097,0.004547723996346497,0.0016647571086957618,9.228999562895184E-4,1.0,0.0019187086042627302,0.0023136473499882765,0.006186395088536442,0.00166895381138113,8.091787272260149E-4,8.605669376133183E-4,2.0708684174385682E-4,5.835749832883823E-4,5.603844416976671E-4,7.778224465578204E-4,0.0014636388487336035,0.0019285811440526161,0.0013074597613173626,0.003258367177781655,6.165925680466007E-4,0.0019474676080439262,0.0011090775155539797,0.003596294829840316,7.474092617345456E-4,6.40671472934674E-4,0.0014542373586515136,0.001220306651340097,0.0112931869577204,0.0012532542325768066,0.0014809155071935263,0.0017227702486519102,0.0016942460283112706,0.0012156453786752416,2.240485428095334E-4,0.0011029771461861042,3.6469499944019346E-4,2.551933398131993E-4,0.0015817006212562811,0.0011777874810204223,0.0019559065845600205,0.0011052897560322973,0.0012408768696287804,0.0014640805628281482,3.0168230102815754E-4,0.0020402687388045987,0.0013024130248335862,0.001092828698048787,0.0016875779596433238,0.0020825536784577522],[0.006626382172811624,0.007168679277101556,0.0111305928992072,0.004151958113375366,0.012204976895634665,0.0019187086042627302,1.0,0.012176081964163647,0.01518956153916891,0.0018595625994763383,0.011314062886626106,0.01069967280977694,0.010908040352064625,0.001624130134370866,0.014616213495215826,0.0067349083944975635,0.0014041524888018235,0.01430860154776771,0.006910011307639038,0.011837058148142943,0.0119952550080258,0.0031362849960585486,0.011921164163372286,0.014305857368973215,0.010190948144825311,0.008329271308796758,0.011864726178820308,0.00960323351062157,0.015131866343026715,0.0027754914933901106,0.014134479200403333,0.004845259252989483,0.014674076571787336,0.00626784619663808,0.004471993754591822,0.008044795758691724,0.0046085554532722135,0.0027240783981002225,0.01194763265141771,0.0016655970594125946,0.005265025954729977,0.011381956215038394,8.587333242625131E-4,0.015090491340110174,0.010992781149457325,0.00797103560059029,0.008754917917227472,0.002851506082228992,0.011712017296781547,0.009642577828123031],[0.0014605736957779703,9.675784502367787E-4,0.007858822020114266,0.001789379928501871,0.002815275711218297,0.0023136473499882765,0.012176081964163647,1.0,0.01151397225576481,7.776625820742292E-5,7.125698391885723E-4,0.002550168501339966,0.0017706654928331656,8.64437586665736E-4,0.0025821607464592295,0.0020707179850159335,0.0021665186991890167,0.0029580310564971514,0.002546716215633435,0.0065964072471657,0.002306967668504144,0.0025615391213932065,0.0023958121605389803,0.006616214535275609,0.0021262791936463407,0.0012144456515513484,0.00217575238773192,0.001877997000443711,0.009875374185650545,0.0016962251152189672,0.0017283488162149986,0.0021274179471309626,0.0025392984259816264,0.0016221591946743354,0.0012461260566856407,0.002931988043988565,0.0013915518512336508,0.0025283817298613212,0.0027963060976546918,5.504968714011141E-4,0.0029343755947474413,0.0022619906496035643,9.258330616280539E-4,2.782437723475051E-4,8.675339086282853E-4,0.0032161376987607025,0.0017104907267100912,5.431577030244977E-4,0.0025687321176446325,0.0027661025756043284],[0.009440624641851712,0.011682965986951456,0.011106967188310557,0.006939620931745984,0.011314076104553927,0.006186395088536442,0.01518956153916891,0.01151397225576481,1.0,0.0010786277097271876,0.013302502811361137,0.012030521935287211,0.009883773782848158,0.003586914130425233,0.005198218948797791,0.0067723824476671555,0.007478195279923688,0.010888905042206428,0.0093842307776788,0.009312407354165523,0.011273060639033897,0.010312868653410433,8.53355482022652E-4,0.0122808469410015,0.010704054531417475,0.010403564881721856,0.005205775524124662,0.009667541285671733,0.014140787090596685,0.0014494452300391819,0.004374570878627346,0.010559866561874172,0.005113688946084512,0.013648603453962162,0.010304698346396768,0.0021669713917457493,0.012831875404035199,0.005065725055648912,0.012682658350978657,0.010990472000821936,0.013530863240024733,0.004258562293326195,0.01168962030630003,0.003529822570824077,9.162656918776464E-4,0.004745598112104398,0.014286090914658099,0.00483696713493551,0.006849838933756664,0.00824319043926416],[3.947373374480904E-4,9.373962181908685E-5,0.007473437634531065,1.6084941559502385E-4,8.903881879473339E-5,0.00166895381138113,0.0018595625994763383,7.776625820742292E-5,0.0010786277097271876,1.0,2.4440980476441793E-5,6.797502757119344E-5,1.5038473841328163E-5,7.893091071206086E-5,1.4937955813300162E-4,7.9510336634791E-5,8.480126739443695E-5,0.0011948161704738133,2.8959284113586867E-4,0.002603263660207386,1.4211110050332293E-5,0.0020785892366650886,2.381155770801473E-4,0.009130243466422005,7.841964623545151E-5,1.216084015206608E-4,7.391936569382749E-4,1.2327755959657105E-5,0.00641028320780898,1.2146970830324354E-5,5.528710052621962E-4,0.0016972130724079533,2.6114051231310875E-4,6.711119666145183E-4,5.079132408101289E-5,1.103687938952043E-5,1.5626128814388486E-5,9.32695009559566E-5,0.001484953563146935,1.8666825010597074E-5,6.63452190988173E-4,1.3065721275637276E-5,1.1669770572041257E-5,5.413363526353295E-5,4.1156165434811836E-5,0.0020873316089822947,1.3406250980678056E-4,1.1611434455499518E-4,3.435125192318209E-5,6.039156659201801E-5],[6.127537130644318E-4,1.167776135676876E-4,0.006511877241515283,1.4695435826804162E-4,1.9895178286998612E-4,8.091787272260149E-4,0.011314062886626106,7.125698391885723E-4,0.013302502811361137,2.4440980476441793E-5,1.0,1.1844862178429053E-4,8.674794047016218E-5,1.717841884129237E-4,2.744856685882759E-4,1.2149078987357249E-4,0.0010063484807447606,0.0010359385236299245,4.2934845084762895E-4,0.0065326105210317086,2.0493699651220198E-4,2.979564666196351E-4,6.100439684929886E-4,0.008078402569951359,1.1527892845025616E-4,1.528427004527101E-4,2.830554959638727E-4,4.2667881933022695E-5,0.004787095854094453,7.870753800194341E-5,2.853527407355474E-4,0.0016441047227099953,7.842328730719914E-4,4.292199670356228E-4,1.2211458119282872E-4,2.0494385935407605E-5,5.357795891623783E-5,1.104822413319617E-4,0.0011338795036910068,6.620778293537833E-5,0.001486699907234035,2.853601156735919E-5,1.701799042041416E-5,1.6885389167810823E-4,2.1614773472665417E-4,0.003066182517507254,0.001035168256069613,2.2755536017935455E-4,9.158613246924986E-5,7.17711124284145E-4],[3.569099054581637E-4,1.3080475777929072E-4,0.005386705295698817,2.1681307285852265E-4,2.173461821821789E-4,8.605669376133183E-4,0.01069967280977694,0.002550168501339966,0.012030521935287211,6.797502757119344E-5,1.1844862178429053E-4,1.0,9.837532570302048E-5,4.442050651203986E-4,2.1029338262863764E-4,1.303298451406986E-4,8.222834633243301E-4,0.0014861848549451706,2.8875453695708026E-4,0.0019556632806062937,2.2909305585203874E-4,2.8197944252594933E-4,5.082215346765759E-4,0.0018110258496149534,1.275895766034004E-4,1.4462591397949463E-4,0.0010814655156167789,6.20259175543161E-5,0.006360068144527074,4.268969603381726E-5,4.488968430649594E-4,1.6242082230950324E-4,8.97841581903794E-4,5.707267868417168E-4,1.3391835280035134E-4,1.6263488879226855E-5,1.0425621502759596E-4,1.0984725700474582E-4,2.06331530193465E-4,9.225402001339203E-5,0.0020392325487476105,8.816703349295399E-5,7.684833443327522E-5,1.3407712184116002E-4,2.2416362666864172E-4,0.0015857821883491713,3.449555153333431E-4,3.563407729777979E-4,1.219223289622628E-4,3.8502707301067116E-4],[6.253846617267446E-4,1.2246597228999593E-4,0.009754638868574528,2.2494346909589198E-4,2.5558150655468476E-4,2.0708684174385682E-4,0.010908040352064625,0.0017706654928331656,0.009883773782848158,1.5038473841328163E-5,8.674794047016218E-5,9.837532570302048E-5,1.0,3.5361039622065505E-4,1.4658863242688694E-4,9.357145050219946E-5,9.26846109842733E-4,0.0022619847899760293,3.9632260016030975E-4,0.0066935359052763144,3.5498687098839675E-5,2.280661084667687E-5,3.0401310112858267E-4,0.009394866589928774,6.0198674740632936E-5,7.33061521990808E-5,5.577114495817812E-4,1.6177060424966962E-5,0.008774723431721304,1.2305898175348817E-5,3.0960677648413386E-4,0.0016951215539946227,8.369111666927564E-5,9.405855106451837E-4,2.1524381796630294E-5,1.2407970700877873E-5,1.5953856626837E-5,8.265734477556929E-5,6.199810421880553E-4,2.9201175699745287E-5,0.001180207820243501,2.100268760051842E-5,1.3062974485196148E-5,1.632705371092822E-4,5.98895059553832E-5,0.0032332724020871766,5.203613076342459E-4,2.4878837991982304E-4,4.7063774767341645E-5,0.002209038796777082],[5.856084330382292E-4,2.981430190196773E-4,9.197151850757315E-4,2.886624800373325E-4,4.0972646302481246E-4,5.835749832883823E-4,0.001624130134370866,8.64437586665736E-4,0.003586914130425233,7.893091071206086E-5,1.717841884129237E-4,4.442050651203986E-4,3.5361039622065505E-4,1.0,3.827027001471861E-4,2.5893991990477597E-4,8.377367025210355E-4,4.7895831891808186E-4,8.8220528528111E-4,0.001147491646536063,4.3220949572073163E-4,0.0013118574953774704,5.141276915492467E-4,0.0015702935432056382,2.4978130234282366E-4,2.5813219058701644E-4,7.896679112322075E-4,3.064414075957239E-4,0.010348203421573192,1.4486237856766257E-5,9.024573224130621E-4,5.705412178706535E-4,6.535520958184456E-4,0.001075701084940919,2.808486436060577E-4,6.317271037896591E-5,1.399346024607521E-4,2.856896044926956E-4,7.741508147093808E-4,3.1123555555535295E-4,0.0010827689443468932,2.6218351453570965E-4,1.5956449576240883E-4,4.013830468535605E-4,2.947304357990795E-4,0.0019457416243081737,6.187398845178234E-4,4.149898326901827E-4,2.0164106957103016E-4,0.0018930957062623186],[4.19301522522387E-4,2.471897395346016E-4,0.0015671025116779222,2.6062580195066143E-4,3.5187200789516627E-4,5.603844416976671E-4,0.014616213495215826,0.0025821607464592295,0.005198218948797791,1.4937955813300162E-4,2.744856685882759E-4,2.1029338262863764E-4,1.4658863242688694E-4,3.827027001471861E-4,1.0,1.7001048429813939E-4,9.945923982072162E-4,0.0020413799466805272,7.919967710552779E-4,0.006272948793735243,3.9512480006431434E-4,0.0021611537875534763,4.287366670659348E-4,0.008694911656328894,1.8455597644638928E-4,3.3181908216306727E-4,3.755890878014696E-4,1.0600119719039986E-4,0.011601542378944882,9.910837328084189E-5,6.042536060802896E-4,8.78573394119114E-4,5.918888593801467E-4,0.0010115912590287403,3.2163287550404955E-4,5.6515448280432445E-5,2.7210944047306143E-4,1.1370760824645247E-4,6.594776373220562E-4,8.04630362727875E-5,0.0015848661353169429,3.059189502323366E-5,2.3873814023314726E-4,3.0301013578439256E-4,2.6562761168153165E-4,0.003283251371610687,7.110948744746099E-4,3.546823561938258E-4,1.0321930590585889E-4,0.0019653933399277064],[1.741690895046097E-4,1.3100159335200243E-4,0.004528167957781505,2.0843809251781437E-4,3.354465276888441E-4,7.778224465578204E-4,0.0067349083944975635,0.0020707179850159335,0.0067723824476671555,7.9510336634791E-5,1.2149078987357249E-4,1.303298451406986E-4,9.357145050219946E-5,2.5893991990477597E-4,1.7001048429813939E-4,1.0,3.108235985370131E-4,9.102142788008348E-4,3.240641907343826E-4,0.0056317461359108685,2.3732463089749247E-4,0.0017807640458701373,2.882151155310437E-4,0.005718645354404,1.2798467545318355E-4,1.573730042494612E-4,2.5387245984247804E-4,1.2180382782533271E-4,0.012888026567218937,1.209186562925986E-4,9.498013079627895E-4,1.8113781174706962E-4,4.2548961085434815E-4,8.662074882858858E-4,2.083657490815742E-4,6.660864962304402E-5,9.597548885871822E-5,9.946923216641356E-5,7.778686534339854E-4,8.305122311387362E-5,0.0011719632928113557,6.599347207746378E-5,1.1502915095909867E-4,1.3258668126402888E-4,1.7153253751568632E-4,0.001910352958180667,3.8632333166895597E-4,3.4429786523669124E-4,9.078655007709911E-5,0.002301877571050136],[0.0013103557973264096,0.0010441451417526019,0.005939209002820314,7.026324668756639E-4,6.250981939131989E-4,0.0014636388487336035,0.0014041524888018235,0.0021665186991890167,0.007478195279923688,8.480126739443695E-5,0.0010063484807447606,8.222834633243301E-4,9.26846109842733E-4,8.377367025210355E-4,9.945923982072162E-4,3.108235985370131E-4,1.0,0.0013468546128754828,0.0013124830691349208,0.008521433595997663,0.0012028014548157526,0.0018873408071701007,6.659947583197674E-4,0.00924310108862529,3.3291637211249354E-4,0.0010571485862496842,0.0012255088069405356,7.209843249894501E-4,0.01173541945208678,1.9982459232072267E-4,0.001132051515206327,0.0016539272037806928,0.0012949190974712254,0.0010940474490343387,7.090494595133615E-4,8.389405659785381E-4,8.32943956873923E-4,6.332102782224951E-4,0.0014697712156234717,9.057696743609036E-4,0.0015849652757146484,1.5771037621219912E-4,9.828300072528757E-4,7.864077017532753E-4,5.743363505487501E-4,0.0020075995464979264,0.0012200522421624807,6.832839224954155E-4,0.001285905947665547,0.001966266522649158],[0.0026772654286616724,5.282174770684713E-4,0.00884906244514962,0.001341541213745028,0.0011181752204192084,0.0019285811440526161,0.01430860154776771,0.0029580310564971514,0.010888905042206428,0.0011948161704738133,0.0010359385236299245,0.0014861848549451706,0.0022619847899760293,4.7895831891808186E-4,0.0020413799466805272,9.102142788008348E-4,0.0013468546128754828,1.0,0.0023603152089539696,0.008014063889781793,0.0024208001102986086,0.0024634481345800104,0.001061128715650668,0.003664083198759812,0.0022629711057562886,0.0014218455999040255,0.0019219216831868587,6.727616594142697E-4,0.01307630500762448,0.002604485225901475,0.0017149345179997553,0.002279665061366998,0.0023183388131725715,0.001246520683917843,0.002097265417469277,0.0017959381008450358,0.002458795538696013,0.002253125427002846,0.0019572892369871717,8.991789677057957E-4,0.0027733544832986303,9.117090555705407E-4,0.0010011653930963713,0.002312318135751318,0.001513871760137034,0.00296061811038249,0.001888257361047263,0.0012425168492962379,0.0020919022465452812,0.0026335082304309804],[0.0010332394931640543,3.5887217858994566E-4,0.01051690121028567,3.3666620608789827E-4,5.610482021755624E-4,0.0013074597613173626,0.006910011307639038,0.002546716215633435,0.0093842307776788,2.8959284113586867E-4,4.2934845084762895E-4,2.8875453695708026E-4,3.9632260016030975E-4,8.8220528528111E-4,7.919967710552779E-4,3.240641907343826E-4,0.0013124830691349208,0.0023603152089539696,1.0,0.006815448274339627,4.578370898564034E-4,0.0016609810955302226,8.704206651156944E-4,0.004357924179852238,2.4395584816537812E-4,8.171113935306331E-4,0.0011824243241347948,2.0064652817417463E-4,0.004820121311095316,4.623881439760255E-4,0.001034099813160482,0.0016745501732185052,0.0011857021966421649,0.0010683365430540753,8.176493904171653E-4,9.66573373468898E-4,9.024734995477743E-4,9.294080563446395E-4,0.001413881811118765,1.6239069803211165E-4,0.0018659784872504218,1.492838316128733E-4,2.5553524574319916E-4,8.002691294376313E-4,7.542785497148487E-4,0.0026023535891699983,0.001073720922329657,9.071925222197762E-4,1.6274108007155398E-4,0.002279439630990803],[0.006414891661656563,0.004516181983724506,0.009699997662682801,0.0010207809608590935,0.002043347732582485,0.003258367177781655,0.011837058148142943,0.0065964072471657,0.009312407354165523,0.002603263660207386,0.0065326105210317086,0.0019556632806062937,0.0066935359052763144,0.001147491646536063,0.006272948793735243,0.0056317461359108685,0.008521433595997663,0.008014063889781793,0.006815448274339627,1.0,0.003022005442786155,0.008291440440807556,0.006204521395081373,0.00901945739203772,0.0018392652898541375,4.552188248308505E-4,0.0032962212622492113,0.005052454299722357,0.009607502592636635,0.005256264373035282,0.001750918602509798,0.006093720040193475,0.0022929516277528455,0.005777576453357849,0.008562427935036563,0.00676606449734809,0.0031716227371404535,0.007380923621568154,0.001830424613264517,0.008101554503803971,0.005296060248336476,0.0060321556141862765,0.004455203112697003,0.0015304585966360118,0.0051318384536294896,0.004131399672736386,0.001557871908037297,0.007386032775050649,0.003505506964653099,0.00694181726330524],[5.925353202477487E-4,3.0375111443809913E-4,0.002199348847745706,3.886026430255009E-4,3.673954184891428E-4,6.165925680466007E-4,0.0119952550080258,0.002306967668504144,0.011273060639033897,1.4211110050332293E-5,2.0493699651220198E-4,2.2909305585203874E-4,3.5498687098839675E-5,4.3220949572073163E-4,3.9512480006431434E-4,2.3732463089749247E-4,0.0012028014548157526,0.0024208001102986086,4.578370898564034E-4,0.003022005442786155,1.0,8.828049348398865E-4,6.118544033648594E-4,0.001030934732489065,4.0970282057251897E-4,3.963085129200794E-4,5.412141804640329E-4,1.7428733480739355E-4,0.006597586364892237,6.258745111337623E-5,7.743567183429358E-4,4.357064555420039E-4,9.672974493798724E-4,5.772099281736802E-4,2.313662411606323E-4,1.9383010975693792E-4,3.671810490594274E-4,1.9467069306350343E-4,7.00379690095292E-4,4.0276376653634E-4,0.0024893153048616153,3.6751416205162683E-4,3.512364879185893E-5,2.1183511240571614E-4,3.4839658359831464E-4,0.0033097948622507973,9.2738383038826E-4,4.1465357946255386E-4,2.9156370569362664E-4,8.0006782622864E-4],[0.0010533463962418051,0.0012264859702788287,0.010218435679570544,0.0015917918851470212,0.0011145864117019066,0.0019474676080439262,0.0031362849960585486,0.0025615391213932065,0.010312868653410433,0.0020785892366650886,2.979564666196351E-4,2.8197944252594933E-4,2.280661084667687E-5,0.0013118574953774704,0.0021611537875534763,0.0017807640458701373,0.0018873408071701007,0.0024634481345800104,0.0016609810955302226,0.008291440440807556,8.828049348398865E-4,1.0,0.0013579423082369889,0.006869889800110513,3.342247310533311E-4,0.001332658100755079,0.0018124083385067783,0.001061711129547004,0.003402185917333575,0.0018037231283026302,0.0013805763371791196,0.0020565100320157873,0.002052664941627331,0.0017139075419744677,0.0013051077744120456,0.0015785015233136207,0.0010854287103186173,6.149342731504883E-4,0.0021839479160409535,4.7679246198749397E-4,0.0024756271069446725,8.670604511845305E-4,0.0018817905750430468,8.26913354038879E-4,0.0013603773504906077,0.002812253403668603,0.0013166924609314473,0.0018075611362024248,0.001372854738334938,0.0024045384269200296],[6.261643380053478E-4,2.2091914358778855E-4,0.008252872406449431,4.99244241214724E-4,5.435851295256734E-4,0.0011090775155539797,0.011921164163372286,0.0023958121605389803,8.53355482022652E-4,2.381155770801473E-4,6.100439684929886E-4,5.082215346765759E-4,3.0401310112858267E-4,5.141276915492467E-4,4.287366670659348E-4,2.882151155310437E-4,6.659947583197674E-4,0.001061128715650668,8.704206651156944E-4,0.006204521395081373,6.118544033648594E-4,0.0013579423082369889,1.0,0.003814064717617395,2.9836148486495214E-4,2.704944115226451E-4,0.0010979429126074442,1.222258629177841E-4,0.0030993640413648164,2.6500548381660545E-4,9.531217452142474E-4,0.001333347650337235,7.273060454773869E-4,9.707304179659608E-4,4.8287109770349076E-4,1.663538020249012E-4,1.2672239850879807E-4,2.1044097371475937E-4,0.0013752471805654198,7.640277561880721E-5,0.001364858084014506,4.441783443224684E-4,9.899883822575827E-5,3.923122008876004E-4,3.5215300258676393E-4,0.0022421731818481005,9.372642864130386E-4,5.546640891220624E-4,2.2516113592666633E-4,0.001445256936467177],[0.005944891417147538,0.007247039181473536,0.01019689751421855,0.008558064531797516,0.004593269883088906,0.003596294829840316,0.014305857368973215,0.006616214535275609,0.0122808469410015,0.009130243466422005,0.008078402569951359,0.0018110258496149534,0.009394866589928774,0.0015702935432056382,0.008694911656328894,0.005718645354404,0.00924310108862529,0.003664083198759812,0.004357924179852238,0.00901945739203772,0.001030934732489065,0.006869889800110513,0.003814064717617395,1.0,0.004618588997621399,0.007891492679875498,0.002295843102862012,0.009039178994670855,0.011353670244486838,0.0037637183918279053,0.0035560576669456155,0.006987746681071579,0.0034947790866076515,0.0026710670126809275,0.0018270375760445568,0.0030950859529508784,0.005443828569154415,0.0013248701759851996,0.0033944921633232827,0.009891698880108792,0.002929219748884585,0.004453549317386823,0.0021704015479981124,0.0033619961309976627,0.003157048331678224,0.008872213603311715,0.007378269321537441,0.0032154451584101985,0.0055043323994402515,0.006238097635375385],[5.792370701213458E-4,1.3127382717107564E-4,0.0051935148239161556,2.105707433124849E-4,3.472119953592544E-4,7.474092617345456E-4,0.010190948144825311,0.0021262791936463407,0.010704054531417475,7.841964623545151E-5,1.1527892845025616E-4,1.275895766034004E-4,6.0198674740632936E-5,2.4978130234282366E-4,1.8455597644638928E-4,1.2798467545318355E-4,3.3291637211249354E-4,0.0022629711057562886,2.4395584816537812E-4,0.0018392652898541375,4.0970282057251897E-4,3.342247310533311E-4,2.9836148486495214E-4,0.004618588997621399,1.0,1.4912093558763838E-4,8.764525390796874E-4,8.9174782613776E-5,0.0022381625610058318,7.70310240695345E-5,5.304114092608107E-4,9.498140430477778E-4,8.340228075496652E-4,4.5126144048331877E-4,2.022586015374818E-4,9.388326965947931E-5,1.7044100876925416E-5,1.1370455458590957E-4,2.5092804181492065E-4,8.461484930287372E-5,6.59979169343879E-4,1.1647123687226601E-4,1.1701530980470579E-4,1.3339243408264496E-4,2.3409989173307517E-4,0.0033302458656915934,0.0010030880907994186,1.4491994072250543E-4,9.504465873645969E-5,5.246777703667566E-4],[4.2616060745182124E-4,1.4966367899034848E-4,0.010126304569640612,2.183338245569427E-4,2.4489577649941253E-4,6.40671472934674E-4,0.008329271308796758,0.0012144456515513484,0.010403564881721856,1.216084015206608E-4,1.528427004527101E-4,1.4462591397949463E-4,7.33061521990808E-5,2.5813219058701644E-4,3.3181908216306727E-4,1.573730042494612E-4,0.0010571485862496842,0.0014218455999040255,8.171113935306331E-4,4.552188248308505E-4,3.963085129200794E-4,0.001332658100755079,2.704944115226451E-4,0.007891492679875498,1.4912093558763838E-4,1.0,2.60414441490285E-4,1.1735240212561106E-4,0.0123184362959061,1.165254416833831E-4,6.758405300112796E-4,0.0016646986490855365,0.0012198327295420191,4.945588434257652E-4,2.158682191751834E-4,9.678575648252933E-5,9.576842702619616E-5,1.4663824336787567E-4,2.8401975541186576E-4,5.539170223277008E-5,4.4552133549520426E-4,1.0353795963017091E-4,1.1191887812422987E-4,2.0284985707610386E-4,2.2407108712347359E-4,3.359286000115049E-4,7.743140580992354E-4,2.6275783045779126E-4,1.4454063585849075E-4,0.0014569673500387417],[0.0010375138766948282,0.0010621328966051535,0.007537659637505515,8.23330797319758E-4,4.80072103388992E-4,0.0014542373586515136,0.011864726178820308,0.00217575238773192,0.005205775524124662,7.391936569382749E-4,2.830554959638727E-4,0.0010814655156167789,5.577114495817812E-4,7.896679112322075E-4,3.755890878014696E-4,2.5387245984247804E-4,0.0012255088069405356,0.0019219216831868587,0.0011824243241347948,0.0032962212622492113,5.412141804640329E-4,0.0018124083385067783,0.0010979429126074442,0.002295843102862012,8.764525390796874E-4,2.60414441490285E-4,1.0,6.244257895971686E-4,0.005138216615284835,7.706954129744146E-4,0.0010259532188042228,0.0013284368085693477,0.0012384570252618671,0.001180065029751385,7.478394340834223E-4,8.794710228912166E-4,6.485464373988452E-4,2.844113609254033E-4,0.0014445518842655875,7.76348778932452E-4,0.0022727190039875567,0.0010165152191185056,4.300044704221114E-4,2.8798760605328695E-4,3.7392821899336076E-4,0.0015642621501421885,0.0011499193747788847,5.517568136523328E-4,9.474500671159281E-4,0.0014948893606439068],[4.298922897924553E-4,7.358292512223126E-5,5.565307201308716E-4,1.2480562738436478E-4,7.549590250627418E-5,0.001220306651340097,0.00960323351062157,0.001877997000443711,0.009667541285671733,1.2327755959657105E-5,4.2667881933022695E-5,6.20259175543161E-5,1.6177060424966962E-5,3.064414075957239E-4,1.0600119719039986E-4,1.2180382782533271E-4,7.209843249894501E-4,6.727616594142697E-4,2.0064652817417463E-4,0.005052454299722357,1.7428733480739355E-4,0.001061711129547004,1.222258629177841E-4,0.009039178994670855,8.9174782613776E-5,1.1735240212561106E-4,6.244257895971686E-4,1.0,0.012901404081393808,1.1879185471604501E-5,4.93381675108188E-4,0.0015902873593989565,2.939782344850589E-4,3.346345259241117E-4,1.6901006814829228E-4,1.1232033385937624E-5,1.4422376754960986E-5,6.513510731290051E-5,0.0014208309609699769,3.5038600249986E-5,0.002072133807303932,1.6878283317088323E-5,1.160843272015333E-5,1.5152400090512712E-4,1.924668041113463E-5,0.0030322697441628236,7.993780663161863E-5,3.540694613325775E-4,4.208572633095824E-5,0.0011493221338923566],[0.006310916174034661,0.004968470886446037,0.012443712845839339,0.0018150860736520428,0.003654364653077892,0.0112931869577204,0.015131866343026715,0.009875374185650545,0.014140787090596685,0.00641028320780898,0.004787095854094453,0.006360068144527074,0.008774723431721304,0.010348203421573192,0.011601542378944882,0.012888026567218937,0.01173541945208678,0.01307630500762448,0.004820121311095316,0.009607502592636635,0.006597586364892237,0.003402185917333575,0.0030993640413648164,0.011353670244486838,0.0022381625610058318,0.0123184362959061,0.005138216615284835,0.012901404081393808,1.0,0.0011673840996530764,0.010202094600850073,0.003745514131806215,0.009966017636743317,0.010495047957321693,0.009154785322094908,0.00497034930059311,0.0018624037204226635,0.005466158820299616,0.008378036792742294,0.0030404527754095073,0.0042308817151545525,0.006851076053815103,0.006465316170163615,0.0042713217986270115,0.012711126487170186,0.008837610514074168,0.010360154049781063,0.003343469965173805,0.006935356601788824,0.008155686229726948],[3.179587387775088E-4,8.096692450063205E-5,0.005493068307419417,2.054377176718327E-4,1.541730481377156E-5,0.0012532542325768066,0.0027754914933901106,0.0016962251152189672,0.0014494452300391819,1.2146970830324354E-5,7.870753800194341E-5,4.268969603381726E-5,1.2305898175348817E-5,1.4486237856766257E-5,9.910837328084189E-5,1.209186562925986E-4,1.9982459232072267E-4,0.002604485225901475,4.623881439760255E-4,0.005256264373035282,6.258745111337623E-5,0.0018037231283026302,2.6500548381660545E-4,0.0037637183918279053,7.70310240695345E-5,1.165254416833831E-4,7.706954129744146E-4,1.1879185471604501E-5,0.0011673840996530764,1.0,6.720823319341819E-4,8.192601752927784E-4,0.0011199177932057368,6.793392206852895E-4,1.1785942002460953E-4,1.0771625939785253E-5,1.2967039659704475E-5,8.120132502448154E-5,2.244227300574726E-5,2.728571448639226E-5,3.4717354801097416E-4,1.8170208146501585E-5,1.1748788596990443E-5,9.605656921617925E-5,7.811109653461354E-5,0.0027001275658117595,7.670548942922606E-4,1.017164941536934E-4,1.9991715943321235E-5,0.001691046014781764],[9.45660195352799E-4,7.497968865446832E-4,0.0051244490872618875,4.0851114145487046E-4,4.438954853116911E-4,0.0014809155071935263,0.014134479200403333,0.0017283488162149986,0.004374570878627346,5.528710052621962E-4,2.853527407355474E-4,4.488968430649594E-4,3.0960677648413386E-4,9.024573224130621E-4,6.042536060802896E-4,9.498013079627895E-4,0.001132051515206327,0.0017149345179997553,0.001034099813160482,0.001750918602509798,7.743567183429358E-4,0.0013805763371791196,9.531217452142474E-4,0.0035560576669456155,5.304114092608107E-4,6.758405300112796E-4,0.0010259532188042228,4.93381675108188E-4,0.010202094600850073,6.720823319341819E-4,1.0,0.0017657514501443006,0.0010408245935169052,0.0010450812709718313,5.017180012056519E-4,6.923093930911809E-4,2.0569924909337922E-4,1.7395025883215468E-4,0.001285073051134589,6.523235257639433E-4,0.001434142262226441,1.2913016831572115E-4,8.39354964038218E-4,6.165415606257357E-4,4.1368594336096954E-4,0.0018030103718493233,0.0010964477425336196,4.341504971929943E-4,1.911929632265021E-4,0.0013373139716474722],[0.0013198437474971824,0.0018950824597790952,0.0029446921886604094,0.0010867680318061032,8.858556647913207E-4,0.0017227702486519102,0.004845259252989483,0.0021274179471309626,0.010559866561874172,0.0016972130724079533,0.0016441047227099953,1.6242082230950324E-4,0.0016951215539946227,5.705412178706535E-4,8.78573394119114E-4,1.8113781174706962E-4,0.0016539272037806928,0.002279665061366998,0.0016745501732185052,0.006093720040193475,4.357064555420039E-4,0.0020565100320157873,0.001333347650337235,0.006987746681071579,9.498140430477778E-4,0.0016646986490855365,0.0013284368085693477,0.0015902873593989565,0.003745514131806215,8.192601752927784E-4,0.0017657514501443006,1.0,0.00145230947869631,0.001259129607187671,0.0010339490370226314,0.0011430317357345203,2.1897238984219298E-4,0.0012659858844451383,0.0017965864802791578,4.8456980240543383E-4,0.002032629152196169,7.10882403982395E-4,5.314209081304736E-4,0.001529653249004408,0.0013968262563158538,0.0022424654671627992,0.0017010213146230948,0.0016478340407789331,0.0016359020137578088,0.002310491507014177],[7.663166378446784E-4,5.210009532902454E-4,0.010464159203480749,4.4450125577391087E-4,0.0010274429029875746,0.0016942460283112706,0.014674076571787336,0.0025392984259816264,0.005113688946084512,2.6114051231310875E-4,7.842328730719914E-4,8.97841581903794E-4,8.369111666927564E-5,6.535520958184456E-4,5.918888593801467E-4,4.2548961085434815E-4,0.0012949190974712254,0.0023183388131725715,0.0011857021966421649,0.0022929516277528455,9.672974493798724E-4,0.002052664941627331,7.273060454773869E-4,0.0034947790866076515,8.340228075496652E-4,0.0012198327295420191,0.0012384570252618671,2.939782344850589E-4,0.009966017636743317,0.0011199177932057368,0.0010408245935169052,0.00145230947869631,1.0,0.0011718964798702607,0.0011585578350580485,7.029867576604051E-4,5.968936191198177E-5,0.0010478908372866206,0.001340787932567563,0.0010453063575818259,0.001378919180994318,5.171622311396798E-4,5.991547086148803E-4,8.133775824271867E-4,6.991570341145625E-4,0.0027531977341425677,0.0012268091205580604,3.9622881927978517E-4,6.896999283737798E-4,0.001539372795807648],[9.860135982119715E-4,1.659265170119162E-4,0.006548648865691369,7.350895303613074E-4,6.73267340712009E-4,0.0012156453786752416,0.00626784619663808,0.0016221591946743354,0.013648603453962162,6.711119666145183E-4,4.292199670356228E-4,5.707267868417168E-4,9.405855106451837E-4,0.001075701084940919,0.0010115912590287403,8.662074882858858E-4,0.0010940474490343387,0.001246520683917843,0.0010683365430540753,0.005777576453357849,5.772099281736802E-4,0.0017139075419744677,9.707304179659608E-4,0.0026710670126809275,4.5126144048331877E-4,4.945588434257652E-4,0.001180065029751385,3.346345259241117E-4,0.010495047957321693,6.793392206852895E-4,0.0010450812709718313,0.001259129607187671,0.0011718964798702607,1.0,2.239992581031048E-4,7.579148750474609E-4,6.306109645724657E-4,9.617677107272445E-4,0.0013921334253013105,7.580943897030742E-4,0.0022894254145579378,1.9213991092786675E-4,9.956585444771363E-4,6.550424779011156E-4,6.025961488403061E-4,0.0016708775420703112,0.0011330530766267188,6.483825677562217E-4,7.64135663224155E-4,0.0011606834613308084],[2.6999574007637673E-4,1.9509779077631753E-4,8.840678657918808E-4,2.379104111472662E-4,2.499151193772126E-4,2.240485428095334E-4,0.004471993754591822,0.0012461260566856407,0.010304698346396768,5.079132408101289E-5,1.2211458119282872E-4,1.3391835280035134E-4,2.1524381796630294E-5,2.808486436060577E-4,3.2163287550404955E-4,2.083657490815742E-4,7.090494595133615E-4,0.002097265417469277,8.176493904171653E-4,0.008562427935036563,2.313662411606323E-4,0.0013051077744120456,4.8287109770349076E-4,0.0018270375760445568,2.022586015374818E-4,2.158682191751834E-4,7.478394340834223E-4,1.6901006814829228E-4,0.009154785322094908,1.1785942002460953E-4,5.017180012056519E-4,0.0010339490370226314,0.0011585578350580485,2.239992581031048E-4,1.0,1.915286084264675E-4,1.8289966179437287E-4,1.1661976723747603E-4,4.4195325617379504E-4,7.86644512457954E-5,0.0020736988886802593,4.022697717713735E-5,1.0182650759622327E-4,2.1056341493838499E-4,2.2108180197034902E-4,0.0032128282191245658,9.655916733599922E-4,3.854394303298859E-4,1.45509734309078E-4,0.0024268141500360797],[5.333258489842997E-4,4.2036046688781105E-5,0.007515457728331262,2.931470146992503E-5,1.633662106943289E-4,0.0011029771461861042,0.008044795758691724,0.002931988043988565,0.0021669713917457493,1.103687938952043E-5,2.0494385935407605E-5,1.6263488879226855E-5,1.2407970700877873E-5,6.317271037896591E-5,5.6515448280432445E-5,6.660864962304402E-5,8.389405659785381E-4,0.0017959381008450358,9.66573373468898E-4,0.00676606449734809,1.9383010975693792E-4,0.0015785015233136207,1.663538020249012E-4,0.0030950859529508784,9.388326965947931E-5,9.678575648252933E-5,8.794710228912166E-4,1.1232033385937624E-5,0.00497034930059311,1.0771625939785253E-5,6.923093930911809E-4,0.0011430317357345203,7.029867576604051E-4,7.579148750474609E-4,1.915286084264675E-4,1.0,1.4420478954760558E-5,2.8070144499831833E-5,9.07584739556757E-4,2.2590122522674083E-5,1.965831142730746E-4,1.7778126981490113E-5,1.1219346587452052E-5,4.5832265730567065E-5,1.6837377194760284E-5,0.0023920013809479402,0.001045646246720905,2.5207937993662426E-4,5.9884648619088294E-5,0.002063362179864465],[5.020727962907166E-4,1.1404359151229072E-4,0.00651735942238324,1.7804969432013166E-4,3.4371830163383327E-4,3.6469499944019346E-4,0.0046085554532722135,0.0013915518512336508,0.012831875404035199,1.5626128814388486E-5,5.357795891623783E-5,1.0425621502759596E-4,1.5953856626837E-5,1.399346024607521E-4,2.7210944047306143E-4,9.597548885871822E-5,8.32943956873923E-4,0.002458795538696013,9.024734995477743E-4,0.0031716227371404535,3.671810490594274E-4,0.0010854287103186173,1.2672239850879807E-4,0.005443828569154415,1.7044100876925416E-5,9.576842702619616E-5,6.485464373988452E-4,1.4422376754960986E-5,0.0018624037204226635,1.2967039659704475E-5,2.0569924909337922E-4,2.1897238984219298E-4,5.968936191198177E-5,6.306109645724657E-4,1.8289966179437287E-4,1.4420478954760558E-5,1.0,2.5647726899495396E-5,8.76432253271088E-4,5.13577659444296E-5,4.5103655684980133E-4,1.7243887447561466E-5,1.1675285403257364E-5,1.0111808868438676E-4,2.2622672983405024E-4,0.0025309640681806748,2.4377204209964648E-4,2.2636953635776829E-4,6.642352407612681E-5,0.0010821778294955132],[4.4185652591851145E-4,1.0836089140691746E-4,3.025445009127996E-4,1.3144420683058847E-4,1.737121233106134E-4,2.551933398131993E-4,0.0027240783981002225,0.0025283817298613212,0.005065725055648912,9.32695009559566E-5,1.104822413319617E-4,1.0984725700474582E-4,8.265734477556929E-5,2.856896044926956E-4,1.1370760824645247E-4,9.946923216641356E-5,6.332102782224951E-4,0.002253125427002846,9.294080563446395E-4,0.007380923621568154,1.9467069306350343E-4,6.149342731504883E-4,2.1044097371475937E-4,0.0013248701759851996,1.1370455458590957E-4,1.4663824336787567E-4,2.844113609254033E-4,6.513510731290051E-5,0.005466158820299616,8.120132502448154E-5,1.7395025883215468E-4,0.0012659858844451383,0.0010478908372866206,9.617677107272445E-4,1.1661976723747603E-4,2.8070144499831833E-5,2.5647726899495396E-5,1.0,5.177869452906493E-4,9.014666617696862E-5,3.30697165548952E-4,2.549270448515399E-5,6.804946740732033E-5,1.501802146924876E-4,1.7659327438488575E-4,0.0022558554971998006,6.207422519774247E-4,3.14507360105391E-4,8.861287936785322E-5,7.294234178816426E-4],[0.001437746779184135,0.0014537369556438095,0.006624959714378916