[[1.0,2.9048058257997376E-4,4.454297918844941E-4,0.006681052970277443,0.007072142206708102,1.4753233790636367E-4,7.32844157423652E-5,0.01831387466120905,0.007086527926518966,5.722024772944175E-4,2.0835835040134738E-4,1.0311035069664519E-4,0.014053502794238107,2.93896172981853E-4,0.002784085734437198,2.3055481031788107E-4,0.0020818748091708714,8.765313770116729E-5,2.6783111000742554E-4,2.907809548159801E-4,9.21477065624754E-4,1.061676018819833E-4,0.02047813226258088,9.96912817308982E-4,2.943310685267795E-4,0.0026248799842442457,0.012758557976387025,0.001570263742726064,0.0034932077174757944,0.007634309978535645,0.029418234607751115,7.08097046207931E-5,7.210488256495283E-4,1.1798146856864572E-4,2.175865667766204E-4,8.358657262234363E-5,1.582185612302736E-4,4.900846142400838E-5,0.0016610804174666165,0.0037644272699464947,2.2046033915166675E-4,0.0027756561910278438,6.335279739822039E-4,1.4998564045807356E-4,3.2102827868291746E-4,1.613220190041994E-4,0.012972250619625127,7.453467226328908E-5,1.1814551333315375E-4,2.2208576628385707E-4,1.2767613038229544E-4,4.4192831200606966E-5,0.0023376757273364406],[2.9048058257997376E-4,1.0,4.5216932149109437E-4,0.005114550361327345,0.002567954794415874,2.50846198442289E-4,1.3818883719727754E-4,0.025467475669911054,0.0024346821900090745,5.702070125699634E-4,3.920598040410164E-4,2.3439743661380366E-4,0.013011494894644428,4.037256575909904E-4,0.0034400862095467144,0.0013611778742951147,0.002549113856250247,2.829859910820407E-4,8.444853547220535E-4,5.425987877565513E-4,6.583674848609687E-4,2.0082475566377434E-4,0.02604686455024173,0.0015304398458025014,9.703219380796861E-4,0.0025017580893415175,0.024299014300103696,0.0028786902335351406,0.0044686125470939225,0.023103971995980948,0.024444247380534648,2.505820447678411E-4,0.001048922374533564,2.2830321238446295E-4,2.5048503393699265E-4,5.323574087816197E-5,3.3078321162381734E-4,8.39316460126296E-5,0.002507097331391447,0.005244040616646909,3.6819897759152973E-4,0.00920024350849729,3.746675628403889E-4,1.885182689207629E-4,5.738124763995107E-4,2.100632333517483E-4,0.012902055225074741,2.523455027402062E-4,2.662012783918226E-4,0.0011585360497155476,2.393058459012188E-4,1.3243413894496769E-4,0.0013817183019280994],[4.454297918844941E-4,4.5216932149109437E-4,1.0,0.007209184783582957,0.020139831123921727,5.127222170203011E-4,1.332820441634213E-4,0.020864122609541704,0.012865083971780877,5.992247801637181E-4,5.106161521097752E-4,4.0684614270115736E-4,0.012763163991001969,4.685105542829041E-4,0.001679182690063218,6.673465657403702E-4,0.0018020712658924024,4.27702944010183E-4,0.0020429296625598847,8.722886279780029E-4,8.832548719612187E-4,4.6865045764355405E-4,0.004566085583186422,0.0016030424612357324,0.0010277486785292785,0.0010012025064847852,0.005737160789572336,0.002041282026624302,0.0018670547643562141,0.02681442788162798,0.00171313717339469,1.4759639672736233E-4,8.962777773851979E-4,1.366862954909116E-4,5.171448056311382E-4,1.5752457163398676E-4,5.596605609272186E-4,4.735919779299858E-4,0.0016048884674843766,0.007497581553101446,5.501230216827462E-4,0.0053554632770288655,7.79988126290611E-4,2.6167250060652147E-4,6.916236866266932E-4,4.6699384938598886E-4,0.0026913983843307684,3.034964885961745E-4,2.044817775100493E-4,9.689265409300017E-4,4.229499090339596E-4,4.8565113551054634E-5,0.0026932062136047962],[0.006681052970277443,0.005114550361327345,0.007209184783582957,1.0,0.02212172202166378,4.5515638990386946E-4,0.004627433231021835,0.012805275044938981,0.00998952914449758,0.005413232700431089,0.002901736240238588,0.002541490090107434,0.01764823795648848,0.006316369116865789,0.007333642528118952,0.005673037810120569,0.004316124781253086,0.0012232623824835916,0.005331061975305503,0.0038857624194003427,0.005655761579180574,0.0019911293261816987,0.03672150645489994,0.002700967983925805,0.0064367383987185,0.0037080104573041024,0.017669634038079085,0.008032970888978056,0.006892697848783382,0.019519432256561754,0.013488167389054027,0.005088461756297243,0.003503065052604723,0.006840717801655265,0.007776975887472267,2.5054384372013796E-4,0.007464193449534521,3.914166229751887E-4,0.004437601709064086,0.007874784226917746,0.0014959063831382073,0.01295272999247446,0.007280308224232669,0.0066816252775168325,0.001778275154280631,0.007241603912529977,0.010048504646761701,0.0029627099162195048,0.0035832662640942095,0.0036796866488270786,0.001634535259766934,0.005165958848967456,0.005145044047626989],[0.007072142206708102,0.002567954794415874,0.020139831123921727,0.02212172202166378,1.0,0.021875046022244066,0.01796426482290423,0.02617355731719765,0.025423746887392885,0.007263700618459544,0.01784904300177291,0.023933843975254845,0.025561760892990774,0.013245776933175076,0.01569262762061222,0.006991207725219678,0.015939727769630846,0.021107011157666333,0.01851653934409193,0.02498502656084428,0.025415501196233405,0.011035034229414266,0.039401111563661634,0.012256608785199827,0.019603603703772003,0.016197902440443064,0.025967599766644183,0.021481771681996366,0.015378411116919108,0.028507825434247062,0.043881730992292596,0.0021354670919410696,0.013510539463688558,0.023582597320760554,0.02377020793381097,0.004132135195241686,0.02167362056770439,0.0011406121789335915,0.009436417244238316,0.008182914189065471,0.009760983983503998,0.025487888792239982,0.021162013273967505,0.020341654855942918,0.011910721279343194,0.015713890607145176,0.0198386153138641,0.009560204067223035,0.011791113709193564,0.007131763272809575,0.018049590082236198,0.01523368470068399,0.012378021830613876],[1.4753233790636367E-4,2.50846198442289E-4,5.127222170203011E-4,4.5515638990386946E-4,0.021875046022244066,1.0,2.8731310927671766E-5,0.00851316892253405,0.012248148460994073,2.189487672052762E-4,3.3896778836393015E-4,1.5356491247753922E-4,0.017448856464724,4.1720997038970184E-4,0.0028242064956767745,0.0011061469301616891,0.0017306061158851027,7.510254524766653E-5,0.0014948232429160095,3.6546505965148225E-4,4.330957126888811E-4,1.356063133764726E-4,0.03059485264221196,0.0016069892832198777,2.76308395750473E-4,0.001237092219335771,0.005501190477732624,0.004975338616456448,0.004703720622532794,0.03609466670825188,0.019606312984587242,8.555343098652986E-5,9.812837110193362E-4,1.2074683667099488E-4,1.8305987501569454E-4,8.821764444571646E-5,1.624914832317613E-4,1.129269986008782E-4,8.426016237790983E-4,0.0072806248724017735,4.797368085227308E-4,0.009310454408909638,8.817957209752509E-4,1.571595433533715E-4,6.946141168462102E-4,1.6231541097663362E-4,0.002912129700971209,1.1755942822655925E-4,1.4042093190461228E-4,5.724819646982461E-4,1.7510886530064065E-4,5.330235365040597E-5,4.6834640808462167E-4],[7.32844157423652E-5,1.3818883719727754E-4,1.332820441634213E-4,0.004627433231021835,0.01796426482290423,2.8731310927671766E-5,1.0,0.01856092173807496,0.012830187712697505,4.93508757574054E-4,4.1077176610013904E-4,9.556211999596132E-5,0.018792885298350718,4.000879793817347E-4,0.0052330775093606145,0.0011006305058185218,0.0019114637957814119,1.5024269819174946E-5,0.0017929914458281535,6.175541073399867E-4,8.002635748534465E-4,2.755379265240631E-5,0.024772464494021047,2.3913001483683198E-5,2.466633550473343E-4,4.706113257751805E-4,0.02499176230558812,0.002892554700447145,2.7342264036925816E-4,0.027490880201810803,0.008062293166506846,1.9002927228256563E-5,8.048684744721159E-4,6.675334884876485E-5,9.324444385483028E-5,2.3811763275683278E-5,1.4731125989137013E-4,1.289732400340419E-5,0.002292037279098965,0.005860033039263734,2.0618000789853543E-4,0.0036927074665923103,4.1028557839543575E-4,5.1634901083314735E-5,6.819916066971537E-4,3.445282808037051E-5,0.004694576140237956,2.1140459720608218E-5,8.267936396078603E-5,5.989450288723339E-5,4.5517723032075744E-5,2.2131269984128257E-5,0.0035255859011200314],[0.01831387466120905,0.025467475669911054,0.020864122609541704,0.012805275044938981,0.02617355731719765,0.00851316892253405,0.01856092173807496,1.0,0.023903566864428596,0.005439203249912122,0.006216082487344805,0.020038132263846514,0.026804515255671443,0.022017587265337858,0.026429730646302736,0.001851002882731558,0.006468508196888729,0.022305406099271608,0.023397074449029102,0.007184231504881753,0.0017494833866912318,0.016385326361516336,0.032962087932520964,0.01888454858362328,0.02303647075290887,0.01754324020803071,0.04140252050552042,0.012041711943585592,0.005527701062450527,0.029200706886720586,0.04154422851965099,0.018301890336840886,0.02080064911966781,0.015670166851105075,0.018720770433825078,0.010197539852268813,0.021058613330310484,0.026021939644682496,0.0268140877347125,0.015905503793593366,0.005358684208131997,0.025548374368941466,0.016526941456305434,0.007397754705447154,0.010952763171379673,0.011435344942687378,0.023626955444451633,0.009131658536933249,0.01315368309018863,0.01154440013160861,0.026625311753834018,0.017564199091664543,0.005675244061382582],[0.007086527926518966,0.0024346821900090745,0.012865083971780877,0.00998952914449758,0.025423746887392885,0.012248148460994073,0.012830187712697505,0.023903566864428596,1.0,0.013494529892047512,0.004848394553639682,0.008808052785782445,0.014815329428382776,0.0033548572210441276,0.010057213953145829,0.008089671360841188,0.013806411053886147,2.6758936395171684E-4,0.008623243018883347,0.001434410777511903,0.0011494773128453068,0.00690653300290302,0.021271514668752215,0.01196632407769966,0.010970263448582726,0.011014350750567965,0.03125113710013187,0.013651547642454825,0.01177574080901483,0.02320125982423285,0.03607185433927734,0.009232742415891504,0.012374493221232548,0.004940012083261174,0.0017035033529319416,0.01329113520781752,0.01404558390500496,0.009455189276240492,0.00642640737422681,0.013328517975290265,0.0035339244790387474,0.017234586131893867,0.00568665499830245,5.728137152875061E-4,0.010605131005439809,0.00317823623355395,0.015303000470288809,0.009537368193510486,0.004883091444314523,0.006583014137546067,0.008852191375605847,0.012801542518428225,0.01132443557079705],[5.722024772944175E-4,5.702070125699634E-4,5.992247801637181E-4,0.005413232700431089,0.007263700618459544,2.189487672052762E-4,4.93508757574054E-4,0.005439203249912122,0.013494529892047512,1.0,4.982745284528083E-4,1.374660773919247E-4,0.005412770700957291,4.6187210970163634E-4,0.005776124738352392,9.60672763278177E-4,0.0025018800218707072,5.682068900697561E-4,0.001050854870573111,7.379627793480191E-4,6.226457414157749E-4,1.527642891025743E-4,0.03148117226009108,0.0011159476925024176,9.969864310421322E-4,0.0029940039593409113,0.008775926193336656,0.0026292001178136967,0.004361299240369522,0.03222132068901572,0.022635975947971867,6.519229248403269E-5,7.533656881784385E-4,1.2340545733664538E-4,3.7021290047814623E-4,3.322656534734088E-4,5.227556685222019E-4,1.1681136357426208E-4,8.088419185194242E-4,0.0074951780880705785,5.90524538531563E-4,0.0032916779677998045,6.976548073192696E-4,5.339260034232203E-4,6.331426215335197E-4,3.3775253683402523E-4,0.01007650843353339,1.5578168376154605E-4,5.805758235599818E-4,8.842625217687257E-4,3.226511041306806E-4,4.3025138099476014E-4,0.0011347125285907397],[2.0835835040134738E-4,3.920598040410164E-4,5.106161521097752E-4,0.002901736240238588,0.01784904300177291,3.3896778836393015E-4,4.1077176610013904E-4,0.006216082487344805,0.004848394553639682,4.982745284528083E-4,1.0,1.1344315708838705E-4,0.011420351609448248,4.4602561913128114E-4,0.005127016247796245,0.0012213358566406762,0.0026482102223933865,1.0112487186622291E-4,6.479829214236552E-4,7.820408923267601E-4,6.593115499293998E-4,2.0921856209752358E-4,0.0025975583156885693,0.0015873195204121737,9.854214128795645E-4,0.002023168820012187,0.04195617663980807,0.0028960632969998426,0.002525313505497531,0.01495251637924051,0.004676632599574182,1.0126624575904377E-4,0.0011694193159753432,2.1145651785308938E-4,4.11477494507006E-4,9.6734512447825E-5,3.277924351276453E-4,3.692918857401449E-5,0.0014459742605988128,0.0010897514459206107,4.939450052551372E-4,0.01094576250097577,6.260496449868002E-4,1.90213516629573E-4,6.948451178848325E-4,2.3081604678647506E-4,0.017708484566965454,6.271901910866683E-5,2.5291429478161673E-4,8.236672193299257E-4,3.7508390538299477E-4,4.078837777062549E-4,0.0017880071416629384],[1.0311035069664519E-4,2.3439743661380366E-4,4.0684614270115736E-4,0.002541490090107434,0.023933843975254845,1.5356491247753922E-4,9.556211999596132E-5,0.020038132263846514,0.008808052785782445,1.374660773919247E-4,1.1344315708838705E-4,1.0,0.010788527288963155,3.4783698281648485E-4,0.005386427327027755,8.886039083606614E-4,0.0017392431554283303,6.116411456522734E-5,2.5995995229025456E-4,4.992315860700315E-4,8.137721905255579E-4,1.0053303079764618E-4,0.039977818230455056,0.001181207607918509,1.0166795649421325E-4,0.0015797562551293966,0.006402291493482762,0.0028549993552491318,0.003930588115212052,0.03761581407326112,0.03897367398631364,7.903052378123595E-5,1.638030797239878E-4,1.0800576804524999E-4,2.085560052561604E-4,5.957721467423225E-5,1.3098476734114994E-4,9.49184058891001E-5,0.0014411429655129342,0.005965279031256801,4.540768207512369E-4,0.02050999247049813,8.579883522485327E-4,1.5088344532820748E-4,2.2132902245825334E-4,1.4664622847396246E-4,0.017087126104273348,5.138121895882987E-5,1.0169514224695175E-4,2.839998753962738E-4,1.1972586830069306E-4,8.483063335969526E-5,0.00478495515655614],[0.014053502794238107,0.013011494894644428,0.012763163991001969,0.01764823795648848,0.025561760892990774,0.017448856464724,0.018792885298350718,0.026804515255671443,0.014815329428382776,0.005412770700957291,0.011420351609448248,0.010788527288963155,1.0,0.018269583751781913,0.009915745860437057,0.0016292089034712204,0.0055375109803590455,0.0011351013097644885,0.01778992705286229,0.014856016224112763,0.011817743660064882,0.003342106962237713,0.020735488251305688,0.0141025519533277,0.006584474704913284,0.01694561023830397,0.02736759452594411,0.016700691147156208,0.013405415407708409,0.032191613870207296,0.020111295384023287,3.2881162988313267E-4,0.009135063443423552,0.006108749578087186,0.0035729058064027266,0.010031158784639676,0.007752614920797049,0.015509115538501796,0.008177704095688347,0.013728687879872813,0.0014143716245492866,0.023096114907326493,0.011953721981352531,0.010882408106133973,0.016740984281932138,0.0024423937390832496,0.018867924528301886,0.005907649311228999,0.00541012880308798,0.002451967407656916,0.0013137005134986742,0.0074028104055107345,0.01736765800949065],[2.93896172981853E-4,4.037256575909904E-4,4.685105542829041E-4,0.006316369116865789,0.013245776933175076,4.1720997038970184E-4,4.000879793817347E-4,0.022017587265337858,0.0033548572210441276,4.6187210970163634E-4,4.4602561913128114E-4,3.4783698281648485E-4,0.018269583751781913,1.0,0.0030280016768026966,0.0011566121283590979,6.771773410368423E-4,3.093253088620228E-4,0.0016429522423825264,7.550318564432642E-4,9.15111029468719E-4,2.796318871506719E-4,0.011569905920263497,0.0018862889806595697,5.695325822139956E-4,0.0016132038310383917,0.021428872249812554,0.0022618484107145864,0.0047636918194613525,0.0019738365685944056,0.016147689539551657,2.803344350944759E-4,7.750034060404745E-4,3.875586071512671E-4,3.487378959442391E-4,3.569548406163807E-4,3.9086324719686685E-4,5.735825149903819E-5,0.002088828072797331,0.005744859625349056,4.839444983623562E-4,0.011148675214757863,5.397490596312648E-4,1.8923802567988857E-4,6.166355122052199E-4,2.557690873098029E-4,0.01545058405659464,2.2976651872834756E-4,2.237535806024391E-4,0.00129981925989726,2.94086056396108E-4,4.3322072997911514E-4,7.597052348828441E-4],[0.002784085734437198,0.0034400862095467144,0.001679182690063218,0.007333642528118952,0.01569262762061222,0.0028242064956767745,0.0052330775093606145,0.026429730646302736,0.010057213953145829,0.005776124738352392,0.005127016247796245,0.005386427327027755,0.009915745860437057,0.0030280016768026966,1.0,0.002445772084982845,0.0037253438653384327,0.004319050768332985,0.006388763597346589,0.003339826250336868,0.003466612524133341,0.0012049753884615017,0.02685931154333462,0.006009726769529485,0.0014207820048617455,0.005710132445531081,0.03153308329397847,0.006703316978453828,0.0051300859789780865,0.025725176318635197,0.022961864787400903,0.006259591842114538,0.0030833509920382704,0.0040573619976309785,0.0011703919551829091,0.00154850210217639,0.0018004055341977621,0.0012963715166586902,0.0036721517943627,0.006646435025336542,0.006371328261576519,0.012595363186707753,0.0036301131848465,0.0020617990426368953,0.004696585418692152,0.004495851656245067,0.018655768114140894,0.0010662604974265026,0.006500409724509884,0.0014174413310463184,0.006565778798003907,0.0031823822771131012,0.005728331462849314],[2.3055481031788107E-4,0.0013611778742951147,6.673465657403702E-4,0.005673037810120569,0.006991207725219678,0.0011061469301616891,0.0011006305058185218,0.001851002882731558,0.008089671360841188,9.60672763278177E-4,0.0012213358566406762,8.886039083606614E-4,0.0016292089034712204,0.0011566121283590979,0.002445772084982845,1.0,0.0016894257609726968,1.1028723216752732E-4,0.0014384237061852599,0.0012050653755658984,0.001366394345475092,6.526562324857478E-4,0.03785963505378491,0.0019753399639956567,0.0013733081194792743,0.0026252875722942884,0.04320804901515133,0.004364458854431075,0.003031742243302108,0.004873789709717822,0.03711195756378512,0.001295659763839087,0.0013791642158807946,3.6645844786488267E-4,9.762796986876903E-4,2.0880276954404357E-4,4.0940852479342724E-4,0.0013449752717873155,0.001462886223890453,0.006553381475153262,0.001213806947613535,0.002804248917382927,0.0014223842675367589,5.87086116099083E-4,0.0011841211385374755,6.129357715894937E-4,0.00766650264451144,8.514858851202048E-4,0.0013217030365248543,0.0014040277653489086,0.0010666107921929195,9.75788700317678E-4,0.0014638051769249457],[0.0020818748091708714,0.002549113856250247,0.0018020712658924024,0.004316124781253086,0.015939727769630846,0.0017306061158851027,0.0019114637957814119,0.006468508196888729,0.013806411053886147,0.0025018800218707072,0.0026482102223933865,0.0017392431554283303,0.0055375109803590455,6.771773410368423E-4,0.0037253438653384327,0.0016894257609726968,1.0,0.0022724465098038866,0.0025234705194494937,0.0016452744938061181,0.001024861805464028,0.0017273385243288424,0.034444594910119246,0.0025672368473872295,0.0018111244155375873,0.0028831374238760224,0.009127611801862978,0.006409867654881403,0.004839559757988836,0.026627167666952594,0.02253339931465303,0.0015741107817256233,0.0026880448192421,0.0022813753105544727,9.316166291266677E-4,0.002293263222869699,0.001253595437849107,0.0019871293317508787,0.0028387400056276955,0.006098042546668772,0.0021442998254088373,0.006617247606270719,0.002560151673709777,2.5316452126926105E-4,8.428669772685645E-4,8.363015774984128E-4,0.005712139733860891,0.00148151542000536,6.659679514236543E-4,0.002272127904397468,7.264202736918144E-4,0.0015414569444676556,0.004109648077505298],[8.765313770116729E-5,2.829859910820407E-4,4.27702944010183E-4,0.0012232623824835916,0.021107011157666333,7.510254524766653E-5,1.5024269819174946E-5,0.022305406099271608,2.6758936395171684E-4,5.682068900697561E-4,1.0112487186622291E-4,6.116411456522734E-5,0.0011351013097644885,3.093253088620228E-4,0.004319050768332985,1.1028723216752732E-4,0.0022724465098038866,1.0,0.002047558752217489,1.9951513457812923E-4,6.118422868427975E-4,7.80957572044062E-5,0.029847540182324966,0.0014730644632713146,7.431940740859303E-5,0.0029113854131976088,0.009889578715453274,0.001083483278755909,0.001184851658989794,0.03034194097591382,0.009120905449196557,1.9258632925270145E-5,0.0012385661360864192,5.9475522079727495E-5,5.357738330039589E-5,1.7131665406946424E-5,1.6147788433087742E-4,1.0903888953562808E-5,0.002131045270613625,0.006053353228392509,2.717385015522825E-4,0.024054068171967015,8.771617042088215E-4,1.4851754954036845E-4,5.331250011387603E-4,1.6754707359149752E-4,0.013919487505423865,1.9686984992855174E-5,2.4354951900274622E-5,5.331018988240258E-4,1.2952647206559704E-4,1.902582028924077E-5,0.003193958058315316],[2.6783111000742554E-4,8.444853547220535E-4,0.0020429296625598847,0.005331061975305503,0.01851653934409193,0.0014948232429160095,0.0017929914458281535,0.023397074449029102,0.008623243018883347,0.001050854870573111,6.479829214236552E-4,2.5995995229025456E-4,0.01778992705286229,0.0016429522423825264,0.006388763597346589,0.0014384237061852599,0.0025234705194494937,0.002047558752217489,1.0,0.0018907947501040636,0.0017236110856621127,0.0019134860867499979,0.01702689674908085,0.0021205235236837444,0.0016736502774270501,0.0027700913662146416,0.024615199315821925,0.0036720048457500667,0.004128630190782501,0.0162671087494832,0.005472764096706051,0.0014775990030525114,0.0014377493971414774,9.385145011788487E-4,9.579315408908576E-4,9.997410174818078E-4,8.762302990326162E-4,5.951762555707482E-4,0.0022102836389105325,0.0022109466226952965,0.0016576594669566007,0.006532220628171636,0.0011998897519107168,0.0014689492610518522,0.0014491374304550285,0.0017458104673310616,0.009037969626670063,0.00200930556801582,0.001205889057910309,0.0016480236195738189,7.013374446030307E-4,9.074665658380964E-4,0.0039561683781631826],[2.907809548159801E-4,5.425987877565513E-4,8.722886279780029E-4,0.0038857624194003427,0.02498502656084428,3.6546505965148225E-4,6.175541073399867E-4,0.007184231504881753,0.001434410777511903,7.379627793480191E-4,7.820408923267601E-4,4.992315860700315E-4,0.014856016224112763,7.550318564432642E-4,0.003339826250336868,0.0012050653755658984,0.0016452744938061181,1.9951513457812923E-4,0.0018907947501040636,1.0,9.337921333486636E-4,4.405079372230907E-4,0.010419914269109492,0.0010979154421024975,9.420272662612189E-4,0.002148204618730572,0.03318430834674748,0.004345759737078015,0.004345637944885966,0.033808148753570064,0.040745813173727476,3.524101019825911E-4,9.343597027605632E-4,6.967968689693313E-4,2.8515671235438377E-4,3.97563097896744E-4,6.233594883676601E-4,2.0649731609738046E-4,0.0022813090331892023,0.0029312460023393815,7.397157931198737E-4,0.0060892815258115,9.736546890131364E-4,5.117418627590335E-4,8.273203538419539E-4,4.985404335446222E-4,0.016214648694709614,5.645882247442187E-4,6.86592032567473E-4,0.0013109060939923312,2.052884101865602E-4,6.67167291709825E-4,0.0037340281606596613],[9.21477065624754E-4,6.583674848609687E-4,8.832548719612187E-4,0.005655761579180574,0.025415501196233405,4.330957126888811E-4,8.002635748534465E-4,0.0017494833866912318,0.0011494773128453068,6.226457414157749E-4,6.593115499293998E-4,8.137721905255579E-4,0.011817743660064882,9.15111029468719E-4,0.003466612524133341,0.001366394345475092,0.001024861805464028,6.118422868427975E-4,0.0017236110856621127,9.337921333486636E-4,1.0,7.768006650936365E-4,0.011875454151114389,0.002106905118144739,0.0010624405707697928,0.0019733371749925113,0.024506846185647524,0.004841102447865479,0.0031750380681242873,0.032784103787246895,0.025980452652527845,6.379209052604518E-4,0.0012616744798094528,6.90671313819791E-4,8.213206861290396E-4,4.805047406343372E-4,4.69222409131025E-4,6.871217622276591E-4,0.0013419141011952775,0.003212236882902084,5.99624291800234E-4,0.009265253686773127,9.648699390970819E-4,1.7061385159071937E-4,8.491062632837819E-4,8.826430595530006E-4,0.009541315912773646,7.362848600846926E-4,3.1620812790975696E-4,0.001059719064723827,4.857129223631132E-4,5.817745203604901E-4,0.0018740624282933456],[1.061676018819833E-4,2.0082475566377434E-4,4.6865045764355405E-4,0.0019911293261816987,0.011035034229414266,1.356063133764726E-4,2.755379265240631E-5,0.016385326361516336,0.00690653300290302,1.527642891025743E-4,2.0921856209752358E-4,1.0053303079764618E-4,0.003342106962237713,2.796318871506719E-4,0.0012049753884615017,6.526562324857478E-4,0.0017273385243288424,7.80957572044062E-5,0.0019134860867499979,4.405079372230907E-4,7.768006650936365E-4,1.0,0.002113629562460776,0.0015878500557262726,5.651736508443658E-4,0.0029913082906057337,7.478003251310695E-4,0.00557168162818416,0.004300228917154484,0.017692327778779292,0.03459738705618942,5.176678967260978E-5,0.0010683451147078772,1.0772321834062294E-4,1.9209265409305795E-4,2.9355398330668535E-5,1.352672130659725E-4,1.5987076623325965E-5,0.0010439528063208084,0.0031581346914584746,1.707027906135995E-4,0.012269120199938475,8.696906775222069E-4,1.5132732363527058E-4,2.011097345118116E-4,1.0495767678292696E-4,0.014813520049173653,7.09930445828799E-5,1.0231077952622206E-4,2.1611491148960222E-4,1.0785950586350222E-4,8.776373701454849E-5,0.0029580667104722844],[0.02047813226258088,0.02604686455024173,0.004566085583186422,0.03672150645489994,0.039401111563661634,0.03059485264221196,0.024772464494021047,0.032962087932520964,0.021271514668752215,0.03148117226009108,0.0025975583156885693,0.039977818230455056,0.020735488251305688,0.011569905920263497,0.02685931154333462,0.03785963505378491,0.034444594910119246,0.029847540182324966,0.01702689674908085,0.010419914269109492,0.011875454151114389,0.002113629562460776,1.0,0.03419599084213225,0.03245622806853122,0.034691236586988236,0.04158005299563034,0.01625548542918092,0.020469239533775316,0.039520144640514884,0.04440427683829457,0.027316578014700065,0.012725108594718976,0.024718198282454862,0.01758489431231345,0.010568615155613609,0.02463401915579648,0.03093473980364678,0.010223274469522068,0.010990098838953202,0.025403544691386195,0.03874971305742898,0.006480961906292007,0.012811774324033697,0.03176051475293127,0.0034876516619500738,0.026003281061378204,0.031023000219889015,0.00634763802695179,0.039917104705734445,0.028065463051296983,0.035836877981102064,0.00800015941885093],[9.96912817308982E-4,0.0015304398458025014,0.0016030424612357324,0.002700967983925805,0.012256608785199827,0.0016069892832198777,2.3913001483683198E-5,0.01888454858362328,0.01196632407769966,0.0011159476925024176,0.0015873195204121737,0.001181207607918509,0.0141025519533277,0.0018862889806595697,0.006009726769529485,0.0019753399639956567,0.0025672368473872295,0.0014730644632713146,0.0021205235236837444,0.0010979154421024975,0.002106905118144739,0.0015878500557262726,0.03419599084213225,1.0,0.001854649040793847,0.0023398717857934415,0.0030285790893082704,0.0025196155530386277,0.004605411347781856,0.008377309177085047,0.03253746618230674,0.0016012822789741457,0.0014325755665452362,0.0015398700730291607,0.0015095333001688919,0.002132665377974611,0.0020872363850546563,4.4000063819439963E-4,0.002701310056151779,0.004128972402621321,0.002114645841977755,0.0031104154021584195,0.001117194985608765,0.0015821416093680894,8.512128128902697E-4,0.0010638626806810372,0.0037084061099838263,7.494665733749213E-4,1.2486210721309119E-4,0.001590706229646993,0.002167269363775088,5.79350430810382E-4,0.0027504170540878434],[2.943310685267795E-4,9.703219380796861E-4,0.0010277486785292785,0.0064367383987185,0.019603603703772003,2.76308395750473E-4,2.466633550473343E-4,0.02303647075290887,0.010970263448582726,9.969864310421322E-4,9.854214128795645E-4,1.0166795649421325E-4,0.006584474704913284,5.695325822139956E-4,0.0014207820048617455,0.0013733081194792743,0.0018111244155375873,7.431940740859303E-5,0.0016736502774270501,9.420272662612189E-4,0.0010624405707697928,5.651736508443658E-4,0.03245622806853122,0.001854649040793847,1.0,0.002302675779251038,0.022935565801639114,0.005805265137134546,0.0037885668611699944,0.011214151489206655,0.02422948992574875,9.015533992287012E-4,0.001226639920159401,4.885890616782385E-4,2.8565213761070957E-4,9.057136716398198E-4,0.0010238033321314872,4.49623242053401E-4,0.00192402005820405,0.002771961198204724,7.541158116428765E-4,0.004807153855804849,0.0010885360686727628,8.657266302841112E-4,0.0010991081484095985,5.897828673529948E-4,0.0032335494742349565,7.281474448199652E-4,2.2079643447659575E-4,0.0013075431731800423,1.7992419009491212E-4,2.17547781879756E-4,0.003935726381363834],[0.0026248799842442457,0.0025017580893415175,0.0010012025064847852,0.0037080104573041024,0.016197902440443064,0.001237092219335771,4.706113257751805E-4,0.01754324020803071,0.011014350750567965,0.0029940039593409113,0.002023168820012187,0.0015797562551293966,0.01694561023830397,0.0016132038310383917,0.005710132445531081,0.0026252875722942884,0.0028831374238760224,0.0029113854131976088,0.0027700913662146416,0.002148204618730572,0.0019733371749925113,0.0029913082906057337,0.034691236586988236,0.0023398717857934415,0.002302675779251038,1.0,0.022647767787593635,0.0059421451934881,0.004332598760103231,0.030935846686691765,0.03400251039743946,2.4838011599246203E-4,0.002240940640260195,0.002363457103792876,0.0013399472270426392,0.0029178474047902507,0.0026060721634503146,0.0026953431350980116,0.003051091585073467,0.007714857452727574,0.0014064427257510967,0.019083898785450207,0.0010420626674509598,0.0011294482393190697,8.029402895552487E-4,0.001924701651401869,0.010927220655477975,0.0018705666109866245,0.0025565208739448666,0.001936954500158585,0.001498893852296694,0.0016039599661381754,0.004420045947019096],[0.012758557976387025,0.024299014300103696,0.005737160789572336,0.017669634038079085,0.025967599766644183,0.005501190477732624,0.02499176230558812,0.04140252050552042,0.03125113710013187,0.008775926193336656,0.04195617663980807,0.006402291493482762,0.02736759452594411,0.021428872249812554,0.03153308329397847,0.04320804901515133,0.009127611801862978,0.009889578715453274,0.024615199315821925,0.03318430834674748,0.024506846185647524,7.478003251310695E-4,0.04158005299563034,0.0030285790893082704,0.022935565801639114,0.022647767787593635,1.0,0.01615471922203785,0.02948897175911099,0.03945933352678882,0.04409481748351368,0.02524221830435016,0.02041894617553184,0.040628069401129424,5.94425609283239E-4,0.02994826777226761,0.036193577769052486,0.010424988568167487,0.02938819990087965,0.026893749006329935,0.021642751855263116,0.036445036189061884,0.04043510285112237,0.03743957800286369,0.03256424191471968,0.011870657096603586,0.03057517235575931,0.035518047128753505,0.014032090130497717,0.03991951607775808,0.012027436699068554,0.021297515656498886,0.021796292173098353],[0.001570263742726064,0.0028786902335351406,0.002041282026624302,0.008032970888978056,0.021481771681996366,0.004975338616456448,0.002892554700447145,0.012041711943585592,0.013651547642454825,0.0026292001178136967,0.0028960632969998426,0.0028549993552491318,0.016700691147156208,0.0022618484107145864,0.006703316978453828,0.004364458854431075,0.006409867654881403,0.001083483278755909,0.0036720048457500667,0.004345759737078015,0.004841102447865479,0.00557168162818416,0.01625548542918092,0.0025196155530386277,0.005805265137134546,0.0059421451934881,0.01615471922203785,1.0,0.005593842123316259,0.014756615265934312,0.00905537881946348,3.26260406411157E-4,0.005608461594931613,0.0038489168945500985,0.0034876092710748635,0.005980138389459205,0.001730642259110709,6.068453969023076E-4,0.005312870105386273,0.007489968239313435,0.0065800208061877535,0.01613692036938397,0.005870123059205654,6.988400591224213E-4,0.005208658830137485,0.00132411043123371,0.0188002656489934,0.002451718575187177,0.0032058152512445645,0.0014899165878010433,0.005325662364026264,0.0010640815242707782,0.005675389992931665],[0.0034932077174757944,0.0044686125470939225,0.0018670547643562141,0.006892697848783382,0.015378411116919108,0.004703720622532794,2.7342264036925816E-4,0.005527701062450527,0.01177574080901483,0.004361299240369522,0.002525313505497531,0.003930588115212052,0.013405415407708409,0.0047636918194613525,0.0051300859789780865,0.003031742243302108,0.004839559757988836,0.001184851658989794,0.004128630190782501,0.004345637944885966,0.0031750380681242873,0.004300228917154484,0.020469239533775316,0.004605411347781856,0.0037885668611699944,0.004332598760103231,0.02948897175911099,0.005593842123316259,1.0,0.0050573061068782095,0.029145275014847583,0.0038382877042634463,0.004569438703893817,0.00408036010959001,0.0037418710424265257,0.0019384143610339042,0.0038018979067601668,0.00438819279855394,0.0037190151981535188,0.006314365717373104,0.00353824177001138,0.012891049948658802,0.002298373818489333,0.0015899224757167777,0.004028859101153069,0.001987013305727376,0.012480148738621024,0.003455578896735113,0.0011467143571611438,0.0021119597714190147,3.282507242885816E-4,0.0013256011532324942,0.004886806768756122],[0.007634309978535645,0.023103971995980948,0.02681442788162798,0.019519432256561754,0.028507825434247062,0.03609466670825188,0.027490880201810803,0.029200706886720586,0.02320125982423285,0.03222132068901572,0.01495251637924051,0.03761581407326112,0.032191613870207296,0.0019738365685944056,0.025725176318635197,0.004873789709717822,0.026627167666952594,0.03034194097591382,0.0162671087494832,0.033808148753570064,0.032784103787246895,0.017692327778779292,0.039520144640514884,0.008377309177085047,0.011214151489206655,0.030935846686691765,0.03945933352678882,0.014756615265934312,0.0050573061068782095,1.0,0.04284460281770194,0.017490536178879794,0.009318389221562756,0.01847365124979641,0.0011962576983791428,0.03417812812705221,0.0010323032206905284,0.018298554709224313,0.030338867855161513,0.028791166772438894,0.02410722822266752,0.033947505651172744,0.026489012195584707,0.0017886275738637361,0.015379278336419498,0.03777510850273802,0.03625407481473619,0.03205796877768363,0.005774913792481955,0.03109109570206874,0.0047769505103166425,0.032261201478154276,0.030260837796882514],[0.029418234607751115,0.024444247380534648,0.00171313717339469,0.013488167389054027,0.043881730992292596,0.019606312984587242,0.008062293166506846,0.04154422851965099,0.03607185433927734,0.022635975947971867,0.004676632599574182,0.03897367398631364,0.020111295384023287,0.016147689539551657,0.022961864787400903,0.03711195756378512,0.02253339931465303,0.009120905449196557,0.005472764096706051,0.040745813173727476,0.025980452652527845,0.03459738705618942,0.04440427683829457,0.03253746618230674,0.02422948992574875,0.03400251039743946,0.04409481748351368,0.00905537881946348,0.029145275014847583,0.04284460281770194,1.0,0.027410812862169582,0.007409555626393508,0.04336053109521916,0.003155874379110483,0.022726353418385522,0.008946436676404866,0.005321534326783437,0.017519797150108908,0.03901369316816748,0.003770852334076528,0.03888707027524276,0.025352077721198237,0.010959465713649195,0.022042412582350974,0.03143783620792972,0.025582005681081182,0.010082792814441136,0.012541686331015357,0.006012399338234414,0.013546854856513923,0.03893481926327913,0.019825644091129652],[7.08097046207931E-5,2.505820447678411E-4,1.4759639672736233E-4,0.005088461756297243,0.0021354670919410696,8.555343098652986E-5,1.9002927228256563E-5,0.018301890336840886,0.009232742415891504,6.519229248403269E-5,1.0126624575904377E-4,7.903052378123595E-5,3.2881162988313267E-4,2.803344350944759E-4,0.006259591842114538,0.001295659763839087,0.0015741107817256233,1.9258632925270145E-5,0.0014775990030525114,3.524101019825911E-4,6.379209052604518E-4,5.176678967260978E-5,0.027316578014700065,0.0016012822789741457,9.015533992287012E-4,2.4838011599246203E-4,0.02524221830435016,3.26260406411157E-4,0.0038382877042634463,0.017490536178879794,0.027410812862169582,1.0,3.137429367132222E-4,9.077441096933798E-5,1.427081352113869E-4,2.7767727998884415E-5,1.3401055345774624E-4,1.5057711943539131E-5,4.858424852869152E-4,3.489553278725355E-4,3.042574066554447E-5,0.013168969824228058,7.610792654155238E-4,3.8791157021805824E-5,3.4413217920948816E-4,5.049888723743673E-5,0.014219102347450777,2.1511436796933504E-5,4.776060098950246E-5,3.5987533899421405E-4,8.765965656484765E-5,2.8510605598598446E-5,0.0014979257009126138],[7.210488256495283E-4,0.001048922374533564,8.962777773851979E-4,0.003503065052604723,0.013510539463688558,9.812837110193362E-4,8.048684744721159E-4,0.02080064911966781,0.012374493221232548,7.533656881784385E-4,0.0011694193159753432,1.638030797239878E-4,0.009135063443423552,7.750034060404745E-4,0.0030833509920382704,0.0013791642158807946,0.0026880448192421,0.0012385661360864192,0.0014377493971414774,9.343597027605632E-4,0.0012616744798094528,0.0010683451147078772,0.012725108594718976,0.0014325755665452362,0.001226639920159401,0.002240940640260195,0.02041894617553184,0.005608461594931613,0.004569438703893817,0.009318389221562756,0.007409555626393508,3.137429367132222E-4,1.0,2.9955530646442313E-4,9.559681794009915E-4,9.887252411899343E-4,5.243036259332466E-4,8.317678881492707E-4,0.001969300358823747,0.004818784355773169,0.001132665490645726,0.002620873184176051,0.001076743364686082,8.146350356328328E-4,0.0011988321271644252,3.148153397355919E-4,0.01846313613847836,9.25812504927438E-5,8.930683636146741E-4,0.001312810943144562,3.03202478090464E-4,2.529463395783605E-4,0.0024743602817992724],[1.1798146856864572E-4,2.2830321238446295E-4,1.366862954909116E-4,0.006840717801655265,0.023582597320760554,1.2074683667099488E-4,6.675334884876485E-5,0.015670166851105075,0.004940012083261174,1.2340545733664538E-4,2.1145651785308938E-4,1.0800576804524999E-4,0.006108749578087186,3.875586071512671E-4,0.0040573619976309785,3.6645844786488267E-4,0.0022813753105544727,5.9475522079727495E-5,9.385145011788487E-4,6.967968689693313E-4,6.90671313819791E-4,1.0772321834062294E-4,0.024718198282454862,0.0015398700730291607,4.885890616782385E-4,0.002363457103792876,0.040628069401129424,0.0038489168945500985,0.00408036010959001,0.01847365124979641,0.04336053109521916,9.077441096933798E-5,2.9955530646442313E-4,1.0,2.1062295221988008E-4,3.096251223476435E-5,1.5883600827437935E-4,5.848835384329872E-5,0.0028999803591757962,5.975635200710576E-4,4.623727602158272E-4,0.022763767524656007,0.0010093583310519048,1.1596838617084079E-4,6.946192510962725E-4,1.4259803720879634E-4,0.009813061182564446,3.62910493193902E-5,1.0582817661156742E-4,4.3443388290430643E-4,1.433451695850383E-4,5.6075645852239264E-5,0.0014150925636234215],[2.175865667766204E-4,2.5048503393699265E-4,5.171448056311382E-4,0.007776975887472267,0.02377020793381097,1.8305987501569454E-4,9.324444385483028E-5,0.018720770433825078,0.0017035033529319416,3.7021290047814623E-4,4.11477494507006E-4,2.085560052561604E-4,0.0035729058064027266,3.487378959442391E-4,0.0011703919551829091,9.762796986876903E-4,9.316166291266677E-4,5.357738330039589E-5,9.579315408908576E-4,2.8515671235438377E-4,8.213206861290396E-4,1.9209265409305795E-4,0.01758489431231345,0.0015095333001688919,2.8565213761070957E-4,0.0013399472270426392,5.94425609283239E-4,0.0034876092710748635,0.0037418710424265257,0.0011962576983791428,0.003155874379110483,1.427081352113869E-4,9.559681794009915E-4,2.1062295221988008E-4,1.0,7.754359286984625E-5,2.2399240144444556E-4,1.7570033208733516E-4,4.4696794274372455E-4,0.006451185324144225,3.493348898989701E-4,0.0037831133809781833,6.864333540897766E-4,2.186276295573564E-4,5.275498149929729E-4,2.1008185410255733E-4,0.012772456333968393,1.350046072840624E-4,1.705577557820065E-4,9.987371090829417E-4,1.8783177330970795E-4,2.1458908107595067E-4,0.003413054391299039],[8.358657262234363E-5,5.323574087816197E-5,1.5752457163398676E-4,2.5054384372013796E-4,0.004132135195241686,8.821764444571646E-5,2.3811763275683278E-5,0.010197539852268813,0.01329113520781752,3.322656534734088E-4,9.6734512447825E-5,5.957721467423225E-5,0.010031158784639676,3.569548406163807E-4,0.00154850210217639,2.0880276954404357E-4,0.002293263222869699,1.7131665406946424E-5,9.997410174818078E-4,3.97563097896744E-4,4.805047406343372E-4,2.9355398330668535E-5,0.010568615155613609,0.002132665377974611,9.057136716398198E-4,0.0029178474047902507,0.02994826777226761,0.005980138389459205,0.0019384143610339042,0.03417812812705221,0.022726353418385522,2.7767727998884415E-5,9.887252411899343E-4,3.096251223476435E-5,7.754359286984625E-5,1.0,1.5023957321604183E-4,2.551309977614165E-5,2.490160002123567E-4,0.006517184568346842,3.348036796694103E-4,0.008933286738261496,9.220742740602315E-4,7.1099658261242E-5,5.738554285444132E-4,1.143159930952846E-4,0.006550936064889726,2.5301269778588856E-5,7.19061894973894E-5,2.669591584081331E-4,1.2111460752247594E-4,3.4675166625869185E-5,1.0159915924211475E-4],[1.582185612302736E-4,3.3078321162381734E-4,5.596605609272186E-4,0.007464193449534521,0.02167362056770439,1.624914832317613E-4,1.4731125989137013E-4,0.021058613330310484,0.01404558390500496,5.227556685222019E-4,3