[[1.0,0.0020931044898944537,7.731105799811823E-4,1.2151413687971043E-5,3.948691379316422E-5,1.1712168798488668E-5,1.3529964058710871E-4,0.004553570298398387,1.4449388144277306E-4,1.4390655991519437E-5,0.00601621051630532,8.032013029242223E-5,1.0272128621054224E-4,1.4630282044300751E-4,6.9517240116397E-5,0.0011997512430209926,7.479093872260907E-4,3.1617535901023005E-4,1.2191352131616864E-4,0.019274278408526368,1.8025756178558847E-4,3.81367872605357E-4,0.0034699832889814783,4.301902517107406E-4,2.9905674905430645E-4,5.1759120332937805E-5,0.0012490984802229546,3.844102956979001E-5,1.5572250485846677E-5,0.003067317772386917,0.005396759964438172,5.914960563060817E-4,8.208745100107981E-4,1.3905307028067803E-5,3.2341882119294883E-4,1.464482433919006E-5,0.0072941113628909445,9.170933359089163E-5,0.003532077960974111,1.2121935237394645E-5,0.006261509573071291,0.006016869700944425,1.1690322788551029E-5,0.008275073727927814,5.081193302204107E-4,4.718580145988616E-5,0.0021326957122961513,0.001928804305806782,1.6530700638391156E-4,2.085431786876549E-4,0.00287615056281368,1.2998323341498959E-4,0.008043142499381492,0.00469174701870233,7.662214916342216E-5,2.7037345537648177E-4],[0.0020931044898944537,1.0,0.0021221381443123884,4.648599950793125E-4,0.0017679602580430013,0.001340539335975544,0.0012188806339430392,0.0031281271653194214,0.007507791021929642,8.275521254340428E-4,0.004602316342206109,0.0011389790811471884,0.0015542796754888623,0.0018437531136575676,7.705650454350418E-4,0.001727534927703834,0.00197001143956713,0.0016900679812524096,7.190168001468675E-4,0.012245702116144296,9.465589093013725E-4,0.0013895447092867443,0.002324394377325753,0.001143582929419477,0.0016596388542016185,0.0019679302053617,0.002781486972585101,0.0014166310547926528,0.0018960125309382056,0.003926572956274107,0.010952904676499078,0.001739927351826502,0.0014565751976679704,0.0017078627731166227,0.001228870148980122,5.685129383216374E-5,0.010488378837047608,0.0022332394218975826,0.005779333094483058,2.0860933389912374E-4,0.010844086049659668,0.006192623791042073,3.4734288060273656E-4,0.013587362649094561,0.001946995483315101,0.0011016738350296254,0.002283937784387096,0.002847878691181375,0.006796705399677779,9.189698969136797E-4,0.0032911216767506366,3.3930464854727504E-4,0.010331839025985431,0.008338483316366302,5.133199694215869E-4,5.205775737619356E-4],[7.731105799811823E-4,0.0021221381443123884,1.0,2.108225264557473E-4,8.261718333379435E-4,0.0013917040008109372,5.599584482748477E-4,0.004272853033870603,0.006218166854468578,7.033767600911137E-4,0.006391682473630492,7.463793489852152E-4,0.0013787966011197142,9.836132867996642E-4,7.493811474813223E-4,0.0015447488797685684,0.0015252562165380598,0.0013436376348948146,0.0012807498464214077,0.019188109733020483,3.982144998088518E-4,0.0014064332605656013,0.0019529771999395678,0.0013789840221019745,0.0011809238987971489,0.0015383873738787324,0.002686720803449793,8.527102038977349E-4,6.251671857969515E-4,0.0018844270660874872,0.0017496864911094342,0.0016070564370684872,0.0015703401383436884,0.0011695456298099825,0.0015616423268113627,0.001194733528735249,0.004311850432806092,0.0012594941250485612,0.005138399809662431,0.0013376613900797283,0.0018962613403461898,0.007359587495338316,9.1974640289265E-4,0.002103152787561689,6.204503309855807E-4,0.0014022135696765156,0.002900919114415027,0.004270580169797174,0.009069057376631214,3.398478732651989E-4,0.004495161344548784,0.0014392065481693883,0.006004526197641757,0.004938753894837909,0.0010706829442558774,4.7970850380193585E-4],[1.2151413687971043E-5,4.648599950793125E-4,2.108225264557473E-4,1.0,3.435575548818257E-5,1.1862535533227355E-5,1.617886155072098E-4,0.004624964357294647,0.005886680553460602,1.6727487613254093E-5,0.0021948215264930154,4.996504585234622E-5,9.012485146856271E-4,1.3266506367416505E-4,1.1208721790555151E-4,1.2749016225852166E-4,7.947270853555076E-4,4.3781516972126296E-4,7.446728024177823E-5,0.016732698276641204,5.1337752086625846E-5,2.127593103610375E-4,0.0030860548740478115,4.93205564942485E-4,2.942757529051279E-4,4.233453842029273E-4,1.8879235217350183E-4,5.132281678999556E-4,1.4963675762154485E-5,0.001416969571488119,0.004311042320118753,0.001062114151414615,7.158785660511033E-4,1.287223500910821E-5,8.520246331205427E-4,1.399061195386398E-5,0.0016805201118387642,8.881719884523139E-4,0.002187012945662544,1.2413451222930376E-5,0.007576415875587243,0.0066444606636802605,1.219326428690818E-5,0.009978458665931757,3.1163653548713387E-4,3.0969529012015516E-5,4.488401983089309E-4,0.0017477424690082086,0.006395902749407106,1.8336020620696305E-4,9.631325648765108E-4,2.5375292714218234E-5,0.01055655527433693,0.006850165555017996,4.0623164696734346E-5,1.7445112203634503E-4],[3.948691379316422E-5,0.0017679602580430013,8.261718333379435E-4,3.435575548818257E-5,1.0,4.298869275964423E-5,6.82893934495016E-5,4.8446750814767014E-4,8.504822772716313E-4,3.689532363537027E-5,0.007278895532627014,6.930968557021937E-5,7.374362180594019E-4,6.580514656700728E-5,8.837206981960645E-5,0.0010722167750855274,3.516070807424423E-4,1.775912739551026E-4,8.533386589246002E-5,0.0033929396511562975,2.6369586682183516E-4,1.7099918013654898E-4,8.305532504811349E-4,2.0216617490307755E-4,2.4737525225315037E-4,8.967252599613381E-4,7.57306065099576E-4,1.3058698956971095E-4,9.502488312695374E-5,0.0013637975673523027,0.012187923280464879,0.0012189927428557818,6.603228360136039E-4,4.048685700998803E-5,7.097251657182326E-5,5.7436458592460424E-5,0.0016728298415006695,4.4471087810630573E-4,0.005845296510088586,1.329871622359485E-5,0.008908281095444667,6.88886136176912E-4,3.643391612543468E-5,0.0012208013483979427,8.661616919733155E-5,5.743296976417738E-5,0.0022553389308896427,0.002129204618174598,0.00813480767949763,2.1780028741959158E-4,0.0016984092147443565,8.672953950847438E-5,0.0019444574876773114,0.00679822768192816,7.140817361862122E-5,2.0260219495722058E-4],[1.1712168798488668E-5,0.001340539335975544,0.0013917040008109372,1.1862535533227355E-5,4.298869275964423E-5,1.0,1.967206418658117E-5,0.005205221559245855,0.008354201216218398,1.8380570611372345E-5,0.007247398798855785,6.062841441030168E-5,5.4058858954451E-4,1.4518497007841798E-4,7.732352598329542E-5,6.904757389762443E-4,5.695961761186802E-4,7.384479054898187E-4,8.974556122530987E-5,0.008088390469600335,7.125934764924341E-5,9.499702656438825E-4,0.002310482807576543,4.872789149522533E-4,1.7738782891303688E-4,9.081596388524762E-4,2.2285603634795512E-4,3.154577260849978E-4,1.0433951903623448E-4,5.604505600719243E-4,0.006449003265393525,4.5093580644140364E-4,2.9803169189553696E-5,1.1650240616387236E-5,4.885016501985067E-4,1.5121199574616815E-5,0.0010360305925213613,3.4677246327821355E-4,0.0022514333896026285,1.1258074745193202E-5,0.008829662248426809,0.004458628552929773,1.0923071511453086E-5,0.004554967694802515,4.1150849240197097E-4,4.756645733449347E-5,0.0035885317966881233,0.0032332050092120207,0.004054255890039136,2.2986706410246167E-4,0.00632878986569932,2.458697683952037E-5,0.01553260389335249,0.007455328122667529,7.828052101798581E-5,2.0130122458406676E-4],[1.3529964058710871E-4,0.0012188806339430392,5.599584482748477E-4,1.617886155072098E-4,6.82893934495016E-5,1.967206418658117E-5,1.0,0.002031010740143161,0.006500044103225397,5.127449643591415E-5,0.007270486186390782,1.2640198976501604E-4,6.894713769687666E-4,1.591887835105998E-4,1.7272891910725634E-4,9.143950805421553E-4,4.393960463811173E-4,5.355381321377234E-4,2.1539929150634835E-4,0.009050010507262934,2.9336823971872346E-4,2.947140743281299E-4,0.0026200042642226615,2.884751609008848E-4,3.032823741620178E-4,0.0013397970303722323,0.002164035602237981,4.11741321990061E-4,1.1592889928677618E-4,0.0034335703817427172,0.005422296800533108,9.353215126578442E-4,6.897833913686693E-4,1.4160841572135173E-4,2.9438935450984015E-4,1.5753197283668776E-4,0.0019482284014175045,6.831038906828072E-4,0.002242939523236909,8.914990374221551E-5,0.003045221016437701,0.0041595847513679965,1.1068592211227379E-4,0.012895837098967251,3.874743926565224E-4,1.0058182675757584E-4,0.0015289221459208083,0.00366727776758244,0.006927588424122831,2.3820187201339908E-4,0.006062772223865927,2.0265099030634845E-4,0.008777528831659304,0.005495589539735306,2.1867097224555118E-4,2.989394248490019E-4],[0.004553570298398387,0.0031281271653194214,0.004272853033870603,0.004624964357294647,4.8446750814767014E-4,0.005205221559245855,0.002031010740143161,1.0,0.007818110652798322,0.001782246527787299,0.006222583640223528,0.0032335991741196616,0.004122941486304602,0.0013733891086825745,0.004968828979276647,0.005377005170804855,0.003936962687111651,0.0016149389802331137,4.399255418370455E-4,0.014831645063175802,0.004537363253412901,0.00434813255109906,0.004061099080455908,0.0017402691422196356,0.0013271158567722294,0.004354587453307164,0.005330563722011811,0.005057153696669493,9.668640645884207E-4,0.005462235000931883,0.011077056774076263,0.002012447473172624,0.004705628075424488,9.85294989182066E-4,0.004476359589409593,0.004680443620815597,0.01566199528755882,0.0037482993127170077,0.0072100181711497735,0.002311033474060258,0.007451494102093531,0.005715220474423908,0.0034091019934415546,0.012879492898926233,0.0029851728778067187,1.86725378772443E-4,0.005237308582713064,0.0054787907341631425,0.0071583883613920655,0.00508480617422872,0.00587732419511323,0.004977719282388263,0.008597651029059707,0.006963014172525808,0.005058299337545433,0.0018778917181807055],[1.4449388144277306E-4,0.007507791021929642,0.006218166854468578,0.005886680553460602,8.504822772716313E-4,0.008354201216218398,0.006500044103225397,0.007818110652798322,1.0,4.165176000832675E-4,0.013139269912011885,0.012429784250478956,0.007761786820628665,4.069542258733006E-4,0.006605459737646454,0.012595821676473672,0.012236468655507022,0.005323993760136887,0.0036930414306728014,0.014129585045766757,0.005730548279277489,0.012268404610936515,0.009414011088387329,0.013522146542716695,0.0024591583104797885,0.0024961355967193163,0.0087971182359103,0.0025383239185965746,0.009740502138497103,0.012729164060659964,0.013847748791028968,0.010625140111427274,0.00881748831292219,0.001232398367052109,0.0038374348009494177,4.714097566737615E-4,0.014587293202681711,0.006187088220811193,0.010586965331803522,0.012602515080870989,0.011189904071655219,0.011460261421666985,0.001419169557614176,0.014127972696994137,0.01117754936282036,0.00454690076938691,0.012972142270556899,0.007034024528969375,0.013191563524348051,0.006612401163359413,0.013038105439439895,0.012576282580134223,0.015450796300531503,0.012016406032287813,0.0024839756721923368,0.010234680049206817],[1.4390655991519437E-5,8.275521254340428E-4,7.033767600911137E-4,1.6727487613254093E-5,3.689532363537027E-5,1.8380570611372345E-5,5.127449643591415E-5,0.001782246527787299,4.165176000832675E-4,1.0,0.0027670028251417953,6.27199574874223E-5,0.0011771166597881533,1.2859835577308613E-4,1.1106048257335704E-4,7.650652139331582E-4,6.402742714659247E-5,7.489400664025461E-4,1.1580083800063606E-4,0.00904769610596395,1.956014947287187E-4,6.604515661224952E-4,8.004827552698506E-4,2.0116059247006517E-4,3.089078405410522E-5,0.0010826077573482548,5.27815900695762E-4,5.642023530578735E-4,4.36334887792088E-5,6.845378668966024E-5,0.004582553769622203,9.335496384577049E-4,3.9348494609906063E-4,2.1513736761538167E-5,7.842907044249656E-4,2.2742892357948683E-5,0.011384327791557828,1.269089220814028E-4,0.008642758504563917,1.5221986543882003E-5,0.008701193937871454,0.007407819007096331,1.5500087461682452E-5,0.005107320207710697,3.554972628939642E-5,4.849197009074839E-5,0.0031972468989819574,0.003041568428693265,0.008967513374256619,1.8531268286195657E-4,0.003730380004720585,1.2135520558386655E-4,0.007031002963951773,0.008994625937746865,9.29542689017197E-5,1.672349386085252E-4],[0.00601621051630532,0.004602316342206109,0.006391682473630492,0.0021948215264930154,0.007278895532627014,0.007247398798855785,0.007270486186390782,0.006222583640223528,0.013139269912011885,0.0027670028251417953,1.0,0.007844856573445415,0.0022140513982453845,0.005791803530820622,0.0010366273191745737,0.005258196467591523,0.0042660725574992725,0.0018124559832705647,0.004161288325100805,0.015819046214497434,0.0010717118040142282,0.006978672266877359,0.004390504241250133,0.0078016071227066715,0.007461643806438547,0.006290799103592026,0.004198748537841698,0.00611580887061366,0.007952496269004971,0.00452465501555145,0.010739815318530768,0.0034014837704081247,0.0026989556520613106,0.002245953337451051,0.0036584846656181123,0.005366092213412723,0.013438934201465549,0.0029874008383063947,0.00839910326333503,0.006715413040395186,0.009813812622041887,0.008041588623751431,0.0025671788614911747,0.014537813115184092,0.0026420685695247603,0.003817996096134449,0.0057230471232758845,0.006172200676477798,0.00852340313589123,0.006180562712003512,0.007898540420319051,0.0031240085426490335,0.015646961847521765,0.009831798906100217,0.002067207358090944,0.004719050199409241],[8.032013029242223E-5,0.0011389790811471884,7.463793489852152E-4,4.996504585234622E-5,6.930968557021937E-5,6.062841441030168E-5,1.2640198976501604E-4,0.0032335991741196616,0.012429784250478956,6.27199574874223E-5,0.007844856573445415,1.0,6.847834522818669E-4,1.1627206508664079E-4,1.1148982561246915E-4,0.0010089169466179122,6.77736231201905E-4,0.0010835834796384285,1.3021010273292456E-4,0.01913978269477052,3.161405438427711E-4,6.339323006948254E-4,2.876035514412493E-4,2.510222802751388E-4,1.4065004289325685E-4,0.0013314135713436892,0.0017205434534792701,3.008115943423905E-4,1.066035092585757E-4,1.6389380348646884E-4,0.0069172823222627446,8.150326188503892E-4,2.111277403962416E-4,7.036762516119787E-5,2.498198365773399E-4,1.026010179159713E-4,8.741448929481016E-4,1.6829234729372986E-4,0.002460103982177554,1.8495536167594313E-5,0.007012158153344803,0.004294609970812101,8.480830702477097E-5,0.011020205730055676,1.8985460774880228E-4,8.456653057230387E-5,0.004016226529357389,0.004742702626834372,0.002861675748824088,2.2042163344027581E-4,6.768103256656873E-4,1.0614733662059625E-4,6.391885744268483E-4,0.0037760706633659493,1.0343915948416727E-4,1.582416757440696E-4],[1.0272128621054224E-4,0.0015542796754888623,0.0013787966011197142,9.012485146856271E-4,7.374362180594019E-4,5.4058858954451E-4,6.894713769687666E-4,0.004122941486304602,0.007761786820628665,0.0011771166597881533,0.0022140513982453845,6.847834522818669E-4,1.0,0.0010269714084443456,0.0010102205311093872,0.001221924844012843,0.00117342295570413,0.0012030320502548005,6.331208082429803E-4,0.0027113600068662228,7.879671013029631E-4,0.001129697004851369,0.00254071390508132,6.10514941886611E-4,8.468219557717948E-4,0.0013319753948816424,0.0021764513995421917,7.200311293596467E-4,8.059967976709658E-4,0.002671386084126457,0.008849788108887875,0.0015233341774882243,0.001075729321093221,3.227024921437599E-4,0.0011708041519848315,4.1219455461548966E-4,0.009830475510936123,0.0012029242363213975,0.007230360128988365,0.0010195387880656103,0.007618462170466278,0.002526475402382503,0.0010012417656715155,0.012054550782229473,8.498629989438369E-4,9.743905048561855E-4,0.003623114944600116,0.0025810332756327613,0.007191479054418101,4.5956781631948307E-4,0.0075231554678767305,9.749984729478127E-4,0.010390288804767856,0.005179576635758725,4.558580313729032E-4,9.847389011894392E-4],[1.4630282044300751E-4,0.0018437531136575676,9.836132867996642E-4,1.3266506367416505E-4,6.580514656700728E-5,1.4518497007841798E-4,1.591887835105998E-4,0.0013733891086825745,4.069542258733006E-4,1.2859835577308613E-4,0.005791803530820622,1.1627206508664079E-4,0.0010269714084443456,1.0,1.2009663587987444E-4,4.905188653788739E-4,3.357278098324508E-4,5.133344322781644E-4,1.3214835252196942E-4,0.016016729793767715,1.6091021363970844E-4,4.06785163210614E-4,0.0032092660731924162,4.3874077248885236E-4,2.598554892805234E-4,4.948320736474106E-4,3.148366114894914E-4,4.603719694145976E-4,1.441708649018812E-4,0.0014032747251894733,0.004641328155706124,9.2910145400738E-4,8.397212746139558E-4,1.2230414301522686E-4,2.598412253455369E-4,3.995049337686891E-5,6.442616043992054E-4,3.563529636041651E-4,0.0040330713394428,1.1824545825930571E-4,0.0013914189226630815,4.5629481087041627E-4,3.632352652876176E-5,0.012681253483871195,3.81398401195959E-4,1.3456267694292087E-4,0.002792232160635244,0.001046436145682502,0.003295847648031436,2.3146583496058598E-4,0.0031717342599438102,1.3122819602401367E-4,0.009521702887879437,0.004116161298044986,1.3161763673247322E-4,1.8376678068586332E-4],[6.9517240116397E-5,7.705650454350418E-4,7.493811474813223E-4,1.1208721790555151E-4,8.837206981960645E-5,7.732352598329542E-5,1.7272891910725634E-4,0.004968828979276647,0.006605459737646454,1.1106048257335704E-4,0.0010366273191745737,1.1148982561246915E-4,0.0010102205311093872,1.2009663587987444E-4,1.0,5.969781521784651E-4,6.24823888409328E-4,4.971570940788838E-4,1.2540063646026428E-4,0.00850650975996505,1.1908050949499466E-4,2.2763354594222912E-4,0.0013839660599813148,3.907155376699297E-4,1.6330230983217182E-4,1.4639139109342905E-4,0.0021981960415297765,2.1115605949183035E-4,1.1106969244080077E-4,0.0021822663653540877,0.009646359809001697,4.0737107865936414E-4,7.004036210647975E-4,6.655181496198046E-5,7.430786030277282E-4,9.977929337859555E-5,0.012365602252288464,6.096132432334564E-4,0.006685378780294605,3.217237143078318E-5,0.0029263655055321936,0.007127345503169201,9.359106880109201E-5,0.013944933285400477,1.3586803523298993E-4,5.295159152595162E-5,8.570765956118883E-4,0.00452906323655748,0.003243990296302459,2.2621890950699135E-4,0.0033781004439810383,1.2287916272677192E-4,0.007889823257041776,0.005736084170842116,1.1424618720317491E-4,2.444413983014357E-4],[0.0011997512430209926,0.001727534927703834,0.0015447488797685684,1.2749016225852166E-4,0.0010722167750855274,6.904757389762443E-4,9.143950805421553E-4,0.005377005170804855,0.012595821676473672,7.650652139331582E-4,0.005258196467591523,0.0010089169466179122,0.001221924844012843,4.905188653788739E-4,5.969781521784651E-4,1.0,0.00116538519959405,0.001202230743915274,7.085958150893524E-4,0.0070445113979149595,0.001045044965616945,0.0011997445937391349,0.00258397775594473,7.925942785486668E-4,5.563821272604799E-4,0.001232348134484859,0.0017546018427308059,0.0010644782654115812,4.5829196314488166E-4,0.004086042268014922,0.013728353483296655,0.0013385803980656143,0.0011242858359650075,8.776731740735931E-4,0.0012114799545076612,0.0010738898811632168,0.011248639539296536,0.001215390224690897,0.00989311434080533,4.579734931426443E-4,0.00447927772258593,0.007390991366681167,2.096969398427068E-4,0.0070720319093435695,5.620465002509356E-4,7.547892934875717E-4,0.003111319491572738,0.002972252952434656,0.009101034612608916,9.655480463018925E-4,0.007571706611931074,5.40771345648334E-4,0.016828512041519524,0.0029191314221449147,0.0010712469421099617,5.183080616615922E-4],[7.479093872260907E-4,0.00197001143956713,0.0015252562165380598,7.947270853555076E-4,3.516070807424423E-4,5.695961761186802E-4,4.393960463811173E-4,0.003936962687111651,0.012236468655507022,6.402742714659247E-5,0.0042660725574992725,6.77736231201905E-4,0.00117342295570413,3.357278098324508E-4,6.24823888409328E-4,0.00116538519959405,1.0,0.001160497109733069,3.7506157019482126E-4,0.009827821954092918,7.522797994128129E-4,0.0010966885068156027,0.002356343422069382,7.271708515754024E-4,0.001042398814754265,0.0011451045078626437,0.0012675956702826955,0.0010134601467509763,5.886333313311906E-4,0.0019013705362156703,0.00415972500695902,0.0015981734091641828,0.0010516916032754875,9.621777621296257E-4,0.0011394281973128298,9.148970986779183E-4,0.003956722639494384,0.0011252018288547296,0.009776430324460052,9.774965274437226E-4,0.009902301141809908,0.006113682844743834,9.136592580350529E-4,0.011113735147772568,0.0010523830857683473,1.3014436179439298E-4,0.002576279645694705,0.003680622649538963,0.009821417397967968,9.086558954943161E-4,0.0030685559785537902,6.199664526086459E-4,0.012532439966516326,0.006654980758587189,7.857374598495927E-4,5.442084757547008E-4],[3.1617535901023005E-4,0.0016900679812524096,0.0013436376348948146,4.3781516972126296E-4,1.775912739551026E-4,7.384479054898187E-4,5.355381321377234E-4,0.0016149389802331137,0.005323993760136887,7.489400664025461E-4,0.0018124559832705647,0.0010835834796384285,0.0012030320502548005,5.133344322781644E-4,4.971570940788838E-4,0.001202230743915274,0.001160497109733069,1.0,8.693868716981235E-4,0.005948053045824822,0.0010569146572571265,0.0011397234361451973,0.0019966922074868398,0.001082545521392726,0.0010012160596187694,0.001331868357429508,0.0025474021860264224,7.809902796452189E-4,9.206406535542997E-4,0.0013016311949222727,0.009449251277249516,0.0013338030663399424,0.001064236282611774,6.347843126095102E-4,0.0011793476164201765,4.228132454960536E-4,0.013385194694467356,0.0011940320463734403,0.0044510122763398476,7.04905743811282E-4,0.0046872187447369795,0.0040826706663647854,8.048177087144788E-4,0.0037273104111418803,6.567980377464252E-4,3.469211613373123E-4,0.001677652465316567,0.002538867155920807,0.005757522430078018,7.646873381804318E-4,0.0052587723341093,8.26360895107193E-4,0.005922230642350391,0.010577836392703323,8.344232157587718E-4,3.986749333896332E-4],[1.2191352131616864E-4,7.190168001468675E-4,0.0012807498464214077,7.446728024177823E-5,8.533386589246002E-5,8.974556122530987E-5,2.1539929150634835E-4,4.399255418370455E-4,0.0036930414306728014,1.1580083800063606E-4,0.004161288325100805,1.3021010273292456E-4,6.331208082429803E-4,1.3214835252196942E-4,1.2540063646026428E-4,7.085958150893524E-4,3.7506157019482126E-4,8.693868716981235E-4,1.0,0.008120934008077377,2.7196867720314267E-4,6.354459713395622E-4,0.002898398834713167,3.598346228542485E-4,2.904065682996863E-4,8.749713090247697E-4,0.0029388637126956463,5.597401205854561E-4,1.2706257123036208E-4,5.902960760633943E-4,0.004005028152330837,9.112447170897494E-4,4.933168626519687E-4,3.4272423042897716E-5,9.395603756931864E-4,5.194814078090935E-5,0.004253097194341275,5.787920129034381E-4,0.008821807909683168,7.538015598470198E-5,0.00230945578734422,0.0038256062023300386,1.2082954087843836E-4,0.00559630513403186,2.499292898880913E-4,5.706493247164267E-5,0.0032738337077153645,0.0038624231768266378,0.008104644461299297,2.2203362493595634E-4,0.004444358590607982,1.3073768099763894E-4,0.00804476207313267,0.005849341007211312,1.295267905387513E-4,1.711079858292065E-4],[0.019274278408526368,0.012245702116144296,0.019188109733020483,0.016732698276641204,0.0033929396511562975,0.008088390469600335,0.009050010507262934,0.014831645063175802,0.014129585045766757,0.00904769610596395,0.015819046214497434,0.01913978269477052,0.0027113600068662228,0.016016729793767715,0.00850650975996505,0.0070445113979149595,0.009827821954092918,0.005948053045824822,0.008120934008077377,1.0,0.00710741609270272,0.014295587440139802,0.0057142532538465764,0.018975071431975393,0.003726022444472184,0.00466872197313734,0.004675427267550456,0.019488354158230775,0.013004684362921242,0.011082424723711255,0.019333033506126356,0.01974816736429632,0.014101259671819308,0.00850470370124964,0.0057379436142678975,0.010805674271805909,0.01970283694804555,0.0193637369914895,0.011285873990732831,0.014464778267620909,0.017506728980422062,0.016163234767466696,0.007351655839700555,0.01724804406698746,0.01232023702207098,0.0023154415273210945,0.0178440174100725,0.005198500873375377,0.014934101012612817,0.0033119554738473694,0.008510756293578102,0.01466946512277966,0.019085251389285005,0.017316240746672967,0.0012478361521623697,0.016441186939461384],[1.8025756178558847E-4,9.465589093013725E-4,3.982144998088518E-4,5.1337752086625846E-5,2.6369586682183516E-4,7.125934764924341E-5,2.9336823971872346E-4,0.004537363253412901,0.005730548279277489,1.956014947287187E-4,0.0010717118040142282,3.161405438427711E-4,7.879671013029631E-4,1.6091021363970844E-4,1.1908050949499466E-4,0.001045044965616945,7.522797994128129E-4,0.0010569146572571265,2.7196867720314267E-4,0.00710741609270272,1.0,4.3133149106357654E-4,3.8189737124930925E-4,3.949102390597556E-4,3.245695548582612E-4,0.0010620653703475812,5.078565255643183E-4,3.886041960305E-4,1.1760430917663356E-4,0.0010877179313279446,0.011513260982679885,7.5693016386303E-4,7.80562530489453E-4,1.3194710337330963E-4,0.0011007352303864849,2.7669155683691525E-4,0.009786744038295915,5.254586481950062E-4,0.00396589739200122,2.2821242886991386E-4,0.011090487631839417,0.0037641663556415416,1.9998906447939E-4,0.010599230008790369,4.403881418706145E-4,1.8227210874848185E-4,0.002839782927963402,0.002699046121179426,0.006816263711081196,2.4043871792200425E-4,0.007359648759459348,1.8527657983320346E-4,0.003985958704521424,0.005593572724219964,1.1096441664450965E-4,3.494312874074511E-4],[3.81367872605357E-4,0.0013895447092867443,0.0014064332605656013,2.127593103610375E-4,1.7099918013654898E-4,9.499702656438825E-4,2.947140743281299E-4,0.00434813255109906,0.012268404610936515,6.604515661224952E-4,0.006978672266877359,6.339323006948254E-4,0.001129697004851369,4.06785163210614E-4,2.2763354594222912E-4,0.0011997445937391349,0.0010966885068156027,0.0011397234361451973,6.354459713395622E-4,0.014295587440139802,4.3133149106357654E-4,1.0,0.003464257236447139,9.643374522375449E-4,6.075840295011083E-4,0.0013477292269304063,0.0023502545980302013,7.455679521012538E-4,5.87031348008884E-4,0.0015440091716350816,0.012062635112523165,0.0012591961675656386,0.001079186443515312,8.463681600980944E-4,0.001110825826816274,8.249695430650914E-4,0.016986059145204162,0.0011810377597161995,0.0016568161160740742,0.0010778086694211526,0.0030596923938437173,0.005160746812253536,6.680779681466881E-4,0.006156072946409682,9.35544542771067E-4,1.6034916569997813E-4,0.0017100844643887082,0.004083727606685109,0.005290890582431986,4.941303786744443E-4,0.006353634516100357,2.357832364736241E-4,0.010922003998369607,0.0026544984468895175,7.472655042364111E-4,4.4155675548302175E-4],[0.0034699832889814783,0.002324394377325753,0.0019529771999395678,0.0030860548740478115,8.305532504811349E-4,0.002310482807576543,0.0026200042642226615,0.004061099080455908,0.009414011088387329,8.004827552698506E-4,0.004390504241250133,2.876035514412493E-4,0.00254071390508132,0.0032092660731924162,0.0013839660599813148,0.00258397775594473,0.002356343422069382,0.0019966922074868398,0.002898398834713167,0.0057142532538465764,3.8189737124930925E-4,0.003464257236447139,1.0,0.00306535617231723,0.0021162859964910215,0.0031572446129875505,0.003330358296858037,0.0013442073230104591,0.0024561068601286497,0.003538348342371875,0.003925777888115155,0.003239144889205511,0.0016375175526137332,5.706046569193609E-4,0.002836286171785339,0.0024794874278817524,0.010882889901561854,0.002645068991699768,0.006147443273014596,0.0026525910610308515,0.009969591388339524,0.003754724590334609,0.0012877558419913855,0.012451140048917557,0.0030561217657766367,0.0024284883381456204,0.0038426617173607453,0.004164036138323819,0.009927492037215137,0.001460833943728638,0.005919551458318701,0.002682501467742563,0.00848138008471139,0.004829272957738817,0.0015928472980386917,0.001832643094097045],[4.301902517107406E-4,0.001143582929419477,0.0013789840221019745,4.93205564942485E-4,2.0216617490307755E-4,4.872789149522533E-4,2.884751609008848E-4,0.0017402691422196356,0.013522146542716695,2.0116059247006517E-4,0.0078016071227066715,2.510222802751388E-4,6.10514941886611E-4,4.3874077248885236E-4,3.907155376699297E-4,7.925942785486668E-4,7.271708515754024E-4,0.001082545521392726,3.598346228542485E-4,0.018975071431975393,3.949102390597556E-4,9.643374522375449E-4,0.00306535617231723,1.0,4.6021071112068123E-4,0.0012275480038763818,0.001356348636477398,5.2195054310397E-4,3.552895385161586E-4,0.002773650689893436,0.011388554570275215,8.79087715764453E-4,6.138998880745799E-4,2.3804561427457358E-4,8.622617185535485E-4,2.4313500844131526E-4,0.012912374039129874,9.751424647422109E-4,0.0018228814358620421,3.783210584977909E-5,0.002722101138900845,0.001675748263605664,2.0309650211338263E-4,0.009768348476959883,5.054516752033936E-4,2.705673178829527E-4,0.0030516441494682542,0.0017954493096934915,0.009059416293118674,3.418122815485231E-4,0.0011717874538568047,2.464568952173747E-4,0.01091801083968074,0.0075535286296855835,2.0645841841283337E-4,4.541416443884781E-4],[2.9905674905430645E-4,0.0016596388542016185,0.0011809238987971489,2.942757529051279E-4,2.4737525225315037E-4,1.7738782891303688E-4,3.032823741620178E-4,0.0013271158567722294,0.0024591583104797885,3.089078405410522E-5,0.007461643806438547,1.4065004289325685E-4,8.468219557717948E-4,2.598554892805234E-4,1.6330230983217182E-4,5.563821272604799E-4,0.001042398814754265,0.0010012160596187694,2.904065682996863E-4,0.003726022444472184,3.245695548582612E-4,6.075840295011083E-4,0.0021162859964910215,4.6021071112068123E-4,1.0,0.0013120020142270835,0.002636457718269842,6.733667144223732E-4,1.13615039712433E-4,0.0029643117534121502,0.005905442941422983,9.181461540301479E-4,3.3880644527550574E-4,2.1246820514591993E-5,5.083755847798661E-4,5.267647072214883E-5,0.012217674771116594,0.0011674678605788377,0.00287172952160934,1.335770466813248E-4,0.002174717480158238,0.004654269589756809,7.168220012444251E-5,0.008958822964372955,3.36307219581347E-4,1.0615611253094687E-4,0.003145994494125435,4.330023103284529E-4,0.0029550687929895533,2.669482364671849E-4,0.0060545241206512975,2.933443358437522E-4,0.0035964362825108105,0.0013566486045027588,2.013912962088809E-4,3.3819512647606157E-4],[5.1759120332937805E-5,0.0019679302053617,0.0015383873738787324,4.233453842029273E-4,8.967252599613381E-4,9.081596388524762E-4,0.0013397970303722323,0.004354587453307164,0.0024961355967193163,0.0010826077573482548,0.006290799103592026,0.0013314135713436892,0.0013319753948816424,4.948320736474106E-4,1.4639139109342905E-4,0.001232348134484859,0.0011451045078626437,0.001331868357429508,8.749713090247697E-4,0.00466872197313734,0.0010620653703475812,0.0013477292269304063,0.0031572446129875505,0.0012275480038763818,0.0013120020142270835,1.0,0.0023428695202378433,8.454311270625985E-4,3.304741330980036E-4,0.0037751555995855805,0.010845699701078843,0.0013896468692046371,0.0013067669273241806,4.8486800057333604E-4,0.001318144350634303,0.0010606883697080436,0.00637581645270959,0.0013431403313331348,0.008551827441735082,7.959611823541538E-4,0.0067570454743268145,0.002257518197353731,8.274175155163683E-4,0.008428527825302203,0.0012206722286726825,9.878277109237326E-4,0.0016689929665476785,0.003078803578147023,0.0023244332702497513,0.0012262125337470242,0.007099458720269309,0.0013351563553034513,0.01698957329322421,0.009583508330272073,0.0012897937302486318,4.521331282131022E-4],[0.0012490984802229546,0.002781486972585101,0.002686720803449793,1.8879235217350183E-4,7.57306065099576E-4,2.2285603634795512E-4,0.002164035602237981,0.005330563722011811,0.0087971182359103,5.27815900695762E-4,0.004198748537841698,0.0017205434534792701,0.0021764513995421917,3.148366114894914E-4,0.0021981960415297765,0.0017546018427308059,0.0012675956702826955,0.0025474021860264224,0.0029388637126956463,0.004675427267550456,5.078565255643183E-4,0.0023502545980302013,0.003330358296858037,0.001356348636477398,0.002636457718269842,0.0023428695202378433,1.0,0.002753300984176934,0.0017959109819607585,0.003964481091212358,0.004190779206243107,0.002457774280508631,0.0019358182983698342,0.002764197207471847,0.001955337276504583,6.110253671178454E-4,0.009438836354419127,0.002062396106097937,0.00478887725787703,9.469837809525842E-4,0.01070293980903894,0.004237622499933954,0.0012546755507258248,0.008121917248169986,0.0010955669861517536,0.0024481528888499506,0.003915028899960778,0.004623623222960517,0.009527757734204322,0.0026055677464670566,0.006327414305138671,0.002095585657848371,0.009047125303797409,0.010934208541507062,3.207493274428861E-4,9.052315954124915E-4],[3.844102956979001E-5,0.0014166310547926528,8.527102038977349E-4,5.132281678999556E-4,1.3058698956971095E-4,3.154577260849978E-4,4.11741321990061E-4,0.005057153696669493,0.0025383239185965746,5.642023530578735E-4,0.00611580887061366,3.008115943423905E-4,7.200311293596467E-4,4.603719694145976E-4,2.1115605949183035E-4,0.0010644782654115812,0.0010134601467509763,7.809902796452189E-4,5.597401205854561E-4,0.019488354158230775,3.886041960305E-4,7.455679521012538E-4,0.0013442073230104591,5.2195054310397E-4,6.733667144223732E-4,8.454311270625985E-4,0.002753300984176934,1.0,5.69559387492702E-4,0.0028127762747610667,0.001437463033256404,0.0015757893625586755,8.154407761504552E-4,6.742380921305656E-4,9.564807354002051E-4,1.4635194340886863E-4,0.01766800954447206,8.229175899184918E-4,0.0019718903405082475,3.349676055841071E-4,0.0064987124085729405,0.0038352642007236583,4.2851043295518977E-4,0.003225713018194409,5.794315120249375E-4,6.641765027227029E-4,0.0035077879650852197,9.879214531836095E-4,0.008568484903031675,5.303956351106779E-4,0.007155419774622143,3.419605719319058E-4,0.007327939803704124,0.00219824579611543,5.553437594595805E-4,4.174623790758605E-4],[1.5572250485846677E-5,0.0018960125309382056,6.251671857969515E-4,1.4963675762154485E-5,9.502488312695374E-5,1.0433951903623448E-4,1.1592889928677618E-4,9.668640645884207E-4,0.009740502138497103,4.36334887792088E-5,0.007952496269004971,1.066035092585757E-4,8.059967976709658E-4,1.441708649018812E-4,1.1106969244080077E-4,4.5829196314488166E-4,5.886333313311906E-4,9.206406535542997E-4,1.2706257123036208E-4,0.013004684362921242,1.1760430917663356E-4,5.87031348008884E-4,0.0024561068601286497,3.552895385161586E-4,1.13615039712433E-4,3.304741330980036E-4,0.0017959109819607585,5.69559387492702E-4,1.0,0.00384643983930314,0.0035090753609898066,5.238191675233423E-4,1.7123592967277073E-4,4.134179191425312E-5,8.793237222371586E-4,6.478569080532878E-5,0.0036045565151360142,2.1633802652650425E-4,0.005588887036491485,3.598160186450452E-5,0.006134563854747925,0.003038222547541719,7.448913978284156E-5,0.00695939196554159,5.08906993580094E-4,6.384407915629784E-5,0.004022363555367421,0.004644744910756441,0.009411549408774846,1.99429211750679E-4,0.006334169463684785,1.150482525124292E-4,6.009301225859982E-4,0.001645494648878301,1.071669998003612E-4,3.2798062599375516E-4],[0.003067317772386917,0.003926572956274107,0.0018844270660874872,0.001416969571488119,0.0013637975673523027,5.604505600719243E-4,0.0034335703817427172,0.005462235000931883,0.012729164060659964,6.845378668966024E-5,0.00452465501555145,1.6389380348646884E-4,0.002671386084126457,0.0014032747251894733,0.0021822663653540877,0.004086042268014922,0.0019013705362156703,0.0013016311949222727,5.902960760633943E-4,0.011082424723711255,0.0010877179313279446,0.0015440091716350816,0.003538348342371875,0.002773650689893436,0.0029643117534121502,0.0037751555995855805,0.003964481091212358,0.0028127762747610667,0.00384643983930314,1.0,0.009481667061606617,0.002102674248913187,0.003113273134148226,0.0010964638734631607,0.0040148222202779195,0.003288558681813378,0.017352391312268386,0.0034092679473891013,0.0061110680735281895,7.71405903673618E-4,0.009247090186928791,0.006788449666055253,3.706003579949005E-4,0.0064629961410912,0.003070636023752112,0.0031215217727549724,0.004066789483116167,0.004261549484393172,0.008357939812244248,0.001721459468006468,0.007384323485038471,0.0018794051495182658,0.0055403025271384375,0.0101141928724318,0.0011956585283728741,0.002330344637809918],[0.005396759964438172,0.010952904676499078,0.0017496864911094342,0.004311042320118753,0.012187923280464879,0.006449003265393525,0.005422296800533108,0.011077056774076263,0.013847748791028968,0.004582553769622203,0.010739815318530768,0.0069172823222627446,0.008849788108887875,0.004641328155706124,0.009646359809001697,0.013728353483296655,0.00415972500695902,0.009449251277249516,0.004005028152330837,0.019333033506126356,0.011513260982679885,0.012062635112523165,0.003925777888115155,0.011388554570275215,0.005905442941422983,0.010845699701078843,0.004190779206243107,0.001437463033256404,0.0035090753609898066,0.009481667061606617,1.0,0.0037770627561318926,0.008733908929413618,0.004744910742154602,0.006048080643741923,0.009714669797428806,0.015920884350729907,0.009112116383644113,0.010441386031727819,0.007067012954878988,0.01138406682103277,0.00805743745420599,0.00439194247238368,0.014641380417211183,0.012431313228350848,0.013402896811250915,0.010829350953100374,0.008321568143277855,0.011997034771275384,0.008066742795618016,0.010866567053370173,0.003910836415638742,0.015798363641497545,0.014057021573007063,0.003985667133340406,0.009931815444599517],[5.914960563060817E-4,0.001739927351826502,0.0016070564370684872,0.001062114151414615,0.0012189927428557818,4.5093580644140364E-4,9.353215126578442E-4,0.002012447473172624,0.010625140111427274,9.335496384577049E-4,0.0034014837704081247,8.150326188503892E-4,0.0015233341774882243,9.2910145400738E-4,4.0737107865936414E-4,0.0013385803980656143,0.0015981734091641828,0.0013338030663399424,9.112447170897494E-4,0.01974816736429632,7.5693016386303E-4,0.0012591961675656386,0.003239144889205511,8.79087715764453E-4,9.181461540301479E-4,0.0013896468692046371,0.002457774280508631,0.0015757893625586755,5.238191675233423E-4,0.002102674248913187,0.0037770627561318926,1.0,0.0013677323794335015,3.5283094685458697E-4,0.0014440340967849029,0.0013705927065279526,0.009687793698861562,0.0012899197474200426,0.00777112712666117,4.646778416170196E-4,0.00866074666014554,0.007459043673218589,0.0014090839102387405,0.014533754155536831,7.018643400729865E-4,6.336299318262204E-4,0.0030946105254554914,0.003227780673776715,0.0031833674136240576,0.0013870155558348182,0.007691950096319625,0.0013859795503876275,0.002289302109334936,0.005520027786030045,0.0011763241689947636,0.0012654293326910659],[8.208745100107981E-4,0.0014565751976679704,0.0015703401383436884,7.158785660511033E-4,6.603228360136039E-4,2.9803169189553696E-5,6.897833913686693E-4,0.004705628075424488,0.00881748831292219,3.9348494609906063E-4,0.0026989556520613106,2.111277403962416E-4,0.001075729321093221,8.397212746139558E-4,7.004036210647975E-4,0.0011242858359650075,0.0010516916032754875,0.001064236282611774,4.933168626519687E-4,0.014101259671819308,7.80562530489453E-4,0.001079186443515312,0.0016375175526137332,6.138998880745799E-4,3.3880644527550574E-4,0.0013067669273241806,0.0019358182983698342,8.154407761504552E-4,1.7123592967277073E-4,0.003113273134148226,0.008733908929413618,0.0013677323794335015,1.0,1.8506752643210512E-4,0.001105358325121363,6.222678633713338E-4,0.008318599559699616,0.0011280854726571977,0.002078174770511072,5.314673526991388E-4,0.005875992338396156,0.002335789363094469,7.471705455780386E-4,0.0037245107450347217,6.843310958552788E-4,7.734701393671555E-4,0.0014375925239344602,0.0032408673072565463,0.004870110880538017,2.9859749556132684E-4,0.0056926193393692075,5.402523931233255E-4,0.006182374813813111,0.002103524374448739,2.4304189412751958E-4,9.739896156997466E-4],[1.3905307028067803E-5,0.0017078627731166227,0.0011695456298099825,1.287223500910821E-5,4.048685700998803E-5,1.1650240616387236E-5,1.4160841572135173E-4,9.85294989182066E-4,0.001232398367052109,2.1513736761538167E-5,0.002245953337451051,7.036762516119787E-5,3.227024921437599E-4,1.2230414301522686E-4,6.655181496198046E-5,8.776731740735931E-4,9.621777621296257E-4,6.347843126095102E-4,3.4272423042897716E-5,0.00850470370124964,1.3194710337330963E-4,8.463681600980944E-4,5.706046569193609E-4,2.3804561427457358E-4,2.1246820514591993E-5,4.8486800057333604E-4,0.002764197207471847,6.742380921305656E-4,4.134179191425312E-5,0.0010964638734631607,0.004744910742154602,3.5283094685458697E-4,1.8506752643210512E-4,1.0,0.0010216589785197298,1.8040224520796584E-5,0.013147310154895576,1.4309981892689965E-4,0.009111901465751429,1.8548878498554385E-5,0.0013349251611791124,0.0011583701755672636,1.0518463290981696E-5,0.003205592429244825,6.98314905500348E-5,3.466416863518663E-5,0.0022792832898342365,0.0044576584020957054,0.010401764223158198,3.257644398713607E-5,0.004807297116539402,7.134988413226589E-5,0.010289377341321017,0.0021634715546620304,3.610569563371375E-5,1.6343075703468036E-4],[3.2341882119294883E-4,0.001228870148980122,0.0