[[1.0,1.5078477244309755E-5,4.128729729645071E-5,9.127744366691382E-5,2.3237509806217012E-4,7.951877134482523E-4,1.087945489802593E-5,0.022379669372432694,2.985055852910496E-4,7.377932431566438E-5,6.219062231563476E-5,0.0013923864713397132,6.849235634924535E-5,0.01486885332619565,2.863357666084291E-4,6.58497156804821E-5,0.01164852277461118,0.0011893917070080395,9.366939827102625E-4,3.7126487088521586E-5,1.3392233649474133E-4,0.001052533259460615,1.6570057351035968E-5,1.1000010133800577E-4,8.936037620991527E-5,1.8638370390215193E-4,2.2575225532342315E-4,1.5790752173150448E-4,0.0018479311463718592,0.0050099333576723755,0.018652734933892984,0.012757878898524271,2.913317961065092E-4,1.0580010207385533E-4,9.551488357044101E-5,5.21240862023997E-5,3.0248914179779656E-4,1.488043318812274E-4,9.711906486444493E-5,8.691161034919554E-5,0.0013512939492214657,0.004553374445356855,0.0012515672305596897,1.6300439189055288E-5,0.0011516147314121854,4.7383963448405796E-5,5.580548262069639E-5,0.001659509043842082,3.7103835789055185E-4],[1.5078477244309755E-5,1.0,6.229398861632905E-5,1.0022034667243059E-4,2.2707255230493194E-4,7.953665054151491E-4,1.911698220882899E-5,0.009668370585298167,3.589089134492536E-4,4.080510027348541E-5,1.1683048265069914E-4,0.00138311289746009,8.811092235226334E-5,0.0024744555747501003,5.844077424845539E-4,5.585594646496166E-5,0.015712759758327807,7.073575214310862E-4,9.889279109542913E-4,5.2655735975116276E-5,2.4705953009075595E-4,2.599365787169433E-4,2.0269353108841807E-5,4.674421239627125E-5,8.086869119016973E-5,1.4586492228678305E-4,1.0582243746030952E-4,1.361463835352764E-4,2.4039264531486337E-4,0.005828134871421147,0.02686308699671922,0.003671202695202876,2.709422243401251E-4,3.758899624924499E-5,3.690720415065843E-5,8.672487435859424E-4,4.7132768151588166E-4,1.5554391715006755E-4,1.0500016674695486E-4,6.251071749348383E-5,0.001719916240421411,0.014605806809095644,0.0012165799315211959,2.307542959602324E-5,7.168704569612641E-4,1.4237140192561404E-4,4.205468842804191E-5,0.004596572059552598,8.333313986385024E-4],[4.128729729645071E-5,6.229398861632905E-5,1.0,1.0532699647115719E-4,2.253828845539045E-4,4.5189895157394844E-4,1.074790453083075E-5,0.03509741487527668,2.979846139985859E-4,1.0346855341726661E-4,1.243559184151828E-4,0.0010848244514400007,1.0806177259938682E-4,0.014388773553496522,9.002113768629399E-4,1.0720928514719768E-4,0.009130561293514292,0.0010838499744550499,9.415641853553163E-4,1.0377317648676865E-4,4.392812526588832E-4,0.001086191775510126,5.6433372226052756E-5,1.05016595634098E-4,1.2326541743164267E-4,2.577204396270585E-4,3.1551294777719196E-4,1.2107196799210004E-4,1.380885132142411E-4,0.0025330420341426883,0.015338158694151414,0.009295826977839022,3.8600944048647356E-4,1.2341929269960708E-4,1.1667325040599927E-4,5.506700932798014E-4,5.243360778114189E-4,1.283122657218624E-4,1.0998566756358472E-4,1.1944865845875212E-4,0.001045376974095737,0.012943077294623049,8.318997877190664E-4,6.930660370737111E-5,6.483686613080599E-4,1.0784541789103297E-4,1.5760540821453916E-4,0.00774967152129174,2.3608266726113353E-4],[9.127744366691382E-5,1.0022034667243059E-4,1.0532699647115719E-4,1.0,2.4563974548499564E-4,8.690228787716691E-4,3.844638946660912E-5,0.004527387676949332,3.0650214764436917E-4,1.013746506509015E-4,1.1624619849982451E-4,0.0013142730365791095,1.132486024548174E-4,0.00436487958231858,8.704622623383741E-4,1.0656134118991329E-4,0.0025017685447777088,4.416961071909212E-4,0.0012837584275142847,1.0581776456639273E-4,2.232725294519527E-4,4.212892682450105E-4,7.641903284216675E-5,1.1702819765493333E-4,1.1080507550403622E-4,2.0224300179604393E-4,1.7699013019937198E-4,1.2158708011006096E-4,0.0012625327187621976,0.003641725719360406,0.02921867918998124,0.005929675175444824,5.893001664018309E-4,1.1609691324226735E-4,1.562430887335319E-4,6.045991012771253E-4,5.488885004206702E-4,1.585030148959489E-4,1.0962157629502151E-4,1.2572042462247036E-4,7.539165044806586E-4,0.014384216441482562,5.87047808320688E-4,5.128005765920786E-5,5.22111933150448E-4,1.0727067729548582E-4,1.638215435299857E-4,0.007452576049791839,0.0010050950106751727],[2.3237509806217012E-4,2.2707255230493194E-4,2.253828845539045E-4,2.4563974548499564E-4,1.0,6.586561663555362E-4,2.623996530005192E-4,0.017005670290813468,3.235441347782468E-4,1.400294839740064E-4,2.9650924109582606E-4,0.0010538830108677588,1.7012343281851762E-4,0.013554624379058454,5.203828872493898E-4,2.5162408315073385E-4,0.00455741406795824,8.767635714709923E-4,0.0013026106132957276,1.3896117612595329E-4,4.267704686697387E-4,7.859851330856505E-4,2.148231621843365E-4,1.4574521264797827E-4,2.1010733755381046E-4,3.180142437687433E-4,3.5740475479341963E-4,2.6817967373108807E-4,0.0017086355245069763,0.008833612337499132,0.031236195537919127,0.0032735709017084062,3.444991756176322E-4,2.1885680763123573E-4,2.8023919145942616E-4,6.978473982698541E-4,4.147196455029519E-4,2.0945869599086757E-4,2.929942210691054E-4,1.9687050852573924E-4,0.001123439325692614,0.011589310766756528,0.0010987030370131483,2.2056448606443628E-4,8.916761777822148E-4,1.967184281615114E-4,1.9915722810594807E-4,0.0013383242042496355,5.676533209060479E-4],[7.951877134482523E-4,7.953665054151491E-4,4.5189895157394844E-4,8.690228787716691E-4,6.586561663555362E-4,1.0,6.415190541515282E-4,0.04685128903702716,8.100442931613609E-4,8.69855994828643E-4,8.685691792199269E-4,0.002021964281289748,4.852394987905084E-4,0.012764883366690653,0.0011347982553743187,9.970802219918795E-4,0.005015669806261193,0.0011648335481995906,0.0013161402175817306,2.4146154340198056E-4,8.803763386640641E-4,0.001388425423505572,4.0461373948711007E-4,5.00698923852234E-4,4.6666139211987313E-4,7.326421808485683E-4,9.220915257088019E-4,2.4707990097025666E-4,0.0021575134838018304,0.0029683692596241505,0.012084083689334349,0.008252368667225769,0.001111573036641281,8.070371533631373E-4,3.625887611761388E-4,0.0015446460135282482,7.87514422821E-4,3.9584529434921094E-4,4.10565751636759E-4,4.5664215567733327E-4,0.0011613989774441093,0.010082637876508939,0.001379460165590818,0.0010464275447465386,0.0011950863805327925,7.036607439766323E-4,1.917421424900942E-4,0.0077372905007843384,0.001314090794758407],[1.087945489802593E-5,1.911698220882899E-5,1.074790453083075E-5,3.844638946660912E-5,2.623996530005192E-4,6.415190541515282E-4,1.0,0.04577590775045323,9.137980912344032E-5,2.634627711212245E-5,1.0648226369981939E-4,0.0010193849192657886,7.095780177189771E-5,0.0036441110434945927,4.0701565504836407E-4,5.708468373199484E-5,0.008581418021303352,5.342871479878515E-5,5.031696231287848E-4,9.718507668752918E-5,3.1452814206690713E-4,0.0013121519475494498,1.278601238368133E-5,1.7961221580156397E-5,8.792386124178354E-5,3.842611373415851E-4,2.953511039989585E-4,9.17431765249102E-5,0.0024126599720707196,0.00182099643685063,0.023797048307542156,0.004750752476552889,2.0377544478278196E-4,1.0530298393636278E-4,2.4797535692588235E-4,2.0085979127727125E-4,3.670098921537908E-5,1.580169633778592E-4,3.669364794590122E-5,5.871253441478449E-5,9.614468376440205E-4,0.0031160548829398753,0.0014249391661374533,1.9953099685569075E-5,1.64432574183434E-4,7.954578967454584E-5,4.578551940982598E-5,0.001242998187837274,3.039092483960256E-4],[0.022379669372432694,0.009668370585298167,0.03509741487527668,0.004527387676949332,0.017005670290813468,0.04685128903702716,0.04577590775045323,1.0,0.05492487775640966,0.027254560075742815,0.02321283169360432,0.018399787735125333,0.023586795454216533,0.022030577591027084,0.024725420691112967,0.016464333173761603,0.0281116828665497,0.05698690586811423,0.02973342279198792,0.035368870574750834,0.032892640299937805,0.010538610122233488,0.04137909347664251,0.049805333102888295,0.016452423337380055,0.04300426443460653,0.017126466577903066,0.019176433268996745,0.02920768784572181,0.03417032781937621,0.048341602428438615,0.017355986103471593,0.05542075260071047,0.04251449864341063,0.05817362097844234,0.02829776714333417,9.554209571564692E-4,0.056490062162163485,0.019021845551979718,0.018023139580586902,0.024644807313654676,0.020303566997884152,0.017212544952407458,0.033222093451645715,0.057930017138395344,0.002942733360428769,0.036076983106015606,0.01750065678731305,0.04646620650259093],[2.985055852910496E-4,3.589089134492536E-4,2.979846139985859E-4,3.0650214764436917E-4,3.235441347782468E-4,8.100442931613609E-4,9.137980912344032E-5,0.05492487775640966,1.0,2.5378521161663987E-4,2.697817789432301E-4,0.0019180905780558674,1.9003905257049548E-4,0.0010309726176400888,8.152514832558348E-4,3.8033642001370497E-4,0.011112632729118308,5.018087123278449E-4,9.381639028492636E-4,3.75773347630043E-4,4.59475670729423E-4,4.3713662840383924E-4,3.437190079795984E-4,2.5856861185542004E-4,2.853111382948871E-4,4.2199116635873205E-4,4.2895835903366327E-4,1.8469342697340497E-4,5.153691714309111E-4,0.004489580290102057,0.01096473855139201,0.016535590340963278,9.334513804675616E-4,1.5248105141209945E-4,2.904555273586747E-4,0.0013632403910950749,5.132625742110275E-4,2.487425964302889E-4,3.7646977698833363E-4,4.1026596801089425E-4,0.0015445109632571763,7.881739613209E-4,4.654169625911691E-4,7.862696048699907E-5,9.85439891547596E-4,2.531929400322729E-4,2.3221280449447817E-4,0.0015865827797390342,7.681279949478192E-4],[7.377932431566438E-5,4.080510027348541E-5,1.0346855341726661E-4,1.013746506509015E-4,1.400294839740064E-4,8.69855994828643E-4,2.634627711212245E-5,0.027254560075742815,2.5378521161663987E-4,1.0,1.2260703213482692E-4,9.808086425445123E-4,1.267002538815449E-4,8.985242284747892E-4,8.780039467181293E-4,1.0584499447007276E-4,0.01071002600926894,6.884467173447272E-4,4.4798095934653575E-4,1.0278046842004702E-4,3.2080904210602046E-4,7.711289516725894E-4,3.5682024924984916E-5,1.0856748578296213E-4,1.1306017100110778E-4,1.74780317075176E-4,3.307871902473211E-4,1.0161646718707493E-4,0.0014311895570550998,0.005316283192034071,0.008117634921719496,0.013009764724648747,8.931863947381299E-4,1.1357859327567894E-4,2.550873494418137E-4,3.362925719715864E-4,2.5231459068142316E-4,1.425520274753912E-4,1.0122384095241705E-4,1.1337128579492421E-4,0.0015910049537045776,0.006128789361766525,3.768652478490785E-4,5.6367082200348054E-5,8.76161858959786E-4,1.4743446225993294E-4,1.732662330919547E-4,0.004272371259625154,8.119116129425163E-4],[6.219062231563476E-5,1.1683048265069914E-4,1.243559184151828E-4,1.1624619849982451E-4,2.9650924109582606E-4,8.685691792199269E-4,1.0648226369981939E-4,0.02321283169360432,2.697817789432301E-4,1.2260703213482692E-4,1.0,6.621831681226387E-4,1.2911590866371593E-4,0.009580541878491939,6.658715457585754E-4,1.1134369650882385E-4,0.0015715992273231344,9.499733137350192E-4,9.514901224656411E-4,1.1520983534594613E-4,2.9182195654774417E-4,0.0012981640683723465,1.1685241866161148E-4,1.2597436187382233E-4,1.32231526801952E-4,3.0276530025378514E-4,1.6139720694128285E-4,1.353862395427492E-4,0.0015601458725575759,0.011115648374044442,6.981794731976982E-4,0.004087638726365779,5.557276754456795E-4,1.31683330590808E-4,2.681557597046057E-4,0.0011721026818165157,2.2168676425863133E-4,1.3261203205911147E-4,1.1448249094255143E-4,1.290164665291038E-4,0.0015701848047183589,0.004783505770488476,0.0015711878330781645,1.2568214278836813E-4,6.338281353768673E-4,1.3066324545867985E-4,1.5105156771813685E-4,0.0013535402532125224,6.657468270591763E-4],[0.0013923864713397132,0.00138311289746009,0.0010848244514400007,0.0013142730365791095,0.0010538830108677588,0.002021964281289748,0.0010193849192657886,0.018399787735125333,0.0019180905780558674,9.808086425445123E-4,6.621831681226387E-4,1.0,8.878359450176236E-4,0.007247345296568083,0.0018763876021617024,8.120194030829054E-4,0.00232112159509505,0.0014592196186324863,0.0017366190950847686,0.0012430414174523512,8.792064812115661E-4,0.0018501113962761668,0.001081211264880084,1.9163180581478485E-4,0.0016027611485687735,0.0013505419357848901,0.001451838909269445,3.1449422829140576E-4,0.0026217692048956104,0.011138496003938982,0.0288557651281474,0.014282897803397131,0.001118784329759929,6.042180011328301E-4,4.2880193417716626E-4,0.0018059560747675312,0.0018024960066382687,3.947706295739632E-4,0.0020407549312145066,2.32755690334938E-4,0.001949275563761609,0.005852850215497262,0.0017153275869454608,5.924383089778399E-4,0.0015712032661920246,1.983455560460138E-4,2.757475099368514E-4,0.005601252670690505,0.0014954302884250298],[6.849235634924535E-5,8.811092235226334E-5,1.0806177259938682E-4,1.132486024548174E-4,1.7012343281851762E-4,4.852394987905084E-4,7.095780177189771E-5,0.023586795454216533,1.9003905257049548E-4,1.267002538815449E-4,1.2911590866371593E-4,8.878359450176236E-4,1.0,7.089105387964768E-4,4.750004616517606E-4,1.1774386983484846E-4,0.003813498192334676,0.001012988610506968,0.0015171423401307996,1.183726327299383E-4,5.252294533669999E-4,6.416625255055721E-4,8.036285430167842E-5,1.2525502531267468E-4,1.3451636249654753E-4,3.3305471075543937E-4,3.4187466224819106E-4,1.4115063492037573E-4,0.0026461235223521457,0.004940690601224475,0.02679799990899161,0.008117847190170675,2.2938742540631218E-4,1.3283635308319284E-4,1.7796938063752472E-4,4.025082023516209E-4,5.299586788505013E-4,1.290714147496471E-4,1.2345809870748366E-4,1.2738833720199976E-4,0.0012852436304980701,2.327573839697172E-4,3.8310278963658287E-4,7.950001981729628E-5,0.0010713470602199755,1.3506474181738417E-4,1.7332874806867137E-4,0.008365730726189164,0.0012735930046364127],[0.01486885332619565,0.0024744555747501003,0.014388773553496522,0.00436487958231858,0.013554624379058454,0.012764883366690653,0.0036441110434945927,0.022030577591027084,0.0010309726176400888,8.985242284747892E-4,0.009580541878491939,0.007247345296568083,7.089105387964768E-4,1.0,0.01439367855450969,0.010322911159445348,0.015375773043079261,0.004682365148276117,0.005692457851054511,0.001818470689864031,0.01221714909208306,0.010514029207435691,0.010460413541312856,0.004067949854670008,0.00503193269653646,0.006055886474488091,0.004144489317257742,0.008817075916015401,0.008574099104051214,0.011346443683679572,0.01959431331599367,0.015826395195690703,0.010735695879085561,0.008636403077044634,0.008153017254696016,0.004546945122411032,0.012784180186172217,0.0072231747809861436,0.009233778559114341,0.013983859379490711,0.005633259462375491,0.014996719866884856,0.010330659676191963,3.425326801634431E-4,0.009814688569588443,0.0019717668359525305,0.002571202923211265,0.012282335751982308,0.007175250620934469],[2.863357666084291E-4,5.844077424845539E-4,9.002113768629399E-4,8.704622623383741E-4,5.203828872493898E-4,0.0011347982553743187,4.0701565504836407E-4,0.024725420691112967,8.152514832558348E-4,8.780039467181293E-4,6.658715457585754E-4,0.0018763876021617024,4.750004616517606E-4,0.01439367855450969,1.0,2.362817789813706E-4,0.0024182457375794743,9.68356312095029E-4,0.0015768187178742757,5.125779862769019E-4,6.071351989791929E-4,0.0013945607865483572,6.457170945705286E-4,6.045716814593595E-4,3.6503769024232783E-4,4.995089830569946E-4,7.167402988708465E-4,6.059288658546839E-4,0.0020203792861723194,0.0021009800154000993,0.012689014448767239,0.015308753117802153,0.0010076090273439726,4.1353283359930393E-4,4.16057206294639E-4,0.0014678009897111765,6.998056510305283E-4,4.063412596984222E-4,5.925667660226521E-4,5.153811575988783E-4,0.0013960352877381058,0.007846331904368243,0.001166468720290534,8.993446910294982E-4,9.533025245163808E-4,2.9061771084629146E-4,2.3628784145013256E-4,0.007888136248166817,0.001346077166741635],[6.58497156804821E-5,5.585594646496166E-5,1.0720928514719768E-4,1.0656134118991329E-4,2.5162408315073385E-4,9.970802219918795E-4,5.708468373199484E-5,0.016464333173761603,3.8033642001370497E-4,1.0584499447007276E-4,1.1134369650882385E-4,8.120194030829054E-4,1.1774386983484846E-4,0.010322911159445348,2.362817789813706E-4,1.0,0.010001175213872416,8.753609920899703E-4,0.0012066926331069361,1.0662427650563951E-4,3.897619118568389E-4,1.3414095730096608E-4,8.547682434501631E-5,1.1335129143283597E-4,1.125137754259389E-4,3.5721904505248484E-4,3.7443898304224146E-4,1.3192832753337451E-4,0.0025240536891857563,0.004721092767545905,0.023174354991841815,0.006379839002566613,2.3196566075262313E-4,1.35348710739902E-4,1.4227224062293278E-4,0.0010461902228829447,2.9520181560646093E-4,1.1592115822317652E-4,1.113441012696633E-4,1.085064856737814E-4,7.419934476018831E-4,0.0068142517405597675,0.0012933214423775407,9.965656234720875E-5,3.7203855898921477E-4,1.1565523924609868E-4,1.0835294533238615E-4,3.42813032099454E-4,0.0012263260565922357],[0.01164852277461118,0.015712759758327807,0.009130561293514292,0.0025017685447777088,0.00455741406795824,0.005015669806261193,0.008581418021303352,0.0281116828665497,0.011112632729118308,0.01071002600926894,0.0015715992273231344,0.00232112159509505,0.003813498192334676,0.015375773043079261,0.0024182457375794743,0.010001175213872416,1.0,0.006033965757095203,0.012611277938218564,0.01527072580150716,0.015402868950218406,0.012796733234530715,6.899272149123899E-5,0.017073920474164325,0.013951952534947317,0.0048641207290773545,0.007558012772635484,0.008819295700140877,0.004953510307377517,0.012334558154855945,0.020150135679013283,0.016978502806008943,0.008281763832937331,0.002546553756579699,0.016613428277761817,0.0160811143880981,0.005355688486966959,0.00777862587293175,0.012956849188556984,0.014882730634527126,0.012416620624852008,0.01616373899277844,0.003048461398000313,0.01119849561493483,0.0040390134000467745,0.0023670264876734437,0.012390439263729498,0.011713710509962595,0.003377732524239365],[0.0011893917070080395,7.073575214310862E-4,0.0010838499744550499,4.416961071909212E-4,8.767635714709923E-4,0.0011648335481995906,5.342871479878515E-5,0.05698690586811423,5.018087123278449E-4,6.884467173447272E-4,9.499733137350192E-4,0.0014592196186324863,0.001012988610506968,0.004682365148276117,9.68356312095029E-4,8.753609920899703E-4,0.006033965757095203,1.0,0.001246596710673757,3.715510283208209E-4,9.945588828156207E-4,0.001334564511276255,5.181084126911508E-4,7.619410288106908E-4,0.0011446356499255558,7.260957851447556E-4,0.0010733364528058295,7.94801953480407E-4,0.002240848133295843,0.007148640375339008,0.03643337697117122,0.003443700255951184,0.0011583407274170915,7.829389677724188E-4,4.419756954022883E-4,0.0013569076717794158,6.282764735585591E-4,8.481364593296355E-4,7.543196111653156E-4,4.1341534296430874E-4,0.001206463222680617,0.010492045498156157,0.0012553685263139544,3.526386731533013E-5,0.0012113164364585091,2.2579519044561432E-4,5.099866000439525E-4,0.005242648989713582,0.0012604585655164463],[9.366939827102625E-4,9.889279109542913E-4,9.415641853553163E-4,0.0012837584275142847,0.0013026106132957276,0.0013161402175817306,5.031696231287848E-4,0.02973342279198792,9.381639028492636E-4,4.4798095934653575E-4,9.514901224656411E-4,0.0017366190950847686,0.0015171423401307996,0.005692457851054511,0.0015768187178742757,0.0012066926331069361,0.012611277938218564,0.001246596710673757,1.0,6.525582539439928E-4,0.0014723228593085896,0.0016650107914157138,0.001471154808230474,0.0013367110708333507,7.927620802963267E-4,0.001445788111362368,8.306436289956873E-4,4.652883135527121E-4,0.0021775508803545574,0.011019683809776866,0.02200605705059327,0.010828274944654053,0.0014583934884184503,4.3610392299670356E-4,9.39687102993236E-4,0.00159161785448934,7.957706751968543E-4,0.001401645247329661,9.01613869956644E-4,2.753141406355721E-4,0.001769043436670842,0.01279721299578037,0.001582596282741428,0.0015393443709079112,0.0014569489524694193,0.0014913250424566154,2.0057950473632434E-4,0.006852725404773525,0.0015366305830636876],[3.7126487088521586E-5,5.2655735975116276E-5,1.0377317648676865E-4,1.0581776456639273E-4,1.3896117612595329E-4,2.4146154340198056E-4,9.718507668752918E-5,0.035368870574750834,3.75773347630043E-4,1.0278046842004702E-4,1.1520983534594613E-4,0.0012430414174523512,1.183726327299383E-4,0.001818470689864031,5.125779862769019E-4,1.0662427650563951E-4,0.01527072580150716,3.715510283208209E-4,6.525582539439928E-4,1.0,1.702874156615904E-4,0.0016012611398299207,6.647862862442967E-5,1.1486682416322494E-4,1.2999536200420574E-4,1.9799916294348723E-4,4.2069885580599183E-4,1.4505487769013995E-4,0.0027585262305021936,0.00793255347684576,0.03637414990674072,0.0066090819731529854,6.516068416369618E-4,1.26976247723859E-4,2.2640537261251883E-4,6.430410012318616E-4,5.454967831230928E-4,1.2997199372140244E-4,1.0896456194058872E-4,1.0417013083499842E-4,0.0012659911049698641,0.008385889556894838,1.9783816657337547E-4,7.015705795084285E-5,2.4222230231666224E-4,1.4721454887379744E-4,1.2883557043519904E-4,0.007590723345520034,5.325694466028197E-4],[1.3392233649474133E-4,2.4705953009075595E-4,4.392812526588832E-4,2.232725294519527E-4,4.267704686697387E-4,8.803763386640641E-4,3.1452814206690713E-4,0.032892640299937805,4.59475670729423E-4,3.2080904210602046E-4,2.9182195654774417E-4,8.792064812115661E-4,5.252294533669999E-4,0.01221714909208306,6.071351989791929E-4,3.897619118568389E-4,0.015402868950218406,9.945588828156207E-4,0.0014723228593085896,1.702874156615904E-4,1.0,0.0016747576091025516,7.607670946688613E-5,1.4055321524782772E-4,3.77887798664346E-4,4.5467677516466455E-4,5.580763580042836E-4,4.085076756483945E-4,0.002129659910264714,0.0011115803620711526,0.03134473262249093,0.004555121972300451,9.944767632147913E-4,3.5851386960797783E-4,4.6232529771477035E-4,0.0015083792130890117,5.997874786398021E-4,2.670116049700843E-4,1.9124606567689573E-4,1.4291198833221914E-4,0.0018639673774071813,0.010447948586647165,0.0010096920410799502,2.235682457561016E-4,0.001129109032960954,5.282616423810645E-4,5.328934937521813E-4,0.006158588878839414,0.0012937404903308244],[0.001052533259460615,2.599365787169433E-4,0.001086191775510126,4.212892682450105E-4,7.859851330856505E-4,0.001388425423505572,0.0013121519475494498,0.010538610122233488,4.3713662840383924E-4,7.711289516725894E-4,0.0012981640683723465,0.0018501113962761668,6.416625255055721E-4,0.010514029207435691,0.0013945607865483572,1.3414095730096608E-4,0.012796733234530715,0.001334564511276255,0.0016650107914157138,0.0016012611398299207,0.0016747576091025516,1.0,0.0011863371725436692,8.802386421167194E-4,7.514956211303247E-4,0.001538699257909718,0.0011064293390844295,0.0014831423745820832,0.0026112465771493463,0.005725855055545354,0.006114891960017224,0.007940425034219482,0.001282864799442076,0.0012668517392462404,0.0016945130568979112,0.0016650067230191841,0.001135829143627018,0.001193145798951692,0.0011751466297905556,5.809521299559509E-4,0.0018554059738106945,0.012604875878898282,0.0016679374529428755,9.528441222753906E-4,0.0013542111246302125,2.162527669212868E-4,0.0011798325628108546,0.006672438891712071,0.0013966506086638406],[1.6570057351035968E-5,2.0269353108841807E-5,5.6433372226052756E-5,7.641903284216675E-5,2.148231621843365E-4,4.0461373948711007E-4,1.278601238368133E-5,0.04137909347664251,3.437190079795984E-4,3.5682024924984916E-5,1.1685241866161148E-4,0.001081211264880084,8.036285430167842E-5,0.010460413541312856,6.457170945705286E-4,8.547682434501631E-5,6.899272149123899E-5,5.181084126911508E-4,0.001471154808230474,6.647862862442967E-5,7.607670946688613E-5,0.0011863371725436692,1.0,7.158236634156043E-5,2.8465363021925057E-5,3.825643651868043E-4,3.030371811718375E-4,1.5956824039244503E-4,5.716387984603382E-4,4.4641854914809594E-4,0.0022234434236786966,0.012976959221545983,5.313167343341959E-4,5.403176696547095E-5,1.1511400200785347E-4,0.001475795375676714,3.1913976400946064E-4,5.4101049018175785E-5,9.277497907575583E-5,5.645812342803433E-5,3.356435641997383E-4,0.004348827319395024,0.0013382081167547764,1.9483947477627422E-5,8.994984547321996E-4,9.89082928518522E-5,1.5720006746046972E-4,0.004366606450324921,5.228431213352507E-4],[1.1000010133800577E-4,4.674421239627125E-5,1.05016595634098E-4,1.1702819765493333E-4,1.4574521264797827E-4,5.00698923852234E-4,1.7961221580156397E-5,0.049805333102888295,2.5856861185542004E-4,1.0856748578296213E-4,1.2597436187382233E-4,1.9163180581478485E-4,1.2525502531267468E-4,0.004067949854670008,6.045716814593595E-4,1.1335129143283597E-4,0.017073920474164325,7.619410288106908E-4,0.0013367110708333507,1.1486682416322494E-4,1.4055321524782772E-4,8.802386421167194E-4,7.158236634156043E-5,1.0,1.35424536363124E-4,1.5902640422008171E-4,1.630346715336396E-4,1.5329528663865825E-4,0.0016858074451570745,0.008704624764107976,0.023921295658988682,0.005156071440433514,7.52228123178692E-4,1.2880377164362316E-4,2.015619517457524E-4,9.315098579213403E-4,1.5977928752838432E-4,1.5153101375181135E-4,1.1599274063558429E-4,1.2556555243471105E-4,9.869399328527565E-4,0.0011239231914428832,4.83830232327518E-4,5.0395786971816694E-5,0.0011299047770089463,1.2921953516077545E-4,1.5153390228101518E-4,0.0033302142621602533,0.0011728204847807414],[8.936037620991527E-5,8.086869119016973E-5,1.2326541743164267E-4,1.1080507550403622E-4,2.1010733755381046E-4,4.6666139211987313E-4,8.792386124178354E-5,0.016452423337380055,2.853111382948871E-4,1.1306017100110778E-4,1.32231526801952E-4,0.0016027611485687735,1.3451636249654753E-4,0.00503193269653646,3.6503769024232783E-4,1.125137754259389E-4,0.013951952534947317,0.0011446356499255558,7.927620802963267E-4,1.2999536200420574E-4,3.77887798664346E-4,7.514956211303247E-4,2.8465363021925057E-5,1.35424536363124E-4,1.0,3.8854096202544644E-4,3.113876112084156E-4,1.6563346147195572E-4,0.00299983700249753,0.010164945131011658,0.03218125628619349,6.69184177149491E-4,9.408722642246004E-4,1.3694480853240494E-4,2.514457552467347E-4,4.5678734590890086E-4,5.032403828388935E-4,1.382497052683218E-4,1.2146571137916197E-4,1.3401310116156398E-4,0.001637637335483971,0.0035013804551736263,0.0015228867655613298,5.199266489128663E-5,7.945504128724726E-4,1.4671480259014714E-4,1.4507400392865208E-4,0.0038428169408374095,9.033782594180574E-4],[1.8638370390215193E-4,1.4586492228678305E-4,2.577204396270585E-4,2.0224300179604393E-4,3.180142437687433E-4,7.326421808485683E-4,3.842611373415851E-4,0.04300426443460653,4.2199116635873205E-4,1.74780317075176E-4,3.0276530025378514E-4,0.0013505419357848901,3.3305471075543937E-4,0.006055886474488091,4.995089830569946E-4,3.5721904505248484E-4,0.0048641207290773545,7.260957851447556E-4,0.001445788111362368,1.9799916294348723E-4,4.5467677516466455E-4,0.001538699257909718,3.825643651868043E-4,1.5902640422008171E-4,3.8854096202544644E-4,1.0,4.295487575820467E-4,2.1532476736320103E-4,7.856464398642986E-4,0.004389768537375353,0.03766647884209464,0.00998851925969611,4.1367197920668785E-4,3.419925149836594E-4,3.63013435538953E-4,9.937841751636485E-4,4.456390565028336E-4,2.6226943576998236E-4,1.827767761355973E-4,2.677322476856683E-4,0.0016787861008477436,0.006281150803248994,0.001315141949476648,2.355429377045344E-4,9.620513062382982E-4,2.763856701398327E-4,2.0554410513530313E-4,0.006772495494004722,0.0012176876423735184],[2.2575225532342315E-4,1.0582243746030952E-4,3.1551294777719196E-4,1.7699013019937198E-4,3.5740475479341963E-4,9.220915257088019E-4,2.953511039989585E-4,0.017126466577903066,4.2895835903366327E-4,3.307871902473211E-4,1.6139720694128285E-4,0.001451838909269445,3.4187466224819106E-4,0.004144489317257742,7.167402988708465E-4,3.7443898304224146E-4,0.007558012772635484,0.0010733364528058295,8.306436289956873E-4,4.2069885580599183E-4,5.580763580042836E-4,0.0011064293390844295,3.030371811718375E-4,1.630346715336396E-4,3.113876112084156E-4,4.295487575820467E-4,1.0,4.333027225444741E-4,0.0013598263158344738,0.004409161926136058,0.030351067143134597,0.0073701272238024616,9.386408996093865E-4,3.7094931573511386E-4,2.792455314715062E-4,0.001167727608645061,4.6882364330834534E-4,2.3683419313255826E-4,2.7213704321232964E-4,1.6416051513510477E-4,7.63385424842463E-4,0.009057094628987487,9.29824056228358E-4,3.405416880320169E-4,8.262014028307536E-4,2.3881117605374115E-4,1.8711750494991293E-4,0.004984954035061614,4.8340305401107245E-4],[1.5790752173150448E-4,1.361463835352764E-4,1.2107196799210004E-4,1.2158708011006096E-4,2.6817967373108807E-4,2.4707990097025666E-4,9.17431765249102E-5,0.019176433268996745,1.8469342697340497E-4,1.0161646718707493E-4,1.353862395427492E-4,3.1449422829140576E-4,1.4115063492037573E-4,0.008817075916015401,6.059288658546839E-4,1.3192832753337451E-4,0.008819295700140877,7.94801953480407E-4,4.652883135527121E-4,1.4505487769013995E-4,4.085076756483945E-4,0.0014831423745820832,1.5956824039244503E-4,1.5329528663865825E-4,1.6563346147195572E-4,2.1532476736320103E-4,4.333027225444741E-4,1.0,0.0011565332594714465,0.007765424365116501,0.004734674245154705,0.01584016825869088,2.3475763315280502E-4,1.6732474314341256E-4,2.127371833169461E-4,0.0010862497313767203,3.1267819477311023E-4,1.7092638563276371E-4,1.2975325970456002E-4,1.6842985123273862E-4,0.001524961264278546,0.004376473620614105,4.7724119026985846E-4,8.082423542181682E-5,1.9841520983855638E-4,1.68033356232822E-4,1.7580798713419415E-4,0.0037671405714444833,4.656036433242574E-4],[0.0018479311463718592,2.4039264531486337E-4,1.380885132142411E-4,0.0012625327187621976,0.0017086355245069763,0.0021575134838018304,0.0024126599720707196,0.02920768784572181,5.153691714309111E-4,0.0014311895570550998,0.0015601458725575759,0.0026217692048956104,0.0026461235223521457,0.008574099104051214,0.0020203792861723194,0.0025240536891857563,0.004953510307377517,0.002240848133295843,0.0021775508803545574,0.0027585262305021936,0.002129659910264714,0.0026112465771493463,5.716387984603382E-4,0.0016858074451570745,0.00299983700249753,7.856464398642986E-4,0.0013598263158344738,0.0011565332594714465,1.0,0.0033621002544418177,0.03664873098931716,0.013249559247886962,0.0021336563663604605,0.003087144428240335,4.5927019522216993E-4,0.0023698374726914646,8.390136746592836E-4,0.0029368657132276934,0.0023138099467677827,0.0020596514884421123,0.0024996635913563056,0.008238413975803823,0.002678077993634286,0.0013908321678941598,0.0014753907046228414,5.344293829318199E-4,0.0018377329350217997,0.008248137592934239,0.0018245684030724122],[0.0050099333576723755,0.005828134871421147,0.0025330420341426883,0.003641725719360406,0.008833612337499132,0.0029683692596241505,0.00182099643685063,0.03417032781937621,0.004489580290102057,0.005316283192034071,0.011115648374044442,0.011138496003938982,0.004940690601224475,0.011346443683679572,0.0021009800154000993,0.004721092767545905,0.012334558154855945,0.007148640375339008,0.011019683809776866,0.00793255347684576,0.0011115803620711526,0.005725855055545354,4.4641854914809594E-4,0.008704624764107976,0.010164945131011658,0.004389768537375353,0.004409161926136058,0.007765424365116501,0.0033621002544418177,1.0,0.02992208766159281,0.01650831229628666,0.006438113331755458,0.006140367022407391,0.007541759408334422,0.010648717661430607,0.007293152355322322,0.002977585796009113,0.010954946811345612,0.0015182378258634989,0.010432956281059932,0.012996141848259042,0.003774349996247723,0.009447624458679462,0.007173619207920517,0.0044558609805283485,0.001158077662623321,0.010995756526774123,0.010758675804265459],[0.018652734933892984,0.02686308699671922,0.015338158694151414,0.02921867918998124,0.031236195537919127,0.012084083689334349,0.023797048307542156,0.048341602428438615,0.01096473855139201,0.008117634921719496,6.981794731976982E-4,0.0288557651281474,0.02679799990899161,0.01959431331599367,0.012689014448767239,0.023174354991841815,0.020150135679013283,0.03643337697117122,0.02200605705059327,0.03637414990674072,0.03134473262249093,0.006114891960017224,0.0022234434236786966,0.023921295658988682,0.03218125628619349,0.03766647884209464,0.030351067143134597,0.004734674245154705,0.03664873098931716,0.02992208766159281,1.0,0.02322886496244049,0.02506027230451515,0.024470203034777094,0.026345353561026602,0.02276464857426869,0.03168350574596657,0.0013373432084982032,0.018294719139287673,0.02571175430612555,0.01817366009436552,0.029544463877658893,0.00919665067225402,0.024254281085891186,0.0042869568327767935,0.0018208717643278362,0.03505864137067545,0.03122570702244902,0.03632520445950227],[0.012757878898524271,0.003671202695202876,0.009295826977839022,0.005929675175444824,0.0032735709017084062,0.008252368667225769,0.004750752476552889,0.017355986103471593,0.016535590340963278,0.013009764724648747,0.004087638726365779,0.014282897803397131,0.008117847190170675,0.015826395195690703,0.015308753117802153,0.006379839002566613,0.016978502806008943,0.003443700255951184,0.010828274944654053,0.0066090819731529854,0.004555121972300451,0.007940425034219482,0.012976959221545983,0.005156071440433514,6.69184177149491E-4,0.00998851925969611,0.0073701272238024616,0.01584016825869088,0.013249559247886962,0.01650831229628666,0.02322886496244049,1.0,0.006651545889603849,0.0017449989571431516,0.009410815115928065,0.00605268890314806,0.0076398349204483814,0.005956803113609487,0.008943741671585428,0.006424878267507889,0.0033261766048906473,0.015439095591204441,0.009381606852252046,0.013345433319907457,0.015612616858796766,0.014408331745141693,0.003955588962391712,0.009769787047046492,0.014622677445229671],[2.913317961065092E-4,2.709422243401251E-4,3.8600944048647356E-4,5.893001664018309E-4,3.444991756176322E-4,0.001111573036641281,2.0377544478278196E-4,0.05542075260071047,9.334513804675616E-4,8.931863947381299E-4,5.557276754456795E-4,0.001118784329759929,2.2938742540631218E-4,0.010735695879085561,0.0010076090273439726,2.3196566075262313E-4,0.008281763832937331,0.0011583407274170915,0.0014583934884184503,6.516068416369618E-4,9.944767632147913E-4,0.001282864799442076,5.313167343341959E-4,7.52228123178692E-4,9.408722642246004E-4,4.1367197920668785E-4,9.386408996093865E-4,2.3475763315280502E-4,0.0021336563663604605,0.006438113331755458,0.02506027230451515,0.006651545889603849,1.0,9.343603060806451E-4,4.983878108532297E-4,0.0012625989496995256,8.153510064147395E-4,7.698698946988752E-4,9.75723528898216E-4,2.1694014263282799E-4,0.0018049461915301056,0.00956000850703674,0.001028280369748542,2.2411669918398624E-4,0.0010809655917221183,4.564803132702556E-4,3.76767055471011E-4,0.00694934219061751,0.0013566776826457265],[1.0580010207385533E-4,3.758899624924499E-5,1.2341929269960708E-4,1.1609691324226735E-4,2.1885680763123573E-4,8.070371533631373E-4,1.0530298393636278E-4,0.04251449864341063,1.5248105141209945E-4,1.1357859327567894E-4,1.31683330590808E-4,6.042180011328301E-4,1.3283635308319284E-4,0.008636403077044634,4.1353283359930393E-4,1.35348710739902E-4,0.002546553756579699,7.829389677724188E-4,4.3610392299670356E-4,1.26976247723859E-4,3.5851386960797783E-4,0.0012668517392462404,5.403176696547095E-5,1.2880377164362316E-4,1.3694480853240494E-4,3.419925149836594E-4,3.7094931573511386E-4,1.6732474314341256E-4,0.003087144428240335,0.006140367022407391,0.024470203034777094,0.0017449989571431516,9.343603060806451E-4,1.0,2.2679641612473696E-4,3.210958536991915E-4,3.660649301099893E-4,1.4079739851813737E-4,1.1586666731891236E-4,1.3703975602264717E-4,7.721621599336193E-4,0.01157160254600358,6.38081607253828E-4,6.259711694112558E-5,2.3593509164732699E-4,1.4516095780624192E-4,1.4977012296575295E-4,0.0015768181560690063,6.209954923564041E-4],[9.551488357044101E-5,3.690720415065843E-5,1.1667325040599927E-4,1.562430887335319E-4,2.8023919145942616E-4,3.625887611761388E-4,2.4797535692588235E-4,0.05817362097844234,2.904555273586747E-4,2.550873494418137E-4,2.681557597046057E-4,4.2880193417716626E-4,1.7796938063752472E-4,0.008153017254696016,4.16057206294639E-4,1.4227224062293278E-4,0.016613428277761817,4.419756954022883E-4,9.39687102993236E-4,2.2640537261251883E-4,4.6232529771477035E-4,0.0016945130568979112,1.1511400200785347E-4,2.015619517457524E-4,2.514457552467347E-4,3.63013435538953E-4,2.792455314715062E-4,2.127371833169461E-4,4.5927019522216993E-4,0.007541759408334422,0.026345353561026602,0.009410815115928065,4.983878108532297E-4,2.2679641612473696E-4,1.0,0.001578675696865521,4.781759405823793E-4,2.675044669855353E-4,2.1022115086641956E-4,1.3437665582269562E-4,0.0013957272024621597,0.0024878522863256303,7.053851338208223E-4,4.6639392523972634E-5,7.223144866456696E-4,1.8001313341156662E-4,2.379505086686208E-4,5.401288276433502E-4,0.0013803157283913776],[5.21240862023997E-5,8.672487435859424E-4,5.506700932798014E-4,6.045991012771253E-4,6.978473982698541E-4,0.0015446460135282482,2.0085979127727125E-4,0.02829776714333417,0.0013632403910950749,3.362925719715864E-4,0.0011721026818165157,0.0018059560747675312,4.025082023516209E-4,0.004546945122411032,0.0014678009897111765,0.0010461902228829447,0.0160811143880981,0.0013569076717794158,0.00159161785448934,6.430410012318616E-4,0.0015083792130890117,0.0016650067230191841,0.001475795375676714,9.315098579213403E-4,4.5678734590890086E-4,9.937841751636485E-4,0.001167727608645061,0.0010862497313767203,0.0023698374726914646,0.010648717661430607,0.02276464857426869,0.00605268890314806,0.0012625989496995256,3.210958536991915E-4,0.001578675696865521,1.0,0.001157219016819552,4.962783552027295E-4,0.0014085727486302607,0.0015963484021604489,0.001798024850926234,0.008301391344304769,0.0016540817540861622,0.001496714982652353,0.0015808055600681301,9.315939464435358E-4,5.958146511706858E-4,0.0026639233232939033,0.0014844504387586288],[3.0248914179779656E-4,4.7132768151588166E-4,5.243360778114189E-4,5.488885004206702E-4,4.147196455029519E-4,7.87514422821E-4,3.670098921537908E-5,9.554209571564692E-4,5.132625742110275E-4,2.5231459068142316E-4,2.2168676425863133E-4,0.0018024960066382687,5.299586788505013E-4,0.012784180186172217,6.998056510305283E-4,2.9520181560646093E-4,0.005355688486966959,6.282764735585591E-4,7.957706751968543E-4,5.454967831230928E-4,5.997874786398021E-4,0.001135829143627018,3.1913976400946064E-4,1.5977928752838432E-4,5.032403828388935E-4,4.456390565028336E-4,4.6882364330834534E-4,3.1267819477311023E-4,8.390136746592836E-4,0.007293152355322322,0.03168350574596657,0.0076398349204483814,8.153510064147395E-4,3.660649301099893E-4,4.781759405823793E-4,0.001157219016819552,1.0,3.0352045437646765E-4,3.1118336241314954E-4,2.188931962321265E-4,0.0012561704412069532,0.006068466852334081,0.001226529560645596,1.8015458732678594E-4,0.0010300896982777523,3.491455721076086E-4,5.847335421378541E-4,0.004575807049958593,6.611657678896151E-4],[1.488043318812274E-4,1.5554391715006755E-4,1.283122657218624E-4,1.585030148959489E-4,2.0945869599086757E-4,3.9584529434921094E-4,1.580169633778592E-4,0.056490062162163485,2.487425964302889E-4,1.425520274753912E-4,1.3261203205911147E-4,3.947706295739632E-4,1.290714147496471E-4,0.0072231747809861436,4.063412596984222E-4,1.1592115822317652E-4,0.00777862587293175,8.481364593296355E-4,0.001401645247329661,1.2997199372140244E-4,2.670116049700843E-4,0.001193145798951692,5.4101049018175785E-5,1.5153101375181135E-4,1.382497052683218E-4,2.6226943576998236E-4,2.3683419313255826E-4,1.7092638563276371E-4,0.0029368657132276934,0.002977585796009113,0.0013373432084982032,0.005956803113609487,7.698698946988752E-4,1.4079739851813737E-4,2.675044669855353E-4,4.962783552027295E-4,3.0352045437646765E-4,1.0,1.3137081519203381E-4,1.6587984457092008E-4,3.373761974208723E-4,0.006338597938963713,9.651399541436281E-4,1.4771364159532385E-4,7.195739928139485E-4,1.564452906262695E-4,1.752997757913016E-4,0.004282023089238444,3.647881222179894E-4],[9.711906486444493E-5,1.0500016674695486E-4,1.0998566756358472E-4,1.0962157629502151E-4,2.929942210691054E-4,4.10565751636759E-4,3.669364794590122E-5,0.019021845551979718,3.7646977698833363E-4,1.0122384095241705E-4,1.1448249094255143E-4,0.0020407549312145066,1.2345809870748366E-4,0.009233778559114341,5.925667660226521E-4,1.113441012696633E-4,0.012956849188556984,7.543196111653156E-4,9.01613869956644E-4,1.0896456194058872E-4,1.9124606567689573E-4,0.0011751466297905556,9.277497907575583E-5,1.1599274063558429E-4,1.2146571137916197E-4,1.827767761355973E-4,2.7213704321232964E-4,1.2975325970456002E-4,0.0023138099467677827,0.010954946811345612,0.018294719139287673,0.008943741671585428,9.75723528898216E-4,1.1586666731891236E-4,2.1022115086641956E-4,0.0014085727486302607,3.1118336241314954E-4,1.3137081519203381E-4,1.0,1.228741165670088E-4,0.0018032346932011028,0.009708856732068982,2.0891995553121203E-4,6.237926790418163E-5,9.044498288531356E-4,1.2867905646105852E-4,1.344