[[1.0,0.0027428611297001066,2.5360298366963047E-4,0.0027402770750542577,0.0011261578682142089,0.0027636686744756927,0.002179877886736112,0.00571396273331644,0.007976446103757008,0.0017693388423353708,0.002054380041255739,0.002305979783221842,0.001795758448674037,0.0027816834363726364,0.0027396425137400835,4.918301911809567E-4,2.1119488549514807E-4,0.02265283593171679,0.0011009734672262545,0.0017467657270534523,0.0032635606233193362,0.001229697656311027,0.0013664063686303182,0.0015238051442813063,0.0026814908391671363,0.002598931195073938,0.002792971534668225,0.0023279892809695032,0.002272852552168419,1.4685090080707695E-5,0.0015623180093287635,0.002287944854859924,0.0025674226278800667,0.0016815445845503089,0.035990484661689824,0.0036787592013261504,0.002248288802298201,0.0028952812862271266,0.002016392221191022,0.002141502149432954,2.612593483160127E-4,0.0022188204993660197,9.959563141417104E-4,0.00232741923920982,0.0026800773770225216,0.002560305077460968,0.010742566035598523,0.0013659293135864722],[0.0027428611297001066,1.0,3.5109979956689314E-5,0.0015391154709734687,3.8428262868005393E-4,0.0010172085454801527,0.0010556439489166117,6.448654930482864E-4,0.00610684646111601,2.7414706644905553E-5,2.2205103729907712E-4,0.0016504795081085284,1.8600183926793255E-5,1.8645135811180334E-5,1.643508589402673E-4,2.297668672752209E-5,3.231349113715453E-5,0.0016215601956482163,4.735761846262328E-5,2.016931916147196E-5,6.935834656140483E-4,8.134370099956675E-4,9.607142053269742E-5,0.001310337173100147,2.4281893133099142E-5,8.205271076959263E-5,6.1573919630711E-4,1.6092108813815466E-5,1.396216278783539E-5,1.5093604621649921E-5,4.296670581330295E-4,1.1535093880240846E-4,3.4720679811412185E-4,7.154142334858027E-5,0.023272913849462062,0.0012603049217191616,3.921086666175879E-4,3.0584845968002685E-4,0.0014851655911209702,2.8238319503104783E-5,1.8729098759027055E-5,5.670277164949982E-4,2.6194976793678362E-5,7.015054207821882E-4,8.288348738701039E-4,0.0010717861614527096,0.0011553432639784605,1.1718325260026549E-4],[2.5360298366963047E-4,3.5109979956689314E-5,1.0,0.001999506961523335,2.5284740555934734E-4,7.054972396034582E-4,0.001096670413082848,0.0031380821629838455,0.009771372167134926,7.518658290962067E-5,1.8204330204624251E-4,7.36808536500494E-4,7.789842912965455E-5,8.448501448296814E-5,1.84411879291685E-4,1.1402648924356878E-4,9.778066428448094E-5,0.048761982730432196,1.4460959759967455E-4,1.1267176908754101E-4,0.0031113132251350153,7.778542189807052E-4,1.3324135604261998E-4,3.046995726797054E-4,1.4981661067512084E-4,3.158418670660058E-4,5.270041669900056E-4,8.748692857757259E-5,6.28499854512793E-5,1.3461705991765668E-4,1.6968209407746944E-4,1.602713950593983E-4,3.4241553259830497E-4,1.6733609711191437E-4,0.03908308084496149,0.0011965562848418227,4.411721990776132E-4,0.003165359638944845,2.2241923755444434E-4,7.726582183185527E-5,4.022403361564318E-5,2.9627636997768314E-4,4.7831166122144086E-5,3.453683915533043E-4,7.031951949214742E-4,8.295370107983318E-4,0.009721718510657281,1.4759781394527583E-4],[0.0027402770750542577,0.0015391154709734687,0.001999506961523335,1.0,0.0013515543038906063,0.0015658007673250306,0.0018981529892890129,0.009533075901012395,0.010340852798487673,0.0022576422924044924,0.0010884429267567764,0.002327379736621685,6.108584338128486E-4,6.587436363954453E-4,0.0024710967716824067,0.0023976634525862523,8.076333494875514E-4,0.0641615488163621,0.0017342494284367483,0.0019214793876175945,0.003009092418244436,0.0023079005067473575,0.0010044171365095893,0.0017763022772022176,4.355869878408931E-4,0.0015708420853378408,0.0022348381290194764,0.0011085013834560699,4.053850202999229E-4,0.0025272217904268287,0.0021007665646253703,0.0010587394711776476,0.0021981905927580428,0.0016643460944453516,0.035610913339392786,0.0036268846989719276,0.0025907170851943583,0.0029776531753522417,0.002549656231967864,0.0017498191411519182,1.714542373219158E-4,0.0017795469559444047,0.0012747388942243303,0.0019041132692146994,0.0020465605512828278,0.0023840683830967206,0.004206707785682026,0.0020626604545386264],[0.0011261578682142089,3.8428262868005393E-4,2.5284740555934734E-4,0.0013515543038906063,1.0,7.737610089432699E-4,7.493580801645679E-4,0.0030223955062998313,0.003896784103678479,8.648008908388995E-5,4.805084985577649E-4,0.0018575643251086378,4.7733779998674676E-4,1.9836934265199082E-4,5.774362820253409E-4,2.3105012744500415E-4,1.4232571216500888E-4,0.04470176233940097,2.761181012915715E-4,6.003238324905851E-4,0.003688991895696179,8.404353463487378E-4,1.7428659452613704E-4,0.0012158958638194932,3.130623573932963E-4,5.325680535141935E-4,0.001316766745742764,5.910652191033889E-4,2.972355883253099E-4,4.933905545463987E-4,6.246566671870548E-4,2.6360709124645615E-4,5.331028104712109E-4,2.7220255248631726E-4,0.005210978178066198,0.0011955207172764273,0.0011037966298775145,0.0016721569373403505,0.0018391939498411483,1.8038468372928186E-4,4.7968120541755035E-4,5.729819155068717E-4,3.5097553718684937E-4,6.963131297696544E-4,0.0014219306199065374,0.001827903272134333,8.946239766531063E-4,1.5650147221006605E-4],[0.0027636686744756927,0.0010172085454801527,7.054972396034582E-4,0.0015658007673250306,7.737610089432699E-4,1.0,0.0012359857779984727,0.009430200870153494,0.01097479538536206,2.319966449098098E-4,0.0011924323003020946,0.002099502518018712,3.6735104111225496E-4,6.340655924237762E-4,5.251960175621152E-4,4.036701584107049E-4,5.279143423680616E-4,0.057739941746655095,9.640992122753608E-4,4.051532257698281E-4,0.002668492623686623,0.0012058892740483898,0.00116195858812632,0.0012625004210344432,6.80155472353202E-5,8.784079967746124E-4,0.0014268910227979161,7.72328576477909E-4,2.7305867139591755E-4,7.655437714658303E-4,0.001069626056089948,2.9080730511625184E-4,6.638769755563103E-4,0.0010804358747879593,0.028296789861400263,0.0020691769197043334,0.0012815850780693542,0.001644725116234876,0.0014645018039886608,0.0010509753334271117,5.063842191525275E-4,7.202357016979472E-4,2.484086469229308E-4,0.0012243673021551011,0.0013088085722804477,0.00188807613984408,0.008324059808098028,6.181966366361807E-4],[0.002179877886736112,0.0010556439489166117,0.001096670413082848,0.0018981529892890129,7.493580801645679E-4,0.0012359857779984727,1.0,0.004004591409472791,0.0077674500567675026,1.1877142769058112E-4,3.249676899959905E-4,0.0016898040964961074,0.0010043888271100844,8.157186143510295E-4,7.038901887034812E-4,0.001158720906803903,5.836487325950571E-4,0.015367373786671327,2.0912674558224424E-4,0.0011289968011245165,0.0031495739660163556,0.0011928694438195567,6.303515851627239E-4,0.0012513498426007514,5.088321268485658E-4,8.233665186226521E-4,0.0016881754198856212,7.904846109348206E-4,0.0011655281854763006,8.634182062699433E-4,8.640485675985648E-4,9.863566574351706E-4,9.235322634914363E-4,5.888031504764505E-4,0.03987817410552523,0.0024386045255737144,0.0013068913213719036,0.0021740946850961457,0.0013400292557617644,6.742984250362343E-4,1.8758960281336592E-4,7.759574068636215E-4,4.3211908578653176E-4,0.001212223055389175,0.0012393567390130075,0.0016802071634938697,0.0024713673871826873,5.921109962603797E-4],[0.00571396273331644,6.448654930482864E-4,0.0031380821629838455,0.009533075901012395,0.0030223955062998313,0.009430200870153494,0.004004591409472791,1.0,0.010746967305861152,0.007716716553410133,0.006854129699393303,0.0028691230238190968,9.581009876730479E-4,2.2569376663797143E-4,0.006564341403138732,0.008546188702123944,0.0055249046324818245,0.0203834807597816,0.002587282696889473,0.010019921328261077,0.005245624094255524,0.003728239950345298,0.003876874684740806,0.009635321671965078,0.006984980854136254,0.006972943336984862,0.0043700338010185585,0.004851652486545373,0.009737489235899316,0.0048794477220837195,0.0018373705155970675,0.002349297370644299,0.00419821746067365,0.009799026342257306,0.012906846756734784,0.00659836321875223,0.007716186704563577,0.004582396712393369,0.007775788304423455,0.00652242086653087,0.005971999316654524,0.010179741914184727,0.0021166232143485716,0.0021229359100264186,0.003317656057801804,0.00593767708463761,0.015747463093101183,0.009325828353434417],[0.007976446103757008,0.00610684646111601,0.009771372167134926,0.010340852798487673,0.003896784103678479,0.01097479538536206,0.0077674500567675026,0.010746967305861152,1.0,0.00801087090497836,0.009509609059741296,0.005432163678362694,0.006351451225298215,0.0012688479561832422,0.008149319581392712,0.0035601782127689585,0.009518965560467905,0.05944342112107715,0.0069709622733268,0.008954949351590113,0.005448711077623569,0.005743823463840801,0.010344943150060897,0.0017082785781869963,0.008703595675606541,0.010206713218074797,0.008447032453663024,0.00875571473847428,0.00928182150273274,0.006505107223707011,7.530816479072196E-4,0.0036795134647232513,0.0028326610213774287,4.457778920492121E-4,0.013077757519313471,0.005322178880255335,0.005133791391781649,0.010668104066487381,0.0028414384967087015,0.006706998742536049,0.006900473081792209,0.001356665376053589,0.0077626645182526065,0.010859391284748382,0.007306855496312769,0.008014571939194364,0.013586858829368716,0.0064337392340339476],[0.0017693388423353708,2.7414706644905553E-5,7.518658290962067E-5,0.0022576422924044924,8.648008908388995E-5,2.319966449098098E-4,1.1877142769058112E-4,0.007716716553410133,0.00801087090497836,1.0,2.4264305690904146E-4,0.0014416593307683585,3.077912367950726E-5,1.4138979914078879E-5,2.686206369451097E-4,5.5858650042693263E-5,4.140020201931842E-5,0.023032341406607253,8.925720017009133E-5,6.996129312261272E-5,0.0016038759686504212,2.641602645237999E-4,5.4594665682474034E-5,1.0390079131806625E-4,3.6809828749508295E-5,3.0304833304905995E-4,8.680455303245115E-4,2.4838971506749107E-5,3.6398436247962186E-5,2.797239178072685E-5,3.021016628649171E-4,6.82455911303816E-5,1.9458718689182225E-4,1.7797695479499517E-4,0.02300081294570751,0.001514601567319269,7.437321977602508E-4,0.002054833761128159,0.0011664624676431927,3.138376318217464E-5,1.8369019671765403E-5,5.310143165031663E-4,3.696589855741086E-5,2.7639404337124736E-4,8.553894324470613E-4,7.176574270332893E-5,0.0013556114521128264,9.050588027540314E-5],[0.002054380041255739,2.2205103729907712E-4,1.8204330204624251E-4,0.0010884429267567764,4.805084985577649E-4,0.0011924323003020946,3.249676899959905E-4,0.006854129699393303,0.009509609059741296,2.4264305690904146E-4,1.0,6.736001266218958E-4,2.4590131655726617E-5,1.9691943685037363E-4,2.840943775435752E-4,1.2729272592123332E-4,1.6530055986381075E-4,0.09262604906675592,1.575983792331297E-4,1.3184169563270717E-4,0.001069267755834121,8.897679065650761E-4,2.6312012592033887E-4,4.25722369142946E-4,1.0388477601244885E-4,4.8576752377181E-4,0.001681883322638949,2.622135547131812E-4,2.8707650071305652E-5,2.3206241973260138E-4,4.310828300688961E-4,1.750828355309568E-4,4.905529575285985E-4,2.1394836826237962E-4,0.0031091882000229337,0.0013565954097953367,5.188849258892588E-4,0.0028411050615106256,6.910023179012253E-4,7.039354754443632E-5,1.442536087959239E-4,5.281063941423624E-4,1.97377509469097E-4,9.702608274344851E-4,0.0010399040972116954,4.5955778790663173E-4,0.0033560951663269807,1.7088327621940844E-4],[0.002305979783221842,0.0016504795081085284,7.36808536500494E-4,0.002327379736621685,0.0018575643251086378,0.002099502518018712,0.0016898040964961074,0.0028691230238190968,0.005432163678362694,0.0014416593307683585,6.736001266218958E-4,1.0,0.0011446873360221187,7.637051349725262E-4,0.0011971370098369345,9.510840214658562E-4,6.701467107569457E-4,0.018479016452506984,4.085691739208232E-4,0.001017839944958187,0.003681940546042432,0.0011320364990607694,5.681088618782516E-4,0.0017169881250567438,6.25509045310495E-4,0.0010318311754381492,0.0019800577282705935,0.0016469882729577086,0.0018454931814616098,4.545382569846194E-4,0.0011713702920307155,4.647690646534951E-4,0.0013410045689717794,0.0015863416263186627,0.025941548262348166,0.0032161028377442292,0.0018288665119764844,0.002786963220023138,0.002087023312253754,0.0012422396240370623,2.713521124428417E-4,0.001885352740313925,8.218621498268919E-4,0.0020489700044695643,0.0017988950272745954,0.002116225841191072,0.004806381730322107,6.458312928345844E-4],[0.001795758448674037,1.8600183926793255E-5,7.789842912965455E-5,6.108584338128486E-4,4.7733779998674676E-4,3.6735104111225496E-4,0.0010043888271100844,9.581009876730479E-4,0.006351451225298215,3.077912367950726E-5,2.4590131655726617E-5,0.0011446873360221187,1.0,1.6626357410898193E-5,1.1534518324144043E-4,6.249688279860094E-5,2.8909984566132118E-5,0.026885443278519647,8.148255142105155E-5,6.841782823063407E-5,0.0016595878353052303,7.487734063509867E-4,1.2980618526640725E-4,9.21298750293641E-4,2.635704727048159E-5,3.983152607948185E-4,0.0011249640565977655,1.6866615096858648E-5,1.2033843980825636E-5,1.2036159136113527E-5,1.5846795585443973E-4,7.847908975794422E-5,2.0549316382604017E-4,1.9002002492631256E-4,0.031720946517745124,0.003782836029770297,2.4862908384399966E-4,0.0026530055925879045,0.001587530875991912,1.9015796398841863E-5,1.5066860631836177E-5,3.917096819421973E-4,2.8600050702759818E-5,7.480230509465052E-4,0.0013959229560626596,0.001552496830236555,0.013392564452153756,7.550633083180686E-5],[0.0027816834363726364,1.8645135811180334E-5,8.448501448296814E-5,6.587436363954453E-4,1.9836934265199082E-4,6.340655924237762E-4,8.157186143510295E-4,2.2569376663797143E-4,0.0012688479561832422,1.4138979914078879E-5,1.9691943685037363E-4,7.637051349725262E-4,1.6626357410898193E-5,1.0,2.8457820318511485E-4,4.468461466083729E-5,3.103004698451398E-5,0.015563118287966636,2.6367317007214512E-5,9.907578995485886E-5,0.0031291075585450977,0.0010354540893446188,5.4855634299357954E-5,2.507813609165366E-5,1.940706021897739E-5,2.953807590478395E-4,0.0010961690939504908,1.2371536266968238E-5,1.0925467654203609E-5,1.037981162301175E-5,1.1874382797179152E-4,1.057745553734742E-4,4.269873694523992E-4,3.412677996242834E-5,0.01860617536824721,0.003340734792351258,8.567159719579917E-4,0.0020553638236131626,0.0010011973595563024,2.3967445683650436E-5,1.0349616784579023E-5,1.3256721155519499E-4,3.158356682009715E-5,9.152217303135469E-4,3.9986837390521837E-4,6.208326231809224E-4,0.01051841703148721,3.355858812701408E-5],[0.0027396425137400835,1.643508589402673E-4,1.84411879291685E-4,0.0024710967716824067,5.774362820253409E-4,5.251960175621152E-4,7.038901887034812E-4,0.006564341403138732,0.008149319581392712,2.686206369451097E-4,2.840943775435752E-4,0.0011971370098369345,1.1534518324144043E-4,2.8457820318511485E-4,1.0,2.676132011371538E-4,1.4390789215692102E-4,0.06506181162028349,2.2982587760144474E-4,2.355503108293693E-4,0.0017999186205022854,7.435829230522902E-4,1.9107326118024355E-4,5.379233598061185E-4,1.0480769928465004E-4,5.00352319346878E-4,0.0017482812364797624,2.674304500251217E-4,3.468650330309491E-5,1.1744259819209871E-4,5.008697582806498E-4,2.2265991225296652E-4,4.06902203991703E-4,2.806569536728176E-4,0.0316594829643569,0.001857527831331365,5.204935863954686E-4,3.1684661447015745E-4,0.001203663248017094,2.4436769487688856E-4,4.456999304124071E-5,3.485552571823803E-4,2.705155092162056E-4,4.0243873241483866E-4,7.559056288607385E-4,0.0018841362925126378,0.0014292921726786658,1.7010926491305096E-4],[4.918301911809567E-4,2.297668672752209E-5,1.1402648924356878E-4,0.0023976634525862523,2.3105012744500415E-4,4.036701584107049E-4,0.001158720906803903,0.008546188702123944,0.0035601782127689585,5.5858650042693263E-5,1.2729272592123332E-4,9.510840214658562E-4,6.249688279860094E-5,4.468461466083729E-5,2.676132011371538E-4,1.0,7.260424508105664E-5,0.09869091549899887,1.2186703637511911E-4,1.1043048209240426E-4,0.0021107941190203643,2.5181364927692767E-4,1.2120588282246809E-4,3.1433820919649915E-4,1.0142191616857967E-4,4.8408411669059346E-4,8.501834402305728E-4,2.9566391332478315E-5,3.8418002941362564E-5,4.7949078096117034E-5,6.103223414576693E-4,1.2195070427491326E-4,4.496091120362654E-4,1.137339968456267E-4,0.03949370159094214,0.002159264839063064,0.0011816508568768523,0.0022310151886785682,0.0013494178425643992,9.788150465805248E-5,9.446719941138372E-5,1.1182593007411464E-4,7.104546307174768E-5,8.784416110981549E-4,3.345245729456602E-4,1.1955662834242175E-4,0.015296784068610635,1.1577145543290372E-4],[2.1119488549514807E-4,3.231349113715453E-5,9.778066428448094E-5,8.076333494875514E-4,1.4232571216500888E-4,5.279143423680616E-4,5.836487325950571E-4,0.0055249046324818245,0.009518965560467905,4.140020201931842E-5,1.6530055986381075E-4,6.701467107569457E-4,2.8909984566132118E-5,3.103004698451398E-5,1.4390789215692102E-4,7.260424508105664E-5,1.0,0.03156704420051105,9.603376905551188E-5,7.908636800163174E-5,0.0035071753492399082,9.77732888895851E-4,1.0589805789921623E-4,7.741552220270726E-4,3.75623001140598E-5,1.6557163958336575E-4,9.504497645278393E-4,1.616601753641918E-5,4.99332911672909E-5,5.127797123999355E-5,4.2333889483213796E-4,1.147798426242556E-4,3.068369111787245E-4,8.367395151890963E-5,0.02193185059681203,0.002632614632565419,0.0012209322877284742,9.270878740634094E-4,3.3231024313256204E-4,3.97495030348064E-5,1.730372801132551E-5,1.6126126043165392E-4,5.7980542159007274E-5,1.237685468778126E-4,2.6829920609078463E-4,0.0010997056094434767,0.009252169825497017,9.955291019470212E-5],[0.02265283593171679,0.0016215601956482163,0.048761982730432196,0.0641615488163621,0.04470176233940097,0.057739941746655095,0.015367373786671327,0.0203834807597816,0.05944342112107715,0.023032341406607253,0.09262604906675592,0.018479016452506984,0.026885443278519647,0.015563118287966636,0.06506181162028349,0.09869091549899887,0.03156704420051105,1.0,0.0809941320613502,0.05870763913989451,0.08959775315966964,0.022608400848501523,0.06857225303552736,0.03472765033381428,0.046658138490960135,0.01867712363359023,0.08895248901841656,0.02126921269426223,0.09252601369605952,0.02540054697726217,0.055310936248346224,0.06862268066058497,0.03563821650777285,0.07929960929699446,0.08467063506211302,0.032160824585899195,0.067343914640161,0.05216473605259399,0.002441904952988015,0.0052921383089434915,0.006868204182019432,0.07559023892775496,0.03517529370534603,0.06677421890878907,0.006900897399461793,0.061121339177182536,0.09553985005052856,0.01769849635635964],[0.0011009734672262545,4.735761846262328E-5,1.4460959759967455E-4,0.0017342494284367483,2.761181012915715E-4,9.640992122753608E-4,2.0912674558224424E-4,0.002587282696889473,0.0069709622733268,8.925720017009133E-5,1.575983792331297E-4,4.085691739208232E-4,8.148255142105155E-5,2.6367317007214512E-5,2.2982587760144474E-4,1.2186703637511911E-4,9.603376905551188E-5,0.0809941320613502,1.0,1.2438703300839696E-4,0.003043866333202438,4.924087955861007E-4,1.2953190723485978E-4,7.704148926545919E-4,6.671468210983374E-5,4.7233588807672473E-4,6.169625500648734E-4,1.1419651369703278E-4,9.566376607671313E-5,7.593125301485322E-5,6.361776985085245E-4,1.2233323524356133E-4,4.572910428192296E-4,1.521763991763273E-4,0.031846525236736915,0.0014924213120291899,7.55606469101143E-4,6.563184950930649E-4,0.001858296045914583,1.1769319953505189E-4,7.465078915815401E-5,5.28618029586504E-4,4.5766230545235885E-5,7.350092553048349E-4,0.001222859640415897,0.001866372563389064,0.011651705325891583,1.2142471599655364E-4],[0.0017467657270534523,2.016931916147196E-5,1.1267176908754101E-4,0.0019214793876175945,6.003238324905851E-4,4.051532257698281E-4,0.0011289968011245165,0.010019921328261077,0.008954949351590113,6.996129312261272E-5,1.3184169563270717E-4,0.001017839944958187,6.841782823063407E-5,9.907578995485886E-5,2.355503108293693E-4,1.1043048209240426E-4,7.908636800163174E-5,0.05870763913989451,1.2438703300839696E-4,1.0,2.6052063435963994E-4,6.514107101326079E-4,1.1492222854258539E-4,5.646887460939486E-4,6.229245175599465E-5,2.9286399729726965E-4,8.953874887476292E-4,4.859506282593311E-5,4.363290753043171E-5,2.6588086536712624E-5,3.1279721734272186E-4,1.1933739260846821E-4,4.3528343529019214E-4,1.8971414182935065E-4,0.021355102352805876,0.00225623784679116,7.988357566255896E-4,0.0014577053319120503,0.0015854246516555648,1.0487195052779916E-4,1.0872247347162968E-5,1.765453678508777E-4,9.538252700699274E-5,7.273727202106622E-4,3.80269439075054E-4,0.0012958302124864353,0.006681020649449125,1.1860242800496685E-4],[0.0032635606233193362,6.935834656140483E-4,0.0031113132251350153,0.003009092418244436,0.003688991895696179,0.002668492623686623,0.0031495739660163556,0.005245624094255524,0.005448711077623569,0.0016038759686504212,0.001069267755834121,0.003681940546042432,0.0016595878353052303,0.0031291075585450977,0.0017999186205022854,0.0021107941190203643,0.0035071753492399082,0.08959775315966964,0.003043866333202438,2.6052063435963994E-4,1.0,0.001652667391354576,4.533142574353275E-4,0.002973749164312381,1.4128608188999513E-4,0.0019930462770953034,0.0023927623629395813,1.1080558669542134E-4,0.0031020420274304066,0.001164408999234572,9.143190598160009E-4,0.0022579727063885315,0.0032327750851305387,0.0034497018498627005,0.0054152500940651,0.003726798728651122,0.0016655114189237973,0.0036056850783225103,0.0035046989197862616,0.0026194266982147245,0.001255196317826157,0.0017642180063360833,1.8761697165888686E-4,0.0014614599527092136,0.002228016122677448,0.002225897675181858,0.009743238484014911,0.0032281750451997864],[0.001229697656311027,8.134370099956675E-4,7.778542189807052E-4,0.0023079005067473575,8.404353463487378E-4,0.0012058892740483898,0.0011928694438195567,0.003728239950345298,0.005743823463840801,2.641602645237999E-4,8.897679065650761E-4,0.0011320364990607694,7.487734063509867E-4,0.0010354540893446188,7.435829230522902E-4,2.5181364927692767E-4,9.77732888895851E-4,0.022608400848501523,4.924087955861007E-4,6.514107101326079E-4,0.001652667391354576,1.0,2.2801949284872796E-4,0.0011777381847927247,6.740848412696774E-4,0.0010144000293857967,0.0017373521008652358,6.871318420600336E-4,7.513975429744917E-4,6.785187760963328E-4,6.894908899778547E-4,5.874638802092834E-4,8.555365364126813E-4,8.853338684096637E-4,0.03338039431564781,0.0018782991032447447,0.0011156893900767016,0.0027329210916138087,0.0010975361265805625,3.652840444858977E-5,8.538337161908672E-4,6.41174483181454E-4,2.136576511503452E-4,0.0010898681293450513,0.001226257154241951,0.0012108351408662028,0.006127966622081028,2.964089848068605E-4],[0.0013664063686303182,9.607142053269742E-5,1.3324135604261998E-4,0.0010044171365095893,1.7428659452613704E-4,0.00116195858812632,6.303515851627239E-4,0.003876874684740806,0.010344943150060897,5.4594665682474034E-5,2.6312012592033887E-4,5.681088618782516E-4,1.2980618526640725E-4,5.4855634299357954E-5,1.9107326118024355E-4,1.2120588282246809E-4,1.0589805789921623E-4,0.06857225303552736,1.2953190723485978E-4,1.1492222854258539E-4,4.533142574353275E-4,2.2801949284872796E-4,1.0,0.0012775709611140022,8.681777404664962E-5,1.848779117991502E-4,8.086939968200039E-4,9.08282844867766E-5,2.453711373225882E-5,3.390684624561202E-5,4.0302702766647727E-4,1.2917402299713032E-4,3.7397040280624425E-4,1.3653266024301502E-4,0.023170051407799444,0.0014974987176936592,8.324149886427564E-4,7.549676334130656E-4,0.0016337519268812297,5.44322430308949E-5,4.442235111738922E-5,5.017462774229422E-4,3.6637341365841385E-5,6.291176585612493E-4,1.3166485674881992E-4,5.360558688012891E-4,0.01490231115865361,1.2320007336987386E-4],[0.0015238051442813063,0.001310337173100147,3.046995726797054E-4,0.0017763022772022176,0.0012158958638194932,0.0012625004210344432,0.0012513498426007514,0.009635321671965078,0.0017082785781869963,1.0390079131806625E-4,4.25722369142946E-4,0.0017169881250567438,9.21298750293641E-4,2.507813609165366E-5,5.379233598061185E-4,3.1433820919649915E-4,7.741552220270726E-4,0.03472765033381428,7.704148926545919E-4,5.646887460939486E-4,0.002973749164312381,0.0011777381847927247,0.0012775709611140022,1.0,5.363780616143237E-4,9.516782957421538E-4,0.0013157347548616294,9.792215762411257E-4,8.552042086086505E-4,0.0010272352953212718,8.862757702783353E-4,0.001309372635459708,7.864899553937449E-4,4.3689282876914443E-4,0.03519305950521482,0.003882922317077526,0.0013367790266560328,0.002554247886096918,0.0017084648623777352,0.001084759484666874,5.10629726841066E-4,0.0011562522585165228,0.0011316173782236253,0.001266414827909688,0.001326725967578861,0.001458038945154255,0.006854698277984217,2.737358515909579E-4],[0.0026814908391671363,2.4281893133099142E-5,1.4981661067512084E-4,4.355869878408931E-4,3.130623573932963E-4,6.80155472353202E-5,5.088321268485658E-4,0.006984980854136254,0.008703595675606541,3.6809828749508295E-5,1.0388477601244885E-4,6.25509045310495E-4,2.635704727048159E-5,1.940706021897739E-5,1.0480769928465004E-4,1.0142191616857967E-4,3.75623001140598E-5,0.046658138490960135,6.671468210983374E-5,6.229245175599465E-5,1.4128608188999513E-4,6.740848412696774E-4,8.681777404664962E-5,5.363780616143237E-4,1.0,1.0764727999929009E-4,5.971834160951267E-4,2.495981624579045E-5,1.6723226325706917E-5,1.5249358977849178E-5,2.1889358943146745E-4,8.870028116036893E-5,1.4714419529151518E-4,1.6232242270339343E-4,0.03330668600758923,0.001681538454336171,2.0136139953039927E-4,0.00290187396031991,0.0018242997348164754,3.068949518753054E-5,2.363188006907563E-5,1.8116004081399303E-4,3.3761166117919704E-5,0.0011956989382135219,3.2076380356258757E-4,0.001128775042304948,0.013927668036846655,6.541635032119545E-5],[0.002598931195073938,8.205271076959263E-5,3.158418670660058E-4,0.0015708420853378408,5.325680535141935E-4,8.784079967746124E-4,8.233665186226521E-4,0.006972943336984862,0.010206713218074797,3.0304833304905995E-4,4.8576752377181E-4,0.0010318311754381492,3.983152607948185E-4,2.953807590478395E-4,5.00352319346878E-4,4.8408411669059346E-4,1.6557163958336575E-4,0.01867712363359023,4.7233588807672473E-4,2.9286399729726965E-4,0.0019930462770953034,0.0010144000293857967,1.848779117991502E-4,9.516782957421538E-4,1.0764727999929009E-4,1.0,0.001297852192517756,9.609101184488916E-5,2.977168766248018E-4,7.723354982678043E-5,6.235849748095709E-4,4.617227655303091E-4,5.14090706425976E-4,4.903701411204482E-4,0.008863866146973126,0.0029292382123202753,0.0012417587537513547,0.0012681136394184743,0.001686213168850011,1.2993214847018794E-4,1.4510256259122397E-4,5.554836187568772E-4,4.137730676267414E-4,0.0011986630148215775,7.608805593548756E-4,0.0012574858987653929,0.007479379145000371,2.0972206132409692E-4],[0.002792971534668225,6.1573919630711E-4,5.270041669900056E-4,0.0022348381290194764,0.001316766745742764,0.0014268910227979161,0.0016881754198856212,0.0043700338010185585,0.008447032453663024,8.680455303245115E-4,0.001681883322638949,0.0019800577282705935,0.0011249640565977655,0.0010961690939504908,0.0017482812364797624,8.501834402305728E-4,9.504497645278393E-4,0.08895248901841656,6.169625500648734E-4,8.953874887476292E-4,0.0023927623629395813,0.0017373521008652358,8.086939968200039E-4,0.0013157347548616294,5.971834160951267E-4,0.001297852192517756,1.0,6.969625569617625E-4,5.162463917492171E-4,6.04591161077396E-4,0.0015976247687735333,3.562707668996303E-4,0.001444902178648657,9.240594894732576E-4,0.02135450035869548,0.002427830808280656,0.0014497664140113893,0.003089407542501711,0.0017934760620835887,0.001481110999032586,0.001311413964952055,0.00151672498495732,0.001499705220563732,0.0012923334975166888,0.0017392477287408302,0.0019682121944304487,0.013475342835052218,0.001138031336067092],[0.0023279892809695032,1.6092108813815466E-5,8.748692857757259E-5,0.0011085013834560699,5.910652191033889E-4,7.72328576477909E-4,7.904846109348206E-4,0.004851652486545373,0.00875571473847428,2.4838971506749107E-5,2.622135547131812E-4,0.0016469882729577086,1.6866615096858648E-5,1.2371536266968238E-5,2.674304500251217E-4,2.9566391332478315E-5,1.616601753641918E-5,0.02126921269426223,1.1419651369703278E-4,4.859506282593311E-5,1.1080558669542134E-4,6.871318420600336E-4,9.08282844867766E-5,9.792215762411257E-4,2.495981624579045E-5,9.609101184488916E-5,6.969625569617625E-4,1.0,1.2090418504857367E-5,1.4242907881356507E-5,3.78789238619292E-4,9.890272228298613E-5,4.5100666226454935E-4,2.5515049208509238E-5,0.018608807653634922,0.0026356201395379116,6.629942652566271E-4,7.747521225490883E-5,0.0012387557216500449,2.8375051443923156E-5,1.4601864990816319E-5,2.6367116001250264E-4,2.1430906171970878E-5,5.492006357565884E-4,9.018755412993141E-4,3.854683939236275E-4,0.005594653651354141,4.836379391992292E-5],[0.002272852552168419,1.396216278783539E-5,6.28499854512793E-5,4.053850202999229E-4,2.972355883253099E-4,2.7305867139591755E-4,0.0011655281854763006,0.009737489235899316,0.00928182150273274,3.6398436247962186E-5,2.8707650071305652E-5,0.0018454931814616098,1.2033843980825636E-5,1.0925467654203609E-5,3.468650330309491E-5,3.8418002941362564E-5,4.99332911672909E-5,0.09252601369605952,9.566376607671313E-5,4.363290753043171E-5,0.0031020420274304066,7.513975429744917E-4,2.453711373225882E-5,8.552042086086505E-4,1.6723226325706917E-5,2.977168766248018E-4,5.162463917492171E-4,1.2090418504857367E-5,1.0,1.1856156252174248E-5,4.275020818914184E-4,6.191207651887704E-5,4.942028352741704E-4,1.6036692052358257E-4,0.014280620393740815,0.0013587997660878452,9.314869222889382E-4,0.0025270430179785966,0.0017021958250962746,2.0180930608993064E-5,1.180861009351742E-5,6.032511094072534E-5,1.561173330527086E-5,6.0624691006516134E-5,3.378832797824792E-4,0.0014772449584502438,0.003348322635273052,1.0556376908736341E-4],[1.4685090080707695E-5,1.5093604621649921E-5,1.3461705991765668E-4,0.0025272217904268287,4.933905545463987E-4,7.655437714658303E-4,8.634182062699433E-4,0.0048794477220837195,0.006505107223707011,2.797239178072685E-5,2.3206241973260138E-4,4.545382569846194E-4,1.2036159136113527E-5,1.037981162301175E-5,1.1744259819209871E-4,4.7949078096117034E-5,5.127797123999355E-5,0.02540054697726217,7.593125301485322E-5,2.6588086536712624E-5,0.001164408999234572,6.785187760963328E-4,3.390684624561202E-5,0.0010272352953212718,1.5249358977849178E-5,7.723354982678043E-5,6.04591161077396E-4,1.4242907881356507E-5,1.1856156252174248E-5,1.0,5.202154523841969E-4,3.519409610937893E-5,1.3706023343179553E-4,8.683381095217707E-5,0.0025720317159684506,8.940495352983667E-4,8.552041194324587E-5,0.0030305077868592813,4.988425414996516E-4,2.6382071394377842E-5,1.0678870535593293E-5,9.802428545965229E-5,1.902435155053805E-5,0.0010691604773883229,3.6915164562505E-5,8.174687104624373E-4,0.01071090183588938,7.125655726394878E-5],[0.0015623180093287635,4.296670581330295E-4,1.6968209407746944E-4,0.0021007665646253703,6.246566671870548E-4,0.001069626056089948,8.640485675985648E-4,0.0018373705155970675,7.530816479072196E-4,3.021016628649171E-4,4.310828300688961E-4,0.0011713702920307155,1.5846795585443973E-4,1.1874382797179152E-4,5.008697582806498E-4,6.103223414576693E-4,4.2333889483213796E-4,0.055310936248346224,6.361776985085245E-4,3.1279721734272186E-4,9.143190598160009E-4,6.894908899778547E-4,4.0302702766647727E-4,8.862757702783353E-4,2.1889358943146745E-4,6.235849748095709E-4,0.0015976247687735333,3.78789238619292E-4,4.275020818914184E-4,5.202154523841969E-4,1.0,1.6106661797250806E-4,5.89274875315007E-4,2.9237000541746755E-4,0.005992702331443731,0.0010147085842946723,0.0012189424521167037,0.0015262055944016578,7.280401711150633E-4,4.323268541361492E-4,2.4968358752052495E-5,6.421037303997796E-4,3.1368038313895404E-4,0.0010307168061986652,0.0011039483426129532,0.0017332767429479837,0.004868794704197254,4.919351887385385E-4],[0.002287944854859924,1.1535093880240846E-4,1.602713950593983E-4,0.0010587394711776476,2.6360709124645615E-4,2.9080730511625184E-4,9.863566574351706E-4,0.002349297370644299,0.0036795134647232513,6.82455911303816E-5,1.750828355309568E-4,4.647690646534951E-4,7.847908975794422E-5,1.057745553734742E-4,2.2265991225296652E-4,1.2195070427491326E-4,1.147798426242556E-4,0.06862268066058497,1.2233323524356133E-4,1.1933739260846821E-4,0.0022579727063885315,5.874638802092834E-4,1.2917402299713032E-4,0.001309372635459708,8.870028116036893E-5,4.617227655303091E-4,3.562707668996303E-4,9.890272228298613E-5,6.191207651887704E-5,3.519409610937893E-5,1.6106661797250806E-4,1.0,2.605286847233977E-4,1.581697692656426E-4,0.028373061294975018,0.0025819183163241204,1.4863760874039497E-4,8.513160065714031E-4,0.0014689446928610435,7.791023099052097E-5,1.71144215849511E-5,1.580746922620199E-4,6.089666971919324E-5,0.0012061770387600597,5.555750525928978E-4,0.0013476869338172623,0.014456035338300206,1.2134942879483932E-4],[0.0025674226278800667,3.4720679811412185E-4,3.4241553259830497E-4,0.0021981905927580428,5.331028104712109E-4,6.638769755563103E-4,9.235322634914363E-4,0.00419821746067365,0.0028326610213774287,1.9458718689182225E-4,4.905529575285985E-4,0.0013410045689717794,2.0549316382604017E-4,4.269873694523992E-4,4.06902203991703E-4,4.496091120362654E-4,3.068369111787245E-4,0.03563821650777285,4.572910428192296E-4,4.3528343529019214E-4,0.0032327750851305387,8.555365364126813E-4,3.7397040280624425E-4,7.864899553937449E-4,1.4714419529151518E-4,5.14090706425976E-4,0.001444902178648657,4.5100666226454935E-4,4.942028352741704E-4,1.3706023343179553E-4,5.89274875315007E-4,2.605286847233977E-4,1.0,2.82309131875903E-4,0.023187855346206564,0.0023075431211155416,6.788545274238571E-4,0.0016778140180668463,0.0014449385373105266,3.933156088514944E-4,3.5472681905879445E-4,5.337547957203888E-4,1.6643159667728205E-4,7.437203107075093E-4,0.0011007054483003584,0.001108579139729317,0.011187400583272313,4.588910106981646E-4],[0.0016815445845503089,7.154142334858027E-5,1.6733609711191437E-4,0.0016643460944453516,2.7220255248631726E-4,0.0010804358747879593,5.888031504764505E-4,0.009799026342257306,4.457778920492121E-4,1.7797695479499517E-4,2.1394836826237962E-4,0.0015863416263186627,1.9002002492631256E-4,3.412677996242834E-5,2.806569536728176E-4,1.137339968456267E-4,8.367395151890963E-5,0.07929960929699446,1.521763991763273E-4,1.8971414182935065E-4,0.0034497018498627005,8.853338684096637E-4,1.3653266024301502E-4,4.3689282876914443E-4,1.6232242270339343E-4,4.903701411204482E-4,9.240594894732576E-4,2.5515049208509238E-5,1.6036692052358257E-4,8.683381095217707E-5,2.9237000541746755E-4,1.581697692656426E-4,2.82309131875903E-4,1.0,0.010704913835154302,0.00390745430226875,4.1261851771001636E-4,0.0016535890499358352,3.354312003086528E-4,8.12825155112228E-5,6.086105481713075E-5,2.5233306483544077E-4,1.6315042551376852E-4,3.5077727504334534E-4,5.095579967707123E-4,0.0010947884046464487,0.013335487663166966,1.244440038233913E-4],[0.035990484661689824,0.023272913849462062,0.03908308084496149,0.035610913339392786,0.005210978178066198,0.028296789861400263,0.03987817410552523,0.012906846756734784,0.013077757519313471,0.02300081294570751,0.0031091882000229337,0.025941548262348166,0.031720946517745124,0.01860617536824721,0.0316594829643569,0.03949370159094214,0.02193185059681203,0.08467063506211302,0.031846525236736915,0.021355102352805876,0.0054152500940651,0.03338039431564781,0.023170051407799444,0.03519305950521482,0.03330668600758923,0.008863866146973126,0.02135450035869548,0.018608807653634922,0.014280620393740815,0.0025720317159684506,0.005992702331443731,0.028373061294975018,0.023187855346206564,0.010704913835154302,1.0,0.01314738143614402,0.014835448107931751,0.022372187829593125,0.0370037642437707,0.027478114248712486,0.03999858374444266,0.021354511461021308,0.03966543505766285,0.02341783000484669,0.039566721511029725,0.008034864905304211,0.026390892678550798,0.00702076728974961],[0.0036787592013261504,0.0012603049217191616,0.0011965562848418227,0.0036268846989719276,0.0011955207172764273,0.0020691769197043334,0.0024386045255737144,0.00659836321875223,0.005322178880255335,0.001514601567319269,0.0013565954097953367,0.0032161028377442292,0.003782836029770297,0.003340734792351258,0.001857527831331365,0.002159264839063064,0.002632614632565419,0.032160824585899195,0.0014924213120291899,0.00225623784679116,0.003726798728651122,0.0018782991032447447,0.0014974987176936592,0.003882922317077526,0.001681538454336171,0.0029292382123202753,0.002427830808280656,0.0026356201395379116,0.0013587997660878452,8.940495352983667E-4,0.0010147085842946723,0.0025819183163241204,0.0023075431211155416,0.00390745430226875,0.01314738143614402,1.0,0.0037561870344360922,0.0036189107037287145,0.0037808854615745944,0.0036727074533396717,0.0029374242208822583,0.0031289849520451064,0.0016417145864734736,0.001857957018754527,0.0029485560797694274,0.0021514380946470813,0.008848403748937065,3.698666295737453E-4],[0.002248288802298201,3.921086666175879E-4,4.411721990776132E-4,0.0025907170851943583,0.0011037966298775145,0.0012815850780693542,0.0013068913213719036,0.007716186704563577,0.005133791391781649,7.437321977602508E-4,5.188849258892588E-4,0.0018288665119764844,2.4862908384399966E-4,8.567159719579917E-4,5.204935863954686E-4,0.0011816508568768523,0.0012209322877284742,0.067343914640161,7.55606469101143E-4,7.988357566255896E-4,0.0016655114189237973,0.0011156893900767016,8.324149886427564E-4,0.0013367790266560328,2.0136139953039927E-4,0.0012417587537513547,0.0014497664140113893,6.629942652566271E-4,9.314869222889382E-4,8.552041194324587E-5,0.0012189424521167037,1.4863760874039497E-4,6.788545274238571E-4,4.1261851771001636E-4,0.014835448107931751,0.0037561870344360922,1.0,0.002303926550578727,0.0017002332603719772,8.551496680752889E-4,2.950607949189279E-4,8.719092426593925E-4,0.0012496662205754492,0.0012271491758253056,0.0014939870434632113,0.002073959238320142,0.0015636961734001302,9.9094549414728E-4],[0.0028952812862271266,3.0584845968002685E-4,0.003165359638944845,0.0029776531753522417,0.0016721569373403505,0.001644725116234876,0.0021740946850961457,0.004582396712393369,0.010668104066487381,0.002054833761128159,0.0028411050615106256,0.002786963220023138,0.0026530055925879045,0.0020553638236131626,3.1684661447015745E-4,0.0022310151886785682,9.270878740634094E-4,0.05216473605259399,6.563184950930649E-4,0.0014577053319120503,0.0036056850783225103,0.0027329210916138087,7.549676334130656E-4,0.002554247886096918,0.00290187396031991,0.0012681136394184743,0.003089407542501711,7.747521225490883E-5,0.0025270430179785966,0.0030305077868592813,0.0015262055944016578,8.513160065714031E-4,0.0016778140180668463,0.0016535890499358352,0.022372187829593125,0.0036189107037287145,0.002303926550578727,1.0,0.003023612978848178,0.0023929585117548947,4.1158900396454605E-4,0.002177046180010276,0.0031722010487645917,0.00272548765676189,0.0021600337758546405,0.002497378961646389,0.005868303566248637,0.002446306190407658],[0.002016392221191022,0.0014851655911209702,2.2241923755444434E-4,0.002549656231967864,0.0018391939498411483,0.0014645018039886608,0.0013400292557617644,0.007775788304423455,0.0028414384967087015,0.0011664624676431927,6.910023179012253E-4,0.002087023312253754,0.001587530875991912,0.0010011973595563024,0.001203663248017094,0.0013494178425643992,3.3231024313256204E-4,0.002441904952988015,0.001858296045914583,0.0015854246516555648,0.0035046989197862616,0.0010975361265805625,0.0016337519268812297,0.0017084648623777352,0.0018242997348164754,0.001686213168850011,0.0017934760620835887,0.0012387557216500449,0.0017021958250962746,4.988425414996516E-4,7.280401711150633E-4,0.0014689446928610435,0.0014449385373105266,3.354312003086528E-4,0.0370037642437707,0.0037808854615745944,0.0017002332603719772,0.003023612978848178,1.0,8.816811584697011E-4,0.0010249192682432607,0.0018448449990973123,7.448605395874541E-4,0.0015662372257909444,0.0017888409616242877,0.0018945270599176006,0.00881977802242874,6.770606748211868E-4],[0.002141502149432954,2.8238319503104783E-5,7.726582183185527E-5,0.0017498191411519182,1.8038468372928186E-4,0.0010509753334271117,6.742984250362343E-4,0.00652242086653087,0.006706998742536049,3.138376318217464E-5,7.039354754443632E-5,0.0012422396240370623,1.9015796398841863E-5,2.3967445683650436E-5,2.4436769487688856E-4,9.788150465805248E-5,3.97495030348064E-5,0.0052921383089434915,1.1769319953505189E-4,1.0487195052779916E-4,0.0026194266982147245,3.652840444858977E-5,5.44322430308949E-5,0.001084759484666874,3.068949518753054E-5,1.2993214847018794E-4,0.001481110999032586,2.8375051443923156E-5,2.0180930608993064E-5,2.6382071394377842E-5,4.323268541361492E-4,7.791023099052097E-5,3.9331560