[[1.0,0.03572049742419228,1.0859060185332085E-4,9.528097723489222E-5,1.258879276730327E-4,5.626184941794682E-4,1.0750491399046668E-5,7.970744916443808E-5,0.009862805328194073,0.0027011953995844814,1.4055660607647903E-4,4.9623620144166985E-5,1.9051424279298873E-5,0.011303253338371604,0.00850016022269116,1.4880669445459577E-4,1.6173559809866907E-4,0.029448579604449597,0.013692835675665514,0.00650003474893778,1.3951486695171043E-5,0.006241568124816734,3.758871742526857E-4,1.582612976974114E-4,4.435242214006015E-5,0.0016498741335880924,2.4443557349021345E-5,1.1958147315502692E-4,8.960121645590039E-4,8.033487213958908E-5,7.805235533435141E-4,1.332895324234046E-4,3.273554650555229E-5,9.498238504773917E-4,0.011041375178598592,1.7533771576402067E-5,1.663350551167957E-5,0.009023988954677837,5.4747893241859056E-5,4.920507029921151E-4,0.004686324803483878,9.890615380567904E-5,0.015102537466942303,1.22102352707266E-4,3.284388566177017E-5],[0.03572049742419228,1.0,0.024737731631381907,0.032788746019292735,0.04210919125494774,0.013243081432737813,0.018223490791593733,0.018970201580298895,0.03440531035391968,0.03064650033961971,0.009329624402187306,0.02108777805047103,0.015135671264395115,0.03345661552360183,0.017787967094328415,0.010807043995374802,0.042852501516503425,0.0399079823723332,0.03993446148204978,0.030008873946896712,0.034648562475525564,0.04205907879500086,0.006720766819074802,0.03469845189156022,0.0018814323962720821,0.021948121926360878,0.009819343215905081,0.00990083445724871,0.035822654521837256,0.006065376282505756,0.03698494587767484,0.0192247474840963,0.03261404351051785,0.03675342342137504,0.037599967490065986,0.00308706829097625,0.01766114464304721,0.0385438664304085,0.015878944223084265,0.01615889755769812,0.011364381625030843,0.005566659214081567,0.05654488006431878,0.00396231020267858,0.03371344764878612],[1.0859060185332085E-4,0.024737731631381907,1.0,3.3117837188124797E-4,0.0013081503712417662,0.0010945268422580781,4.5245611686259307E-4,2.7237995714883654E-4,0.011536861888547606,0.0026620557390756574,8.317946317068516E-4,3.669535260470861E-4,8.800263423639283E-5,0.003466222099159293,8.579974157122377E-4,3.3821890058996756E-4,8.907800688623011E-4,0.00804358973600744,0.0066670012279167225,0.0035282728350337837,4.8258158398350765E-4,0.005176216379986041,6.583400568978243E-4,0.0039836454093472706,4.826458831045975E-4,0.0023560041042007267,4.609244394835106E-4,1.4839475902791527E-4,5.924056385722216E-4,2.39750877411282E-4,8.275117965524163E-4,4.8137800925677197E-4,5.012372544439957E-4,5.911452250330763E-4,0.010299727619841565,3.105076424825932E-4,5.173669410804316E-4,0.0060464257961270985,7.592196426430388E-4,5.935447521909985E-4,5.927687115765103E-4,3.468880419716315E-4,0.055909407037931964,0.001194135688195836,1.1537461570158882E-4],[9.528097723489222E-5,0.032788746019292735,3.3117837188124797E-4,1.0,4.0268279983243966E-4,9.97926172929183E-4,9.039915713905594E-5,1.2147494405008658E-4,0.006676760398226601,0.0012218178854057563,3.819249529555183E-4,2.2884368834844842E-4,1.0022595479729412E-4,0.003967427740813772,0.007365931873112414,1.4426262988410997E-4,2.2692293267874674E-4,0.012705156959545928,0.011419518715771277,0.010405826276998157,1.1258167171115438E-4,0.0035413020729765385,5.443725731786441E-4,0.009992119674168062,3.819071387381521E-4,3.1488422815207913E-4,1.1707193939891204E-4,1.2637708526991854E-4,8.825197744527554E-4,1.2240663132606557E-4,0.0010906525623289168,1.4931280567635278E-4,1.1924858160278199E-4,9.795036341422622E-4,4.6222338514734197E-4,6.439396550947306E-5,6.846430151394672E-5,0.0036207512196598027,8.48169677845537E-4,0.0010780596190521862,0.002903051903415715,1.2424645235321123E-4,0.027174378510290097,8.139694114818827E-4,1.059524144617975E-4],[1.258879276730327E-4,0.04210919125494774,0.0013081503712417662,4.0268279983243966E-4,1.0,0.0015720382122444117,5.415940529765985E-5,0.0010120116532680414,0.011332533779162633,0.0026115885916353915,0.0016599158506293973,0.001541135827440126,0.0011803575568617027,0.014782051903607197,0.005656538635252818,4.7574103825352904E-4,9.451320102466512E-4,0.004232145434789404,0.002324624374771259,0.004529005555849764,0.0015137676812696798,0.007467419693013578,0.0017133169510575692,0.005114991642715588,0.0011849683301184363,0.0038451141033879156,0.0012838561771277121,4.763264019790872E-4,0.001304689430815429,0.0016281982644754834,0.0016717648137132993,9.047397481207908E-4,4.8633503637683596E-4,0.0012893290957621281,0.006760564929989965,0.0014385210602470369,9.522012270005381E-4,0.0038379033190698883,0.0014315102153541353,0.0017148687951861535,0.004517659479568802,8.76213803956086E-4,0.08159105415004961,0.001704409736792919,0.001618720312778624],[5.626184941794682E-4,0.013243081432737813,0.0010945268422580781,9.97926172929183E-4,0.0015720382122444117,1.0,7.76849514198194E-5,4.1825854420299546E-4,0.0044071489835146626,0.002728169721714953,0.0012089818481631645,6.901861709080926E-4,4.992099571820932E-4,0.009680892998058091,0.010487626349562443,3.565301290603378E-4,0.0011655232163875061,0.011639080136153954,0.009647761372986603,0.010333316268762854,7.611541863347896E-4,0.00757736026192927,0.001414839278686125,0.005660219355397819,8.434703786476786E-4,0.007024114379380175,3.203913211743728E-4,0.0011820803994338877,0.001173578726700851,9.457717605683029E-4,0.0013085533471163258,0.0010217710310637769,5.889906840897404E-4,0.0010837705657899322,0.008317570168042198,3.623643343336485E-4,8.417452247854959E-4,0.0019035835732306404,0.0012733926648549891,0.0016041610158183607,0.0015067957586251055,9.861457994206537E-4,0.012054034096861753,0.0012222432713511757,7.014548484287565E-4],[1.0750491399046668E-5,0.018223490791593733,4.5245611686259307E-4,9.039915713905594E-5,5.415940529765985E-5,7.76849514198194E-5,1.0,1.0523228946561059E-4,0.010920099476579223,5.642215218927391E-5,4.7161489822510343E-4,1.186360196897805E-4,1.4183800777756536E-5,0.014922972090546566,5.287599320545158E-4,1.0144720988383089E-4,7.090839529627778E-4,0.0035262466095551,0.012914530135231526,0.005895872692150966,1.2022139303706985E-5,0.0017382457670755112,3.222874214649929E-5,0.00909775265305404,2.7404734860309965E-4,0.0074242777340499085,4.81106294573541E-5,2.2388636759212954E-5,2.2025797964137878E-4,4.72889381149608E-5,0.0014074489519530528,3.971482902568622E-5,3.408142572412658E-5,2.3596417142007715E-4,0.008842427783865509,1.6833502009063245E-5,2.0469512274004436E-5,0.008480079840545924,2.4237268958584795E-4,7.82479617647919E-4,0.0029013654654474028,6.194542586769392E-5,0.04324541989785422,8.415310621040125E-4,1.719408275098864E-5],[7.970744916443808E-5,0.018970201580298895,2.7237995714883654E-4,1.2147494405008658E-4,0.0010120116532680414,4.1825854420299546E-4,1.0523228946561059E-4,1.0,0.005797322445816813,0.002224267964491681,4.568452003420036E-4,2.1917459412237753E-4,6.559885392863648E-5,0.0015340952888278298,0.010296538067844354,1.2513062405984453E-4,4.033991432934696E-4,0.032682678942751495,0.015589329236243307,0.004820528772883348,5.982354599296972E-5,0.004689530416203907,7.428979233015525E-4,0.0014060057348821826,3.9871927313214485E-4,0.002954008366691007,1.1254621615586818E-4,1.2321002093137543E-4,6.202657922743165E-4,1.1429639307513779E-4,0.0011775592878281492,2.622099260595972E-4,8.990100578601367E-5,7.309342673814108E-4,0.006303153070355521,9.947323640737276E-5,8.107028304227336E-5,6.862743037172436E-4,0.0010304669998949245,0.0010857285318963419,0.004939855742267627,1.2148514391995593E-4,0.045341004646715435,6.326532893305316E-4,8.175447436654606E-5],[0.009862805328194073,0.03440531035391968,0.011536861888547606,0.006676760398226601,0.011332533779162633,0.0044071489835146626,0.010920099476579223,0.005797322445816813,1.0,0.008862088613715898,0.006157978077291826,0.0065264953632626485,0.009973431767913652,0.014717613459118288,0.01239839968303481,0.0013591097412488568,0.010688094880189306,0.01661525136547708,0.01273318561671845,0.01254795969018869,0.00674070665603816,0.013580524369590558,0.0063750362497204845,0.010528500838435323,0.00979076502703334,0.01089990367513311,0.006220555787633256,0.0065343578477490855,0.0010648893938662216,0.011923555828450423,0.0017154160346341595,9.20901432993487E-4,0.011975967436376737,0.01125748352486918,0.012296926520983164,0.010774044787021883,0.0012980054283715894,0.011524874016643828,0.011625437630359732,0.01232888934120439,0.00898254266430847,0.010203319679278297,0.012595354833063689,0.0119434356766995,0.0058721927740848535],[0.0027011953995844814,0.03064650033961971,0.0026620557390756574,0.0012218178854057563,0.0026115885916353915,0.002728169721714953,5.642215218927391E-5,0.002224267964491681,0.008862088613715898,1.0,0.0012566198339311612,0.0015587301731335057,1.4920437430245587E-4,0.004712031769409575,0.00941103186893529,0.002900575508016559,0.001482058261461933,0.033196395675142466,0.0032697729807729713,0.007267192596331629,0.0018222832587954968,0.011183478910265185,0.0021821928378462823,0.007269460518784358,0.0022323339987727346,0.007839440282600604,5.718795647560175E-4,0.0023527860290155763,0.001886547742481154,0.0012507427948201609,0.0018341893956783952,0.0015355642850035192,0.002019523476541012,0.002123595178518803,0.010509274291812523,0.0027706657998348826,0.0021101615926712603,0.003375556190004763,0.0021777474339119145,0.003011343711424202,0.005080282543724619,0.00177292516141012,0.026276585896919738,0.0013828997039362057,0.0028452547502713153],[1.4055660607647903E-4,0.009329624402187306,8.317946317068516E-4,3.819249529555183E-4,0.0016599158506293973,0.0012089818481631645,4.7161489822510343E-4,4.568452003420036E-4,0.006157978077291826,0.0012566198339311612,1.0,3.0550635572053786E-4,1.5087526349330508E-4,0.006044125029415372,0.008149821831600842,3.0985508223231714E-4,0.0010259434970716743,0.022917074306283855,0.007082320492810387,0.012468246754317548,7.262101622119149E-4,0.004958923047996175,0.0014357404960112568,0.003930529824822956,9.505204756217352E-4,0.0033799590743920716,8.118352737675601E-4,0.0010710183782358083,0.001067881055190985,0.001028014012412917,0.001280532386969623,9.77119542324577E-4,3.292907353801795E-4,0.0011937015179877865,0.005428916840035532,0.0010675357771531776,1.6981613711557404E-4,0.0023176381026364136,0.00123703372659543,0.001231967557357443,0.001993168029167705,3.70495089365368E-4,0.07224981865592997,0.0012140588343181932,7.247023400903943E-5],[4.9623620144166985E-5,0.02108777805047103,3.669535260470861E-4,2.2884368834844842E-4,0.001541135827440126,6.901861709080926E-4,1.186360196897805E-4,2.1917459412237753E-4,0.0065264953632626485,0.0015587301731335057,3.0550635572053786E-4,1.0,1.862663341511254E-4,0.01316396729658699,0.009801261302247097,1.9897607124055863E-4,3.7879901522498943E-4,0.020403142016437982,0.013489108641271338,0.004535682737105623,2.2396331836996197E-4,0.004493638371988716,3.5191365572104574E-4,0.003352455574266362,3.7031454934778087E-4,0.0011889817085243939,2.3655769557964312E-4,1.5081732888308171E-4,3.6259972488323624E-4,1.7557223339555958E-4,5.297062580208204E-4,2.65600129737684E-4,1.824280990358746E-4,3.193960013684762E-4,0.0046282710626202005,1.2990412584964816E-4,1.538821919841126E-4,0.011474230627224748,8.39974559045376E-4,0.0010556967145855423,0.0036610460459023104,1.4279836266064188E-4,0.029275389447522168,8.148137718335237E-4,2.1481746697476134E-4],[1.9051424279298873E-5,0.015135671264395115,8.800263423639283E-5,1.0022595479729412E-4,0.0011803575568617027,4.992099571820932E-4,1.4183800777756536E-5,6.559885392863648E-5,0.009973431767913652,1.4920437430245587E-4,1.5087526349330508E-4,1.862663341511254E-4,1.0,0.0031453758653795087,0.011414543164665732,1.0862351121562846E-4,3.952958279601639E-4,0.0016854424542973971,0.016325262164045597,0.006954427276467025,1.713421263254432E-5,6.394439722651188E-4,0.0016273693519491435,0.009861141083056493,6.44555954554918E-5,5.453847646418907E-4,9.621014901054395E-5,5.7811299008383394E-5,9.334513439018397E-4,9.900637910530537E-5,3.915858262112984E-4,9.897106351128764E-5,6.325243747242494E-5,6.271464422901151E-4,3.911025038977038E-5,1.9955031744703753E-5,2.9019311286847733E-5,0.0058747816679395205,4.611745129371738E-4,0.0012387673200468033,0.001439259730714807,5.817317028526698E-5,0.08645237982212652,0.0010228109304470886,4.357197189221954E-5],[0.011303253338371604,0.03345661552360183,0.003466222099159293,0.003967427740813772,0.014782051903607197,0.009680892998058091,0.014922972090546566,0.0015340952888278298,0.014717613459118288,0.004712031769409575,0.006044125029415372,0.01316396729658699,0.0031453758653795087,1.0,0.014286594376310953,0.0011053060195365437,0.002838193342637123,0.016487257891183646,0.016088674928935547,0.01337180942477927,9.171333320707468E-4,0.01422115104285186,0.003122325052607817,0.010988015136376603,0.002567202551346636,0.011356826615444017,0.002277751706540861,0.015837641410259392,0.007889329641787573,0.004743955048643312,0.014401262134875569,0.0061368894553401505,0.014622795864633957,0.014412463375815851,0.015072090509981678,0.0019385263141475557,0.003178093971645287,0.01520119687400487,0.006072404961289389,0.01258007124276429,0.010641485065111964,0.010789693080236392,0.037402954065732255,0.0057392209006525835,0.007105687566097436],[0.00850016022269116,0.017787967094328415,8.579974157122377E-4,0.007365931873112414,0.005656538635252818,0.010487626349562443,5.287599320545158E-4,0.010296538067844354,0.01239839968303481,0.00941103186893529,0.008149821831600842,0.009801261302247097,0.011414543164665732,0.014286594376310953,1.0,0.01114446534704303,0.0027346696184195585,0.026411240263692355,0.015497376980532914,0.012664977637847975,0.0018388586698953543,0.013851317923781435,0.010697332906790915,0.010855072150408632,6.477813768527635E-4,0.010212840582265665,0.0026960864999033413,0.0037907927970448362,0.002752241128237334,2.614181273994551E-4,0.003961883320297469,0.011379419586628949,0.0034850840130338594,0.010906544120209229,0.012019449263755689,0.010724640572544075,0.011237412173400806,0.011570594682310583,0.00530586441728519,0.006926322230637143,0.009986825653962968,0.009923723690085564,0.032444138491640226,0.011508850961574646,0.002374343154360165],[1.4880669445459577E-4,0.010807043995374802,3.3821890058996756E-4,1.4426262988410997E-4,4.7574103825352904E-4,3.565301290603378E-4,1.0144720988383089E-4,1.2513062405984453E-4,0.0013591097412488568,0.002900575508016559,3.0985508223231714E-4,1.9897607124055863E-4,1.0862351121562846E-4,0.0011053060195365437,0.01114446534704303,1.0,4.6231145026562456E-4,0.022779294944181162,0.016146185921419753,0.00974992062903189,1.0639629980146239E-4,0.011044157911195862,2.3546018610313187E-4,9.120060641903026E-4,2.0242764501742533E-4,0.0044849643874273785,1.1582394906824114E-4,1.3651733338395424E-4,5.067739624175385E-4,1.4189959298702457E-4,5.778611007801716E-4,1.846720907777767E-4,1.4616660022001874E-4,2.54599315415887E-4,0.00669894596416604,5.4291290603111764E-5,1.0033656543317964E-4,0.010784572572759478,0.0010881509284087784,2.405032826990444E-4,0.0034650499551979737,1.664831493412167E-4,0.06729830324076963,5.086405696647753E-4,1.6373309007686673E-4],[1.6173559809866907E-4,0.042852501516503425,8.907800688623011E-4,2.2692293267874674E-4,9.451320102466512E-4,0.0011655232163875061,7.090839529627778E-4,4.033991432934696E-4,0.010688094880189306,0.001482058261461933,0.0010259434970716743,3.7879901522498943E-4,3.952958279601639E-4,0.002838193342637123,0.0027346696184195585,4.6231145026562456E-4,1.0,0.013190246091709493,0.00808575043050163,0.011133652472155382,2.9977789073696226E-4,0.0038649156162703104,0.0014818180624847693,0.0022156302242734736,6.61012057920796E-4,0.007268338266061672,2.3779396726556103E-4,1.6131892310570283E-4,0.001024230785511941,7.930341215922577E-4,0.0011954596718929194,7.602173468375138E-4,8.688258391748054E-4,9.997985636124955E-4,0.001921561093796829,3.7174828996347107E-4,2.5144990569145727E-4,0.007637254821673486,0.001062794174705635,0.0017009396102806076,0.0028096640294995485,2.8369207843776214E-4,0.013855943286435085,9.375227888720608E-4,1.6187731767369808E-4],[0.029448579604449597,0.0399079823723332,0.00804358973600744,0.012705156959545928,0.004232145434789404,0.011639080136153954,0.0035262466095551,0.032682678942751495,0.01661525136547708,0.033196395675142466,0.022917074306283855,0.020403142016437982,0.0016854424542973971,0.016487257891183646,0.026411240263692355,0.022779294944181162,0.013190246091709493,1.0,0.024351572323565867,0.017622663408507103,0.02419837576088708,0.014648871143109395,0.025728148068837206,0.018062382973976034,0.03563769798770723,0.009202522674152534,0.00468192589022531,0.027742483035784294,0.02627346416342171,0.008269797864757926,0.003538924638007461,0.01724563464606482,0.03282686712370338,0.01554369046812566,0.0356571570556625,0.006048214523156777,1.0044894563106037E-4,0.02821664283715042,0.03333369197136044,0.015173728086625878,0.01883731834349988,2.4226927740384112E-4,0.0371465438731893,0.0038470405304516717,0.02382610792567087],[0.013692835675665514,0.03993446148204978,0.0066670012279167225,0.011419518715771277,0.002324624374771259,0.009647761372986603,0.012914530135231526,0.015589329236243307,0.01273318561671845,0.0032697729807729713,0.007082320492810387,0.013489108641271338,0.016325262164045597,0.016088674928935547,0.015497376980532914,0.016146185921419753,0.00808575043050163,0.024351572323565867,1.0,0.015235996819400788,0.008828636437076001,0.014600300314891264,0.009661912151656965,0.01514630118824538,0.002178228731486173,0.014789840975470165,0.0036726702084343955,0.001420050702054408,0.011861463121090387,0.009721802265258827,0.014723664206734481,7.442022973164302E-4,0.016071119244608294,0.006685602253522488,0.014295053350918348,0.0014110275405344473,0.01370254268634941,0.016301890592112595,0.01291301508642614,0.011515172536205692,0.01219265258967768,0.006597647805955189,0.07135223258456809,0.007870918778131812,0.0071414440278377836],[0.00650003474893778,0.030008873946896712,0.0035282728350337837,0.010405826276998157,0.004529005555849764,0.010333316268762854,0.005895872692150966,0.004820528772883348,0.01254795969018869,0.007267192596331629,0.012468246754317548,0.004535682737105623,0.006954427276467025,0.01337180942477927,0.012664977637847975,0.00974992062903189,0.011133652472155382,0.017622663408507103,0.015235996819400788,1.0,0.0033601989327228503,0.013224627950289678,0.007139764332493295,0.012456782640252947,7.758491129937731E-4,0.00983364388846763,0.007820778524554728,0.0016011078776806385,0.0016179889245231207,0.005319162972826482,0.006409890585065711,0.004165093607574845,0.00380511963766148,0.001154647106634381,0.01209544647781207,0.004087244897493616,0.003934594905735097,0.011837316367575798,0.008928890707509358,0.002309253550531525,0.01255848705671161,0.005327457073457857,0.07043148903184279,0.002791306643771503,0.0010891892891020344],[1.3951486695171043E-5,0.034648562475525564,4.8258158398350765E-4,1.1258167171115438E-4,0.0015137676812696798,7.611541863347896E-4,1.2022139303706985E-5,5.982354599296972E-5,0.00674070665603816,0.0018222832587954968,7.262101622119149E-4,2.2396331836996197E-4,1.713421263254432E-5,9.171333320707468E-4,0.0018388586698953543,1.0639629980146239E-4,2.9977789073696226E-4,0.02419837576088708,0.008828636437076001,0.0033601989327228503,1.0,0.0043118243486995785,7.169861215830051E-4,0.0028236273525121987,1.5941440187369372E-4,2.0326349202043155E-4,8.709908278769635E-5,1.2582008436186112E-4,6.285898832727615E-5,2.1219866805704604E-5,0.0010298634570900232,3.710068052975573E-5,5.500128448646407E-5,9.374693533233031E-4,0.007026528824240425,1.8608266424610586E-5,2.454789775009833E-5,0.0020267857258400705,0.0011905025523317036,8.058611528868534E-4,0.0023898106658498636,8.201043477374168E-5,0.05811328206388631,6.052691867249764E-4,2.1415094372163967E-5],[0.006241568124816734,0.04205907879500086,0.005176216379986041,0.0035413020729765385,0.007467419693013578,0.00757736026192927,0.0017382457670755112,0.004689530416203907,0.013580524369590558,0.011183478910265185,0.004958923047996175,0.004493638371988716,6.394439722651188E-4,0.01422115104285186,0.013851317923781435,0.011044157911195862,0.0038649156162703104,0.014648871143109395,0.014600300314891264,0.013224627950289678,0.0043118243486995785,1.0,0.007125356310310537,0.011644437384218989,0.006018247428644395,0.010485771750441058,0.003390108003811527,0.006985976885768475,0.008756945497875809,0.009117732000590585,0.00924510474007644,0.00475386012961288,0.0032210669053482407,0.009340721367773438,0.012054839706722446,0.003776982971627702,0.004308234897082998,0.012683818168523243,0.006543089040750276,0.004749254032118051,0.009632410871614589,0.01155608291224308,0.05722825497914297,0.003449332316094623,0.0030097949281404114],[3.758871742526857E-4,0.006720766819074802,6.583400568978243E-4,5.443725731786441E-4,0.0017133169510575692,0.001414839278686125,3.222874214649929E-5,7.428979233015525E-4,0.0063750362497204845,0.0021821928378462823,0.0014357404960112568,3.5191365572104574E-4,0.0016273693519491435,0.003122325052607817,0.010697332906790915,2.3546018610313187E-4,0.0014818180624847693,0.025728148068837206,0.009661912151656965,0.007139764332493295,7.169861215830051E-4,0.007125356310310537,1.0,0.0018107527941662817,0.0016301174512843117,0.005933637180563885,0.0015610870139443579,0.0016899081086063866,0.0011861890516194557,0.0015239280796391884,0.0016815220016649572,4.565606809513294E-4,0.0013256044138302916,0.0011694165248220428,0.004896319024006104,0.0012929651382263085,0.001467789660376387,0.005506189428691957,0.0016041620645813946,0.001705463263546865,0.002077035213189,9.25208156364668E-4,0.038765796250224305,0.0016373154864520914,1.694646924947553E-4],[1.582612976974114E-4,0.03469845189156022,0.0039836454093472706,0.009992119674168062,0.005114991642715588,0.005660219355397819,0.00909775265305404,0.0014060057348821826,0.010528500838435323,0.007269460518784358,0.003930529824822956,0.003352455574266362,0.009861141083056493,0.010988015136376603,0.010855072150408632,9.120060641903026E-4,0.0022156302242734736,0.018062382973976034,0.01514630118824538,0.012456782640252947,0.0028236273525121987,0.011644437384218989,0.0018107527941662817,1.0,0.0037334459336627883,0.010422495019828353,0.0010738509876146338,0.008642845492460246,0.008819576017174403,2.640446145725664E-4,0.0031967680500086188,0.00698739709017455,0.0022035709895591375,0.001852431480535859,0.011462059240699722,0.004676142352915324,0.0031787269601656486,0.01145102904841036,0.003999857236423155,0.009567383208574844,0.01022123699093518,0.01034028470333963,0.03881606366926145,0.0029261054772799994,6.5802322661293E-4],[4.435242214006015E-5,0.0018814323962720821,4.826458831045975E-4,3.819071387381521E-4,0.0011849683301184363,8.434703786476786E-4,2.7404734860309965E-4,3.9871927313214485E-4,0.00979076502703334,0.0022323339987727346,9.505204756217352E-4,3.7031454934778087E-4,6.44555954554918E-5,0.002567202551346636,6.477813768527635E-4,2.0242764501742533E-4,6.61012057920796E-4,0.03563769798770723,0.002178228731486173,7.758491129937731E-4,1.5941440187369372E-4,0.006018247428644395,0.0016301174512843117,0.0037334459336627883,1.0,0.007983855156008041,3.286946143245611E-4,4.199774693860646E-4,7.839391096274972E-4,2.2198609066674307E-4,4.773641895007784E-4,3.9899272403189307E-4,2.3845938132014682E-4,8.175937279095624E-4,0.009072126231334968,2.3899674308668339E-4,4.539089042324037E-4,0.0016601822378915507,0.0010363159425216862,0.001707734406115161,0.0027226504330716598,3.486945279730296E-4,0.06608116026607154,6.334774969332191E-4,2.4973897637320413E-4],[0.0016498741335880924,0.021948121926360878,0.0023560041042007267,3.1488422815207913E-4,0.0038451141033879156,0.007024114379380175,0.0074242777340499085,0.002954008366691007,0.01089990367513311,0.007839440282600604,0.0033799590743920716,0.0011889817085243939,5.453847646418907E-4,0.011356826615444017,0.010212840582265665,0.0044849643874273785,0.007268338266061672,0.009202522674152534,0.014789840975470165,0.00983364388846763,2.0326349202043155E-4,0.010485771750441058,0.005933637180563885,0.010422495019828353,0.007983855156008041,1.0,0.006916859425588369,0.005918624312287329,0.004058206504269246,0.0020083279259600377,0.003357282693616944,0.007732096366620222,0.0033881695098777116,0.008235212317829532,0.011293935620430743,0.003854947873981678,0.0014490935382126182,0.009870257068316676,0.0014844642364259953,0.002341073074182052,0.008143995421057372,0.007480759930658144,0.01610337880376489,0.006646209111513448,0.0015526723881542181],[2.4443557349021345E-5,0.009819343215905081,4.609244394835106E-4,1.1707193939891204E-4,0.0012838561771277121,3.203913211743728E-4,4.81106294573541E-5,1.1254621615586818E-4,0.006220555787633256,5.718795647560175E-4,8.118352737675601E-4,2.3655769557964312E-4,9.621014901054395E-5,0.002277751706540861,0.0026960864999033413,1.1582394906824114E-4,2.3779396726556103E-4,0.00468192589022531,0.0036726702084343955,0.007820778524554728,8.709908278769635E-5,0.003390108003811527,0.0015610870139443579,0.0010738509876146338,3.286946143245611E-4,0.006916859425588369,1.0,1.0592882603853647E-4,0.001040738053579249,1.0713053686052511E-4,0.0016004701091207238,1.753955237857561E-4,7.813843409548935E-5,2.9896189348031945E-4,0.011405015765331197,2.8437253019750692E-5,6.476279056791911E-5,0.009174086878946603,2.8201278640315873E-4,8.699846594948232E-4,7.334496681328077E-4,1.1418838175314724E-4,0.0012407301814734955,4.169299451568061E-4,6.620739567251305E-5],[1.1958147315502692E-4,0.00990083445724871,1.4839475902791527E-4,1.2637708526991854E-4,4.763264019790872E-4,0.0011820803994338877,2.2388636759212954E-5,1.2321002093137543E-4,0.0065343578477490855,0.0023527860290155763,0.0010710183782358083,1.5081732888308171E-4,5.7811299008383394E-5,0.015837641410259392,0.0037907927970448362,1.3651733338395424E-4,1.6131892310570283E-4,0.027742483035784294,0.001420050702054408,0.0016011078776806385,1.2582008436186112E-4,0.006985976885768475,0.0016899081086063866,0.008642845492460246,4.199774693860646E-4,0.005918624312287329,1.0592882603853647E-4,1.0,5.391253687346871E-4,1.250623664938103E-4,3.1142333589646853E-4,2.632309847741258E-4,8.360298432227202E-5,8.951922736855647E-4,0.009164950485838241,7.309562392012955E-5,4.5181962094140615E-5,0.006342708623268725,0.0011499103394797799,0.001278082160744414,0.0030805039657422458,1.2520655162859463E-4,0.040363419025252555,9.097036664940741E-4,1.2446269749643172E-4],[8.960121645590039E-4,0.035822654521837256,5.924056385722216E-4,8.825197744527554E-4,0.001304689430815429,0.001173578726700851,2.2025797964137878E-4,6.202657922743165E-4,0.0010648893938662216,0.001886547742481154,0.001067881055190985,3.6259972488323624E-4,9.334513439018397E-4,0.007889329641787573,0.002752241128237334,5.067739624175385E-4,0.001024230785511941,0.02627346416342171,0.011861463121090387,0.0016179889245231207,6.285898832727615E-5,0.008756945497875809,0.0011861890516194557,0.008819576017174403,7.839391096274972E-4,0.004058206504269246,0.001040738053579249,5.391253687346871E-4,1.0,8.492703292763076E-4,0.0010910028767756612,6.911935637638974E-4,1.3510078157055548E-4,0.0010391255057348666,0.003004972876224788,9.107321950739893E-4,1.5941387699397312E-4,0.0092389378107785,0.0011540081342335902,0.0014779941840546104,0.001586352676786277,0.0010020889835861161,0.06238158416737009,0.0011578391429910857,1.3988008460182508E-4],[8.033487213958908E-5,0.006065376282505756,2.39750877411282E-4,1.2240663132606557E-4,0.0016281982644754834,9.457717605683029E-4,4.72889381149608E-5,1.1429639307513779E-4,0.011923555828450423,0.0012507427948201609,0.001028014012412917,1.7557223339555958E-4,9.900637910530537E-5,0.004743955048643312,2.614181273994551E-4,1.4189959298702457E-4,7.930341215922577E-4,0.008269797864757926,0.009721802265258827,0.005319162972826482,2.1219866805704604E-5,0.009117732000590585,0.0015239280796391884,2.640446145725664E-4,2.2198609066674307E-4,0.0020083279259600377,1.0713053686052511E-4,1.250623664938103E-4,8.492703292763076E-4,1.0,0.0012975696031240556,1.2352153458986372E-4,8.616962919739779E-5,7.189142696540832E-4,0.005271191781156672,7.124501781932631E-5,6.626994315605812E-5,0.01042672341249884,2.2847902290892442E-4,0.0015743535089170581,0.00547066639289662,1.1215137570629244E-4,0.08931516969550826,3.3284862699091097E-4,1.1043354776030942E-4],[7.805235533435141E-4,0.03698494587767484,8.275117965524163E-4,0.0010906525623289168,0.0016717648137132993,0.0013085533471163258,0.0014074489519530528,0.0011775592878281492,0.0017154160346341595,0.0018341893956783952,0.001280532386969623,5.297062580208204E-4,3.915858262112984E-4,0.014401262134875569,0.003961883320297469,5.778611007801716E-4,0.0011954596718929194,0.003538924638007461,0.014723664206734481,0.006409890585065711,0.0010298634570900232,0.00924510474007644,0.0016815220016649572,0.0031967680500086188,4.773641895007784E-4,0.003357282693616944,0.0016004701091207238,3.1142333589646853E-4,0.0010910028767756612,0.0012975696031240556,1.0,5.821797993828973E-4,1.9164691094747318E-4,0.0014261933802023606,0.006801394870502599,2.8992175734131163E-4,0.0014211760073668612,0.002926113812962,0.0013607091806197198,0.0016495581156549019,0.004318009348990861,5.343978607943883E-4,0.0869871672592275,0.0014244657063022025,4.399433498998011E-4],[1.332895324234046E-4,0.0192247474840963,4.8137800925677197E-4,1.4931280567635278E-4,9.047397481207908E-4,0.0010217710310637769,3.971482902568622E-5,2.622099260595972E-4,9.20901432993487E-4,0.0015355642850035192,9.77119542324577E-4,2.65600129737684E-4,9.897106351128764E-5,0.0061368894553401505,0.011379419586628949,1.846720907777767E-4,7.602173468375138E-4,0.01724563464606482,7.442022973164302E-4,0.004165093607574845,3.710068052975573E-5,0.00475386012961288,4.565606809513294E-4,0.00698739709017455,3.9899272403189307E-4,0.007732096366620222,1.753955237857561E-4,2.632309847741258E-4,6.911935637638974E-4,1.2352153458986372E-4,5.821797993828973E-4,1.0,2.239386785718511E-4,3.02510311971644E-4,0.008318575250138426,2.551869171172256E-4,2.4814430611351404E-4,0.005902778951589123,4.0808563541259405E-4,0.0014940777934149608,0.003525204116506622,2.722113676051813E-4,0.09067458061872898,6.240479726631887E-4,1.8466599238965137E-4],[3.273554650555229E-5,0.03261404351051785,5.012372544439957E-4,1.1924858160278199E-4,4.8633503637683596E-4,5.889906840897404E-4,3.408142572412658E-5,8.990100578601367E-5,0.011975967436376737,0.002019523476541012,3.292907353801795E-4,1.824280990358746E-4,6.325243747242494E-5,0.014622795864633957,0.0034850840130338594,1.4616660022001874E-4,8.688258391748054E-4,0.03282686712370338,0.016071119244608294,0.00380511963766148,5.500128448646407E-5,0.0032210669053482407,0.0013256044138302916,0.0022035709895591375,2.3845938132014682E-4,0.0033881695098777116,7.813843409548935E-5,8.360298432227202E-5,1.3510078157055548E-4,8.616962919739779E-5,1.9164691094747318E-4,2.239386785718511E-4,1.0,2.453275789741692E-4,0.00832766730851227,4.742036935140379E-5,5.5325344863080614E-5,0.0037716551005421285,2.75332136297629E-4,8.331254460359048E-4,0.004626494115611081,8.804418098606115E-5,0.0679854320855155,1.2833756371269405E-4,6.341260992864792E-5],[9.498238504773917E-4,0.03675342342137504,5.911452250330763E-4,9.795036341422622E-4,0.0012893290957621281,0.0010837705657899322,2.3596417142007715E-4,7.309342673814108E-4,0.01125748352486918,0.002123595178518803,0.0011937015179877865,3.193960013684762E-4,6.271464422901151E-4,0.014412463375815851,0.010906544120209229,2.54599315415887E-4,9.997985636124955E-4,0.01554369046812566,0.006685602253522488,0.001154647106634381,9.374693533233031E-4,0.009340721367773438,0.0011694165248220428,0.001852431480535859,8.175937279095624E-4,0.008235212317829532,2.9896189348031945E-4,8.951922736855647E-4,0.0010391255057348666,7.189142696540832E-4,0.0014261933802023606,3.02510311971644E-4,2.453275789741692E-4,1.0,0.0022454945021183727,1.9248506263773668E-4,7.25851836543152E-4,0.010109781143651877,0.0010996880497807313,0.0012082094360482886,0.004524894637038437,9.715557092077436E-4,0.023126229535286792,0.0011839710283177562,3.566488016380936E-4],[0.011041375178598592,0.037599967490065986,0.010299727619841565,4.6222338514734197E-4,0.006760564929989965,0.008317570168042198,0.008842427783865509,0.006303153070355521,0.012296926520983164,0.010509274291812523,0.005428916840035532,0.0046282710626202005,3.911025038977038E-5,0.015072090509981678,0.012019449263755689,0.00669894596416604,0.001921561093796829,0.0356571570556625,0.014295053350918348,0.01209544647781207,0.007026528824240425,0.012054839706722446,0.004896319024006104,0.011462059240699722,0.009072126231334968,0.011293935620430743,0.011405015765331197,0.009164950485838241,0.003004972876224788,0.005271191781156672,0.006801394870502599,0.008318575250138426,0.00832766730851227,0.0022454945021183727,1.0,0.010320883757129832,0.00925852178155614,0.011534766569776997,0.006926487694834768,0.007003142935734666,0.0064319288889927665,0.005258021702585032,0.04358069316564895,0.004899685369333302,0.00948446564295655],[1.7533771576402067E-5,0.00308706829097625,3.105076424825932E-4,6.439396550947306E-5,0.0014385210602470369,3.623643343336485E-4,1.6833502009063245E-5,9.947323640737276E-5,0.010774044787021883,0.0027706657998348826,0.0010675357771531776,1.2990412584964816E-4,1.9955031744703753E-5,0.0019385263141475557,0.010724640572544075,5.4291290603111764E-5,3.7174828996347107E-4,0.006048214523156777,0.0014110275405344473,0.004087244897493616,1.8608266424610586E-5,0.003776982971627702,0.0012929651382263085,0.004676142352915324,2.3899674308668339E-4,0.003854947873981678,2.8437253019750692E-5,7.309562392012955E-5,9.107321950739893E-4,7.124501781932631E-5,2.8992175734131163E-4,2.551869171172256E-4,4.742036935140379E-5,1.9248506263773668E-4,0.010320883757129832,1.0,2.6805099366617648E-5,9.540939227463178E-4,6.921054132608312E-4,0.001563913255208769,0.003383267371281863,9.417491126830898E-5,0.06883851897112078,5.695217052502518E-4,2.1940616895607297E-5],[1.663350551167957E-5,0.01766114464304721,5.173669410804316E-4,6.846430151394672E-5,9.522012270005381E-4,8.417452247854959E-4,2.0469512274004436E-5,8.107028304227336E-5,0.0012980054283715894,0.0021101615926712603,1.6981613711557404E-4,1.538821919841126E-4,2.9019311286847733E-5,0.003178093971645287,0.011237412173400806,1.0033656543317964E-4,2.5144990569145727E-4,1.0044894563106037E-4,0.01370254268634941,0.003934594905735097,2.454789775009833E-5,0.004308234897082998,0.001467789660376387,0.0031787269601656486,4.539089042324037E-4,0.0014490935382126182,6.476279056791911E-5,4.5181962094140615E-5,1.5941387699397312E-4,6.626994315605812E-5,0.0014211760073668612,2.4814430611351404E-4,5.5325344863080614E-5,7.25851836543152E-4,0.00925852178155614,2.6805099366617648E-5,1.0,0.0038854124601713285,4.847423038071976E-4,9.224709691264805E-4,9.479609569130179E-4,4.885526902417806E-5,0.006106422152888066,1.1884906394060418E-4,4.8014456235330146E-5],[0.009023988954677837,0.0385438664304085,0.0060464257961270985,0.0036207512196598027,0.0038379033190698883,0.0019035835732306404,0.008480079840545924,6.862743037172436E-4,0.011524874016643828,0.003375556190004763,0.0023176381026364136,0.011474230627224748,0.0058747816679395205,0.01520119687400487,0.011570594682310583,0.010784572572759478,0.007637254821673486,0.02821664283715042,0.016301890592112595,0.011837316367575798,0.0020267857258400705,0.012683818168523243,0.005506189428691957,0.01145102904841036,0.0016601822378915507,0.009870257068316676,0.009174086878946603,0.006342708623268725,0.0092389378107785,0.01042672341249884,0.002926113812962,0.005902778951589123,0.0037716551005421285,0.010109781143651877,0.011534766569776997,9.540939227463178E-4,0.0038854124601713285,1.0,0.008885855130517569,0.0030570718965104637,0.007514392687325408,0.01066233010417866,0.04159184796353782,0.004694936769049021,0.003680296536742466],[5.4747893241859056E-5,0.015878944223084265,7.592196426430388E-4,8.48169677845537E-4,0.0014315102153541353,0.0012733926648549891,2.4237268958584795E-4,0.0010304669998949245,0.011625437630359732,0.0021777474339119145,0.00123703372659543,8.39974559045376E-4,4.611745129371738E-4,0.006072404961289389,0.00530586441728519,0.0010881509284087784,0.001062794174705635,0.03333369197136044,0.01291301508642614,0.008928890707509358,0.0011905025523317036,0.006543089040750276,0.0016041620645813946,0.003999857236423155,0.0010363159425216862,0.0014844642364259953,2.8201278640315873E-4,0.0011499103394797799,0.0011540081342335902,2.2847902290892442E-4,0.0013607091806197198,4.0808563541259405E-4,2.75332136297629E-4,0.0010996880497807313,0.006926487694834768,6.921054132608312E-4,4.847423038071976E-4,0.008885855130517569,1.0,0.0015493794307549161,0.004458086678190555,0.0012932925853776128,0.08698038318963652,0.0013008933016287509,0.0011449220388678068],[4.920507029921151E-4,0.01615889755769812,5.935447521909985E-4,0.0010780596190521862,0.0017148687951861535,0.0016041610158183607,7.82479617647919E-4,0.0010857285318963419,0.01232888934120439,0.003011343711424202,0.001231967557357443,0.0010556967145855423,0.0012387673200468033,0.01258007124276429,0.006926322230637143,2.405032826990444E-4,0.0017009396102806076,0.015173728086625878,0.011515172536205692,0.002309253550531525,8.058611528868534E-4,0.004749254032118051,0.001705463263546865,0.009567383208574844,0.001707734406115161,0.002341073074182052,8.699846594948232E-4,0.001278082160744414,0.0014779941840546104,0.0015743535089170581,0.0016495581156549019,0.0014940777934149608,8.331254460359048E-4,0.0012082094360482886,0.007003142935734666,0.001563913255208769,9.224709691264805E-4,0.0030570718965104637,0.0015493794307549161,1.0,0.002946332991441835,0.0010661707927534007,0.01862427587623117,0.0012702907859406907,5.137453014975149E-4],[0.004686324803483878,0.011364381625030843,5.927687115765103E-4,0.002903051903415715,0.004517659479568802,0.0015067957586251055,0.0029013654654474028,0.004939855742267627,0.00898254266430847,0.005080282543724619,0.001993168029167705,0.0036610460459023104,0.001439259730714807,0.010641485065111964,0.009986825653962968,0.0034650499551979737,0.0028096640294995485,0.01883731834349988,0.01219265258967768,0.01255848705671161,0.0023898106658498636,0.009632410871614589,0.002077035213189,0.01022123699093518,0.0027226504330716598,0.008143995421057372,7.334496681328077E-4,0.0030805039657422458,0.001586352676786277,0.00547066639289662,0.004318009348990861,0.003525204116506622,0.004626494115611081,0.004524894637038437,0.0064319288889927665,0.003383267371281863,9.479609569130179E-4,0.007514392687325408,0.004458086678190555,0.002946332991441835,1.0,0.002242506964589667,0.04681124061387321,0.004422276173957364,7.214188811211074E-4],[9.890615380567904E-5,0.005566659214081567,3.468880419716315E-4,1.2424645235321123E-4,8.76213803956086E-4,9.861457994206537E-4,6.194542586769392E-5,1.2148514391995593E-4,0.010203319679278297,0.00177292516141012,3.70495089365368E-4,1.4279836266064188E-4,5.817317028526698E-5,0.010789693080236392,0.009923723690085564,1.664831493412167E-4,2.8369207843776214E-4,2.4226927740384112E-4,0.006597647805955189,0.005327457073457857,8.201043477374168E-5,0.01155608291224308,9.25208156364668E-4,0.01034028470333963,3.486945279730296E-4,0.007480759930658144,1.1418838175314724E-4,1.2520655162859463E-4,0.0010020889835861161,1.1215137570629244E-4,5.343978607943883E-4,2.722113676051813E-4,8.804418098606115E-5,9.715557092077436E-4,0.005258021702585032,9.417491126830898E-5,4.885526902417806E-5,0.01066233010417866,0.0012932925853776128,0.0010661707927534007,0.002242506964589667,1.0,0.07882248623465525,0.0010075248037001623,7.368997542980512E-5],[0.015102537466942303,0.05654488006431878,0.055909407037931964,0.027174378510290097,0.08159105415004961,0.012054034096861753,0.04324541989785422,0.045341004646715435,0.012595354833063689,0.026276585896919738,0.07224981865592997,0.029275389447522168,0.08645237982212652,0.037402954065732255,0.032444138491640226,0.06729830324076963,0.013855943286435085,0.0371465438731893,0.07135223258456809,0.07043148903184279,0.05811328206388631,0.05722825497914297,0.038765796250224305,0.03881606366926145,0.06608116026607154,0.01610337880376489,0.0012407301814734955,0.040363419025252555,0.0623815