[[1.0,1.4876278385727217E-5,6.745591288538488E-4,0.010459570732627512,6.510969152154032E-4,1.1438713457990969E-5,0.008779193299724838,2.5934243838833987E-4,0.001606456587086778,5.28640347914236E-4,0.024525049315651158,4.3170618439398556E-4,8.489054174545185E-5,8.793914251003124E-4,6.335601228148814E-5,2.231605606397226E-5,4.237102772570033E-4,1.709195664511653E-4,9.188273315022602E-5,0.024464085484823875,1.2130204594346382E-5,1.808407590786876E-5,4.6688802782629736E-4,0.002524611629238994,0.00191872015105485,8.737081383684525E-4,1.3263228970136014E-4,7.413368428963194E-4,0.003142384263005541,1.0976638738143718E-5,1.1924674907212771E-5,2.0035843245183764E-4,0.0011530891780800916,9.152309905812767E-5,2.2988783328436713E-5,1.2009874891068385E-5,5.310698439847967E-4,0.0011161399939545466,0.0020650376613808364,5.3552199453070804E-5,0.05363485979198861,1.1895899248739344E-4,0.009239031493143703,1.8618497576305864E-4,1.090092317185573E-5,1.1804976002589025E-5,6.639312587410368E-4,1.0787078251019229E-5],[1.4876278385727217E-5,1.0,2.8709870670752443E-4,0.013990490187174461,5.931499000478345E-4,1.484672784497331E-5,0.015462350254055311,2.997806964229105E-4,0.002126287840862626,4.6024567163503304E-4,0.04993278804314604,5.595678504450121E-4,7.522555801283556E-5,1.9966768560488672E-4,5.160753403179414E-5,1.7931567490683584E-5,0.011351144319188012,0.0014980555205162324,1.2846593762394444E-4,0.02835420955084885,1.4730525006084692E-5,1.8112807677311976E-5,2.988500003032366E-4,5.206573237580692E-4,0.002530555911272814,2.6443125564280914E-4,2.210086611144462E-5,0.002563734260536659,0.005108568805641955,1.1050429591477314E-5,1.457417856693974E-5,9.236530674072907E-4,6.592907839855976E-5,5.5072947982117885E-5,3.071486440050824E-5,1.5637244589869374E-5,7.021064007700386E-4,5.722824877103816E-4,0.0016253186853158487,2.0045359797489185E-5,0.05846798653073073,7.329924993008943E-5,0.017211042405005855,1.1421406617967052E-4,1.474878247522426E-5,1.5067207112794525E-5,9.096641437023961E-5,1.3858099752498257E-5],[6.745591288538488E-4,2.8709870670752443E-4,1.0,0.015987929684098536,0.01402972216228685,0.011749299180899904,0.0174382856624425,0.0090522979321336,0.018117850058721043,0.01555341930806177,0.0489557252762003,0.012547796561453942,0.010786180930292941,0.0076172499953470925,0.004106954992161465,0.021114443848260278,0.01960973966940044,0.01057424813213398,0.022125962920437295,0.030287757399542894,0.02074987092407788,0.020172567371659445,0.022371459955366838,0.006566140988305126,0.01980612052695006,0.009406492484902884,0.019349166571971818,0.01625354728866802,0.022684649882196227,0.004961127369080385,0.013255608381640185,0.010843499714849077,0.016253408910708887,3.9620961248340895E-4,0.011009566499738612,0.013490254823088015,0.02028347176576991,0.018783219328109134,0.006885242646745349,0.01646634151681632,0.033511185233001395,0.019306243132808397,0.027819625853529973,0.014461469526301028,0.020737763603815088,0.02237213957899396,0.009347711382142021,0.009742166799844833],[0.010459570732627512,0.013990490187174461,0.015987929684098536,1.0,0.0053851904430291826,0.003335822214920802,0.016000569042027124,0.0018266727008772134,0.004224141348169503,0.00570604602977949,0.02646655583955058,0.01218952845525326,0.014936402021642063,0.011314107618110131,0.00238402266991202,0.002795556875718401,0.016039337713053485,0.003486067163899504,0.007493006327179286,0.01974898312580683,0.0027563692645596748,0.012674791673029396,0.008962448496381902,0.007854090555665036,0.014766448466944266,0.005913634232705917,0.010006867031827741,0.013848706412737574,0.011444386848108584,0.006998510437362406,0.009485495797384686,0.006848750423263007,0.01089463964930382,0.00676027468016799,0.0021362551611080315,0.00638126379016009,0.006781506068786901,0.009336152752577756,0.011752690484540309,0.011719295202199317,0.024338636459828925,0.011186843726092738,0.018056612875054417,0.013634121758200548,0.001937164167920958,0.0015917878409511684,0.008141128470438984,0.0038663531669195493],[6.510969152154032E-4,5.931499000478345E-4,0.01402972216228685,0.0053851904430291826,1.0,0.0010328150671337524,0.004649921892337441,3.544582291723411E-4,0.0012747114262708524,0.0028419092337734686,0.056468061272102785,0.0010197376820368102,9.590868198618165E-4,0.0010906597186367132,9.411076972923164E-4,1.6852796974049683E-4,0.014546459708895757,0.00128246473969442,7.754345981170361E-4,0.02153110053093185,5.601280198010681E-4,5.086695847581308E-4,0.001090977297380441,0.0011352999245521195,0.0019469777353516935,0.0022571383410980414,6.879009395754779E-4,0.001620110806420181,0.003494227793881917,8.905878648569551E-4,4.370497599751526E-4,0.0010618071673059886,0.0011848843201404625,6.411966731213686E-4,9.88495983119282E-4,8.172523364006877E-4,0.0010937794760377344,0.0014937976652981226,0.0015334111470621864,9.094586414422483E-4,0.03753212550863875,9.788764679993307E-4,0.012578734830600334,3.8549805885910386E-4,7.964903094076219E-4,9.183419832060994E-4,0.0010676630388193051,0.0010775823975893704],[1.1438713457990969E-5,1.484672784497331E-5,0.011749299180899904,0.003335822214920802,0.0010328150671337524,1.0,0.011564681695051498,1.5072791361405588E-4,0.0016894805818585123,0.0014719820689795549,0.0444156341617547,6.43444427944826E-4,1.4966736173483667E-4,5.600159470647613E-4,2.244671528175567E-4,1.8695020365590605E-5,0.0053629897571402406,0.001141106894119887,7.55372643445522E-5,0.00951567772434471,1.4193948590717985E-5,2.0116756795709706E-5,1.878433687854646E-4,0.0021473533863990485,4.694129956060114E-4,1.1161513047306957E-4,1.2453071715723028E-4,8.67497783302714E-4,0.002731080154569926,1.1767888388649547E-5,1.369633318519341E-5,5.297352115397421E-4,8.062200575779585E-4,6.217783524730273E-5,2.9587813130903945E-5,1.5345293346906194E-5,0.0010530037740523017,6.11106194738817E-4,0.0025291312715135655,6.703466509196923E-5,0.04348005135936855,7.467889750602892E-5,0.005078191948595289,1.586969308079717E-4,1.248557981653293E-5,1.3594228299337535E-5,8.210968956573922E-4,1.2386229214162219E-5],[0.008779193299724838,0.015462350254055311,0.0174382856624425,0.016000569042027124,0.004649921892337441,0.011564681695051498,1.0,0.013915499803201638,0.008768576615588669,0.009165352441604595,0.036011718515655766,0.006979515134052305,0.0073232921693308,0.005349317115859408,0.002972667124570161,0.007415457827203984,0.016129032258064516,0.013872475761147642,0.0018094106736735475,0.032292679358847456,0.012712585092240191,0.009085785924250557,0.012399385839266176,0.009805796753898302,0.01273843353344064,0.008081729794750765,0.011560960823715528,0.008212115389864685,0.010640186646997993,0.01403351010136239,0.012846750039741027,0.007949461593759491,0.013081577846341487,0.002577643737227336,0.0013045562542541018,0.007368103247399255,0.014645598160584606,0.002329843740703535,0.005292188411076251,0.01362299162134326,0.024186931750592153,0.009193224617462626,0.017022207876401546,0.009315815366537191,0.008131360962817025,0.011663154340599675,0.012918739536647477,0.014567968675898052],[2.5934243838833987E-4,2.997806964229105E-4,0.0090522979321336,0.0018266727008772134,3.544582291723411E-4,1.5072791361405588E-4,0.013915499803201638,1.0,4.741292959950848E-4,0.0018046280882222838,0.030787588780194688,6.316476465649748E-4,3.9302540041712185E-4,0.0013797380196574505,2.9744103703973317E-4,1.0018989388261513E-4,0.010072231057777496,3.5226859896503283E-4,2.8309851602702403E-4,0.012091106146940624,3.07741090507599E-4,1.714467621183446E-4,5.09087487930896E-4,0.002800121836343819,0.0011870096606319913,5.534793094172468E-4,2.197751143120194E-4,0.0012697836499979526,0.01012657846713633,3.1544149898087584E-4,1.6237120506345547E-4,5.702977615114509E-4,0.001147603144903786,1.4910901339441955E-4,6.461307859522322E-5,1.4445896720342128E-4,9.496890418235484E-4,0.001997414454121317,0.0011413423840256056,2.3864581953685424E-4,0.030632420662241935,3.4382634760422425E-4,0.011129284569520597,2.2410004127737637E-4,1.438875738433469E-4,9.240539465843944E-5,9.823389296539885E-4,3.126886741555041E-4],[0.001606456587086778,0.002126287840862626,0.018117850058721043,0.004224141348169503,0.0012747114262708524,0.0016894805818585123,0.008768576615588669,4.741292959950848E-4,1.0,0.0025965551333073,0.0029659377895383332,0.00177816743635635,0.0016348923027850264,0.0022002666895542112,5.704412021676872E-4,0.0020332272450252205,0.01302843066705041,0.0017199142747337365,0.0021806793249106514,0.032905727058938926,5.836580100020311E-4,0.001825717799703812,0.002221697055025204,0.003576824047357283,0.0025607343738806706,0.002320220053025759,0.0016482496560168481,0.0027270298790861994,0.006019359098710949,8.61740107951065E-4,9.965077069117106E-4,0.0017775330136144828,0.0013707533934282107,1.307849196963213E-4,0.00202997044070444,4.920065387386775E-4,0.0018628698770131024,0.002234563136670057,0.0024605886569760505,8.999694876792564E-4,0.0245012592699498,0.0010803559152809978,0.024047035237426982,0.0019544035762773717,0.0012216098651951209,0.0010148160629550678,0.001240234918724529,0.0014904234785106931],[5.28640347914236E-4,4.6024567163503304E-4,0.01555341930806177,0.00570604602977949,0.0028419092337734686,0.0014719820689795549,0.009165352441604595,0.0018046280882222838,0.0025965551333073,1.0,0.007486259620769091,0.0015057832716089243,0.0017009248489384282,0.0018448166700101437,0.0012765955814153518,0.001207453944056563,0.009978193605350065,0.0019432244329867323,0.002228132271165705,0.033319313834627086,4.319390551967604E-4,0.0018832444402400513,0.0034089621460248213,0.0037067616437068216,0.0028715166351731794,0.003257489431448581,0.0020112823756397447,0.002857335112075685,0.007097027608202428,0.002644867496875282,0.0018024151943488098,0.003076181409541818,0.00145006957810052,0.0014298511494993105,0.001955637347461803,9.835583742992295E-4,0.0016334531179203284,0.002731901959239859,0.0033527532538441735,0.001796608820953785,0.04607326512817848,0.0016806212457902599,0.008792080833430978,0.002480319716370924,0.0031003586978213646,5.363878338401948E-4,0.002896585610315839,0.002248091261100339],[0.024525049315651158,0.04993278804314604,0.0489557252762003,0.02646655583955058,0.056468061272102785,0.0444156341617547,0.036011718515655766,0.030787588780194688,0.0029659377895383332,0.007486259620769091,1.0,0.03954622323818283,0.0033547053381217406,0.0029919673966775535,0.026235974472423203,0.045794307690259974,0.018044927490115333,0.012831182681486572,0.025407298870821843,0.04871946709908145,0.0525839694914832,0.01782469405285763,0.01780429149948934,0.053994817126696,0.05171841008070415,0.048815437115961945,0.00470629184617395,0.0470960481440715,0.030389702383415998,0.01641915984166894,0.03249841881354542,0.013380158091961384,0.037239235288764626,0.0249397775207926,0.02234055757522656,0.01946764259497824,0.019778719393906637,0.0054767878298673375,0.008825906825858373,0.015351066465354671,0.058823529411764705,0.0462080570780333,0.04751474941253393,0.05641579858603492,0.012521431029214755,0.031911607176824876,0.006718451983986301,0.030674422082064386],[4.3170618439398556E-4,5.595678504450121E-4,0.012547796561453942,0.01218952845525326,0.0010197376820368102,6.43444427944826E-4,0.006979515134052305,6.316476465649748E-4,0.00177816743635635,0.0015057832716089243,0.03954622323818283,1.0,4.985481746654501E-4,7.069887784142083E-4,4.424162763574515E-4,6.645820403610569E-5,0.011634780476426982,0.001333122435115729,3.308542748889253E-4,0.008120272086156927,2.4719274503628557E-4,3.440260919045095E-4,9.973052580529015E-4,0.0013973551507743178,0.0023967875410184874,9.988995495266283E-4,5.809854157558987E-4,0.0011691609433254456,0.0071036665852187144,5.885497148138325E-4,2.7273092363987265E-4,9.579795527536433E-4,0.0011378037799888844,3.843802275377403E-4,1.47163517699217E-4,3.179208756387662E-4,9.190773936252621E-4,0.001955116159674199,0.001875143712988049,3.0441064399844736E-4,0.02931832464994001,5.870395358967799E-4,0.0017065315829493193,6.61029753937117E-4,1.010401050335881E-4,4.761313781275438E-4,7.870672204643202E-4,3.974146753815799E-4],[8.489054174545185E-5,7.522555801283556E-5,0.010786180930292941,0.014936402021642063,9.590868198618165E-4,1.4966736173483667E-4,0.0073232921693308,3.9302540041712185E-4,0.0016348923027850264,0.0017009248489384282,0.0033547053381217406,4.985481746654501E-4,1.0,6.737190685204182E-4,3.3501348338740313E-4,3.3695381791925194E-4,0.006960858250432004,0.001250962748270596,3.320543569185116E-4,0.011550994160242302,3.782332495428461E-4,3.353813460245555E-4,0.0010130263624469494,0.00239202589522438,4.960794536460602E-4,0.001229916088222582,2.451552092028942E-4,0.0024620046754040377,0.005292981383267444,1.233510699714688E-4,3.632396181071195E-4,7.136917302151618E-4,8.024268984019748E-4,2.976926199765494E-4,4.806429801158249E-5,4.6033037594197395E-4,7.447509280991166E-4,0.00120206620047623,0.0011090209019659308,4.4745875752107573E-4,0.05063224996613966,4.0237608647534584E-4,0.029613696235940436,2.4874974662940634E-4,4.681732652567369E-4,2.544649434275082E-4,6.345545374247341E-4,3.737462831108123E-4],[8.793914251003124E-4,1.9966768560488672E-4,0.0076172499953470925,0.011314107618110131,0.0010906597186367132,5.600159470647613E-4,0.005349317115859408,0.0013797380196574505,0.0022002666895542112,0.0018448166700101437,0.0029919673966775535,7.069887784142083E-4,6.737190685204182E-4,1.0,6.482609937257153E-4,1.8471138549777522E-4,0.0023065972122119282,0.0015702733629072575,0.0014351595599476471,0.022807675278332266,9.561242876234843E-4,0.001108046265290974,0.0013177769682875446,0.0022586765890762104,0.0025170188980983468,0.0020183349038427295,0.001231115164789283,0.0017807328368464972,0.008225740943443029,0.001000229979016205,7.85120846591367E-4,0.0011905870693865758,0.0012414869901924868,0.001300721968110968,1.7880879379163025E-4,0.0013201687767098668,0.0011286753750553889,0.0017482547925657189,0.0017799176099147173,3.8254381566908566E-4,0.01540848664148146,8.790721970060318E-4,0.008880167290713345,0.0010568906896018682,0.0011533250868219936,8.739506788252614E-4,0.0010737756157781291,2.3156675658065349E-4],[6.335601228148814E-5,5.160753403179414E-5,0.004106954992161465,0.00238402266991202,9.411076972923164E-4,2.244671528175567E-4,0.002972667124570161,2.9744103703973317E-4,5.704412021676872E-4,0.0012765955814153518,0.026235974472423203,4.424162763574515E-4,3.3501348338740313E-4,6.482609937257153E-4,1.0,1.5708699068513911E-4,0.011489534985181245,5.888151485774477E-4,2.0986420329411883E-4,0.030868982995605056,2.5351848092649903E-4,1.324717420560637E-4,9.392810133797571E-4,2.648498314364283E-4,0.002084151346593812,0.002333723918262089,2.590865651647145E-4,4.769513087858165E-4,0.0058231798798780345,2.267598851491883E-4,6.619253409543534E-5,3.7240755190518247E-4,6.361113868249616E-4,1.3745407875197571E-4,1.1606335015859461E-4,1.2120073962674485E-4,8.766579057109074E-4,8.764778393176199E-4,0.0010077610805004624,1.8661219695755027E-4,0.0116329350017812,3.2152728627229515E-4,0.023318804637414505,2.558776005724601E-4,9.957202790408242E-5,1.904908784191947E-4,9.907766356539792E-4,1.4926020885081033E-4],[2.231605606397226E-5,1.7931567490683584E-5,0.021114443848260278,0.002795556875718401,1.6852796974049683E-4,1.8695020365590605E-5,0.007415457827203984,1.0018989388261513E-4,0.0020332272450252205,0.001207453944056563,0.045794307690259974,6.645820403610569E-5,3.3695381791925194E-4,1.8471138549777522E-4,1.5708699068513911E-4,1.0,0.002372838769692746,9.359266277800448E-4,5.214594806509762E-5,0.004857921425840035,1.745512984287718E-5,2.129773960529947E-5,2.1843483170982597E-4,0.0032395763259607784,1.6435882704287264E-4,9.892380315089865E-4,3.7653493370342255E-5,0.001548986050327502,0.0024721124245461286,1.1100834449625207E-5,2.4383879590295145E-5,1.0936229060973036E-4,0.0011423477648436358,6.874246000617715E-5,3.034388221503711E-5,1.885088592417238E-5,7.924286580038929E-4,0.0010684324599512715,0.0023554332757513142,8.471345610437382E-5,4.469853457752093E-4,2.4080802542193158E-4,0.027350063775513283,1.7593559039984826E-4,1.529538042703127E-5,2.3613348438906504E-5,2.2599684680318018E-4,2.069419448645739E-5],[4.237102772570033E-4,0.011351144319188012,0.01960973966940044,0.016039337713053485,0.014546459708895757,0.0053629897571402406,0.016129032258064516,0.010072231057777496,0.01302843066705041,0.009978193605350065,0.018044927490115333,0.011634780476426982,0.006960858250432004,0.0023065972122119282,0.011489534985181245,0.002372838769692746,1.0,0.008150568827020125,0.014270510401526135,0.029596178486336017,7.398520112932751E-4,0.008156677240292422,0.005653833996584744,0.009920155236786753,0.012263858208106448,0.00582181177461336,0.013882854197011461,0.007785848484375423,0.015422349330073186,0.011211067071758061,0.0021537203968975426,0.014588834017434122,0.0019574285604566826,0.010695809481042432,0.003593175191441612,0.004978163475301619,0.014412930639153613,0.012457440724336688,0.0066417532342717585,0.007356248304133093,0.019880782634716924,0.007446570154571254,0.020539083838006962,0.0023455504863211514,0.0029609696018314388,0.0030949194261400293,0.005980109617839147,0.004916506838421993],[1.709195664511653E-4,0.0014980555205162324,0.01057424813213398,0.003486067163899504,0.00128246473969442,0.001141106894119887,0.013872475761147642,3.5226859896503283E-4,0.0017199142747337365,0.0019432244329867323,0.012831182681486572,0.001333122435115729,0.001250962748270596,0.0015702733629072575,5.888151485774477E-4,9.359266277800448E-4,0.008150568827020125,1.0,0.0010535779270731932,0.015346218605320629,6.174382698134705E-4,4.929998052283003E-4,0.0015817204406026147,0.0016635973573656732,0.0025265311625029263,0.0020170445846867044,0.0014824579255236538,0.0019646546748725894,0.005052242186233966,1.9683212423009597E-4,0.0012111006698975356,0.001586694296765707,0.0012701064153842236,6.716073154201251E-4,3.0566876352045686E-4,0.0011486918505678489,0.0011680695903956552,0.0016754373972141668,0.002156264503403845,4.5105612274043026E-4,0.007139749383624052,4.995832590781795E-4,0.013723550687244448,6.134569186971431E-4,8.60887905178527E-4,4.431528983369201E-4,0.0013157214409905832,5.839649443483152E-4],[9.188273315022602E-5,1.2846593762394444E-4,0.022125962920437295,0.007493006327179286,7.754345981170361E-4,7.55372643445522E-5,0.0018094106736735475,2.8309851602702403E-4,0.0021806793249106514,0.002228132271165705,0.025407298870821843,3.308542748889253E-4,3.320543569185116E-4,0.0014351595599476471,2.0986420329411883E-4,5.214594806509762E-5,0.014270510401526135,0.0010535779270731932,1.0,0.023905987969101483,8.502332967784874E-5,6.680814559797434E-5,8.988599399023865E-4,2.879335346243624E-4,0.002039177853503615,0.0019056205250273096,1.3232443173585273E-4,4.2563444980823004E-4,0.007147254973489196,3.6375495406585495E-5,8.615183596529687E-5,7.949377305291486E-4,4.933930961416159E-4,1.2562576407564166E-4,6.818027710557987E-5,2.332199200764497E-5,6.886493463859242E-4,0.0013230941216703378,0.0019543817250583465,1.220506758508905E-4,0.052101910779065244,1.3475664718425528E-4,0.008008413143075916,1.292176713448728E-4,3.13898286367342E-5,6.940951814068903E-5,2.9657358769380265E-4,8.399137900891085E-5],[0.024464085484823875,0.02835420955084885,0.030287757399542894,0.01974898312580683,0.02153110053093185,0.00951567772434471,0.032292679358847456,0.012091106146940624,0.032905727058938926,0.033319313834627086,0.04871946709908145,0.008120272086156927,0.011550994160242302,0.022807675278332266,0.030868982995605056,0.004857921425840035,0.029596178486336017,0.015346218605320629,0.023905987969101483,1.0,0.019351265646306945,0.030844809439291923,0.02379868117339292,0.024850560989944922,0.005077583790395268,0.01099166551739252,0.007585520969539551,0.024928024500653744,0.014975633858477819,2.1456780759069327E-5,0.00363398810042543,0.005840564265247849,0.018603243072586848,0.025984922706621453,0.005986539766853193,0.032683681037911166,0.027700387073759925,0.022267467097096413,0.00654601292656481,0.0029677299139440243,0.03802639535746849,0.020797418402844894,0.0332690585727098,0.0277672303088041,0.031741213962035476,0.017275193485782235,0.014645447090945929,0.010384642908921883],[1.2130204594346382E-5,1.4730525006084692E-5,0.02074987092407788,0.0027563692645596748,5.601280198010681E-4,1.4193948590717985E-5,0.012712585092240191,3.07741090507599E-4,5.836580100020311E-4,4.319390551967604E-4,0.0525839694914832,2.4719274503628557E-4,3.782332495428461E-4,9.561242876234843E-4,2.5351848092649903E-4,1.745512984287718E-5,7.398520112932751E-4,6.174382698134705E-4,8.502332967784874E-5,0.019351265646306945,1.0,1.9680595818852275E-5,1.8717794430239617E-4,0.002408849904218048,0.001585156238556839,0.0011624912408017053,1.6502887598554896E-5,0.0016347579579112123,0.0064617166240787055,1.1076265342688946E-5,1.3155275962746055E-5,6.325052693481463E-4,1.759250522637939E-4,9.58699196415757E-5,1.783843347566509E-5,1.4922871799215125E-5,0.0010306331854586198,0.0018728775285632498,0.0021113070425536782,2.2610265403038937E-5,0.0020891531808912476,2.1451134574469922E-4,0.02370997415448086,1.247318862277692E-4,1.1435304266140591E-5,1.32972148001679E-5,4.6715719730444156E-4,1.083818576493783E-5],[1.808407590786876E-5,1.8112807677311976E-5,0.020172567371659445,0.012674791673029396,5.086695847581308E-4,2.0116756795709706E-5,0.009085785924250557,1.714467621183446E-4,0.001825717799703812,0.0018832444402400513,0.01782469405285763,3.440260919045095E-4,3.353813460245555E-4,0.001108046265290974,1.324717420560637E-4,2.129773960529947E-5,0.008156677240292422,4.929998052283003E-4,6.680814559797434E-5,0.030844809439291923,1.9680595818852275E-5,1.0,5.685111365204591E-4,0.003511192742063465,0.001750520366856804,1.046004064798195E-4,1.2904388782327883E-4,8.337734045869975E-4,8.688579517922073E-4,1.210455280284743E-5,1.3297853128820916E-5,6.809957063356137E-4,2.0463696219945933E-4,9.845878922635988E-5,2.670830066089317E-5,1.7346034605831797E-5,4.647960854317268E-5,1.600217480724621E-4,8.125463584040887E-4,2.893640329715029E-5,0.019864150106974888,3.2505233357233863E-4,0.021588579803326808,1.1694505206512174E-4,1.9388402370850775E-5,1.4708015675768435E-5,7.868047594179733E-4,1.6611148849425448E-5],[4.6688802782629736E-4,2.988500003032366E-4,0.022371459955366838,0.008962448496381902,0.001090977297380441,1.878433687854646E-4,0.012399385839266176,5.09087487930896E-4,0.002221697055025204,0.0034089621460248213,0.01780429149948934,9.973052580529015E-4,0.0010130263624469494,0.0013177769682875446,9.392810133797571E-4,2.1843483170982597E-4,0.005653833996584744,0.0015817204406026147,8.988599399023865E-4,0.02379868117339292,1.8717794430239617E-4,5.685111365204591E-4,1.0,0.001494438718259412,0.0014096392016166926,0.002247499255647447,6.948882571692233E-4,0.0022945777479008514,0.006369336071561611,8.182446754958756E-4,0.0011322882557927155,0.0010927939791208615,0.0012440367208690513,5.102894905780959E-4,0.001157946708510173,4.576268143776249E-4,0.0011883661321717939,0.0017277627464479415,0.00195811682490095,0.0011135907088291898,0.04073121135696481,9.820827585075309E-4,0.020916751360867143,0.001188531470413575,0.0012078739518895858,2.8402697365078965E-4,0.0012630457676711525,8.682279263842289E-4],[0.002524611629238994,5.206573237580692E-4,0.006566140988305126,0.007854090555665036,0.0011352999245521195,0.0021473533863990485,0.009805796753898302,0.002800121836343819,0.003576824047357283,0.0037067616437068216,0.053994817126696,0.0013973551507743178,0.00239202589522438,0.0022586765890762104,2.648498314364283E-4,0.0032395763259607784,0.009920155236786753,0.0016635973573656732,2.879335346243624E-4,0.024850560989944922,0.002408849904218048,0.003511192742063465,0.001494438718259412,1.0,0.0032697806993968585,0.0035188623387977375,5.849058837136044E-4,0.0031571415073556224,0.008037112601308748,2.449616434075454E-4,0.0020539469846855016,0.0014335265714284441,0.0018459081505484824,0.0015077966853338626,0.002627866452320088,0.0013979193877799228,0.0028727049235641533,0.0033254640790576565,0.00290527063111243,5.014258984149268E-4,0.03584198841499315,0.0018797210581896616,0.02754099955584392,0.0031369417943962943,0.002769074335996172,2.561520906488291E-4,0.0025624613488978375,4.8434136963723977E-4],[0.00191872015105485,0.002530555911272814,0.01980612052695006,0.014766448466944266,0.0019469777353516935,4.694129956060114E-4,0.01273843353344064,0.0011870096606319913,0.0025607343738806706,0.0028715166351731794,0.05171841008070415,0.0023967875410184874,4.960794536460602E-4,0.0025170188980983468,0.002084151346593812,1.6435882704287264E-4,0.012263858208106448,0.0025265311625029263,0.002039177853503615,0.005077583790395268,0.001585156238556839,0.001750520366856804,0.0014096392016166926,0.0032697806993968585,1.0,0.0026818621694889686,3.5078705898642976E-4,0.0026174320729318197,0.008859288478353062,0.0014188785198893917,0.0017862964802111956,0.0017816971425275486,0.002106666536975675,2.695404474073709E-4,5.97169214723139E-5,2.6392604489863537E-4,0.0012084937209315082,0.002380041948746866,0.0026128289070578856,7.213416991952026E-4,0.022217062047137373,0.00238383370099528,0.02198024915752631,0.0013356441277085412,0.0011774102810024189,0.0020521720031167054,0.0011193510861963677,1.0105117937691373E-4],[8.737081383684525E-4,2.6443125564280914E-4,0.009406492484902884,0.005913634232705917,0.0022571383410980414,1.1161513047306957E-4,0.008081729794750765,5.534793094172468E-4,0.002320220053025759,0.003257489431448581,0.048815437115961945,9.988995495266283E-4,0.001229916088222582,0.0020183349038427295,0.002333723918262089,9.892380315089865E-4,0.00582181177461336,0.0020170445846867044,0.0019056205250273096,0.01099166551739252,0.0011624912408017053,1.046004064798195E-4,0.002247499255647447,0.0035188623387977375,0.0026818621694889686,1.0,0.002117463065011495,0.002733858214253174,0.002900185339945441,0.002040655186636111,1.2065043110391062E-4,0.00226333835089957,0.0025225924451676685,4.429343024277654E-4,0.0026810403663595768,0.0010199653159541735,0.0016961053368567793,0.0026964244145944883,0.0026788100501366277,1.3093870041444081E-4,0.03161508966562911,5.576351741988182E-4,0.030606203508902412,0.0019896024376129242,1.2599419089966656E-4,7.035111073320604E-5,0.0015609179094174357,0.0015653223613388246],[1.3263228970136014E-4,2.210086611144462E-5,0.019349166571971818,0.010006867031827741,6.879009395754779E-4,1.2453071715723028E-4,0.011560960823715528,2.197751143120194E-4,0.0016482496560168481,0.0020112823756397447,0.00470629184617395,5.809854157558987E-4,2.451552092028942E-4,0.001231115164789283,2.590865651647145E-4,3.7653493370342255E-5,0.013882854197011461,0.0014824579255236538,1.3232443173585273E-4,0.007585520969539551,1.6502887598554896E-5,1.2904388782327883E-4,6.948882571692233E-4,5.849058837136044E-4,3.5078705898642976E-4,0.002117463065011495,1.0,0.001597499832993845,0.009632105994381204,1.0902856542518536E-4,3.7076254308598264E-5,3.122745515678274E-4,3.617728027325197E-4,1.073385152577095E-4,1.182363009692092E-4,7.133892951899404E-5,5.026200358888683E-4,4.57793984585137E-4,0.0011076155853982379,1.1453243564988708E-4,0.0512733272773278,1.931517825801419E-4,0.018457391059205193,1.5340034026724262E-4,1.08349941429616E-4,5.826145780086003E-5,2.3633342712145791E-4,1.20866892830948E-4],[7.413368428963194E-4,0.002563734260536659,0.01625354728866802,0.013848706412737574,0.001620110806420181,8.67497783302714E-4,0.008212115389864685,0.0012697836499979526,0.0027270298790861994,0.002857335112075685,0.0470960481440715,0.0011691609433254456,0.0024620046754040377,0.0017807328368464972,4.769513087858165E-4,0.001548986050327502,0.007785848484375423,0.0019646546748725894,4.2563444980823004E-4,0.024928024500653744,0.0016347579579112123,8.337734045869975E-4,0.0022945777479008514,0.0031571415073556224,0.0026174320729318197,0.002733858214253174,0.001597499832993845,1.0,0.003089329571762774,8.239390672561032E-5,0.0016912652281365584,0.0026149934000506787,0.0013377122806602422,1.3922387051529847E-4,0.0018925218772074134,0.002716080049273287,0.002151977633123179,0.002787212771223587,0.0027450894214248347,9.959446587044355E-4,0.05520112794907978,9.648841781890727E-4,0.02829733802961453,0.0011709361478184559,7.491400155808683E-4,5.339378310489762E-4,0.001992781602933046,0.0018731584766052938],[0.003142384263005541,0.005108568805641955,0.022684649882196227,0.011444386848108584,0.003494227793881917,0.002731080154569926,0.010640186646997993,0.01012657846713633,0.006019359098710949,0.007097027608202428,0.030389702383415998,0.0071036665852187144,0.005292981383267444,0.008225740943443029,0.0058231798798780345,0.0024721124245461286,0.015422349330073186,0.005052242186233966,0.007147254973489196,0.014975633858477819,0.0064617166240787055,8.688579517922073E-4,0.006369336071561611,0.008037112601308748,0.008859288478353062,0.002900185339945441,0.009632105994381204,0.003089329571762774,1.0,0.002583368587337466,0.009359409954955728,0.007745328384452008,0.004066238515132377,0.002616541794500517,0.008737101710881613,0.00910663583449473,0.004068413561457005,0.003540534870524071,0.004166609085037156,0.006581011816006095,0.014852587059379422,0.0071408017503806105,0.02359642467570429,0.0015825122586343317,0.010082169794328718,0.005701805241005822,0.006954194888386351,0.0047359688847606225],[1.0976638738143718E-5,1.1050429591477314E-5,0.004961127369080385,0.006998510437362406,8.905878648569551E-4,1.1767888388649547E-5,0.01403351010136239,3.1544149898087584E-4,8.61740107951065E-4,0.002644867496875282,0.01641915984166894,5.885497148138325E-4,1.233510699714688E-4,0.001000229979016205,2.267598851491883E-4,1.1100834449625207E-5,0.011211067071758061,1.9683212423009597E-4,3.6375495406585495E-5,2.1456780759069327E-5,1.1076265342688946E-5,1.210455280284743E-5,8.182446754958756E-4,2.449616434075454E-4,0.0014188785198893917,0.002040655186636111,1.0902856542518536E-4,8.239390672561032E-5,0.002583368587337466,1.0,1.135112113038617E-5,1.2887923035491191E-4,9.93099641182993E-4,7.599687259297303E-5,1.2628713285669751E-5,1.4288503649379038E-5,4.165488343708844E-4,0.0017515168204579091,0.0016338196581804324,5.395071049361566E-5,0.004485815270925743,1.1083835110699477E-5,7.467928423104703E-4,8.954876818031044E-5,1.074294528116361E-5,1.1430421165945297E-5,8.708510202079271E-4,1.0830587862044869E-5],[1.1924674907212771E-5,1.457417856693974E-5,0.013255608381640185,0.009485495797384686,4.370497599751526E-4,1.369633318519341E-5,0.012846750039741027,1.6237120506345547E-4,9.965077069117106E-4,0.0018024151943488098,0.03249841881354542,2.7273092363987265E-4,3.632396181071195E-4,7.85120846591367E-4,6.619253409543534E-5,2.4383879590295145E-5,0.0021537203968975426,0.0012111006698975356,8.615183596529687E-5,0.00363398810042543,1.3155275962746055E-5,1.3297853128820916E-5,0.0011322882557927155,0.0020539469846855016,0.0017862964802111956,1.2065043110391062E-4,3.7076254308598264E-5,0.0016912652281365584,0.009359409954955728,1.135112113038617E-5,1.0,6.617319613856664E-4,6.155254065989975E-4,7.73820333936758E-5,1.2403389131661816E-5,1.4782969488965499E-5,7.540039087298434E-4,3.2017385856449157E-4,0.00140732719568378,7.464773892636502E-5,0.04519544171176552,3.0426175449172285E-4,0.0177157587269939,1.6915423202754112E-4,1.1955943771332438E-5,1.2433888470194025E-5,3.179510801199295E-5,1.1758454326363433E-5],[2.0035843245183764E-4,9.236530674072907E-4,0.010843499714849077,0.006848750423263007,0.0010618071673059886,5.297352115397421E-4,0.007949461593759491,5.702977615114509E-4,0.0017775330136144828,0.003076181409541818,0.013380158091961384,9.579795527536433E-4,7.136917302151618E-4,0.0011905870693865758,3.7240755190518247E-4,1.0936229060973036E-4,0.014588834017434122,0.001586694296765707,7.949377305291486E-4,0.005840564265247849,6.325052693481463E-4,6.809957063356137E-4,0.0010927939791208615,0.0014335265714284441,0.0017816971425275486,0.00226333835089957,3.122745515678274E-4,0.0026149934000506787,0.007745328384452008,1.2887923035491191E-4,6.617319613856664E-4,1.0,0.00117872295609564,9.830130964781237E-4,8.894995609450302E-4,1.7932486493361092E-4,0.0010850699669004093,0.001340604488563136,0.0021426001730592233,1.677580795054277E-4,0.037652849656979855,7.75371270487463E-4,0.025777829633981387,7.738322002032353E-4,6.658468323065623E-4,8.430485088162218E-4,0.0010250126546073146,4.598689782900087E-5],[0.0011530891780800916,6.592907839855976E-5,0.016253408910708887,0.01089463964930382,0.0011848843201404625,8.062200575779585E-4,0.013081577846341487,0.001147603144903786,0.0013707533934282107,0.00145006957810052,0.037239235288764626,0.0011378037799888844,8.024268984019748E-4,0.0012414869901924868,6.361113868249616E-4,0.0011423477648436358,0.0019574285604566826,0.0012701064153842236,4.933930961416159E-4,0.018603243072586848,1.759250522637939E-4,2.0463696219945933E-4,0.0012440367208690513,0.0018459081505484824,0.002106666536975675,0.0025225924451676685,3.617728027325197E-4,0.0013377122806602422,0.004066238515132377,9.93099641182993E-4,6.155254065989975E-4,0.00117872295609564,1.0,5.983920936254333E-4,7.790532056639616E-4,5.993794165718342E-4,0.0011122800412831561,0.001254142251162542,0.0022671812901773358,5.229710852494302E-4,0.04124803578787096,0.001146565095958895,0.02411584570090186,6.119357688551146E-4,2.3287869361720605E-4,4.2785307608686024E-4,0.001124575117632883,0.0010810276449471873],[9.152309905812767E-5,5.5072947982117885E-5,3.9620961248340895E-4,0.00676027468016799,6.411966731213686E-4,6.217783524730273E-5,0.002577643737227336,1.4910901339441955E-4,1.307849196963213E-4,0.0014298511494993105,0.0249397775207926,3.843802275377403E-4,2.976926199765494E-4,0.001300721968110968,1.3745407875197571E-4,6.874246000617715E-5,0.010695809481042432,6.716073154201251E-4,1.2562576407564166E-4,0.025984922706621453,9.58699196415757E-5,9.845878922635988E-5,5.102894905780959E-4,0.0015077966853338626,2.695404474073709E-4,4.429343024277654E-4,1.073385152577095E-4,1.3922387051529847E-4,0.002616541794500517,7.599687259297303E-5,7.73820333936758E-5,9.830130964781237E-4,5.983920936254333E-4,1.0,7.80983841230033E-5,6.471884510456631E-5,8.01934901200979E-4,0.0017754864544594488,0.0018440052670050228,1.0898245144922826E-4,0.026979651858239587,1.3777738074517013E-4,0.009096712853070293,1.2370189266663992E-4,6.451384141836837E-5,8.637580189198174E-5,1.9192151215260226E-4,5.3004029692358946E-5],[2.2988783328436713E-5,3.071486440050824E-5,0.011009566499738612,0.0021362551611080315,9.88495983119282E-4,2.9587813130903945E-5,0.0013045562542541018,6.461307859522322E-5,0.00202997044070444,0.001955637347461803,0.02234055757522656,1.47163517699217E-4,4.806429801158249E-5,1.7880879379163025E-4,1.1606335015859461E-4,3.034388221503711E-5,0.003593175191441612,3.0566876352045686E-4,6.818027710557987E-5,0.005986539766853193,1.783843347566509E-5,2.670830066089317E-5,0.001157946708510173,0.002627866452320088,5.97169214723139E-5,0.0026810403663595768,1.182363009692092E-4,0.0018925218772074134,0.008737101710881613,1.2628713285669751E-5,1.2403389131661816E-5,8.894995609450302E-4,7.790532056639616E-4,7.80983841230033E-5,1.0,2.169200659784695E-5,5.022846855939852E-4,0.0018334995932329668,3.771004763588519E-5,7.89374844271263E-5,0.045076608137142454,1.3444332007146503E-4,0.020096576570934294,8.137290768480879E-5,1.3747242996353624E-5,1.5934379253268547E-5,5.430163017373017E-4,1.384168111120007E-5],[1.2009874891068385E-5,1.5637244589869374E-5,0.013490254823088015,0.00638126379016009,8.172523364006877E-4,1.5345293346906194E-5,0.007368103247399255,1.4445896720342128E-4,4.920065387386775E-4,9.835583742992295E-4,0.01946764259497824,3.179208756387662E-4,4.6033037594197395E-4,0.0013201687767098668,1.2120073962674485E-4,1.885088592417238E-5,0.004978163475301619,0.0011486918505678489,2.332199200764497E-5,0.032683681037911166,1.4922871799215125E-5,1.7346034605831797E-5,4.576268143776249E-4,0.0013979193877799228,2.6392604489863537E-4,0.0010199653159541735,7.133892951899404E-5,0.002716080049273287,0.00910663583449473,1.4288503649379038E-5,1.4782969488965499E-5,1.7932486493361092E-4,5.993794165718342E-4,6.471884510456631E-5,2.169200659784695E-5,1.0,4.006744297179408E-4,0.002066883721821168,0.0012067494554077558,3.8987800191368405E-5,0.03171788143015978,3.439547405934668E-4,0.01628377165319629,1.0985388534972136E-4,1.1315923843712101E-5,1.3155432593499612E-5,4.677078711113769E-4,1.2840902305697928E-5],[5.310698439847967E-4,7.021064007700386E-4,0.02028347176576991,0.006781506068786901,0.0010937794760377344,0.0010530037740523017,0.014645598160584606,9.496890418235484E-4,0.0018628698770131024,0.0016334531179203284,0.019778719393906637,9.190773936252621E-4,7.447509280991166E-4,0.0011286753750553889,8.766579057109074E-4,7.924286580038929E-4,0.014412930639153613,0.0011680695903956552,6.886493463859242E-4,0.027700387073759925,0.0010306331854586198,4.647960854317268E-5,0.0011883661321717939,0.0028727049235641533,0.0012084937209315082,0.0016961053368567793,5.026200358888683E-4,0.002151977633123179,0.004068413561457005,4.165488343708844E-4,7.540039087298434E-4,0.0010850699669004093,0.0011122800412831561,8.01934901200979E-4,5.022846855939852E-4,4.006744297179408E-4,1.0,0.0012507858821711004,0.0016417491146286356,2.5776436950442403E-4,0.018822336349013636,4.5577788611058094E-4,0.010444052282452682,3.5427042437947336E-4,4.449552349450898E-4,4.000304354859994E-4,0.0010744284726282758,2.3357740914562803E-4],[0.0011161399939545466,5.722824877103816E-4,0.018783219328109134,0.009336152752577756,0.0014937976652981226,6.11106194738817E-4,0.002329843740703535,0.001997414454121317,0.002234563136670057,0.002731901959239859,0.0054767878298673375,0.001955116159674199,0.00120206620047623,0.0017482547925657189,8.764778393176199E-4,0.0010684324599512715,0.012457440724336688,0.0016754373972141668,0.0013230941216703378,0.022267467097096413,0.0018728775285632498,1.600217480724621E-4,0.0017277627464479415,0.0033254640790576565,0.002380041948746866,0.0026964244145944883,4.57793984585137E-4,0.002787212771223587,0.003540534870524071,0.0017515168204579091,3.2017385856449157E-4,0.001340604488563136,0.001254142251162542,0.0017754864544594488,0.0018334995932329668,0.002066883721821168,0.0012507858821711004,1.0,0.0024014029228486993,0.0017846356323633218,0.012648975032517842,4.039831928221404E-4,0.009342003511106985,8.638484180784603E-4,3.313004317181863E-4,0.0010608658352694025,0.0019374196809317304,9.190522738387052E-4],[0.0020650376613808364,0.0016253186853158487,0.006885242646745349,0.011752690484540309,0.0015334111470621864,0.0025291312715135655,0.005292188411076251,0.0011413423840256056,0.0024605886569760505,0.0033527532538441735,0.008825906825858373,0.001875143712988049,0.0011090209019659308,0.0017799176099147173,0.0010077610805004624,0.0023554332757513142,0.0066417532342717585,0.002156264503403845,0.0019543817250583465,0.00654601292656481,0.0021113070425536782,8.125463584040887E-4,0.00195811682490095,0.00290527063111243,0.0026128289070578856,0.0026788100501366277,0.0011076155853982379,0.0027450894214248347,0.004166609085037156,0.0016338196581804324,0.00140732719568378,0.0021426001730592233,0.0022671812901773358,0.0018440052670050228,3.771004763588519E-5,0.0012067494554077558,0.0016417491146286356,0.0024014029228486993,1.0,0.0023715343544930094,0.013943236175325304,0.0021017344578934155,0.016310283147850012,6.600040118433656E-4,0.0021325406379167047,0.0010349678205409012,0.0023875687722548864,0.0016845028634755847],[5.3552199453070804E-5,2.0045359797489185E-5,0.01646634151681632,0.011719295202199317,9.094586414422483E-4,6.703466509196923E-5,0.01362299162134326,2.3864581953685424E-4,8.999694876792564E-4,0.001796608820953785,0.015351066465354671,3.0441064399844736E-4,4.4745875752107573E-4,3.8254381566908566E-4,1.8661219695755027E-4,8.471345610437382E-5,0.007356248304133093,4.5105612274043026E-4,1.220506758508905E-4,0.0029677299139440243,2.2610265403038937E-5,2.893640329715029E-5,0.0011135907088291898,5.014258984149268E-4,7.213416991952026E-4,1.3093870041444081E-4,1.1453243564988708E-4,9.959446587044355E-4,0.006581011816006095,5.395071049361566E-5,7.464773892636502E-5,1.677580795054277E-4,5.229710852494302E-4,1.0898245144922826E-4,7.89374844271263E-5,3.8987800191368405E-5,2.5776436950442403E-4,0.0017846356323633218,0.0023715343544930094,1.0,0.03444051826211