[[1.0,1.958942900758244E-4,3.325327662888697E-5,5.3609565768673374E-5,0.00193197881135748,1.1196637822319897E-4,3.868408375661646E-4,1.503332369997203E-4,1.2745804129191265E-4,9.987646758122748E-5,0.0011235264985677588,6.853369237917069E-4,1.1108239908175732E-4,0.013522525853695804,1.2974979099303406E-4,1.2712789280578887E-4,0.0010244935048292036,1.3692339698534773E-4,0.003213685453848207,1.8177525275113042E-4,1.49417495064162E-4,4.0614949184075125E-4,0.001334264746697172,1.50048257098167E-4,4.0608110153203016E-4,0.028042601058246786,2.567771518445948E-4,0.001028315160480612,2.343447340961476E-4,1.438933365949404E-4,3.068832838302745E-4,0.001350481897969475,1.827377506546637E-4,4.347963491375188E-4,1.0929660949249499E-4,0.016114753732979503,0.0041718426046807085,1.015935408119359E-4,8.387426362886311E-4,1.8913149812560166E-4,1.6165547414827405E-5,3.238510194705624E-4,2.278134512890239E-4,1.0110387461253288E-4,0.0033897764727297813,0.03680841475764674,0.014364475104262668,0.001417824962888187,1.4394842975500103E-4,0.0047618436646252975,0.005600362089965573,1.1892932781189147E-4,9.09743765705743E-5,8.491576197390888E-5,1.593407909165844E-4,2.969816039949636E-4],[1.958942900758244E-4,1.0,1.8916632590918034E-4,1.8129299425563683E-4,9.016620120901289E-4,1.7299005631003902E-4,3.9370271487161466E-4,2.0981191187792282E-4,2.076095620278689E-4,1.9448612389125794E-4,3.300253762652317E-4,6.622581369688917E-4,2.178347318552371E-4,0.0026285959586343074,5.916815243492872E-5,2.543923388959903E-4,6.278534322646514E-4,2.1403830934311812E-4,0.0017226001997927673,2.4312286340784177E-4,2.2172695441569724E-4,3.447634961188563E-4,5.339066889865252E-4,2.0481553451839185E-4,3.9537428946901645E-4,0.0271225434490331,4.3726698567347086E-4,4.2406238847279886E-4,0.0017647828772958214,1.600445937004153E-4,8.886676146212442E-4,0.0018120085199738742,3.1247341102828445E-4,0.0010746132979737868,1.5154022412975488E-4,0.002177233036690153,0.0025835570738169875,1.3866418650967436E-4,7.796235733638478E-4,2.5244445179611354E-4,1.80837157389958E-5,7.520326174210005E-4,2.5687574451778195E-4,7.194677728121548E-5,0.006018249347381839,0.02311761700231704,0.009263520978285344,0.0012770406067447212,1.5382617564161792E-4,0.004673146396235198,0.009817650237235586,2.2382656495531077E-4,2.5563989932319957E-4,2.3098598397907428E-4,2.4473496354718044E-4,0.002160689541933203],[3.325327662888697E-5,1.8916632590918034E-4,1.0,1.3459490663161659E-5,0.001433157215455153,1.2329283874434142E-5,6.521710842366302E-4,5.977774472908117E-5,1.3269667217526576E-5,3.998729981816523E-5,1.8895363514448104E-4,5.567349442167966E-5,1.3814889727165522E-5,9.861063737223936E-4,1.925035830372944E-5,3.462546294560409E-5,8.319705958103606E-5,1.711200610057377E-5,0.004440376060045143,9.016664081793689E-5,4.119197903318305E-5,4.8390712248601363E-4,0.0011718136210001986,3.225054079798227E-5,4.6489943732887256E-4,0.003929335751462366,5.928020625291891E-4,0.0012143815677177153,0.0015736370686526481,8.839947320587693E-5,0.001266382177036191,5.80338485739496E-4,1.5815881687925398E-4,1.2611373729722755E-5,1.1153426809049066E-5,0.025271198131570537,0.001452614726679917,1.4165639096652653E-5,7.024423464914981E-4,3.251729383672433E-5,1.1768882441580042E-5,0.0013200381163884917,2.6865685681837834E-5,1.1960260862513039E-5,0.008719465691579501,0.03421595857611975,0.008644454161740776,3.7727131765124243E-4,2.5388526047560612E-5,0.005536489413598367,4.6575447126956165E-4,9.392924268955011E-5,4.25475644547668E-5,1.866425404551217E-5,7.721537320531133E-5,0.0020496385251639448],[5.3609565768673374E-5,1.8129299425563683E-4,1.3459490663161659E-5,1.0,0.0015792047840636507,2.320337840601052E-5,6.268983764245743E-5,5.697168170674664E-5,1.5318950676695974E-5,5.259443690108507E-5,6.715252248584296E-4,3.3332496496814415E-4,1.767725695249479E-5,0.00417778009904851,1.9537748065127766E-5,3.1158737375128854E-5,7.855462401827708E-4,2.3207463567508554E-5,0.003156723156930461,1.2785504108458638E-4,1.1023290328546128E-4,7.070811749174812E-5,9.4387149043872E-4,5.684220545432438E-5,0.0010067906188907804,0.02615433756038541,6.91610689936557E-4,0.0010866023318557231,2.179950476025689E-5,7.37072456330738E-5,8.892277000482501E-4,7.3422020077261E-4,2.6061591641638794E-4,5.053285538406662E-4,1.2218661222101152E-5,0.008270368106671217,0.0012553174417358295,1.7087619963120616E-5,7.399796752100488E-4,2.020368746052823E-4,1.2647092066162044E-5,4.922076641487868E-4,2.6767723249289773E-5,1.4638817971293325E-5,0.0015536055212738771,0.0013548782162577616,0.012880546945623423,8.855794428291904E-4,6.512714711419759E-5,0.014607426650060195,0.015062100387350633,8.75317767862628E-5,4.813317330038348E-5,1.697916271314307E-5,2.457144044801992E-5,0.002227424030557008],[0.00193197881135748,9.016620120901289E-4,0.001433157215455153,0.0015792047840636507,1.0,0.0019505995849052056,7.718655037820241E-4,0.001565204540232901,0.0014592538675910923,0.0013254949448435922,0.002021473028544568,0.0018133380109056833,0.001152434829245125,0.007945801616589396,0.0016793340885223687,7.722203160554001E-4,0.0023179349843043527,0.0015284920967160401,0.00517688208474678,0.00231454370953698,5.922249944309177E-4,0.0013027148674435202,0.001781782964653028,3.60235071873835E-4,0.002044985955786943,0.010304342962277151,0.0021621477867756547,0.002053995316487977,0.002286808600897845,6.592110658162174E-4,0.0018640578386890023,0.0018864880009214168,0.001773461061374014,0.0020734237769408,0.002018406784660363,0.01169943959813822,0.004134792597749449,0.0014010916446354608,0.00174023831984076,0.001395778792773654,9.626465512048702E-4,0.00199760474199923,9.107287423929464E-4,0.001943376201130419,0.013236412390014135,0.03224301641601417,0.0076944953441679745,0.0021027830584033165,0.0022537749787947424,0.004214011981608622,0.006413986239894291,0.0022102278440622567,6.499279362557605E-5,3.6905372194686665E-4,0.0012508409495110477,0.002836573948292622],[1.1196637822319897E-4,1.7299005631003902E-4,1.2329283874434142E-5,2.320337840601052E-5,0.0019505995849052056,1.0,3.169735900232719E-4,4.038381145491539E-5,2.4456015723447668E-5,5.724642295853727E-5,1.933697819486424E-4,6.057536585588896E-4,2.175113117263697E-5,0.01363476825606713,2.1230314783781596E-5,3.216176064902391E-5,8.348767681386278E-4,2.8715824491899713E-5,0.0032039426712917878,4.422458750051081E-5,5.9938994226391314E-5,3.338703984248021E-5,0.0013042587804678104,1.3167241258550273E-4,6.147089275591043E-4,0.016788511872487,8.776761119899813E-4,1.7582335401246344E-4,6.565716819990764E-4,8.608381885706246E-5,0.0017759226069969456,4.1771753749871737E-4,2.6909245635105505E-4,8.483376865652323E-4,1.1104051369847826E-5,0.018741241241829527,7.518057211230272E-4,2.0810898307372856E-5,5.011711612985798E-4,1.1323637712847518E-4,1.8596097621407963E-5,5.482771699084164E-4,2.4108013197975462E-4,2.3041594229340442E-5,0.0012545021204581192,0.031959472378532645,0.008113414028067789,0.0019544881804692974,2.6081954766650804E-5,0.012962924991481365,0.010831617250998318,5.785953235673407E-5,4.190657102154243E-5,6.176079743143174E-5,1.1499429981411303E-4,0.0026094683947470412],[3.868408375661646E-4,3.9370271487161466E-4,6.521710842366302E-4,6.268983764245743E-5,7.718655037820241E-4,3.169735900232719E-4,1.0,5.176656033251524E-4,3.726934869556954E-4,4.98224524850232E-4,8.530080282031944E-4,0.0010627149632140244,4.676148559498288E-4,0.009822784981263852,5.674691835632551E-4,1.3703615778679304E-4,7.162071123338616E-4,6.395019629777685E-4,0.001956643907373536,2.372323282830295E-4,2.3096156406764276E-4,5.97260542683965E-4,0.0010945293995611742,4.7036397869067316E-4,0.001077335976509578,0.020175235321347924,0.0020980786856094114,0.0010018063166986316,0.0012931806687745855,3.322427528118849E-4,0.0010716269697196733,9.719801508466658E-4,5.151036222406885E-4,0.0011719928168595875,3.079027703148273E-4,0.004761442440367875,0.004815614564173155,2.6561219583203107E-4,7.845443364345125E-4,3.502916346665899E-4,6.169036243911232E-5,9.725410086138156E-4,2.8611419535565864E-4,2.90234990053143E-4,0.006022278264218901,0.020694209524298877,0.00870163102765416,6.566368108408199E-4,2.0316370902539218E-4,9.612543165721079E-4,0.009804545358217382,6.315282261232288E-4,3.1693659836820967E-4,4.380626757132229E-4,2.736255216390084E-4,0.0014340945529899953],[1.503332369997203E-4,2.0981191187792282E-4,5.977774472908117E-5,5.697168170674664E-5,0.001565204540232901,4.038381145491539E-5,5.176656033251524E-4,1.0,1.1973841715698135E-4,1.2790649480430975E-4,2.871520295925237E-4,5.751421675884902E-4,1.2616617965996115E-4,0.012616691714953414,1.166177892117374E-4,1.380948228176944E-4,9.582756622662123E-4,1.1621110040885884E-4,0.004407612514500588,1.4173127185092656E-4,1.40680600881089E-4,4.7175243687049934E-4,0.0010592470589241365,1.4851723409960692E-4,4.835893491787759E-4,0.011739665032963498,8.851162923732565E-4,0.0010951398009008937,0.0014586293322669931,1.0507272495362793E-4,5.776704164119497E-4,9.520414503732413E-4,2.0164102156249524E-4,9.217251402783148E-4,1.1753948125882618E-4,0.018569605204729993,0.006771625238935494,9.783640058054323E-5,4.0373742433882996E-4,1.976661434795585E-4,1.0525370784800535E-4,0.0014781344935834784,1.5580279719358038E-4,1.370233020456461E-4,0.014126119791336062,0.007397828989490696,0.0019807291261272376,4.372724093512592E-4,1.3610289684091298E-4,0.013707493705916412,8.368280259705701E-4,1.2825658886454142E-4,1.300397487131507E-4,8.513150550648766E-5,1.2797918664018078E-4,7.306539397236402E-4],[1.2745804129191265E-4,2.076095620278689E-4,1.3269667217526576E-5,1.5318950676695974E-5,0.0014592538675910923,2.4456015723447668E-5,3.726934869556954E-4,1.1973841715698135E-4,1.0,2.2127880766140295E-5,0.0012418235426834704,5.952142757387963E-4,1.8291104190501626E-5,0.001707877285607254,1.9076250996195875E-5,3.5765450916434366E-5,4.1148912546745496E-4,3.6694778485942354E-5,0.005768046768510689,9.547374173898162E-5,1.0887120314957147E-4,3.2763078184016035E-4,2.99034993380853E-4,1.305698186114594E-4,5.644261882678055E-4,0.024408265096026935,3.280728401651322E-4,2.787814136523018E-4,7.747508742353568E-4,8.449451876142632E-5,0.0015693939572511153,0.001165012312396206,3.5337393934254557E-4,1.0493548070578579E-4,1.490562668071401E-5,0.020759176837691132,0.0017203571701920387,2.009387815256694E-5,5.721544267732441E-4,1.826613094456137E-4,1.577730272508422E-5,4.387017384399212E-4,1.1741216461666685E-4,1.598402314483719E-5,0.017014280241340777,0.037398597095059286,0.011832813684555637,6.858497375323632E-4,4.4052513004433724E-5,0.014266827955687284,0.0062491073273411414,1.1718243051632408E-4,2.1623113758351005E-5,2.6588510757906862E-5,1.1485871711309275E-4,5.699409756893637E-4],[9.987646758122748E-5,1.9448612389125794E-4,3.998729981816523E-5,5.259443690108507E-5,0.0013254949448435922,5.724642295853727E-5,4.98224524850232E-4,1.2790649480430975E-4,2.2127880766140295E-5,1.0,0.001053530128717051,8.710409768783332E-4,3.0250793902684844E-5,0.011659117139741871,7.469310381323486E-5,1.0664104244576542E-4,8.165930752772767E-4,6.328220405337087E-5,9.191196434002051E-4,1.959147813271428E-4,1.0146458890070528E-4,3.2994241969044283E-4,8.937235444873847E-4,1.4556204563499092E-4,6.149220139800873E-4,0.023824554138604386,4.357241651536881E-4,1.890609002188512E-4,0.0016013934930051465,9.272790659114488E-5,0.0010177390044093355,0.0014801028222088614,2.545406703998892E-4,8.419670962238307E-4,6.054547663573013E-5,0.023066514635509093,0.009404766029379352,5.818365408255706E-5,6.020916539211029E-4,1.1018770592172332E-4,4.7318908915653594E-5,0.0018856418392897787,1.2628595966188822E-4,3.188375315555791E-5,0.015441576073217672,0.008519118293415964,0.007384598908522563,0.0016316629385416232,9.009125930364215E-5,0.00419660466104153,0.010968794105204165,8.812658128323913E-5,6.478091089837023E-5,8.021286092190951E-5,1.1514530788048473E-4,6.376033930470408E-4],[0.0011235264985677588,3.300253762652317E-4,1.8895363514448104E-4,6.715252248584296E-4,0.002021473028544568,1.933697819486424E-4,8.530080282031944E-4,2.871520295925237E-4,0.0012418235426834704,0.001053530128717051,1.0,0.0013492628913294382,0.0011439370998451907,0.008960171694472892,9.531141550404413E-4,0.001199612899566395,0.001277744358222868,8.800576806400546E-5,0.004234725008737873,2.5790399499102336E-4,2.1910863588208023E-4,7.119721062908566E-4,0.001407380990206106,4.993664319290123E-4,0.0012677034864731623,0.016777155598046125,0.0014854358001035644,0.0013235846186457811,0.0017060205638688769,1.28675708952837E-4,0.0016036892497066674,0.0016026777972323071,0.0013025846934516738,0.0013955217848785457,9.795310342032206E-4,0.010706721808503853,0.008665487025932426,9.523176772852571E-4,0.0012303162169983513,0.0012752399681595396,2.617528490371085E-4,0.0015811627377026495,0.001364826920964745,5.075659127045535E-4,0.004923645351829207,0.0075734217103925194,0.004503390000360465,0.0016946207393232768,0.0010965734729645573,0.012500859947946634,0.009537917648146963,0.0010611630490986285,4.6122568083992643E-4,6.966836631174347E-4,1.4259085923696682E-4,0.002421832359397508],[6.853369237917069E-4,6.622581369688917E-4,5.567349442167966E-5,3.3332496496814415E-4,0.0018133380109056833,6.057536585588896E-4,0.0010627149632140244,5.751421675884902E-4,5.952142757387963E-4,8.710409768783332E-4,0.0013492628913294382,1.0,3.816448494768765E-4,0.0012381381597357517,5.91582794823923E-4,8.28183655297307E-4,0.0012586255248104887,8.329513020009869E-4,0.004923166822634661,3.67053127390678E-4,2.480372812285486E-4,0.0010250770398623123,0.0014471117174250587,4.25545510625122E-4,0.0011488408857104444,0.022803740196719928,0.0016478684992740317,0.0012437551739278596,0.001865663132750901,5.140992106713284E-4,0.0017512357266561305,0.0013382710142764876,6.965839188073622E-4,0.0012246842539172715,9.43053131277516E-5,0.025408304269791186,0.00970168473034383,1.067959037031508E-4,0.0011602082373697877,5.804458437777471E-4,2.5132643289052026E-4,0.0015722111909962427,0.0011701001252596628,0.0011396124194999412,0.017465670872321475,0.0318955196080642,0.0014333079533690384,0.0012507282276489728,8.860825900832284E-4,0.0030865933572049578,0.006236410528925008,7.747592181612235E-4,2.089738681983189E-4,5.678248135700033E-4,5.254011452213433E-4,0.00270078188545687],[1.1108239908175732E-4,2.178347318552371E-4,1.3814889727165522E-5,1.767725695249479E-5,0.001152434829245125,2.175113117263697E-5,4.676148559498288E-4,1.2616617965996115E-4,1.8291104190501626E-5,3.0250793902684844E-5,0.0011439370998451907,3.816448494768765E-4,1.0,0.01259184921302938,2.061134780236492E-5,3.706518198268849E-5,0.001202630826771701,2.624838725657936E-5,1.8878656050692105E-4,1.1917736436037171E-4,1.235244212727327E-4,1.415028996166992E-4,0.001377431825371306,1.038983821270797E-4,2.456481369222372E-4,0.01473168689461616,0.001059396223619532,7.527060544771425E-4,0.0016594626131515716,3.5712621432651485E-5,8.458044534492926E-4,0.0014712198088850691,3.0509292328153594E-4,5.182891511341526E-4,1.1852815627864563E-5,0.0243568502384377,0.002361511258913157,2.0727568408770606E-5,1.9986578261822863E-4,3.596257977195335E-5,1.5691149517380057E-5,8.28108447771666E-4,1.2126361150657303E-4,1.7543749532976038E-5,0.017135074071278365,0.03562825617494428,0.013879683123332036,4.7502063034540244E-4,9.194454542716804E-5,0.018929887858892436,0.007174675844162322,1.104517533496093E-4,2.770685993760596E-5,5.644353485084916E-5,6.306443029287755E-5,0.0029051002365231746],[0.013522525853695804,0.0026285959586343074,9.861063737223936E-4,0.00417778009904851,0.007945801616589396,0.01363476825606713,0.009822784981263852,0.012616691714953414,0.001707877285607254,0.011659117139741871,0.008960171694472892,0.0012381381597357517,0.01259184921302938,1.0,0.0056869368098532965,0.004620390056944009,0.0135024721475491,0.007176117422748534,0.011014072321236959,0.016285775979391147,0.010719045103902343,0.011832328804388564,0.003047032797382474,0.011621683619244155,0.00875204245915614,0.016856027010504385,0.0098231198758819,0.01342094687462452,0.002519917353499549,6.440371077711379E-4,0.006312681466756278,0.01382659750002915,0.01217306963537048,0.0085115296382416,0.001846001002715313,0.036338368033525366,0.012475438263408033,0.0152232107138733,0.014504296870173052,3.1351358577087296E-4,0.00563861551615587,0.005979794210663275,0.0161144737021861,0.012376615360126266,0.01677387345299596,0.03164040063236453,0.015663361563677283,0.0032444215533385546,0.015106778375473072,0.016583295057889316,0.01579071888789581,0.011678809602629988,0.013263147086795558,8.028363057767633E-4,0.008832834744165787,0.009111009083540263],[1.2974979099303406E-4,5.916815243492872E-5,1.925035830372944E-5,1.9537748065127766E-5,0.0016793340885223687,2.1230314783781596E-5,5.674691835632551E-4,1.166177892117374E-4,1.9076250996195875E-5,7.469310381323486E-5,9.531141550404413E-4,5.91582794823923E-4,2.061134780236492E-5,0.0056869368098532965,1.0,7.040742121050859E-5,1.8561592765763566E-4,3.4848267347633454E-5,0.0010810335121386834,7.157355093294572E-5,4.67434597603059E-5,3.562430832340758E-4,2.6813700013730385E-4,4.461666560896514E-5,7.300482125020217E-4,0.004241082973851466,4.448266626023807E-4,1.938049417416837E-4,2.5629276727183676E-4,2.726853107599465E-5,0.0017396742795008238,8.011651375907804E-4,1.6147269344874365E-4,2.2401902251302907E-5,1.6755334940343E-5,0.03318416582239519,0.009648098163587738,1.9939172193903095E-5,7.158600152640797E-4,1.8868817862806677E-4,1.9443527818007552E-5,7.802413211325742E-4,2.517550619768213E-4,1.843342462371851E-5,0.0017731988267875984,0.03552597256750726,0.008408102255580424,0.0014806184429525086,3.309000756336893E-5,0.01292761645795498,0.004769677879701968,7.34073373035033E-5,3.693539018134006E-5,5.2744449561681876E-5,3.746970926244453E-5,0.002531673025755246],[1.2712789280578887E-4,2.543923388959903E-4,3.462546294560409E-5,3.1158737375128854E-5,7.722203160554001E-4,3.216176064902391E-5,1.3703615778679304E-4,1.380948228176944E-4,3.5765450916434366E-5,1.0664104244576542E-4,0.001199612899566395,8.28183655297307E-4,3.706518198268849E-5,0.004620390056944009,7.040742121050859E-5,1.0,0.001036094643344668,9.808155845301769E-5,0.0043814693035720016,1.8763103272511662E-4,1.1610607495177836E-4,3.130803160054603E-4,9.63977587378085E-4,1.3614729987849368E-4,0.0010525682374904635,0.028004652213585363,8.91998118675771E-4,7.148016269095732E-4,6.610036042810918E-4,1.1042957536784356E-4,0.0015178689804558503,0.001004998338802876,2.930886688664653E-4,6.263289026731489E-4,6.178732677796944E-5,0.006922768378382244,0.0029213587343301303,8.515727242505394E-5,5.074487601385931E-4,1.478055084486216E-4,9.528680895144665E-5,0.0011614169447274442,1.4135765745869555E-4,7.215325046634792E-5,0.01565273750727897,0.03656805109231641,0.007067327794464798,4.536384441151669E-4,1.0746569781212201E-4,0.019290882622153845,7.209660199103847E-4,1.1641257712245347E-4,1.1107732540431084E-4,8.192626495390148E-5,1.1661630464433645E-4,4.1975939993597666E-4],[0.0010244935048292036,6.278534322646514E-4,8.319705958103606E-5,7.855462401827708E-4,0.0023179349843043527,8.348767681386278E-4,7.162071123338616E-4,9.582756622662123E-4,4.1148912546745496E-4,8.165930752772767E-4,0.001277744358222868,0.0012586255248104887,0.001202630826771701,0.0135024721475491,1.8561592765763566E-4,0.001036094643344668,1.0,8.825651519430139E-4,0.0033462306672028845,3.5158684981333556E-4,3.8153248334903513E-4,0.0010654806222139442,0.001331715950714288,2.4917470914904554E-4,0.0012557193752172,0.005033107720628417,0.0014627683930895717,0.0012676185031337257,0.0015666982620678072,6.44660307211385E-4,0.0016640552186640949,0.0013060439780686038,4.679768511189122E-4,0.0012584427434789484,0.0011381443528127148,0.021868511034710176,0.002238442393361911,7.875265522001716E-4,0.001141659954307101,0.0012403011124818932,0.0010633134160542837,0.0016229564272338538,8.561359545446258E-4,0.0011484583378701904,0.01584734668142228,0.004029772298402884,0.009172532336397072,0.0018506631038753267,9.683082682668796E-4,0.019752786529283233,0.014207596099117743,5.803006935581863E-4,7.5490916496082E-4,1.9171969132169685E-4,2.9836656673906697E-4,0.0029362193466414125],[1.3692339698534773E-4,2.1403830934311812E-4,1.711200610057377E-5,2.3207463567508554E-5,0.0015284920967160401,2.8715824491899713E-5,6.395019629777685E-4,1.1621110040885884E-4,3.6694778485942354E-5,6.328220405337087E-5,8.800576806400546E-5,8.329513020009869E-4,2.624838725657936E-5,0.007176117422748534,3.4848267347633454E-5,9.808155845301769E-5,8.825651519430139E-4,1.0,0.00517054790809498,5.221359188510387E-5,8.096177891844781E-5,1.0490661118002264E-4,0.0010421734967824866,1.1978606432923899E-4,2.3633634950205034E-4,0.01913086512287024,7.37664330064668E-4,5.225438226641734E-4,1.4718811824714192E-4,4.8965093978419654E-5,3.863644410114334E-4,8.698476892712825E-4,3.587488639933533E-4,5.916017606045569E-4,4.365486584781736E-5,0.009102977691909845,0.003301275513436418,3.286132672725549E-5,5.741508166586673E-4,1.814066818529906E-4,1.8249625485622095E-5,4.252124853971268E-4,2.351210200466663E-4,3.511851456563082E-5,0.008863908375978955,0.009098664404620616,0.001885867073232566,0.0016755536200942168,7.235295193930397E-5,0.00896865992194283,0.008287815775124014,1.1807022217479732E-4,4.9826630871724165E-5,6.930150046804775E-5,7.962134722094526E-5,1.5705964174194805E-4],[0.003213685453848207,0.0017226001997927673,0.004440376060045143,0.003156723156930461,0.00517688208474678,0.0032039426712917878,0.001956643907373536,0.004407612514500588,0.005768046768510689,9.191196434002051E-4,0.004234725008737873,0.004923166822634661,1.8878656050692105E-4,0.011014072321236959,0.0010810335121386834,0.0043814693035720016,0.0033462306672028845,0.00517054790809498,1.0,0.0016807485758635584,0.002421736925032773,0.0059687955657813955,0.004748234937817857,4.0169056983767413E-4,0.0029008082446426962,0.02706777007838225,0.0026685125165121534,0.0032836408861426163,0.00351095091805779,0.004850841713672523,0.0046930348003202645,0.004631553477998202,0.004178704312102624,0.0056280592495894875,0.004253815443327282,0.018833701645662178,0.006916822646503077,0.001241682742839976,0.0013691903594787228,0.0018352804986846516,0.0029027058047714984,0.005934160706199203,0.005840829796182096,0.0010051357144272017,0.01504189304510307,0.022804429789318854,0.010209079527733284,0.0054751191672081315,0.005569831170913976,0.006014938032820731,0.011571097712400752,0.0015820182602149355,0.0023846375445699575,0.004565225890793454,0.0034393371172122323,0.004059809433425521],[1.8177525275113042E-4,2.4312286340784177E-4,9.016664081793689E-5,1.2785504108458638E-4,0.00231454370953698,4.422458750051081E-5,2.372323282830295E-4,1.4173127185092656E-4,9.547374173898162E-5,1.959147813271428E-4,2.5790399499102336E-4,3.67053127390678E-4,1.1917736436037171E-4,0.016285775979391147,7.157355093294572E-5,1.8763103272511662E-4,3.5158684981333556E-4,5.221359188510387E-5,0.0016807485758635584,1.0,2.2805417538565597E-4,3.072921021826781E-4,0.0011617030599342009,2.0742963887837427E-4,0.0010462125167842885,0.01607554364323738,0.0010633841078855474,8.119413586583906E-4,0.0016869595466281783,2.145277029553376E-4,9.21072858018039E-4,3.1711208604582556E-4,3.082138646581579E-4,0.0011325412895851477,5.7562094123571034E-5,0.025435271880308644,0.006276128836918368,2.1150097331817225E-4,8.504859968153586E-4,2.1565740697804004E-4,1.7853776862118532E-4,6.106583378708779E-4,2.3896960636434568E-4,4.131107513986485E-5,0.007858707538188025,0.016359713896301656,0.002250345034241434,0.001420713496578836,1.0874989815273168E-4,0.0050944437746896325,0.013733477601576742,1.8447937001686316E-4,1.8159256797633627E-4,7.673277571926219E-5,1.4276631222783696E-4,0.0021720621909988537],[1.49417495064162E-4,2.2172695441569724E-4,4.119197903318305E-5,1.1023290328546128E-4,5.922249944309177E-4,5.9938994226391314E-5,2.3096156406764276E-4,1.40680600881089E-4,1.0887120314957147E-4,1.0146458890070528E-4,2.1910863588208023E-4,2.480372812285486E-4,1.235244212727327E-4,0.010719045103902343,4.67434597603059E-5,1.1610607495177836E-4,3.8153248334903513E-4,8.096177891844781E-5,0.002421736925032773,2.2805417538565597E-4,1.0,3.589244253731219E-4,0.0014297699345357459,1.409087667757597E-4,8.94299499217223E-4,0.008320103436346867,0.0012541293960594718,7.609538801886357E-4,6.380699569112675E-4,1.0832462055460584E-4,3.339505861173564E-4,9.029621238641544E-4,2.2226027992158431E-4,6.777762817648076E-4,6.37900175279011E-5,0.0027243705304449187,0.004012707423261246,8.591092417814511E-5,1.9243337414986058E-4,1.9588174298622782E-4,1.2276678150167054E-4,0.0014958503885673586,1.7176125854349866E-4,7.441825057968141E-5,8.985129130655587E-4,0.026675191844212454,0.009228652871920177,9.255848975865419E-4,1.2187448161718317E-4,0.0034196770289596987,0.005316871779305388,1.3718302409646794E-4,1.1507992565025275E-4,9.535916040774405E-5,1.325780359905428E-4,0.0028121343423211003],[4.0614949184075125E-4,3.447634961188563E-4,4.8390712248601363E-4,7.070811749174812E-5,0.0013027148674435202,3.338703984248021E-5,5.97260542683965E-4,4.7175243687049934E-4,3.2763078184016035E-4,3.2994241969044283E-4,7.119721062908566E-4,0.0010250770398623123,1.415028996166992E-4,0.011832328804388564,3.562430832340758E-4,3.130803160054603E-4,0.0010654806222139442,1.0490661118002264E-4,0.0059687955657813955,3.072921021826781E-4,3.589244253731219E-4,1.0,5.605625485218411E-4,1.9088472399892716E-4,7.658715946286341E-4,0.006601867419960321,0.0016092007071729607,8.625499997169781E-4,0.0017211307972160343,1.98627939477107E-4,0.0015780449491847065,0.001553715857886752,4.187380136959653E-4,0.0012337526577926297,2.0423575062249096E-4,0.025903696745048554,0.006503245091063452,2.8960515180367327E-4,6.070245269239533E-4,4.929815826254811E-4,3.138284925860032E-4,0.0012808030099757317,3.9077751120967E-4,4.917840463417043E-4,0.008027042260700648,0.011831279183131392,0.004580729377657479,0.0015357610822740095,1.8075842862243566E-4,0.010373992175404781,0.014311427760874228,4.460256238658549E-4,1.4489391915811547E-4,4.299274913942819E-4,5.06345608856045E-4,0.002942022539711782],[0.001334264746697172,5.339066889865252E-4,0.0011718136210001986,9.4387149043872E-4,0.001781782964653028,0.0013042587804678104,0.0010945293995611742,0.0010592470589241365,2.99034993380853E-4,8.937235444873847E-4,0.001407380990206106,0.0014471117174250587,0.001377431825371306,0.003047032797382474,2.6813700013730385E-4,9.63977587378085E-4,0.001331715950714288,0.0010421734967824866,0.004748234937817857,0.0011617030599342009,0.0014297699345357459,5.605625485218411E-4,1.0,5.035612180715487E-4,0.0011423294401704997,0.026616112167616734,0.0018102840260133491,0.0013194835872474284,0.0015525497831318747,0.0013871976018415184,0.001551085846169264,0.0016845030893408326,6.025864983890152E-4,0.0013085063836018132,5.328695187340557E-4,0.005421342418016388,0.005472785547302245,2.2727529477041967E-4,0.0013860562306859162,5.399651951137057E-4,6.328787211609856E-4,0.0015227771752191104,5.293132266760553E-4,8.376599130052125E-4,0.011204627982976542,0.03370991654781133,0.013846333954702535,0.0016480720481888457,9.123511587411989E-4,0.018501953376422627,0.0055063835959998095,4.418297603737197E-4,0.0013869896121900566,9.305498508138745E-4,7.681296218025151E-4,0.002606401088871268],[1.50048257098167E-4,2.0481553451839185E-4,3.225054079798227E-5,5.684220545432438E-5,3.60235071873835E-4,1.3167241258550273E-4,4.7036397869067316E-4,1.4851723409960692E-4,1.305698186114594E-4,1.4556204563499092E-4,4.993664319290123E-4,4.25545510625122E-4,1.038983821270797E-4,0.011621683619244155,4.461666560896514E-5,1.3614729987849368E-4,2.4917470914904554E-4,1.1978606432923899E-4,4.0169056983767413E-4,2.0742963887837427E-4,1.409087667757597E-4,1.9088472399892716E-4,5.035612180715487E-4,1.0,9.642943656178182E-4,0.006751166954777528,2.444326986766013E-4,0.0011421436191216805,4.404886037007003E-4,1.1322931619490546E-4,6.767044328994952E-4,0.001719503393966768,2.1766260886633233E-4,0.0011517048788207865,7.445734745007561E-5,0.011749470297456056,0.008103894052884274,4.2466555724010046E-5,2.961156548684602E-4,1.7425927304077606E-4,1.1558588178645342E-4,0.0014635968583855364,2.265263977111496E-4,1.1581004640972272E-4,0.006792272433241181,0.030591660321756045,3.868765959300669E-4,3.888823917943143E-4,1.2946927483434623E-4,0.004355694195756888,0.014529046766252749,1.469307802958212E-4,1.1533889248470449E-4,7.35053566956637E-5,1.248313505576587E-4,0.0015273042476161782],[4.0608110153203016E-4,3.9537428946901645E-4,4.6489943732887256E-4,0.0010067906188907804,0.002044985955786943,6.147089275591043E-4,0.001077335976509578,4.835893491787759E-4,5.644261882678055E-4,6.149220139800873E-4,0.0012677034864731623,0.0011488408857104444,2.456481369222372E-4,0.00875204245915614,7.300482125020217E-4,0.0010525682374904635,0.0012557193752172,2.3633634950205034E-4,0.0029008082446426962,0.0010462125167842885,8.94299499217223E-4,7.658715946286341E-4,0.0011423294401704997,9.642943656178182E-4,1.0,0.009237234436832976,0.00145385137558117,0.0012472878086143082,0.0012174254803704202,3.234075024692453E-4,0.0016482299293584018,0.001297592390745082,6.467324190600867E-4,0.0011195710451810425,7.843097098924797E-4,0.006329329050744693,0.004550487548151915,5.667345621244081E-4,0.0010810196908577104,5.45731979390241E-4,4.048366464922006E-4,0.0013874564692159222,3.155998705601805E-4,2.5094236022541488E-5,0.017511132885741215,0.024737500851901396,0.0026396365933191506,0.0012554342888422638,4.3175668845494696E-4,0.01715767495206569,0.014786659750697146,6.852960884836316E-4,2.1846292300627986E-4,5.383987224769795E-4,2.4837517179724717E-4,0.0019761966007433808],[0.028042601058246786,0.0271225434490331,0.003929335751462366,0.02615433756038541,0.010304342962277151,0.016788511872487,0.020175235321347924,0.011739665032963498,0.024408265096026935,0.023824554138604386,0.016777155598046125,0.022803740196719928,0.01473168689461616,0.016856027010504385,0.004241082973851466,0.028004652213585363,0.005033107720628417,0.01913086512287024,0.02706777007838225,0.01607554364323738,0.008320103436346867,0.006601867419960321,0.026616112167616734,0.006751166954777528,0.009237234436832976,1.0,0.003666608313252562,0.013138479240451344,0.02177986200805131,0.01617300625866554,0.01194387935032453,0.003596428670400344,0.018261836874684054,0.008539275950615946,0.01853464268973925,0.03636200033385313,0.016191450940877847,0.014637274577073773,0.004362324164755035,0.008119347080565985,0.004339636599873373,0.025522496604199828,0.013666108486554134,0.005582425306291737,0.027909885702195963,0.037160107583258606,0.017707600699602234,0.004371252840993583,0.0020241571803004056,0.022060497226928405,0.019610163791660404,0.007570537569845347,0.022902358090056366,0.009398184253184819,0.003578541598323621,0.005069766667960836],[2.567771518445948E-4,4.3726698567347086E-4,5.928020625291891E-4,6.91610689936557E-4,0.0021621477867756547,8.776761119899813E-4,0.0020980786856094114,8.851162923732565E-4,3.280728401651322E-4,4.357241651536881E-4,0.0014854358001035644,0.0016478684992740317,0.001059396223619532,0.0098231198758819,4.448266626023807E-4,8.91998118675771E-4,0.0014627683930895717,7.37664330064668E-4,0.0026685125165121534,0.0010633841078855474,0.0012541293960594718,0.0016092007071729607,0.0018102840260133491,2.444326986766013E-4,0.00145385137558117,0.003666608313252562,1.0,0.0021222658905649017,0.0021257305933776965,7.120952199292841E-4,0.0019657384442879067,0.0018422166328818054,9.034015671999292E-4,0.002064329364933813,3.637661837241914E-4,0.03478793832065667,0.008374171424488309,0.0016685374559254208,0.0020663219245450172,0.0012543597981548957,0.001188331569582485,0.0020483445540297835,9.924211895887523E-4,5.06359325311317E-4,0.011577364270253885,0.023164650236472264,0.006740910077008812,0.0021307081488289446,5.367830431249529E-4,0.016957194731537537,0.006395492872127836,0.001943803092766786,5.534242637014456E-4,2.59969914497642E-4,0.001635065750572853,0.0031529553755327575],[0.001028315160480612,4.2406238847279886E-4,0.0012143815677177153,0.0010866023318557231,0.002053995316487977,1.7582335401246344E-4,0.0010018063166986316,0.0010951398009008937,2.787814136523018E-4,1.890609002188512E-4,0.0013235846186457811,0.0012437551739278596,7.527060544771425E-4,0.01342094687462452,1.938049417416837E-4,7.148016269095732E-4,0.0012676185031337257,5.225438226641734E-4,0.0032836408861426163,8.119413586583906E-4,7.609538801886357E-4,8.625499997169781E-4,0.0013194835872474284,0.0011421436191216805,0.0012472878086143082,0.013138479240451344,0.0021222658905649017,1.0,0.0019722179828591444,9.2733709541796E-4,0.0015715402900440827,0.001282437054239576,9.787957370985625E-4,0.0012669815886485404,8.715436922883445E-4,0.022781100793022993,0.0020401351484050523,9.750156981386696E-5,0.0010259815486400356,6.342451688720767E-4,2.498377969202108E-4,0.0013961713437459532,4.915820873206225E-4,8.880699488011668E-4,0.00785969547718893,0.03434913539645378,0.0043912142051972525,0.0016096769624721083,7.705545761933807E-4,0.009718787503689052,0.009757436598972992,0.0011742614718486363,5.936041426242213E-4,6.968125537748292E-4,4.4133706997941796E-4,0.003262128289805583],[2.343447340961476E-4,0.0017647828772958214,0.0015736370686526481,2.179950476025689E-5,0.002286808600897845,6.565716819990764E-4,0.0012931806687745855,0.0014586293322669931,7.747508742353568E-4,0.0016013934930051465,0.0017060205638688769,0.001865663132750901,0.0016594626131515716,0.002519917353499549,2.5629276727183676E-4,6.610036042810918E-4,0.0015666982620678072,1.4718811824714192E-4,0.00351095091805779,0.0016869595466281783,6.380699569112675E-4,0.0017211307972160343,0.0015525497831318747,4.404886037007003E-4,0.0012174254803704202,0.02177986200805131,0.0021257305933776965,0.0019722179828591444,1.0,3.248561667461916E-4,0.0019267876026017809,0.0019957920338781725,6.373484048516579E-4,0.0017166730371458595,0.0010581939806882418,0.0261608522231331,0.008796452843092906,0.0020530197192427137,0.0010494960352267677,0.001474631910570798,0.0013071519016450246,0.0019144576658380625,0.0013966110071451376,1.1542546426203966E-4,0.014808815127472105,0.003154286798650403,0.01366381324592861,0.0021178504388306755,1.0986807475046805E-4,0.014373454893287752,0.013122673546116155,0.0018323178118437125,0.0015588903121751753,5.155562449060349E-4,0.0013041525596274967,0.0032105826887560028],[1.438933365949404E-4,1.600445937004153E-4,8.839947320587693E-5,7.37072456330738E-5,6.592110658162174E-4,8.608381885706246E-5,3.322427528118849E-4,1.0507272495362793E-4,8.449451876142632E-5,9.272790659114488E-5,1.28675708952837E-4,5.140992106713284E-4,3.5712621432651485E-5,6.440371077711379E-4,2.726853107599465E-5,1.1042957536784356E-4,6.44660307211385E-4,4.8965093978419654E-5,0.004850841713672523,2.145277029553376E-4,1.0832462055460584E-4,1.98627939477107E-4,0.0013871976018415184,1.1322931619490546E-4,3.234075024692453E-4,0.01617300625866554,7.120952199292841E-4,9.2733709541796E-4,3.248561667461916E-4,1.0,0.001171000170153472,0.0017063388434521843,1.2399492714579638E-4,0.001081391705131259,1.0131369320450295E-4,0.029602302265880058,0.006338412610290155,2.1689844274810804E-5,3.96584075256768E-4,1.340170020407203E-4,8.994646156386652E-5,1.376097876212521E-4,2.2813863847241742E-4,3.711710985024441E-5,0.010403007312273907,0.013648464727433213,0.0016697387985618228,6.897494038032501E-4,9.943650505760052E-5,0.012546588343706332,0.003324181915787352,1.1563107812669076E-4,1.0058567317830547E-4,8.239340813152548E-5,1.0896494747970259E-4,0.0015310947211644155],[3.068832838302745E-4,8.886676146212442E-4,0.001266382177036191,8.892277000482501E-4,0.0018640578386890023,0.0017759226069969456,0.0010716269697196733,5.776704164119497E-4,0.0015693939572511153,0.0010177390044093355,0.0016036892497066674,0.0017512357266561305,8.458044534492926E-4,0.006312681466756278,0.0017396742795008238,0.0015178689804558503,0.0016640552186640949,3.863644410114334E-4,0.0046930348003202645,9.21072858018039E-4,3.339505861173564E-4,0.0015780449491847065,0.001551085846169264,6.767044328994952E-4,0.0016482299293584018,0.01194387935032453,0.0019657384442879067,0.0015715402900440827,0.0019267876026017809,0.001171000170153472,1.0,0.0018457286746775981,0.0016143797735607831,0.0018306462785870024,5.509192961433074E-4,0.0113081640410093,0.004271696489598884,6.496069232233299E-4,0.001670440539299882,4.803224564251743E-4,0.0015702247076141691,0.001885811042330983,0.0011515910656394743,6.784118795320045E-4,0.008317570918682191,0.013785200706949472,0.004744070452475635,0.0019342486297396005,9.684529442173311E-4,0.01480425663502434,0.005800881321914314,0.0014687933689005255,8.093496008420604E-4,8.67615335057017E-4,9.694203082896194E-4,0.003293700367973534],[0.001350481897969475,0.0018120085199738742,5.80338485739496E-4,7.3422020077261E-4,0.0018864880009214168,4.1771753749871737E-4,9.719801508466658E-4,9.520414503732413E-4,0.001165012312396206,0.0014801028222088614,0.0016026777972323071,0.0013382710142764876,0.0014712198088850691,0.01382659750002915,8.011651375907804E-4,0.001004998338802876,0.0013060439780686038,8.698476892712825E-4,0.004631553477998202,3.1711208604582556E-4,9.029621238641544E-4,0.001553715857886752,0.0016845030893408326,0.001719503393966768,0.001297592390745082,0.003596428670400344,0.0018422166328818054,0.001282437054239576,0.0019957920338781725,0.0017063388434521843,0.0018457286746775981,1.0,0.001654589678611372,0.0012635496378516162,0.0011645147425001152,0.007327473469286455,0.006587036252913244,6.790026401398235E-4,0.0017315813690416603,4.016161712857505E-4,7.09491504177309E-4,0.0018943049576006128,0.0011244609332965948,0.0014552572385265541,0.003484624133726499,0.03416423234126973,0.013885543235941166,0.0019239248058066163,3.359589041230751E-4,0.016333901189565788,0.008708707099980116,7.363900709131544E-4,3.958001600192422E-4,0.0011502754730254032,0.0013475194515384346,0.0022707278839344935],[1.827377506546637E-4,3.1247341102828445E-4,1.5815881687925398E-4,2.6061591641638794E-4,0.001773461061374014,2.6909245635105505E-4,5.151036222406885E-4,2.0164102156249524E-4,3.5337393934254557E-4,2.545406703998892E-4,0.0013025846934516738,6.965839188073622E-4,3.0509292328153594E-4,0.01217306963537048,1.6147269344874365E-4,2.930886688664653E-4,4.679768511189122E-4,3.587488639933533E-4,0.004178704312102624,3.082138646581579E-4,2.2226027992158431E-4,4.187380136959653E-4,6.025864983890152E-4,2.1766260886633233E-4,6.467324190600867E-4,0.018261836874684054,9.034015671999292E-4,9.787957370985625E-4,6.373484048516579E-4,1.2399492714579638E-4,0.0016143797735607831,0.001654589678611372,1.0,0.0011407140568614298,2.381686330644234E-4,6.995989514086351E-4,0.0013479257175158378,1.721324389564488E-4,9.997155754580026E-4,2.5332641651838435E-4,1.0274823812002646E-4,0.0012793546287091155,3.1767331963039066E-4,3.071826243865682E-4,8.730213050076251E-4,0.009249274482753074,0.006421353727453076,0.0015415794055806235,2.517530975003617E-4,0.01333049828397444,0.001188802938000008,2.2282608590653923E-4,6.879169588277115E-5,1.6157923520620764E-4,1.6264866224658105E-4,0.0013667440747816891],[4.347963491375188E-4,0.0010746132979737868,1.2611373729722755E-5,5.053285538406662E-4,0.0020734237769408,8.483376865652323E-4,0.0011719928168595875,9.217251402783148E-4,1.0493548070578579E-4,8.419670962238307E-4,0.0013955217848785457,0.0012246842539172715,5.182891511341526E-4,0.0085115296382416,2.2401902251302907E-5,6.263289026731489E-4,0.0012584427434789484,5.916017606045569E-4,0.0056280592495894875,0.0011325412895851477,6.777762817648076E-4,0.0012337526577926297,0.0013085063836018132,0.0011517048788207865,0.0011195710451810425,0.008539275950615946,0.002064329364933813,0.0012669815886485404,0.0017166730371458595,0.001081391705131259,0.0018306462785870024,0.0012635496378516162,0.0011407140568614298,1.0,5.837377806468347E-4,0.0038496270882958515,0.007148415350916166,5.792564097647261E-4,0.0012382725573259455,7.980905435212081E-4,6.332086424104986E-4,0.0018050145596596014,9.42171687014481E-4,1.9765074775027506E-4,0.01674960231551069,0.021962744683597765,0.009248687391577817,0.0015920050173749353,1.565433343993483E-4,0.013115571562399491,0.009061253273893323,0.0010890372973114694,6.759676831675442E-4,0.0011670327510675362,2.0737665304942134E-4,0.00329207684