[[1.0,0.0030992348375653454,0.022552777319184387,0.03293253200663823,0.010924499592613426,0.003853068440016966,0.015416705955669775,0.0069604547234248006,0.007423792543002688,0.005774508825994925,0.0013544153521877428,0.0021936400825822884,0.02281130022175375,0.019594356547958835,0.014261735245100758,0.014187514044533483,0.017409380505813702,0.0121812820398248,0.016441772828347186,0.018561369677166352,0.0052071891582808096,0.007401013370338867,0.022633445909779743,0.023338921168293916,0.007318501269500101,0.01875032913540294,0.0030275797516504024,0.021120929572313353,0.016936433836667954,0.011765405359955372,0.014843481141429294,0.016159113680853845,0.015094321945754946,0.008723915335428933,0.013085020465344897,0.008081291978736908,0.017441813614472237,0.01713121638849467,0.023134863458555546,0.024128947410099844,0.022927954133569732,0.0323582075592584,0.09098217921314077,0.009132235747906364,0.010756416772121184,0.00928220934551752,0.002096425462122783],[0.0030992348375653454,1.0,6.849756015927602E-4,0.03440485415698014,7.309176121514064E-4,0.0010861212002201465,0.0017793783371050419,1.1774035473836952E-4,3.9275893248152564E-4,0.0011926720038732044,4.9345934492740523E-5,2.834824211152394E-4,0.0011112813565318607,9.269380793706836E-4,0.0011777215345807083,0.0015496672287120643,8.795233412980702E-4,0.0012049576768883802,0.0014169606141983206,0.008663896050823804,0.0014951643526873253,0.0017289015112059885,0.0049957585367669255,0.0012283383590344032,0.0019470594635417906,8.030285061920252E-5,0.0012495142894827446,0.0016013071730543197,6.858406222894521E-4,0.001604932745043341,9.755348931345966E-4,0.0010040925098073134,8.547735956216043E-4,0.0034852935259987094,0.0016018783266235766,0.0015352362447523284,0.0029283741173479795,0.001241250144941857,0.0014598152204058547,0.028743768960582214,0.0013595938854302392,0.03119339250603327,0.05464565479917012,6.798589826597745E-4,0.0012349429889462573,7.889199518884447E-4,0.0011082648788900854],[0.022552777319184387,6.849756015927602E-4,1.0,0.01603643043806703,1.8805794597943453E-4,3.255511384714968E-4,0.0016438007436382466,7.404570047191779E-5,7.292936926259054E-5,9.84609828667164E-5,5.7679080414711505E-5,1.8305129268049257E-4,9.814004446506517E-5,1.350360765776983E-4,2.643818106912422E-4,1.1909445718961332E-4,2.9422175496978515E-4,9.274289939706316E-4,8.88568650558901E-5,0.009955009423104452,9.727675413145702E-4,6.658026189345408E-4,0.002953418624076171,2.0702272821733475E-4,0.0018769289854233871,7.369565132011072E-5,6.654844444873404E-4,9.54808332587214E-5,9.891743455757974E-5,1.0650612457427505E-4,1.723125491867907E-4,2.2835190009055445E-4,1.1125598952490715E-4,6.703222200217392E-4,3.310153596903804E-5,0.0010673548221211396,0.001771008953371678,1.1056622970260292E-4,6.199416737552063E-4,0.02559903357156357,9.475218207561026E-5,0.06022541249790272,0.014204767183294208,4.648041314454763E-4,1.2242713601102515E-4,1.1303034348531969E-4,3.469437526098645E-5],[0.03293253200663823,0.03440485415698014,0.01603643043806703,1.0,0.021772597087223858,0.0338495679944792,0.03130148641800724,0.03533349780887628,0.03512218694303348,0.0012712500193636685,0.011317315719832504,0.030738464732683282,0.037810815783194514,0.028563781758327664,0.03701497901859966,0.013702650925389692,0.005774532197086373,0.024206958820344567,0.005263986066511443,0.011916670263954187,0.014142190342066865,0.01185369638326065,0.03777977430130744,0.028987891560807603,0.013350651804024408,0.033666536822324636,0.0020323575952387427,0.02216045350796766,0.03678691204033129,0.029794689594967283,0.017850714175523454,0.019432842792960422,0.011196128689313651,0.013292249670144208,0.013381103891856429,0.026926091747682575,0.028351262525939308,0.025348273201192997,0.02410759916341961,0.036902363590650904,0.001842120363141317,0.056642971611472734,0.060127487615880645,0.02996180503872086,0.03397339502289688,0.0056319855946759334,0.004140160053048874],[0.010924499592613426,7.309176121514064E-4,1.8805794597943453E-4,0.021772597087223858,1.0,3.4455137362758895E-4,0.0018563669724361127,1.7683484628111458E-4,7.508995879695685E-5,1.8665429773759756E-4,2.004768720686683E-4,2.2940810886263303E-4,1.7137434872757654E-4,3.501403224893865E-4,2.8346428097291435E-4,1.6492714939885555E-4,2.9584457864991756E-4,4.010440179124304E-4,2.073809348933716E-4,0.005975999395328461,5.185978258959487E-4,9.06166798441161E-4,0.004695011647734763,2.82613426311922E-4,0.0025276641104212813,2.277657216238161E-4,9.776939094895227E-4,1.5257576603203753E-4,1.7440389543085978E-4,2.2984067936535285E-4,2.3500528189007816E-4,2.6023055611724836E-4,1.6386451439138883E-4,7.535065280161414E-4,1.1467969989118573E-4,7.925312840588938E-4,4.1847595965694844E-4,1.5129795954070394E-4,0.0011077763752541311,0.03458226414328392,1.6610022916014136E-4,0.021641274489430266,0.054043799829289835,4.716579231489836E-4,2.501225635816883E-4,2.985867514143081E-4,2.0927149184360184E-4],[0.003853068440016966,0.0010861212002201465,3.255511384714968E-4,0.0338495679944792,3.4455137362758895E-4,1.0,0.001435044286214147,3.166989708358737E-4,5.477819954150852E-4,5.215045662372431E-4,5.489039570012099E-4,5.600220402459351E-4,1.3579807809358644E-4,5.990563001301665E-4,6.167302073775326E-4,5.090846186333372E-4,4.87336082575138E-4,8.816664927557547E-4,2.6031802877855115E-4,0.003473452135483743,0.001064042102779149,0.0016368475687066621,0.004872999246078459,5.756642450430681E-4,0.001362505423324133,6.193030215686134E-4,7.766673995145949E-4,6.094267474472064E-4,5.021211631992631E-4,3.4329093635588844E-4,5.900155752948902E-4,4.44040392221057E-4,4.990593408282553E-4,0.0023833334455366515,1.7899713736274086E-4,0.0011740909416863821,0.002902850416617412,5.654175868859212E-4,0.001006385147218843,0.02377917167770317,2.7752772046259964E-4,0.06273541770611904,0.029543919093876013,6.433827592135794E-4,5.433441628526382E-4,4.6581056914181087E-4,4.560499240107471E-4],[0.015416705955669775,0.0017793783371050419,0.0016438007436382466,0.03130148641800724,0.0018563669724361127,0.001435044286214147,1.0,6.613327129969657E-4,0.0011373097615822185,7.580990984575156E-4,0.002239498699858027,0.001852083939488578,0.0016529905418205051,8.623032177211608E-4,3.441765587041736E-4,0.001932606546185137,8.587562055892472E-4,0.0020984312473312184,2.0252059585279083E-4,0.007432479049417871,0.0013390814037860842,0.0023432689435446603,0.004960376055964507,8.777641080511429E-4,0.002703061359667377,1.67458967865828E-4,0.0012772557395967733,0.0012106912264027699,0.001105402236220405,0.0016381155940564962,0.001242936699320214,3.964167756313154E-4,0.0013847025630375652,0.0026451758903086424,6.955951453894326E-4,0.0017566851561191356,0.0023512390242465377,6.587069324719304E-4,0.0013977408841556052,0.02018670717988947,0.0015358439728199247,0.01773544029262658,0.006820041204252948,0.001383272814194468,9.597844344553927E-4,0.0015885529289334003,0.0017650967179712123],[0.0069604547234248006,1.1774035473836952E-4,7.404570047191779E-5,0.03533349780887628,1.7683484628111458E-4,3.166989708358737E-4,6.613327129969657E-4,1.0,2.786195387069122E-5,4.165378824583098E-5,2.6866380814628268E-5,4.387696383678626E-5,2.306018930012655E-5,1.7510980063497122E-4,1.0372226802413568E-4,1.0509961019080445E-4,1.3750777831268073E-4,9.016071663599718E-4,2.2271249463699993E-5,0.009035295106898595,1.6808742713789903E-4,1.0397625803695641E-4,0.005384696249361486,2.898453723555754E-4,6.401372495617751E-4,2.761033548691614E-5,8.1198811783304E-4,2.4984827836589796E-5,9.06154037786965E-5,7.929008829711225E-5,1.9675069476190245E-4,2.3413045439385656E-4,9.539831074961239E-5,0.0011311902963502716,2.0268015931628934E-5,5.396994008765874E-4,0.0022242918297622964,4.021153630577187E-5,9.566687850459673E-5,0.006567622472593367,4.032222617618654E-5,0.0015726332656908855,0.08332510946713913,3.095534038716019E-4,1.310032799404142E-4,2.0877456217813115E-4,2.2471015693581768E-5],[0.007423792543002688,3.9275893248152564E-4,7.292936926259054E-5,0.03512218694303348,7.508995879695685E-5,5.477819954150852E-4,0.0011373097615822185,2.786195387069122E-5,1.0,6.588559604541685E-5,4.1027673389577544E-5,9.473787475643142E-5,6.41232334593452E-5,3.0421166727897993E-4,1.597343821564569E-4,9.730074678715373E-5,7.942428156849002E-5,9.183708499628083E-5,6.541620063500228E-5,0.003996175388779433,7.31376142467097E-4,0.0018387857633247779,0.0022918806814040725,2.7265585302590193E-4,4.864565986516238E-4,4.408384501167749E-5,1.776957460097278E-4,5.902766176607133E-5,7.691983881736751E-5,1.0061203877153349E-4,1.4622592049194782E-4,1.5985022109925968E-4,8.07251126669436E-5,6.946365484793466E-4,5.9561727684570717E-5,0.001190034760016833,0.0026367320001479144,8.749746939528732E-5,0.0011242413485956077,0.019630864046900974,6.612810806470314E-5,0.037085174439307624,0.011037988579924034,2.368278138511841E-4,1.5915790444396622E-4,2.359799086800477E-4,4.2553262965230616E-5],[0.005774508825994925,0.0011926720038732044,9.84609828667164E-5,0.0012712500193636685,1.8665429773759756E-4,5.215045662372431E-4,7.580990984575156E-4,4.165378824583098E-5,6.588559604541685E-5,1.0,3.930067771340582E-5,7.148128212620863E-5,6.121333063584874E-5,2.2871055784360066E-4,2.3224366979980243E-4,1.319610106325453E-4,1.071243231221925E-4,0.0010481953289912381,2.8851367667141868E-5,0.008782653368271229,0.0011131581137050104,0.0016827233510492059,0.0014490779126039,3.942005452489155E-4,0.0023879251582616195,5.4976619689813254E-5,9.48023987296915E-4,6.194519206017665E-5,8.44794043452076E-5,6.493657465307865E-5,1.2570003042771795E-4,1.7585953747904692E-4,7.93764025006258E-5,0.0025709493302688248,4.0973270892516225E-5,9.156258701125797E-4,0.0014969715540284912,6.96819464443899E-5,0.0012567422795875575,0.019174363942345174,5.7541034612747744E-5,0.02740948279461834,0.09940667215198871,4.7144291029845183E-4,8.310842958163955E-5,1.5625652465505932E-4,4.37070882444391E-5],[0.0013544153521877428,4.9345934492740523E-5,5.7679080414711505E-5,0.011317315719832504,2.004768720686683E-4,5.489039570012099E-4,0.002239498699858027,2.6866380814628268E-5,4.1027673389577544E-5,3.930067771340582E-5,1.0,1.630812580253509E-4,2.5829501211129657E-5,1.7507971765442923E-4,2.259681462538041E-4,1.2570494120014872E-4,2.1467658953119493E-4,7.159701224687998E-4,1.6106348131896142E-5,0.004524936960213341,6.315094553247727E-4,8.137009237403996E-4,0.002905838091844502,1.164018838710559E-4,0.0013021366055666205,3.3528182877744986E-5,4.4064169335532796E-5,4.215990026705485E-5,3.244438809756636E-5,6.805577544789109E-5,1.3575250151043366E-4,1.4740577451857685E-4,1.090997741633958E-4,0.0026177651959828786,2.0330241413506095E-5,0.0014283600599296845,0.001157546957505433,1.1184994743511409E-4,4.0583308335089897E-4,0.0280173622974582,4.4504122097053076E-5,0.02881220129120993,0.06583059315023128,1.7652885032322065E-4,1.9176177343798318E-4,2.488113592726166E-4,2.9621697888907457E-5],[0.0021936400825822884,2.834824211152394E-4,1.8305129268049257E-4,0.030738464732683282,2.2940810886263303E-4,5.600220402459351E-4,0.001852083939488578,4.387696383678626E-5,9.473787475643142E-5,7.148128212620863E-5,1.630812580253509E-4,1.0,2.4070111611493032E-5,3.3105646301599505E-4,2.3729209551635893E-4,1.9581908090746334E-4,3.0781524409337916E-4,0.0010166614242566184,4.8969854557522555E-5,0.008833508442028447,8.213352941324247E-4,0.0014591715866090764,0.002625131065959488,2.628918270373804E-4,3.9414773586303865E-4,1.669276407496128E-4,4.106516257839231E-4,1.0591829399819622E-4,9.642442709104682E-5,1.1672303058273276E-4,2.0128543653908043E-4,2.680050680524344E-4,1.6271193213733938E-4,0.0011434699660189498,1.7869484375783283E-4,0.0013388222854807833,3.0452618035000533E-4,1.822323850066811E-4,6.472758605815263E-4,0.02242932606155068,9.13642403532582E-5,0.030858396415929492,0.08817639564117108,3.1523493494365896E-4,2.0990860948956022E-4,3.8565256575585677E-4,1.488613428474732E-4],[0.02281130022175375,0.0011112813565318607,9.814004446506517E-5,0.037810815783194514,1.7137434872757654E-4,1.3579807809358644E-4,0.0016529905418205051,2.306018930012655E-5,6.41232334593452E-5,6.121333063584874E-5,2.5829501211129657E-5,2.4070111611493032E-5,1.0,1.70330906999689E-4,1.1813385869230734E-4,1.1453161736387884E-4,2.5836607973384095E-4,7.618778221370533E-4,2.1867431976464415E-5,0.002405679129264582,2.6514005080446727E-4,0.002279727420033003,0.00433630943283336,4.04769670170808E-4,0.0023653442095054452,3.705692390439897E-5,8.294130647392259E-4,3.036743746992309E-5,5.249307696542946E-5,5.003648861129752E-5,5.965998111403667E-5,1.2301302157536202E-4,8.990736263400223E-5,4.662733342922573E-4,2.078528576660544E-5,2.9255136361501966E-4,0.002521365146235184,6.770880054456804E-5,3.290335881798536E-5,0.03528877030066965,2.7975346422781014E-5,0.05010600829858851,0.07373168972992661,2.766636451042075E-4,5.671249570319339E-5,6.546977782493247E-5,2.247362493619514E-5],[0.019594356547958835,9.269380793706836E-4,1.350360765776983E-4,0.028563781758327664,3.501403224893865E-4,5.990563001301665E-4,8.623032177211608E-4,1.7510980063497122E-4,3.0421166727897993E-4,2.2871055784360066E-4,1.7507971765442923E-4,3.3105646301599505E-4,1.70330906999689E-4,1.0,3.3892272943293443E-4,2.778238826281932E-4,3.3961241881082287E-4,8.880042123411889E-4,1.8933129418911805E-4,4.958450361676199E-4,8.269414299869127E-4,0.0011757160679953082,0.0015923058249362174,4.088610269099548E-4,0.0028062043879103892,4.346196508309225E-5,0.0011627192730471734,1.817849888612611E-4,2.9183545156283416E-4,2.38583431764863E-4,3.4238231979170073E-4,3.848102808992368E-4,1.76172385809132E-4,7.763989437479886E-4,9.459769804206675E-5,8.729450369940734E-4,8.393795144527545E-4,3.8307327091890585E-4,8.06461960568E-4,0.002470172866836676,1.9577144038037433E-4,0.013349074084221434,0.08909902983772248,5.049018109805973E-4,3.4090154416441064E-4,4.102354534969854E-4,2.1949856000127356E-4],[0.014261735245100758,0.0011777215345807083,2.643818106912422E-4,0.03701497901859966,2.8346428097291435E-4,6.167302073775326E-4,3.441765587041736E-4,1.0372226802413568E-4,1.597343821564569E-4,2.3224366979980243E-4,2.259681462538041E-4,2.3729209551635893E-4,1.1813385869230734E-4,3.3892272943293443E-4,1.0,2.578127613870193E-4,2.9919123377588876E-4,9.572737456566387E-4,2.9958646413690587E-5,0.008094456072037619,0.0011125858111911454,7.310496820600693E-4,0.004919464356532881,2.919760804463198E-4,0.002686893215021315,1.7876038882826587E-4,6.629117470313945E-4,2.641456407528225E-4,2.1666828949437367E-4,2.8458139280952385E-4,2.0570885992326045E-4,2.7569093794400305E-4,1.527264376265359E-4,5.006896182421461E-4,1.1152074251678878E-4,0.0011015632732386284,0.002762467260097097,2.589562700585452E-4,6.340308239953003E-4,0.03306836877735396,1.288100151369705E-4,0.024227575583911996,0.039940098145546214,3.9197086125169177E-4,2.74600777471325E-4,4.0120531850174924E-4,2.5479551886761856E-4],[0.014187514044533483,0.0015496672287120643,1.1909445718961332E-4,0.013702650925389692,1.6492714939885555E-4,5.090846186333372E-4,0.001932606546185137,1.0509961019080445E-4,9.730074678715373E-5,1.319610106325453E-4,1.2570494120014872E-4,1.9581908090746334E-4,1.1453161736387884E-4,2.778238826281932E-4,2.578127613870193E-4,1.0,2.529862660191058E-4,8.448557394092E-4,7.566130726611668E-5,0.004976509475916761,5.036972883058239E-4,0.0021560392484677687,0.001086967004971315,3.1723923442964776E-4,0.00325856723868168,1.1740868511087612E-4,6.542725973241535E-4,5.754492609910928E-5,1.2206587965038102E-4,1.39203345609816E-4,1.868124986581395E-4,2.0646537938347285E-4,1.3650145149955899E-4,0.002346258267082018,4.236939372473055E-5,8.265625097798856E-4,5.772428573269242E-4,1.1444522288632705E-4,8.256735970152169E-4,0.004280829185208881,1.5415166358830127E-4,0.021772306657098808,0.0863445590048356,3.2841920430738713E-4,1.8151407319714387E-4,2.52384335745953E-4,4.762362069488265E-5],[0.017409380505813702,8.795233412980702E-4,2.9422175496978515E-4,0.005774532197086373,2.9584457864991756E-4,4.87336082575138E-4,8.587562055892472E-4,1.3750777831268073E-4,7.942428156849002E-5,1.071243231221925E-4,2.1467658953119493E-4,3.0781524409337916E-4,2.5836607973384095E-4,3.3961241881082287E-4,2.9919123377588876E-4,2.529862660191058E-4,1.0,8.042257954820602E-4,3.80520970682149E-5,0.006631876559218501,9.464502006897451E-4,0.002055609339816489,4.599374955345986E-4,3.381590728624804E-4,0.0031921298036162475,1.8231204026396077E-4,6.125515839388494E-4,2.956132088983268E-4,1.1868862505171004E-4,1.8333155797728358E-4,2.706192003407777E-4,2.720276725367625E-4,2.495183495868483E-4,0.0016602921461807854,1.743558837322902E-4,5.287829527073907E-4,0.002102181888709542,1.4516525818221833E-4,7.988760310142664E-4,0.00424256635343944,2.1099401244426658E-4,0.020353388787300374,0.07664685727039122,3.9244650049817607E-4,3.1759573408759675E-4,3.5236361492199344E-4,3.386762204503466E-5],[0.0121812820398248,0.0012049576768883802,9.274289939706316E-4,0.024206958820344567,4.010440179124304E-4,8.816664927557547E-4,0.0020984312473312184,9.016071663599718E-4,9.183708499628083E-5,0.0010481953289912381,7.159701224687998E-4,0.0010166614242566184,7.618778221370533E-4,8.880042123411889E-4,9.572737456566387E-4,8.448557394092E-4,8.042257954820602E-4,1.0,3.9943691983141544E-4,0.003570668711070437,0.0011560106083969201,0.0019070421416328264,0.004378257498661762,8.727324541893202E-4,0.0019781238624210513,9.277253019632756E-4,0.0011416554687142223,5.51186472032928E-4,0.001038153391534457,2.3619320488661431E-4,3.9211662239546814E-4,9.569502254160529E-4,4.4247220917554425E-4,0.0017407932529394324,0.0010286008298919626,0.0014828295863656827,0.0029148341481053013,7.095954713023097E-4,0.0012162019710508616,0.0024057730704398375,0.0010805355638476418,0.038786686335199994,0.005108450638659537,6.275029389285408E-4,9.625056021385842E-4,8.990035796096869E-4,7.527238722254553E-4],[0.016441772828347186,0.0014169606141983206,8.88568650558901E-5,0.005263986066511443,2.073809348933716E-4,2.6031802877855115E-4,2.0252059585279083E-4,2.2271249463699993E-5,6.541620063500228E-5,2.8851367667141868E-5,1.6106348131896142E-5,4.8969854557522555E-5,2.1867431976464415E-5,1.8933129418911805E-4,2.9958646413690587E-5,7.566130726611668E-5,3.80520970682149E-5,3.9943691983141544E-4,1.0,0.004141338263679524,9.70468873035723E-4,2.0736832382302197E-5,0.00499628335872602,1.6430856974353525E-4,0.0027150319171047052,3.5728791922696196E-5,1.1851595885664317E-4,1.7033359634982657E-5,2.2350002890184573E-5,5.530102464812373E-5,1.3685063951477105E-4,8.076873545919041E-5,2.8028728531167424E-5,9.253675542523038E-4,1.7802396642493928E-5,3.396411105860352E-4,2.9279482578861596E-4,9.374967294198984E-5,2.504692516094747E-4,0.034006012045103236,1.7568276696672964E-5,0.041489286341468826,0.04383452749354086,2.742076580588216E-4,1.2334619572093984E-4,2.7196387939638217E-4,1.8533023898484568E-5],[0.018561369677166352,0.008663896050823804,0.009955009423104452,0.011916670263954187,0.005975999395328461,0.003473452135483743,0.007432479049417871,0.009035295106898595,0.003996175388779433,0.008782653368271229,0.004524936960213341,0.008833508442028447,0.002405679129264582,4.958450361676199E-4,0.008094456072037619,0.004976509475916761,0.006631876559218501,0.003570668711070437,0.004141338263679524,1.0,0.009561901101881523,0.006001346535641366,0.005859127298267478,0.005209541604518687,0.00349076563399485,0.008397973610899756,0.0018295867069274875,0.0036680250345935464,0.0013729358208586487,0.005636232730378355,0.0027800816274161267,0.0073165471197731355,0.00408434191027344,0.0076451403490071,3.210388232343133E-5,0.009888657054198662,0.0072434445771536815,0.009673851707753006,0.009215422015799717,0.012204171850154212,0.005903283068642375,0.021953247606292074,0.07527676515717224,0.006121257645348171,0.005115002305278632,0.009271139689824306,0.0021072364669069477],[0.0052071891582808096,0.0014951643526873253,9.727675413145702E-4,0.014142190342066865,5.185978258959487E-4,0.001064042102779149,0.0013390814037860842,1.6808742713789903E-4,7.31376142467097E-4,0.0011131581137050104,6.315094553247727E-4,8.213352941324247E-4,2.6514005080446727E-4,8.269414299869127E-4,0.0011125858111911454,5.036972883058239E-4,9.464502006897451E-4,0.0011560106083969201,9.70468873035723E-4,0.009561901101881523,1.0,0.0017714361866855099,0.0012231467942295034,4.398649654155683E-4,0.0015067167980057136,5.822780871030009E-4,0.0011909517509431137,8.400289156633173E-4,0.001037553154349827,2.610912225455593E-4,0.0011667109681633308,6.064603875756152E-4,7.929095811048922E-4,0.0024140214656361483,6.538339105992705E-4,0.0013623617064823137,0.002650331896951334,1.2003355261971215E-4,0.0012180552424898511,0.006055159097520421,5.383212127408298E-4,0.021702831678431508,0.04039069868174219,8.849506148780998E-4,5.708349426034647E-4,8.431753756314372E-4,4.947135082532637E-4],[0.007401013370338867,0.0017289015112059885,6.658026189345408E-4,0.01185369638326065,9.06166798441161E-4,0.0016368475687066621,0.0023432689435446603,1.0397625803695641E-4,0.0018387857633247779,0.0016827233510492059,8.137009237403996E-4,0.0014591715866090764,0.002279727420033003,0.0011757160679953082,7.310496820600693E-4,0.0021560392484677687,0.002055609339816489,0.0019070421416328264,2.0736832382302197E-5,0.006001346535641366,0.0017714361866855099,1.0,0.003421207810826977,9.583474231796864E-4,0.002542030379595645,0.0021558455444319747,0.002147285473755149,9.344599142536836E-4,0.0013803391215412824,0.0013412675730709476,7.678799470859876E-4,0.0012281432385448932,0.0017347219401833917,0.0023838486410767967,0.0015909974500587843,0.002080190553357836,0.0029557891409987365,0.0014143306961457796,0.0015060832411702325,0.01493967812171495,0.0022477606081931977,0.02872017696885712,0.025232269978432906,0.0020004328731327977,0.0018159881170526943,0.0018350066469730193,3.6710779799303995E-4],[0.022633445909779743,0.0049957585367669255,0.002953418624076171,0.03777977430130744,0.004695011647734763,0.004872999246078459,0.004960376055964507,0.005384696249361486,0.0022918806814040725,0.0014490779126039,0.002905838091844502,0.002625131065959488,0.00433630943283336,0.0015923058249362174,0.004919464356532881,0.001086967004971315,4.599374955345986E-4,0.004378257498661762,0.00499628335872602,0.005859127298267478,0.0012231467942295034,0.003421207810826977,1.0,0.00436479373742245,0.005016117744238449,0.0044201496308534675,0.003343984969237975,0.005331374581636864,0.0026939248529672453,0.0022589011857795036,9.145701219017192E-4,0.003754647054465509,0.0011648582901286827,0.004757752129022913,0.0016196576283366755,0.00435633206999702,0.005569111677528183,0.0033982871582047135,0.0025949675802752975,0.035645639927508195,0.003287830914590903,0.038041501537311694,0.05597003978444384,0.0040660418586061856,2.853214557453603E-4,0.0025683087900920773,3.2883163496184354E-4],[0.023338921168293916,0.0012283383590344032,2.0702272821733475E-4,0.028987891560807603,2.82613426311922E-4,5.756642450430681E-4,8.777641080511429E-4,2.898453723555754E-4,2.7265585302590193E-4,3.942005452489155E-4,1.164018838710559E-4,2.628918270373804E-4,4.04769670170808E-4,4.088610269099548E-4,2.919760804463198E-4,3.1723923442964776E-4,3.381590728624804E-4,8.727324541893202E-4,1.6430856974353525E-4,0.005209541604518687,4.398649654155683E-4,9.583474231796864E-4,0.00436479373742245,1.0,0.001969482515330462,9.824137040064269E-5,0.0010409299992252185,2.30281804549163E-4,2.005100810960434E-4,1.262990126831884E-4,3.964659828654154E-4,3.7756432062806435E-4,1.8041631406609545E-4,0.0028424580652362218,2.3747603063555505E-4,0.0011286697470132524,0.001594738499460837,3.836453130336002E-4,8.84375852777285E-4,0.020859462076995485,1.1889965761919346E-4,0.05345871315762285,0.04558259225402418,4.866766174682943E-4,3.343449286994145E-4,4.123355275614263E-4,2.5416918468408795E-4],[0.007318501269500101,0.0019470594635417906,0.0018769289854233871,0.013350651804024408,0.0025276641104212813,0.001362505423324133,0.002703061359667377,6.401372495617751E-4,4.864565986516238E-4,0.0023879251582616195,0.0013021366055666205,3.9414773586303865E-4,0.0023653442095054452,0.0028062043879103892,0.002686893215021315,0.00325856723868168,0.0031921298036162475,0.0019781238624210513,0.0027150319171047052,0.00349076563399485,0.0015067167980057136,0.002542030379595645,0.005016117744238449,0.001969482515330462,1.0,0.00247209323814674,0.0025029444584612256,0.0024757383091143317,0.001123012817262836,0.003126070686659113,0.0010403664040860563,0.0012755920433003584,0.0018694654268522602,0.0035719199862037925,8.803431187901134E-4,0.0022205590704418472,0.003264205897801656,0.002352153645378558,0.002304707427226281,0.0032980001404502666,0.0017843864155477269,0.05153421549085466,0.06697216989989097,0.002916999506875527,6.455800189724877E-4,0.0012838323181640278,0.001268948741982943],[0.01875032913540294,8.030285061920252E-5,7.369565132011072E-5,0.033666536822324636,2.277657216238161E-4,6.193030215686134E-4,1.67458967865828E-4,2.761033548691614E-5,4.408384501167749E-5,5.4976619689813254E-5,3.3528182877744986E-5,1.669276407496128E-4,3.705692390439897E-5,4.346196508309225E-5,1.7876038882826587E-4,1.1740868511087612E-4,1.8231204026396077E-4,9.277253019632756E-4,3.5728791922696196E-5,0.008397973610899756,5.822780871030009E-4,0.0021558455444319747,0.0044201496308534675,9.824137040064269E-5,0.00247209323814674,1.0,9.540403152304119E-4,4.3269543072279775E-5,5.5148529778327525E-5,3.9923951102698684E-5,1.1088728364071481E-4,9.548212465866862E-5,5.4614029675400554E-5,0.0022205049206861054,3.379686122068479E-5,5.465140991294092E-4,0.0017592257782908678,5.665658536512353E-5,2.41430974287465E-4,0.017558802059530906,4.476629731706693E-5,0.027744368572056175,0.05867044667912341,8.32781227509082E-5,1.9655308909258663E-4,1.3295794852708547E-4,2.4378284999601914E-5],[0.0030275797516504024,0.0012495142894827446,6.654844444873404E-4,0.0020323575952387427,9.776939094895227E-4,7.766673995145949E-4,0.0012772557395967733,8.1198811783304E-4,1.776957460097278E-4,9.48023987296915E-4,4.4064169335532796E-5,4.106516257839231E-4,8.294130647392259E-4,0.0011627192730471734,6.629117470313945E-4,6.542725973241535E-4,6.125515839388494E-4,0.0011416554687142223,1.1851595885664317E-4,0.0018295867069274875,0.0011909517509431137,0.002147285473755149,0.003343984969237975,0.0010409299992252185,0.0025029444584612256,9.540403152304119E-4,1.0,3.052695904688837E-4,1.3752391266646055E-4,3.3984065002575165E-4,0.0010680408551663645,9.555634396790046E-4,7.661064671285097E-4,0.0022543928331786147,8.126324221516367E-4,0.001380168648805183,0.0017373719694532528,0.0011255469249506099,0.0011840950169023615,0.028027811826058183,3.02171312470291E-4,0.04333962836245251,0.02250006726417315,7.816982659132611E-4,0.0010838127303370872,0.0011229075079590368,4.77921295819728E-5],[0.021120929572313353,0.0016013071730543197,9.54808332587214E-5,0.02216045350796766,1.5257576603203753E-4,6.094267474472064E-4,0.0012106912264027699,2.4984827836589796E-5,5.902766176607133E-5,6.194519206017665E-5,4.215990026705485E-5,1.0591829399819622E-4,3.036743746992309E-5,1.817849888612611E-4,2.641456407528225E-4,5.754492609910928E-5,2.956132088983268E-4,5.51186472032928E-4,1.7033359634982657E-5,0.0036680250345935464,8.400289156633173E-4,9.344599142536836E-4,0.005331374581636864,2.30281804549163E-4,0.0024757383091143317,4.3269543072279775E-5,3.052695904688837E-4,1.0,8.001494343142486E-5,6.530464045551089E-5,1.2780795304242345E-4,4.998426782157771E-5,8.412998683928778E-5,0.0023336743402995516,3.765274456527544E-5,5.106503107590132E-5,0.002650463203625891,6.326009479470948E-5,9.083149015746356E-4,0.018452119433489053,4.530521424920036E-5,0.009252212482494564,0.0037899392814300025,2.5327787059858936E-4,1.1720697579713568E-4,3.8227201760446673E-4,2.6903686239684838E-5],[0.016936433836667954,6.858406222894521E-4,9.891743455757974E-5,0.03678691204033129,1.7440389543085978E-4,5.021211631992631E-4,0.001105402236220405,9.06154037786965E-5,7.691983881736751E-5,8.44794043452076E-5,3.244438809756636E-5,9.642442709104682E-5,5.249307696542946E-5,2.9183545156283416E-4,2.1666828949437367E-4,1.2206587965038102E-4,1.1868862505171004E-4,0.001038153391534457,2.2350002890184573E-5,0.0013729358208586487,0.001037553154349827,0.0013803391215412824,0.0026939248529672453,2.005100810960434E-4,0.001123012817262836,5.5148529778327525E-5,1.3752391266646055E-4,8.001494343142486E-5,1.0,1.0236989813280738E-4,1.186731162847479E-4,1.2395068247311362E-4,1.202088942690838E-4,9.53551116899867E-4,4.323492370308631E-5,0.001089492031268097,8.397819544842023E-4,1.0595471319465196E-4,4.8102311497333957E-4,0.03517823420958257,8.42487164092404E-5,0.020993060866932818,0.05833834750888116,5.119166169545489E-4,1.322848405824614E-4,1.1408980575334938E-4,7.442240918779323E-5],[0.011765405359955372,0.001604932745043341,1.0650612457427505E-4,0.029794689594967283,2.2984067936535285E-4,3.4329093635588844E-4,0.0016381155940564962,7.929008829711225E-5,1.0061203877153349E-4,6.493657465307865E-5,6.805577544789109E-5,1.1672303058273276E-4,5.003648861129752E-5,2.38583431764863E-4,2.8458139280952385E-4,1.39203345609816E-4,1.8333155797728358E-4,2.3619320488661431E-4,5.530102464812373E-5,0.005636232730378355,2.610912225455593E-4,0.0013412675730709476,0.0022589011857795036,1.262990126831884E-4,0.003126070686659113,3.9923951102698684E-5,3.3984065002575165E-4,6.530464045551089E-5,1.0236989813280738E-4,1.0,1.0987001979703675E-4,1.8788313833258659E-4,1.1860424565694333E-4,0.0021781856516228356,2.427724547575299E-5,8.375099449825873E-4,0.0011478951243305093,1.0683440117350964E-4,0.0011766669503949746,0.01762446474299819,7.348532285967452E-5,0.04364629364285786,0.001104441500141068,2.519805977797331E-4,1.9432143779381177E-4,3.7178306839736946E-4,6.790212743538191E-5],[0.014843481141429294,9.755348931345966E-4,1.723125491867907E-4,0.017850714175523454,2.3500528189007816E-4,5.900155752948902E-4,0.001242936699320214,1.9675069476190245E-4,1.4622592049194782E-4,1.2570003042771795E-4,1.3575250151043366E-4,2.0128543653908043E-4,5.965998111403667E-5,3.4238231979170073E-4,2.0570885992326045E-4,1.868124986581395E-4,2.706192003407777E-4,3.9211662239546814E-4,1.3685063951477105E-4,0.0027800816274161267,0.0011667109681633308,7.678799470859876E-4,9.145701219017192E-4,3.964659828654154E-4,0.0010403664040860563,1.1088728364071481E-4,0.0010680408551663645,1.2780795304242345E-4,1.186731162847479E-4,1.0987001979703675E-4,1.0,2.0635702903625962E-4,1.8018877161706155E-4,5.728633916601852E-4,1.0921346482170349E-4,0.0012325676070386097,0.0015615589077513825,1.8241928114100855E-4,0.0011499640156944736,0.002012916426651379,1.108455841389734E-4,0.009070655036569421,0.06863488717105858,3.49736427262176E-4,2.058452383443848E-4,2.1590446858141466E-4,6.730924069421543E-5],[0.016159113680853845,0.0010040925098073134,2.2835190009055445E-4,0.019432842792960422,2.6023055611724836E-4,4.44040392221057E-4,3.964167756313154E-4,2.3413045439385656E-4,1.5985022109925968E-4,1.7585953747904692E-4,1.4740577451857685E-4,2.680050680524344E-4,1.2301302157536202E-4,3.848102808992368E-4,2.7569093794400305E-4,2.0646537938347285E-4,2.720276725367625E-4,9.569502254160529E-4,8.076873545919041E-5,0.0073165471197731355,6.064603875756152E-4,0.0012281432385448932,0.003754647054465509,3.7756432062806435E-4,0.0012755920433003584,9.548212465866862E-5,9.555634396790046E-4,4.998426782157771E-5,1.2395068247311362E-4,1.8788313833258659E-4,2.0635702903625962E-4,1.0,1.503987856003736E-4,8.138943727555688E-4,2.2278672640134163E-5,0.0012813934612074724,0.00204886103395236,1.2271342425937594E-4,9.97875781484692E-4,0.02571195339189474,1.5147457018349606E-4,0.06282642206459911,8.809659430641302E-4,5.394026245137044E-4,2.582002096689297E-4,3.018493144865623E-4,2.7216291475927306E-5],[0.015094321945754946,8.547735956216043E-4,1.1125598952490715E-4,0.011196128689313651,1.6386451439138883E-4,4.990593408282553E-4,0.0013847025630375652,9.539831074961239E-5,8.07251126669436E-5,7.93764025006258E-5,1.090997741633958E-4,1.6271193213733938E-4,8.990736263400223E-5,1.76172385809132E-4,1.527264376265359E-4,1.3650145149955899E-4,2.495183495868483E-4,4.4247220917554425E-4,2.8028728531167424E-5,0.00408434191027344,7.929095811048922E-4,0.0017347219401833917,0.0011648582901286827,1.8041631406609545E-4,0.0018694654268522602,5.4614029675400554E-5,7.661064671285097E-4,8.412998683928778E-5,1.202088942690838E-4,1.1860424565694333E-4,1.8018877161706155E-4,1.503987856003736E-4,1.0,0.003263481857925686,5.736001101444083E-5,3.852581460946392E-4,0.002328846406175788,1.1573320214688873E-4,8.142309375682948E-4,0.005482781299155283,4.7832037026706576E-5,0.024829758699224012,0.07783651387530757,5.515598882680421E-4,1.5100755936384023E-4,2.4322707061183956E-4,1.1424041466695903E-4],[0.008723915335428933,0.0034852935259987094,6.703222200217392E-4,0.013292249670144208,7.535065280161414E-4,0.0023833334455366515,0.0026451758903086424,0.0011311902963502716,6.946365484793466E-4,0.0025709493302688248,0.0026177651959828786,0.0011434699660189498,4.662733342922573E-4,7.763989437479886E-4,5.006896182421461E-4,0.002346258267082018,0.0016602921461807854,0.0017407932529394324,9.253675542523038E-4,0.0076451403490071,0.0024140214656361483,0.0023838486410767967,0.004757752129022913,0.0028424580652362218,0.0035719199862037925,0.0022205049206861054,0.0022543928331786147,0.0023336743402995516,9.53551116899867E-4,0.0021781856516228356,5.728633916601852E-4,8.138943727555688E-4,0.003263481857925686,1.0,0.002575740668382107,0.0017139008345847288,0.0031852893777798747,0.0035426699400040035,0.0033881412790297367,0.021853965182550235,0.002537348357368342,0.049602765996652504,0.010481469196894924,0.001026210717516815,0.002083781484484182,0.0034226035900357297,0.0031389648714330244],[0.013085020465344897,0.0016018783266235766,3.310153596903804E-5,0.013381103891856429,1.1467969989118573E-4,1.7899713736274086E-4,6.955951453894326E-4,2.0268015931628934E-5,5.9561727684570717E-5,4.0973270892516225E-5,2.0330241413506095E-5,1.7869484375783283E-4,2.078528576660544E-5,9.459769804206675E-5,1.1152074251678878E-4,4.236939372473055E-5,1.743558837322902E-4,0.0010286008298919626,1.7802396642493928E-5,3.210388232343133E-5,6.538339105992705E-4,0.0015909974500587843,0.0016196576283366755,2.3747603063555505E-4,8.803431187901134E-4,3.379686122068479E-5,8.126324221516367E-4,3.765274456527544E-5,4.323492370308631E-5,2.427724547575299E-5,1.0921346482170349E-4,2.2278672640134163E-5,5.736001101444083E-5,0.002575740668382107,1.0,3.7827462179323897E-4,2.43918326577255E-4,1.0460191104176412E-4,1.626817472331296E-4,0.030340379432759957,2.2910663543939754E-5,0.00681922080448522,0.04192017736730658,2.142063989571569E-4,1.41451063310875E-4,1.0689700226951531E-4,1.840149745433029E-5],[0.008081291978736908,0.0015352362447523284,0.0010673548221211396,0.026926091747682575,7.925312840588938E-4,0.0011740909416863821,0.0017566851561191356,5.396994008765874E-4,0.001190034760016833,9.156258701125797E-4,0.0014283600599296845,0.0013388222854807833,2.9255136361501966E-4,8.729450369940734E-4,0.0011015632732386284,8.265625097798856E-4,5.287829527073907E-4,0.0014828295863656827,3.396411105860352E-4,0.009888657054198662,0.0013623617064823137,0.002080190553357836,0.00435633206999702,0.0011286697470132524,0.0022205590704418472,5.465140991294092E-4,0.001380168648805183,5.106503107590132E-5,0.001089492031268097,8.375099449825873E-4,0.0012325676070386097,0.0012813934612074724,3.852581460946392E-4,0.0017139008345847288,3.7827462179323897E-4,1.0,0.002182547278042418,0.0013368120942626723,0.0012670190387935713,0.03099803201663442,2.294510712911287E-4,0.0478812998047777,0.0622768492692804,9.136143582176032E-4,4.808284125028123E-4,0.0012026137388772538,8.768538361392073E-4],[0.017441813614472237,0.0029283741173479795,0.001771008953371678,0.028351262525939308,4.1847595965694844E-4,0.002902850416617412,0.0023512390242465377,0.0022242918297622964,0.0026367320001479144,0.0014969715540284912,0.001157546957505433,3.0452618035000533E-4,0.002521365146235184,8.393795144527545E-4,0.002762467260097097,5.772428573269242E-4,0.002102181888709542,0.0029148341481053013,2.9279482578861596E-4,0.0072434445771536815,0.002650331896951334,0.0029557891409987365,0.005569111677528183,0.001594738499460837,0.003264205897801656,0.0017592257782908678,0.0017373719694532528,0.002650463203625891,8.397819544842023E-4,0.0011478951243305093,0.0015615589077513825,0.00204886103395236,0.002328846406175788,0.0031852893777798747,2.43918326577255E-4,0.002182547278042418,1.0,2.567348814164525E-4,0.0012788762432270123,0.007906925716322871,5.385890671347626E-4,0.026358481850117833,0.032963360661647165,0.002369988451343066,0.0024681806391612902,0.0017175482868273565,0.0017893075462603772],[0.01713121638849467,0.001241250144941857,1.1056622970260292E-4,0.025348273201192997,1.5129795954070394E-4,5.654175868859212E-4,6.587069324719304E-4,4.021153630577187E-5,8.749746939528732E-5,6.96819464443899E-5,1.1184994743511409E-4,1.822323850066811E-4,6.770880054456804E-5,3.8307327091890585E-4,2.589562700585452E-4,1.1444522288632705E-4,1.4516525818221833E-4,7.095954713023097E-4,9.374967294198984E-5,0.009673851707753006,1.2003355261971215E-4,0.0014143306961457796,0.0033982871582047135,3.836453130336002E-4,0.002352153645378558,5.665658536512353E-5,0.0011255469249506099,6.326009479470948E-5,1.0595471319465196E-4,1.0683440117350964E-4,1.8241928114100855E-4,1.2271342425937594E-4,1.1573320214688873E-4,0.0035426699400040035,1.0460191104176412E-4,0.0013368120942626723,2.567348814164525E-4,1.0,7.104975191303933E-4,0.024126767804275563,1.0472769792269925E-4,0.038580478177178,0.031560292943344975,4.117105827817497E-4,2.3917758325302214E-4,2.224873901032165E-4,1.1118879274823136E-4],[0.023134863458555546,0.0014598152204058547,6.199416737552063E-4,0.02410759916341961,0.0011077763752541311,0.001006385147218843,0.0013977408841556052,9.566687850459673E-5,0.0011242413485956077,0.0012567422795875575,4.0583308335089897E-4,6.472758605815263E-4,3.290335881798536E-5,8.06461960568E-4,6.340308239953003E-4,8.256735970152169E-4,7.988760310142664E-4,0.0012162019710508616,2.504692516094747E-4,0.009215422015799717,0.0012180552424898511,0.0015060832411702325,0.0025949675802752975,8.84375852777285E-4,0.002304707427226281,2.41430974287465E-4,0.0011840950169023615,9.083149015746356E-4,4.8102311497333957E-4,0.0011766669503949746,0.0011499640156944736,9.97875781484692E-4,8.142309375682948E-4,0.0033881412790297367,1.626817472331296E-4,0.0012670190387935713,0.0012788762432270123,7.104975191303933E-4,1.0,0.01350349456243274,2.2639745452353278E-4,0.0511895273783634,0.03550091543987717,0.0012352923993779307,0.0010683205802879889,8.536138408778767E-4,0.0011195553319509521],[0.024128947410099844,0.028743768960582214,0.02559903357156357,0.036902363590650904,0.03458226414328392,0.02377917167770317,0.02018670717988947,0.006567622472593367,0.019630864046900974,0.019174363942345174,0.0280173622974582,0.02242932606155068,0.03528877030066965,0.002470172866836676,0.03306836877735396,0.004280829185208881,0.00424256635343944,0.0024057730704398375,0.034006012045103236,0.012204171850154212,0.006055159097520421,0.01493967812171495,0.035645639927508195,0.020859462076995485,0.0032980001404502666,0.017558802059530906,0.028027811826058183,0.018452119433489053,0.03517823420958257,0.01762446474299819,0.002012916426651379,0.02571195339189474,0.005482781299155283,0.021853965182550235,0.030340379432759957,0.03099803201663442,0.007906925716322871,0.024126767804275563,0.01350349456243274,1.0,0.0025285652274979076,0.05442653717172416,0.038455485231453014,0.0043436143872873905,0.021358889167026204,0.016628690087678463,0.019419446219713206],[0.022927954133569732,0.0013595938854302392,9.475218207561026E-5,0.001842120363141317,1.6610022916014136E-4,2.7752772046259964E-4,0.0015358439728199247,4.032222617618654E-5,6.612810806470314E-5,5.7541034612747744E-5,4.4504122097053076E-5,9.13642403532582E-5,2.7975346422781014E-5,1.9577144038037433E-4,1.288100151369705E-4,1.5415166358830127E-4,2.1099401244426658E-4,0.0010805355638476418,1.7568276696672964E-5,0.005903283068642375,5.383212127408298E-4,0.0022477606081931977,0.003287830914590903,1.1889965761919346E-4,0.0017843864155477269,4.476629731706693E-5,3.02171312470291E-4,4.530521424920036E-5,8.42487164092404E-5,7.348