[[1.0,0.007277969446808099,0.00666459707579852,0.001616095277176855,0.011080795013687665,0.01393912472026528,0.017517335097159834,1.1913112702788189E-4,0.008116961846737027,0.004195991964766526,0.015023489634046459,0.009180200391797963,0.009256220429650899,0.01622053931645097,0.014518204723873903,0.04216600372150907,0.016856083175776394,0.015380088628778415,0.013430988452577685,0.00530066193113327,0.004330592706332919,0.014377191976823534,0.016099846448799533,0.0034607064513834805,0.012758132565657354,0.014667978984971181,0.04433953307184918,0.012672853081895065,0.007599174100353111,0.010563179005509654,0.0058702480994091265,0.01596852688054797,0.005571811204765544,0.014603813125155869,0.012690471032209015,0.0040703199280740085,0.00752057985651065,0.0187320565581157,0.008664151616353194,0.011185325303992086,0.0022983014743578464,0.012346959862052882,0.00297681756544159,0.013932883935807064,0.008714221575360056,0.01565573534684439,0.014083101696191043,0.012613542476775187,0.004039712142249583,0.009431541295764496,0.015979460086137008,0.009932947625186888,0.011553135071116643,0.009792618175580265,0.01577708021393427,0.0067228024023445855,0.006501008764713066,0.003353101391914489,0.008585072203948848],[0.007277969446808099,1.0,2.741996578549799E-4,4.714637589836555E-5,4.5250676645081057E-4,7.238272330915577E-5,0.007860113736405498,5.331697718534619E-5,3.8914062204383816E-5,4.0923147042801384E-5,4.085063794254626E-5,1.9070435987629587E-4,0.005229634005655644,0.011108589122784375,0.004134816360526875,0.03068813772657438,0.015895898205494963,0.0071598959010038855,0.00738577915411231,6.68340716365066E-4,0.0010073147386960473,0.0016474970189479326,0.006102706847085889,0.0010754476393858357,9.161139460172139E-4,2.7985108927250883E-5,0.03260110005822772,0.004771931581570966,3.378347650449131E-5,8.160876694085378E-5,2.2084749818989213E-4,0.0020597413108419714,7.019105084169969E-5,0.0014456227611387752,7.779115940157192E-4,0.0030688702134033332,3.272067467963719E-4,0.0053179837298434575,2.9296408519430248E-5,0.01017438958821172,8.981483985281711E-5,0.008271765033377567,0.0012648425703600124,1.7938265169443457E-5,0.005079625137651463,2.2486392076250065E-5,9.881124131127037E-4,2.9885976402608715E-5,2.1940569457282697E-5,3.5165579129403334E-5,4.5601628913846016E-5,2.432673183736697E-5,2.4909043045169227E-5,2.253134325375147E-5,8.887305419513455E-5,2.010598204581954E-4,8.525259793592337E-5,0.002555166473686704,4.9483726762418E-4],[0.00666459707579852,2.741996578549799E-4,1.0,2.9011115354625813E-4,9.004687142672167E-4,4.741142403563163E-4,0.00747440226009204,1.7268442072643805E-4,2.2341344943848951E-4,2.663775289303184E-4,1.8515231622790454E-4,2.399664977360736E-4,0.007192696885414145,0.01185696420095495,0.0018826778586952158,0.040175165249171654,0.002638263455459346,0.013726709263835873,0.005049427095108854,5.790372185319406E-4,7.902794262075326E-4,0.006768523295781929,0.014166293435678904,0.0017215211150774568,0.0011633213765269632,3.316634689722708E-4,0.0049459916587512075,0.005141566602706986,3.4641127679787225E-4,2.8625606414586064E-4,6.700481380419222E-4,0.001993378040664856,4.435556002523145E-4,0.0010752906060473785,0.0013561672613227281,0.0025696035130566403,5.13280328321139E-4,0.004847573350280883,4.262545256197251E-4,0.009507349922518364,1.5620398078714198E-4,0.010106340547953722,8.562984317217946E-4,2.1236197220205386E-4,0.003257827450100056,4.218254413081992E-5,5.051911800630057E-4,4.41514074818374E-4,4.2259082398067306E-4,1.1353823400864663E-4,3.8902247933043433E-4,3.443824334022202E-4,3.811085398965009E-4,3.4090780758594435E-4,3.93496827750669E-4,4.0794409418941585E-4,2.2500475949537659E-4,0.001479096226731127,5.289538820390175E-4],[0.001616095277176855,4.714637589836555E-5,2.9011115354625813E-4,1.0,4.0624607436831747E-4,2.1962297162026652E-4,0.002793957746896226,8.227315929147414E-5,1.4637217583964948E-4,7.792271178996417E-5,6.710432650914198E-5,1.9691649674770278E-4,0.006710524210932481,0.00500978115027204,0.004108967637426037,0.015491125035244241,0.004535224640430127,0.009276456074727655,0.0074420299871602695,0.0012912650420634914,0.0011716574114850986,0.002053014847059685,0.01118490449754886,0.0015800536981173915,8.566980474120472E-4,7.449926782392033E-5,0.02025407511951108,0.006357063583753141,4.951993774531001E-5,1.2357786947348338E-4,1.2951917265337093E-4,0.0026168528514785173,1.6061310511830034E-4,2.3879735245341109E-4,0.0011816738341597992,0.002480120884512128,0.0010106668588917684,0.007932518907738906,1.0257286922777698E-4,0.00930402124338878,9.923206008074184E-5,0.004631052346422179,0.0010796618906317333,4.318610616605179E-5,0.0029390839574778534,1.1389049581131166E-5,9.244102735688163E-5,3.378074876931997E-5,5.192195718930714E-5,3.846432594274498E-5,1.3959549678363567E-4,4.68869631694902E-5,4.869251616152044E-5,3.241339383511024E-5,7.900704211008751E-5,2.18063849104852E-4,6.904749061054613E-5,7.511714971592784E-4,3.3251242274018317E-4],[0.011080795013687665,4.5250676645081057E-4,9.004687142672167E-4,4.0624607436831747E-4,1.0,6.276223174342555E-4,0.0038752826475451094,1.5845701642354986E-4,4.175193088473461E-4,4.8716734687289254E-4,6.673009390721142E-4,4.5190041027244154E-4,0.0036780737072123707,0.007816012150343662,0.008116578032514895,0.030655314074799832,0.014519911470539847,0.008002873308093367,0.0015377510506746764,0.0010715329242824403,0.0011511050634033244,0.003305105435865919,0.009778115348171275,0.0024531855344927557,0.0010224375150371214,4.442392766951864E-4,0.013323349077353067,0.004392251768005303,8.419450033636955E-4,7.81195803358867E-4,0.0012313446706935585,0.0010322987567308345,9.947501544092352E-4,0.0018237779407011365,0.0011132850328788896,0.002121633570300729,0.001055793878153338,0.018633725872421285,5.911773777179829E-4,0.002506920950148331,2.3420167858134868E-4,0.010239476140289168,0.001822616013271901,4.192761591512224E-5,0.0014098843348446827,1.9306738896254623E-4,0.0010303447287532924,4.776731356787461E-4,9.438999629106281E-5,2.7624485007877965E-4,1.6685202863607162E-4,5.697589954563222E-4,2.2763247528012064E-4,7.346584265676158E-4,4.0303239776041575E-4,2.9020007176591906E-4,8.728250000696215E-4,0.0024031475998947524,0.0010225053498205813],[0.01393912472026528,7.238272330915577E-5,4.741142403563163E-4,2.1962297162026652E-4,6.276223174342555E-4,1.0,0.012976168254199533,2.5178218531758374E-4,2.797469530747854E-4,2.982481579373606E-4,7.305731982730855E-5,2.712115848145303E-4,0.0044738304214656105,0.0026085225922780186,0.003366836700906866,0.03432081968770177,0.011219869439184448,0.0077185646492785335,0.006693182271853907,6.605411722368566E-4,0.0011322322114161714,0.008045195448546774,0.004591989797858908,0.0012703939648962635,8.71176941780531E-4,3.8584728363802727E-4,0.042487216216016456,0.003579568043289479,4.2511782693066053E-4,3.688505572517316E-4,0.0017345195440327727,5.375829535886082E-4,3.0699397755452125E-4,0.0034118613870798924,0.0020016027012037174,0.001639524310236388,6.779396641712802E-4,0.016816745338361548,2.6412354336702683E-4,0.00909907892834303,2.2852641593746232E-4,0.003041485558554345,0.0018724947550379082,6.459467401993379E-5,0.0025081308729791143,3.6107479466310357E-4,9.84876674214577E-4,3.6535150096020537E-4,1.8070560357748004E-5,9.639817050873114E-5,4.87986614944097E-4,3.01592069793066E-4,1.890606144762899E-4,1.7952999280480722E-4,4.3585341056206784E-4,4.663494012927175E-4,3.2315712704432246E-4,6.903033058506242E-4,0.0012423122773463494],[0.017517335097159834,0.007860113736405498,0.00747440226009204,0.002793957746896226,0.0038752826475451094,0.012976168254199533,1.0,0.01790896383796942,0.0033713787447460578,0.004251951861720207,0.009182845716753436,0.005579420922285139,0.009894997100153442,0.017482413573712916,0.014096081964633096,0.030108312804657193,0.01827431319843061,0.01575721802483339,0.01787873121078511,0.0180249999355717,0.010436340397497749,0.018445980150792234,0.016943392473284274,0.004959502616004669,0.001638133368452969,0.004838441231539409,0.041860209460646655,0.008405333118610324,0.009703037512691198,0.008788287989273367,0.017586094095079163,0.009421312287845015,0.004302828086880466,0.00968727141294081,0.0026837498983861632,0.010454106990584792,0.002730280634864307,0.01986770098681542,0.0016788909122289312,0.015111012081527826,0.014665780148728363,0.010996492656238767,0.0036792431462233256,0.001988786142384351,0.015162773586767576,0.015911759482899263,0.008152156240360834,0.004031024331712818,0.011817363318278772,0.01188396098755685,0.0026208185960232624,0.012821474192490821,6.410990388754577E-4,0.01816367757544631,0.016199908052145058,0.007177002033478657,0.00553338869453477,0.012268468539797225,0.01034563569733058],[1.1913112702788189E-4,5.331697718534619E-5,1.7268442072643805E-4,8.227315929147414E-5,1.5845701642354986E-4,2.5178218531758374E-4,0.01790896383796942,1.0,1.0714018603811338E-4,1.0684358341125493E-4,1.0261027914815527E-4,1.1674586671039775E-4,0.00812045957903398,0.011811390593360043,0.0016486554846602774,0.022331336698721085,0.01603191685306897,0.013724530538450151,0.01259678292031125,0.0011519815408175713,2.821854460297969E-4,0.007915267503986396,0.0022480133884913867,0.0016124637900597435,8.480249266699573E-4,1.0766180597436618E-4,0.03161366652380446,0.0011864684642310934,4.446833697089957E-5,1.0903339862288248E-4,0.0014260456538824024,0.002151339541246898,1.517833414064655E-4,0.0035909241926002297,0.0018130485335050726,0.001112440501436914,6.721787766031821E-4,0.017025528731796,1.1590968523323301E-4,0.00892659381679221,1.0964637488851307E-4,0.0037379634983739428,0.001217699036855001,4.2293330287019085E-5,0.001927216411928842,8.948588971311673E-5,4.7445705835556844E-4,6.966398906728237E-5,1.4787434822105348E-5,8.241473500968894E-5,1.2120799055015208E-4,6.309785728468228E-5,2.6826284540883677E-5,9.785454341045684E-5,1.6234729596915248E-4,1.1859113134135902E-4,1.1587662237283339E-4,0.002293998319881251,1.5635847533929822E-4],[0.008116961846737027,3.8914062204383816E-5,2.2341344943848951E-4,1.4637217583964948E-4,4.175193088473461E-4,2.797469530747854E-4,0.0033713787447460578,1.0714018603811338E-4,1.0,1.3617140314781662E-4,1.1857059291036333E-4,1.893242565964934E-4,0.007740714338399787,8.983017446500569E-4,0.009777676884266834,0.039316299026775456,0.0014438835447044022,0.006183404438950699,0.009770308818345121,0.0010474481481995595,8.300311033351739E-4,8.890994602160202E-4,0.012407695602780421,7.262119051492583E-4,5.828278664965511E-4,1.4075592158245377E-4,0.027844868817237054,0.0021107429373648625,8.693784278966131E-5,1.638682710325521E-4,0.0010513303541224326,0.0022122628835310604,1.5915280886863247E-4,0.0018932480791348189,8.846083358402838E-4,0.002582260701698554,7.486052988387145E-4,0.01861429101775047,1.4938179402230263E-4,8.54688307294432E-4,1.4278820705065432E-4,0.007412624912185823,0.0012191089395654094,1.3575959629653187E-4,0.005877058829799159,9.681688195691283E-5,8.948381170906055E-4,8.495650130215063E-5,5.1211568701858183E-5,1.5558752937801083E-4,1.4938815131384093E-4,3.413099122686277E-5,1.1754662965621726E-4,4.140865828062812E-5,1.9366487732714504E-4,2.011002352736279E-4,1.5084800101224362E-4,4.322369732219613E-4,3.965003917779126E-4],[0.004195991964766526,4.0923147042801384E-5,2.663775289303184E-4,7.792271178996417E-5,4.8716734687289254E-4,2.982481579373606E-4,0.004251951861720207,1.0684358341125493E-4,1.3617140314781662E-4,1.0,1.1235544558420361E-4,1.8764559435858363E-4,0.0013295913012579947,0.007868481449148779,0.008308192257935667,0.004855089589110339,0.009970415725845387,0.008493982583880106,0.01108126256869652,0.0015325541979441856,0.0013033379391514228,0.00723009879638633,3.0745939135786403E-4,0.0018229147496552128,9.872016515245377E-4,1.1656065720587778E-4,0.03414259615309059,0.005246061332326458,1.1459043686465236E-4,1.500627361182389E-4,4.903240665912288E-4,3.106236345862348E-4,1.4835938949637383E-4,0.002353595380373905,5.100675442105642E-4,0.0011309070514332552,0.0010822770736823673,0.009182246984046424,1.2392990629104435E-4,0.004694208365398886,1.1089243684286033E-4,7.716866847044112E-4,5.084713533040829E-4,1.1134433684296878E-4,9.923769442656734E-4,8.642978364870851E-5,9.113297935637371E-4,8.478723336279568E-5,2.354813139936376E-5,4.16997491154041E-5,1.3373310704050922E-4,1.0075527980705496E-4,9.19806887734354E-5,3.238977085670958E-5,2.3526717027146533E-4,1.830970230059058E-4,1.2705063937782727E-4,0.0016871334217799935,7.387066919372935E-4],[0.015023489634046459,4.085063794254626E-5,1.8515231622790454E-4,6.710432650914198E-5,6.673009390721142E-4,7.305731982730855E-5,0.009182845716753436,1.0261027914815527E-4,1.1857059291036333E-4,1.1235544558420361E-4,1.0,1.2144997193937479E-4,0.0037903705609665687,0.00510650288485352,0.008798551424164273,0.028575929064308562,0.003178670440858622,0.013776594601784776,0.009136988342757278,9.35754926995804E-4,0.0012922340168754994,0.011230456145642647,0.005335103617431104,0.0012399171192287659,2.675887503975834E-4,8.360451411028132E-5,0.036648479275980576,0.0017868153249379426,5.079890686313032E-5,1.1519448190104936E-4,0.0018544664809515116,0.002183419556051105,8.639355973112718E-5,8.357649476647042E-5,0.0013177512448481947,0.0023092246289488963,2.0426368685892753E-4,0.006406701649768537,1.0794216976807754E-4,0.010539096441253368,1.063303878423104E-4,0.006002998324578419,0.0011248703788011391,5.959819244151937E-5,0.006971008505786319,2.352634282482392E-5,9.610286603191389E-4,5.0353805194271336E-5,3.829537139351484E-5,5.2274045187928264E-5,1.3127677893835858E-4,6.459193877209178E-5,5.729409920746511E-5,2.4975800318615267E-5,2.5337932856374883E-4,1.3360386481532757E-4,1.247966721231798E-4,5.623045368396013E-4,2.8353600935089064E-4],[0.009180200391797963,1.9070435987629587E-4,2.399664977360736E-4,1.9691649674770278E-4,4.5190041027244154E-4,2.712115848145303E-4,0.005579420922285139,1.1674586671039775E-4,1.893242565964934E-4,1.8764559435858363E-4,1.2144997193937479E-4,1.0,0.0019788752344819145,0.008587316147022543,0.007136615521100245,0.02855003633623548,0.016811233033301242,0.007850469394002099,0.001250227015400301,0.001559129833935556,0.0010227837184907994,0.0037080841966894685,0.01358171532542113,0.0017533890774089533,0.001137257735380807,1.636724351715826E-4,0.027423373970000497,0.0018372994966520608,1.867836228993303E-4,1.9226286102733147E-4,4.2929461448669556E-4,0.0029704275567381828,1.8265106588881408E-4,3.556409239728847E-4,0.001690960229741246,9.756519357306046E-4,8.810679285341406E-4,0.007167162560709296,1.6385510284918899E-4,0.002943725172859835,1.9636984187063533E-4,2.8258202420164814E-4,8.36795703765475E-4,1.352834082938617E-4,0.0035963873719152945,1.444659499525295E-4,7.49842595927373E-4,9.08071701119447E-5,6.94347991180233E-5,8.574791563855185E-5,1.7629492326265317E-4,5.671985367392087E-5,2.9008898191960658E-5,1.176157204685165E-4,3.01458381499869E-4,2.2109126068858267E-4,1.6332946714010018E-4,8.168227821226072E-4,8.308704800716391E-4],[0.009256220429650899,0.005229634005655644,0.007192696885414145,0.006710524210932481,0.0036780737072123707,0.0044738304214656105,0.009894997100153442,0.00812045957903398,0.007740714338399787,0.0013295913012579947,0.0037903705609665687,0.0019788752344819145,1.0,0.008249158086747073,0.010776941818156964,0.04083069786638858,0.013366407394606244,0.011239204450510118,0.010848394922763549,0.0038437854409335125,0.0018695657653424924,0.012558370256381311,0.01020930128597127,0.007982087789170821,0.003278837346337023,6.745879948561238E-4,0.023533224589728834,0.007969698996629242,0.005891723637979657,0.004152662405120268,0.00770784055769536,0.007489309833305347,0.004908341514378499,0.003796521166107753,0.006352435902016041,0.006187384289610397,0.003982439926722026,0.013908452045809844,0.006232684213349546,0.010544679512336298,0.004873079778290607,0.009101153688490324,0.0021332043402292186,0.007651236225166004,0.007168916968139124,0.007330384366090754,0.006370478722498466,0.007604143550141998,0.003284121487219196,0.007527918289225013,0.0072218820139341,1.1887570344206036E-4,0.0029140937333974434,0.007476901610136842,0.004400749257335598,0.007430922326493796,0.0015469279273923025,0.006409339655027487,0.006774535940457448],[0.01622053931645097,0.011108589122784375,0.01185696420095495,0.00500978115027204,0.007816012150343662,0.0026085225922780186,0.017482413573712916,0.011811390593360043,8.983017446500569E-4,0.007868481449148779,0.00510650288485352,0.008587316147022543,0.008249158086747073,1.0,0.012705538370728651,0.024124106847386008,0.015372137880447053,0.014104964115766347,0.012870154130978539,0.009447727177581218,0.004802193222247597,0.013214982010512005,0.01465447610005943,0.012076967575728945,0.002843292457074213,0.012516910720927523,0.02639942449117741,0.009560572190184899,0.003287171040747059,0.011578920321997201,0.004263216728339099,0.00924407350248722,0.011056600134957413,0.004023936064993679,0.011113516189774597,0.012042741159881444,0.01066087052446211,0.020080609774948393,0.007988085697405542,0.012554007836935542,0.0088077898758699,0.013060209159517404,0.012598115208893356,0.010696796724945693,0.011587658222059385,0.011652631171301983,0.001449409783084979,0.003447673567434279,0.0056830191891542045,0.001937630894349529,4.729152825014158E-4,0.007843430936071736,0.001044504419615347,0.013094260630087777,0.003992989497981225,4.741559646919178E-4,0.0034644397214690513,0.004029858091076687,0.010787572918405824],[0.014518204723873903,0.004134816360526875,0.0018826778586952158,0.004108967637426037,0.008116578032514895,0.003366836700906866,0.014096081964633096,0.0016486554846602774,0.009777676884266834,0.008308192257935667,0.008798551424164273,0.007136615521100245,0.010776941818156964,0.012705538370728651,1.0,0.03754155860400264,0.013587695964761221,0.014391372933400908,0.012118692866285252,0.007261654903108521,0.0065343194836191675,0.012633716787845637,0.01345406121348433,0.009800705299485974,0.00668539076268591,0.010264056346490252,0.020342045994972493,0.009882537620341837,0.01177054079644015,0.007748109167285572,0.005967236501669727,0.007302717097382819,8.342985851607478E-4,0.01152270983682262,0.011239378686889982,0.007424116215089002,0.0037067807915095626,0.01632714958825251,0.006318068521773565,0.01106097778805181,0.0036589131212819963,0.011094734332397148,0.004432666887737225,0.010949150552420446,0.007309172726245536,0.0030523481433764026,0.0021711301142607335,0.004479140442160636,0.00656262895274497,0.002891212560357189,0.01146670015806278,0.006364998367256352,0.0065498900723597415,0.007397137360176264,0.0071044336105806835,0.004422089991746584,0.004548600733928361,0.0062711687742929316,0.0017632667844064414],[0.04216600372150907,0.03068813772657438,0.040175165249171654,0.015491125035244241,0.030655314074799832,0.03432081968770177,0.030108312804657193,0.022331336698721085,0.039316299026775456,0.004855089589110339,0.028575929064308562,0.02855003633623548,0.04083069786638858,0.024124106847386008,0.03754155860400264,1.0,0.044732262011306756,0.018096623524950416,0.019377562859052806,0.04060610642211495,0.0164745177378105,0.028639287745038784,0.026440516768442918,0.00807462639315837,0.036901362622442146,0.004434218629628206,0.045454545454545456,0.026278991870829674,0.020424488219977034,0.034118814937332285,0.04277412353446735,0.03674616497309357,0.028932060546868303,0.02880853060313759,0.003940726934493951,0.03269928354824526,0.011355301457414674,0.02675794442786237,0.0020979713999690975,0.01391709574253711,0.003462962700418495,0.03864424593699353,0.01815505452238599,0.011400114695751825,0.0383285811084148,0.014927436705925032,0.019714632490736003,0.00794180594031664,0.0445148909971683,0.014139663136877877,0.02694322386149695,0.028596877718211202,0.008723990084608545,4.4263907761031427E-4,0.03800073988996882,0.02166838268502407,0.035040789258139596,0.038489799782151196,0.006056069986899534],[0.016856083175776394,0.015895898205494963,0.002638263455459346,0.004535224640430127,0.014519911470539847,0.011219869439184448,0.01827431319843061,0.01603191685306897,0.0014438835447044022,0.009970415725845387,0.003178670440858622,0.016811233033301242,0.013366407394606244,0.015372137880447053,0.013587695964761221,0.044732262011306756,1.0,0.01553999102399658,0.015375783797938813,0.007805897881334526,0.0070442438690097075,0.013229509398368876,0.01705003214848352,0.016498303802987342,0.008698946194276481,0.0120897723701835,0.04513250056763146,0.014818033122322398,0.007519822204132014,0.014714013968566366,0.009457209571649895,0.014905592149402852,0.005265080509579982,0.010907899016972816,0.009060588186394825,0.009953060633994957,0.013956715564627502,0.01919570900915296,0.00845676589757003,0.011788606020346228,0.011420479575753397,0.01375913384098154,0.010220082728720123,0.017207848491971565,0.009927364290923068,0.011855361061432998,0.013306393592855882,0.011681318711444998,7.995370762015012E-4,0.016457704346745098,9.603190262121537E-4,0.013979832973446413,0.002976272311333898,0.008640469262787394,0.00906628682136824,0.004181739459826784,0.012466372335044239,0.005729502949888871,0.002877096440737258],[0.015380088628778415,0.0071598959010038855,0.013726709263835873,0.009276456074727655,0.008002873308093367,0.0077185646492785335,0.01575721802483339,0.013724530538450151,0.006183404438950699,0.008493982583880106,0.013776594601784776,0.007850469394002099,0.011239204450510118,0.014104964115766347,0.014391372933400908,0.018096623524950416,0.01553999102399658,1.0,0.01378004529813941,0.01192889782571897,0.014326181346924389,0.01416510701843571,0.0155825932993918,0.005092012144809779,0.007355984321375946,2.433634723498375E-4,0.030216979484327694,0.007898724130436543,1.2923837246497208E-4,0.002519292411117318,0.011110061418644207,0.014591563866282334,0.01488464418221384,0.009897591755037386,0.0053177608484077914,0.01251621620165251,0.01262135228918229,0.015894946318682848,0.002345951736492457,0.014154264933918352,0.003138653198333318,0.013298172215231871,0.013859860622736154,0.006225008430606642,0.008817394199069262,0.01150015332947125,0.004496358814156543,0.004363701526021157,0.0061803354030623816,0.004979494607557154,0.0023686685338465503,0.010637304078466303,0.014793977182176983,0.00934038113544839,0.0029924253477542286,0.005612620652737295,0.011113209843816267,0.004977630148060979,0.01212751512649466],[0.013430988452577685,0.00738577915411231,0.005049427095108854,0.0074420299871602695,0.0015377510506746764,0.006693182271853907,0.01787873121078511,0.01259678292031125,0.009770308818345121,0.01108126256869652,0.009136988342757278,0.001250227015400301,0.010848394922763549,0.012870154130978539,0.012118692866285252,0.019377562859052806,0.015375783797938813,0.01378004529813941,1.0,0.010188074843530629,0.009738897815372865,0.012977760471624397,0.01414096441345341,0.002756246453296267,0.012612298825498669,0.006716777745745437,0.026075435292237874,0.012264794514428105,0.012638358613312662,0.007195741369736039,0.0051127888329786245,0.008153703540993,0.0017865980997151124,0.011539246137555494,0.01221907107675937,0.010961452682645015,0.010427455602462244,0.014552370599490001,0.0027243592750838767,0.011547975198978641,0.0037190278748918514,0.01177692135554664,0.00762979208172891,0.007409336373838833,0.008531838351640357,0.009604642689609384,0.012426185955261277,0.012624142146865762,0.012203406379461913,0.005228913652230287,0.003694364307773353,0.011592283879383223,0.0036757037539149546,2.770187122207177E-4,0.010614225434181055,0.009074219865845872,0.012273914802356463,0.010590622500946684,0.008743457941303974],[0.00530066193113327,6.68340716365066E-4,5.790372185319406E-4,0.0012912650420634914,0.0010715329242824403,6.605411722368566E-4,0.0180249999355717,0.0011519815408175713,0.0010474481481995595,0.0015325541979441856,9.35754926995804E-4,0.001559129833935556,0.0038437854409335125,0.009447727177581218,0.007261654903108521,0.04060610642211495,0.007805897881334526,0.01192889782571897,0.010188074843530629,1.0,0.0014981842235917827,0.003433812135407602,0.01494674686208423,0.001730360891423904,0.001328538673940216,9.116503757795297E-4,0.00854033420646339,0.005387541560939399,4.329959653437664E-4,1.966731795012438E-4,0.0018078438217717908,0.0037384705799417897,3.7807245250354225E-4,0.002051351157113212,0.0019039033732695394,0.0038952241184933723,0.001132614183406925,0.015521030217620118,6.636145756361013E-4,0.003807273205554784,0.0013667122428863026,0.008301164143448642,0.0016758021163712088,0.0014787447497183943,0.004961572108357811,0.0015172751548467448,0.0011377644917533254,0.0010708605502127305,1.7016317913892128E-4,2.6614777897741664E-4,0.001311997399254623,9.348537573329518E-4,0.0012342918815338654,7.61971485266072E-4,0.001024897519422089,3.5886174549959547E-4,5.270631825936608E-4,0.0020275109699233965,0.001597020751023809],[0.004330592706332919,0.0010073147386960473,7.902794262075326E-4,0.0011716574114850986,0.0011511050634033244,0.0011322322114161714,0.010436340397497749,2.821854460297969E-4,8.300311033351739E-4,0.0013033379391514228,0.0012922340168754994,0.0010227837184907994,0.0018695657653424924,0.004802193222247597,0.0065343194836191675,0.0164745177378105,0.0070442438690097075,0.014326181346924389,0.009738897815372865,0.0014981842235917827,1.0,0.01042434762805667,0.013119074080631437,0.00208508298198826,0.0013497607973173736,0.0014555733122552906,0.013415098330970404,0.007178350913881477,5.120431526352671E-4,8.409530546955178E-4,0.0019164920683590028,0.003157257049588432,0.0013390583264664393,0.0025622848015899933,0.0015101739959019085,0.0025694574412858666,0.0012876149325644817,0.003655024930454216,2.1069178252906265E-4,0.005378628595839554,0.0012043911935475603,0.003734119213832776,0.0016349989403251363,8.511342123053847E-4,0.004021504708083557,4.377313872179432E-4,0.001318816978419409,7.744679524660877E-4,8.806365745165206E-4,7.558623099057706E-4,0.0013905053271504385,2.6104704701506733E-4,8.170752694040126E-4,0.0011612215788050085,0.001073135182442596,0.0012622652821955719,1.5547331976118302E-4,0.0021925161233159727,0.0013411789574092972],[0.014377191976823534,0.0016474970189479326,0.006768523295781929,0.002053014847059685,0.003305105435865919,0.008045195448546774,0.018445980150792234,0.007915267503986396,8.890994602160202E-4,0.00723009879638633,0.011230456145642647,0.0037080841966894685,0.012558370256381311,0.013214982010512005,0.012633716787845637,0.028639287745038784,0.013229509398368876,0.01416510701843571,0.012977760471624397,0.003433812135407602,0.01042434762805667,1.0,0.013643815798210876,0.00340284367081659,0.00493854645588491,0.002562025414182064,0.021923076481342417,0.007516447032095972,0.007682084279249259,0.007957181020292942,0.012492257793296633,0.011874242268028346,0.011849860301056437,0.010743206632610663,0.0055464439040436835,0.008643851531001376,0.004467703461030242,0.01336057888492198,0.006763846845740112,0.012946057063459724,1.945448766624812E-4,0.012745742957574368,0.0041211356284120045,0.008392531344533199,0.008697552599964391,0.01067907661349805,0.009803750145340507,0.0014824681177167003,0.011334185272696853,0.005576340113148607,0.007176526199189766,0.008537743842240068,0.006473190139135255,0.009103724863360528,0.009241671435778412,0.001682648631590162,0.012547350165439784,0.012774166696985318,0.01286767641781561],[0.016099846448799533,0.006102706847085889,0.014166293435678904,0.01118490449754886,0.009778115348171275,0.004591989797858908,0.016943392473284274,0.0022480133884913867,0.012407695602780421,3.0745939135786403E-4,0.005335103617431104,0.01358171532542113,0.01020930128597127,0.01465447610005943,0.01345406121348433,0.026440516768442918,0.01705003214848352,0.0155825932993918,0.01414096441345341,0.01494674686208423,0.013119074080631437,0.013643815798210876,1.0,0.011306070109912289,0.00317781201641959,0.00585534491669398,0.037988607310713615,0.014293158650923263,0.010796339967970579,0.013589667986788543,0.004287838155656972,0.013876980443794458,0.007779615320546674,0.009028258522156302,0.002924227452124654,0.00622236834555635,0.008278189372491432,0.019087070962257806,0.007298199015257239,0.014660394306242054,0.00745775533661404,0.012309909619353786,0.00852938891502927,0.00401953551428263,0.007616819485149345,0.01242924984621643,0.013532842800747196,0.0015965232919144,0.00372723162703634,0.009580815039271393,0.005713880050586186,0.006525600535561702,0.006021092916034223,0.0056658743396235094,0.0018678299792742436,0.011523453083196238,0.015122240009937199,0.015821840327732345,0.005391922387478769],[0.0034607064513834805,0.0010754476393858357,0.0017215211150774568,0.0015800536981173915,0.0024531855344927557,0.0012703939648962635,0.004959502616004669,0.0016124637900597435,7.262119051492583E-4,0.0018229147496552128,0.0012399171192287659,0.0017533890774089533,0.007982087789170821,0.012076967575728945,0.009800705299485974,0.00807462639315837,0.016498303802987342,0.005092012144809779,0.002756246453296267,0.001730360891423904,0.00208508298198826,0.00340284367081659,0.011306070109912289,1.0,0.001995660217746803,0.0020364647048986147,0.002748652196202163,0.0037223288262373225,0.0023426465841572077,0.0023094124086163494,0.0023161864350501704,0.0027656718320854205,0.0013322574315440512,0.0027176898814021246,0.002640455467872558,0.0034110495300872247,0.0015899220815138878,0.0048700729679111345,0.0013968735170215591,0.005913742801936796,0.0024147675566505832,0.009188501511280847,0.0021186020130778,6.461403816264436E-4,0.0029978854789962763,2.318502182704983E-4,0.0018581430896768563,1.4835957410407725E-4,0.0018280048269918565,0.0022944007347978747,0.0021592790968634,0.0021834497611006327,0.002062086543288132,0.00251111290895651,0.00212858949081427,0.0014241687329323892,2.572087104534283E-4,0.002934540046548101,0.0014830671851051355],[0.012758132565657354,9.161139460172139E-4,0.0011633213765269632,8.566980474120472E-4,0.0010224375150371214,8.71176941780531E-4,0.001638133368452969,8.480249266699573E-4,5.828278664965511E-4,9.872016515245377E-4,2.675887503975834E-4,0.001137257735380807,0.003278837346337023,0.002843292457074213,0.00668539076268591,0.036901362622442146,0.008698946194276481,0.007355984321375946,0.012612298825498669,0.001328538673940216,0.0013497607973173736,0.00493854645588491,0.00317781201641959,0.001995660217746803,1.0,4.001694650420976E-4,0.011705476964565071,0.0015038662044258573,7.60763386944205E-4,4.687646642788527E-4,0.0015584870422764873,0.003907145814516285,8.541783076595302E-4,0.002490321280873848,0.0020255805919782315,0.0014173813428818931,0.0011532542878272334,0.012774961608428574,8.280861444685366E-4,0.007654094470043334,5.103947115430192E-4,0.006361297776352002,0.001413285176338758,1.0557966868430686E-4,0.006728757099531295,0.001206848559335889,0.0012413711374061065,4.2374188176064523E-4,1.473769724625009E-4,7.74927396280892E-4,2.586195688531216E-4,2.1449066618061348E-4,0.0010046738545790497,8.403182933108537E-4,0.0010788170041239737,4.04212845656587E-4,0.0011005750924915365,0.002365847554309837,0.0012623922751485417],[0.014667978984971181,2.7985108927250883E-5,3.316634689722708E-4,7.449926782392033E-5,4.442392766951864E-4,3.8584728363802727E-4,0.004838441231539409,1.0766180597436618E-4,1.4075592158245377E-4,1.1656065720587778E-4,8.360451411028132E-5,1.636724351715826E-4,6.745879948561238E-4,0.012516910720927523,0.010264056346490252,0.004434218629628206,0.0120897723701835,2.433634723498375E-4,0.006716777745745437,9.116503757795297E-4,0.0014555733122552906,0.002562025414182064,0.00585534491669398,0.0020364647048986147,4.001694650420976E-4,1.0,0.04029393335924536,0.007151614262077551,9.046300432312891E-5,1.5650262041062466E-4,0.0016406136600017962,6.122700858009342E-4,1.4746698581448792E-4,6.386288312341778E-4,3.0745083871573783E-4,4.574057567880024E-4,4.490208296140708E-4,0.004096606846061169,1.1837065397712164E-4,0.008032010477400655,1.1094574376491975E-4,0.003757677871748513,0.0012636275664284625,9.780321349494081E-5,8.410876153797024E-4,1.7814535807504657E-5,8.56771589269737E-4,9.799302267580983E-5,1.1055624514711507E-4,1.093949067857968E-4,1.1597616138023821E-4,5.218120715366683E-5,6.337012990797003E-5,6.635045598398035E-5,3.1241177717188844E-4,1.9917996307996643E-4,1.3809112868808584E-4,0.0025092400536357914,5.812846807361203E-4],[0.04433953307184918,0.03260110005822772,0.0049459916587512075,0.02025407511951108,0.013323349077353067,0.042487216216016456,0.041860209460646655,0.03161366652380446,0.027844868817237054,0.03414259615309059,0.036648479275980576,0.027423373970000497,0.023533224589728834,0.02639942449117741,0.020342045994972493,0.045454545454545456,0.04513250056763146,0.030216979484327694,0.026075435292237874,0.00854033420646339,0.013415098330970404,0.021923076481342417,0.037988607310713615,0.002748652196202163,0.011705476964565071,0.04029393335924536,1.0,0.04522751302479011,0.01387287065914461,0.004023959604883574,0.003949392018764038,0.04326056250189312,0.02982642978094053,0.038093131212419154,0.02431521450752861,0.024590955194620748,0.006103369185256321,0.03763264930617919,0.01603616202325645,0.043613153100513065,0.010624600857616098,0.03831567404800888,0.029087765775178156,0.012288879760469922,0.01007157440239119,0.004065591108089092,0.016069808333039493,0.03745589734777698,0.025578927545486557,0.0029955854446530933,0.007467586071672501,0.028729800219206784,0.02312007871641667,0.0022885129342867343,0.026184965294390874,0.033196517863394934,0.035508156395165046,0.015114800872270687,0.0391506687977555],[0.012672853081895065,0.004771931581570966,0.005141566602706986,0.006357063583753141,0.004392251768005303,0.003579568043289479,0.008405333118610324,0.0011864684642310934,0.0021107429373648625,0.005246061332326458,0.0017868153249379426,0.0018372994966520608,0.007969698996629242,0.009560572190184899,0.009882537620341837,0.026278991870829674,0.014818033122322398,0.007898724130436543,0.012264794514428105,0.005387541560939399,0.007178350913881477,0.007516447032095972,0.014293158650923263,0.0037223288262373225,0.0015038662044258573,0.007151614262077551,0.04522751302479011,1.0,6.594243247235029E-4,0.006163235872762367,0.0037357262384022354,0.0049362963502623146,0.003369053039567138,0.0065809636561201396,0.006268889603390777,0.006521942792949439,0.007359216218809796,0.010639209750455719,0.0039935255158519015,0.010034129223562192,0.0014508212624767649,0.007851938961908115,0.003493332541126098,0.004073311027662574,0.007207137195791548,5.612233736803953E-4,0.002126631138010756,0.006694651753794328,0.002578005301158901,0.003432225361494436,0.003867327043562717,0.005757045958455052,0.004603354801189297,0.003397521883648523,3.7250386100195923E-4,0.0035403135293004227,3.4410685746895505E-4,0.0030110473576290377,0.006460868255712236],[0.007599174100353111,3.378347650449131E-5,3.4641127679787225E-4,4.951993774531001E-5,8.419450033636955E-4,4.2511782693066053E-4,0.009703037512691198,4.446833697089957E-5,8.693784278966131E-5,1.1459043686465236E-4,5.079890686313032E-5,1.867836228993303E-4,0.005891723637979657,0.003287171040747059,0.01177054079644015,0.020424488219977034,0.007519822204132014,1.2923837246497208E-4,0.012638358613312662,4.329959653437664E-4,5.120431526352671E-4,0.007682084279249259,0.010796339967970579,0.0023426465841572077,7.60763386944205E-4,9.046300432312891E-5,0.01387287065914461,6.594243247235029E-4,1.0,5.15366316057564E-5,0.0011223487126568365,0.004464624435293371,1.1686381270765902E-4,0.001647739779306693,0.001521586595107257,1.6939965161153945E-4,2.171350701352192E-4,0.004720207563531763,8.248137249508737E-5,0.005427138254798596,1.08910370067047E-4,0.005010210951469398,6.554583397513184E-4,2.7465684509420874E-5,0.005584009013196671,1.2373147197751634E-5,6.480637872326236E-4,3.2146212651317345E-5,1.760489084660316E-5,3.56531486445907E-5,1.4124227058153255E-4,2.9390072104862376E-5,2.5189934960083755E-5,2.1444408847494725E-5,1.0468165665019523E-4,1.0079562896213074E-4,3.8167022467727354E-5,0.001023852772972257,3.5504079889959794E-4],[0.010563179005509654,8.160876694085378E-5,2.8625606414586064E-4,1.2357786947348338E-4,7.81195803358867E-4,3.688505572517316E-4,0.008788287989273367,1.0903339862288248E-4,1.638682710325521E-4,1.500627361182389E-4,1.1519448190104936E-4,1.9226286102733147E-4,0.004152662405120268,0.011578920321997201,0.007748109167285572,0.034118814937332285,0.014714013968566366,0.002519292411117318,0.007195741369736039,1.966731795012438E-4,8.409530546955178E-4,0.007957181020292942,0.013589667986788543,0.0023094124086163494,4.687646642788527E-4,1.5650262041062466E-4,0.004023959604883574,0.006163235872762367,5.15366316057564E-5,1.0,0.0012219993669135105,0.00203970166757316,1.700010172505357E-4,0.00334721369806994,0.0017586342499682737,0.0012486743903824132,8.358161842434353E-4,0.01746892990819805,1.4125578393075927E-4,0.006518168488640208,1.600012470694424E-4,0.005874231677396321,2.372600521027304E-4,1.445992723898225E-4,0.00102139667330128,6.250641828290049E-5,6.407997987738336E-4,1.377696603119111E-4,1.3733807338380696E-4,1.5654231046006214E-4,1.6866573560512637E-4,1.1564774546212061E-4,1.4902809857391641E-4,2.022612557906307E-5,1.8049598247999422E-4,1.974308525946584E-4,1.606059558906408E-4,0.002556312400539687,4.820181833414712E-4],[0.0058702480994091265,2.2084749818989213E-4,6.700481380419222E-4,1.2951917265337093E-4,0.0012313446706935585,0.0017345195440327727,0.017586094095079163,0.0014260456538824024,0.0010513303541224326,4.903240665912288E-4,0.0018544664809515116,4.2929461448669556E-4,0.00770784055769536,0.004263216728339099,0.005967236501669727,0.04277412353446735,0.009457209571649895,0.011110061418644207,0.0051127888329786245,0.0018078438217717908,0.0019164920683590028,0.012492257793296633,0.004287838155656972,0.0023161864350501704,0.0015584870422764873,0.0016406136600017962,0.003949392018764038,0.0037357262384022354,0.0011223487126568365,0.0012219993669135105,1.0,0.0039527533770443305,5.294845519943773E-4,0.0028066891858703562,0.0020959358933998985,0.0032832588596474078,0.0018269513159362679,0.005929832118122698,7.436271717817477E-4,0.006664016877016843,9.988497760501805E-4,0.007783329314642269,0.001948714651538544,8.649740620480732E-4,0.006176791508435492,0.0018427508784594135,0.0017025009140890519,5.069735281557957E-4,0.0018751078430025276,0.001380665786181397,5.887857657481781E-4,0.0011655199711542222,3.098035944285134E-4,6.377710095901332E-4,0.0012677876240173036,6.252650709301338E-4,0.0017606001462399659,0.002275544987754459,0.00136804101428917],[0.01596852688054797,0.0020597413108419714,0.001993378040664856,0.0026168528514785173,0.0010322987567308345,5.375829535886082E-4,0.009421312287845015,0.002151339541246898,0.0022122628835310604,3.106236345862348E-4,0.002183419556051105,0.0029704275567381828,0.007489309833305347,0.00924407350248722,0.007302717097382819,0.03674616497309357,0.014905592149402852,0.014591563866282334,0.008153703540993,0.0037384705799417897,0.003157257049588432,0.011874242268028346,0.013876980443794458,0.0027656718320854205,0.003907145814516285,6.122700858009342E-4,0.04326056250189312,0.0049362963502623146,0.004464624435293371,0.00203970166757316,0.0039527533770443305,1.0,0.0029212082181772937,0.004038849907986154,0.004116636095918544,0.0041044645134584385,0.00370465692173894,0.014585750139717708,0.002856282219683634,0.006174248289997503,0.0017643938203452149,0.010706808483695086,0.0020626831310037457,0.002327384849251648,0.0061520656800579145,6.53803759860033E-4,0.0015899189638538635,0.0014719703771413548,0.00247508971828284,9.107610755573104E-4,0.0015716221987821038,0.001495686174681067,4.571352002467825E-4,0.0012137311005238482,0.001989651290328724,0.0011230761900306572,0.0016824368238951678,0.004400182241347885,0.0016067070829309613],[0.005571811204765544,7.019105084169969E-5,4.435556002523145E-4,1.6061310511830034E-4,9.947501544092352E-4,3.0699397755452125E-4,0.004302828086880466,1.517833414064655E-4,1.5915280886863247E-4,1.4835938949637383E-4,8.639355973112718E-5,1.8265106588881408E-4,0.004908341514378499,0.011056600134957413,8.342985851607478E-4,0.028932060546868303,0.005265080509579982,0.01488464418221384,0.0017865980997151124,3.7807245250354225E-4,0.0013390583264664393,0.011849860301056437,0.007779615320546674,0.0013322574315440512,8.541783076595302E-4,1.4746698581448792E-4,0.02982642978094053,0.