[[1.0,0.011616494194515095,0.0044860090184499326,0.02517483043408131,0.01663060927456556,0.003629783985797567,0.020897352779159665,0.012062147457701636,0.009496556983784635,0.0027297119292258513,1.9720152231935022E-4,0.014766007091078679,0.029752294655514697,0.006649991348533685,0.01612501116217456,0.0021753848259114914,0.020264183167679733,0.006961884048382355,0.0066919551062137915,0.008320697622969171,0.01623498569775576,0.018887449415894556,0.016635572516939038,0.018737004306332808,0.01725466811445315,0.003700395601500991,0.020671989408825298,0.011922689925721265,0.024130678942397663,0.012867835704237444,0.013388837067926943,0.015723995577438428,0.020609329399054327,0.010743097287452503,0.011294703662233598,0.01900853658995667,0.009978078434207376,0.0158228455975398,0.006137199198494854,0.021519577265866098,0.02096483892580576,0.025570403384131545,0.00806690495163859,0.021307183579853974,0.01616368879813931,9.684001330418028E-4,0.00977406896751841,0.008893892341286125,0.012372890200218058,0.009038120695424975,0.014244061273725338,0.01692048252009976],[0.011616494194515095,1.0,0.0015914836849020345,0.020094604209834128,0.0022503943236771504,0.0019300075625615708,0.0018662654269797534,9.29736699576464E-4,0.0017832765516954904,0.002112716779477694,7.454345510813812E-4,6.366316441692804E-4,0.00961331507710065,1.5575232926599053E-4,5.484821879519513E-4,0.0012036478544572141,0.0015077595727509476,0.0012100503166535212,0.001424038774350339,0.0019348584238024183,0.0015464294011102427,0.0034616385898413203,0.004168041856395828,0.0017947146943723656,4.523425707784548E-4,5.67673207240286E-4,0.01289367413469078,3.697243539740635E-4,0.02453685880544837,0.004242471740238881,4.848624003300491E-5,0.001144457483156792,0.0018029858818772023,6.808220595245437E-4,0.0013233797076215017,0.002671781814581997,0.0020177890663969195,0.001388475088857271,6.235692739012217E-4,0.0039056476375119225,0.0019172656265947973,0.028990874542857828,8.704608570985124E-4,0.020478287974163678,0.0014055130102873237,2.184815368559935E-4,0.0016707145853842695,0.0011524633460212232,0.004002911609694184,0.0014559506948204118,0.0020606893781422568,5.964518160440017E-4],[0.0044860090184499326,0.0015914836849020345,1.0,9.495100629524644E-4,0.0023645525616421705,8.283905725782666E-4,4.5096401639406686E-4,1.3550971212144901E-4,9.331172784687736E-4,0.0022558132031653094,2.3423931557764436E-4,2.3409048114502124E-4,0.021451965479416864,3.62868267601602E-5,2.218930496786038E-4,2.707231452949765E-4,0.0011298642051642523,2.2221303492043478E-4,6.180098676578444E-5,2.1458799276229292E-4,6.747615648086235E-4,0.011896781741088686,0.0075631454942241124,2.8575568956661394E-4,1.343831434837311E-4,2.3560347832983494E-4,0.0019809205468800145,1.976220079955635E-4,0.018918989126601497,0.004629141973162277,2.325072038576058E-4,2.307682290510211E-4,1.7197557635182187E-4,2.7996612084343854E-4,7.496191068598866E-4,0.0023386888527048622,0.0019079369294052722,1.430775427130566E-4,2.1940458777897531E-4,0.010219118024051663,0.001001910054921671,0.01751787668768457,1.348238002854836E-4,0.0014110820681118759,3.364216711529193E-4,1.7779296974729545E-4,1.5216336193421342E-4,2.1772121686975207E-4,0.006941157522873618,2.4742277389559574E-4,0.002576445721534606,1.118497246665644E-4],[0.02517483043408131,0.020094604209834128,9.495100629524644E-4,1.0,0.011131752995535697,0.005175687063084945,0.019887067059243237,0.005406396376434569,0.006611002841210725,0.0025963575215791506,0.021863524316960915,0.0011330961532585648,0.028362649481755094,0.015089475051246975,0.020430232852168925,0.022394005213566937,0.014372900624432269,0.009358874686630592,0.024486952168186134,0.008738273678157224,0.004785887876136726,0.02167314929288066,0.01421220159517048,0.006091628586876059,0.009758346301833398,0.018571208156495513,0.024363819866323556,0.0013752168905486238,0.026783606384910265,0.010173891248496452,0.016089276679856063,0.005385742880894346,0.0023301606900988925,0.005157370742228308,0.012709642044455093,0.02100163862817511,0.021913490534597926,0.01352226160491371,0.01466412405302606,0.022811805263972963,0.024162974025121752,0.026811983467686488,0.02184236461883954,0.029395344351593706,0.02456368864303591,0.00896715995518268,0.021187534889700797,0.014693272653271928,0.020906827624305763,0.023196632187056355,0.015438693989101915,0.01272698834690007],[0.01663060927456556,0.0022503943236771504,0.0023645525616421705,0.011131752995535697,1.0,0.0018994072012921389,0.0017946489571320267,0.0010861719855105026,0.0022257454249738286,0.0024350560951689852,9.390665551708689E-4,4.2407485549704905E-4,0.03141326119284302,3.5641769052461566E-4,0.0011204895375421374,0.0010271243270557795,0.002267729667360642,0.0019512314522162155,0.0023192077838996715,6.92150436333116E-4,0.001970761975344164,0.0074213384599390335,0.006505583453185249,0.002418951634944172,0.001972371580716007,9.180097589178097E-4,0.013929001847940263,7.885376709311593E-4,0.024444602260609162,0.003713996089066254,0.001187523765379344,8.541461460680529E-4,4.562227730856895E-4,0.0014081940271012403,0.0013245734757478395,0.0027333705319327064,0.002200982984840773,8.599580888921924E-4,9.664399029021757E-4,0.011399088154078871,0.0017904269032448538,0.015410276853831055,0.001295069426896424,0.011822323940858581,0.001379020163561517,9.171216265345366E-4,1.8089380815378218E-4,0.0017103474097221912,0.007186794985671084,0.0017085651666244566,0.002468054235700099,7.942205852392931E-4],[0.003629783985797567,0.0019300075625615708,8.283905725782666E-4,0.005175687063084945,0.0018994072012921389,1.0,0.0017682594786463726,0.0017990483883911,0.0016947544085077798,0.0020490605943325304,0.001245081721163298,0.0017337668375556744,0.0020808974387175293,6.622815497154107E-4,0.0011222148771661605,0.001021909754429083,0.0017005798966165057,0.001010597084056275,7.700713298430603E-4,9.828409502092574E-4,0.0017609823364792563,0.010184854915180916,0.0039688685956574266,0.0015677633199956173,0.0011522028293811126,1.7782910495343766E-4,0.009371074170185265,1.706905058713611E-4,0.008536300241974052,0.0029145068717696494,0.0010231947204281972,8.767547203468718E-4,0.0016892216465263451,0.0014512344144136204,0.001606152174010988,0.0028627873963282596,0.0018429826422048093,0.0010090141370486176,2.500419166236922E-4,0.012245356120413643,0.0015646187547513862,0.0070292077022688585,4.580249629935302E-4,0.008770341901580245,0.001467474204609057,7.100593599051417E-4,0.0011487623806054564,0.001725858783771341,0.003689572723300114,7.924459660417889E-4,0.0021317572145727907,0.0014305638741214715],[0.020897352779159665,0.0018662654269797534,4.5096401639406686E-4,0.019887067059243237,0.0017946489571320267,0.0017682594786463726,1.0,2.853154713486394E-4,0.0014992603672664918,0.001669593010487448,4.221263305808956E-4,1.148788424610403E-4,0.046438773822886074,2.2569795389185783E-4,7.142244000235115E-4,6.663578993574213E-4,0.00146333206309113,0.0012303805123563107,7.263001768141658E-4,7.386002757453483E-4,0.001601700446198851,0.004428369667006147,0.007812435895207779,5.602459409017985E-4,8.170997050486337E-4,9.029536453212416E-4,0.0041375597060234,6.224378291931959E-4,0.023326077962120596,0.00273980872842687,2.0375722350152552E-4,0.0011741411756530868,0.0013272339244238104,9.808655280471629E-4,0.0013592521499305882,0.0027220620396392137,0.0017618086295683089,0.0014962625703047081,0.0011306156952737957,0.020129799001894686,0.0013759483262385133,0.016092528265711815,1.7447414934310498E-4,0.01542744755884675,0.0015245497163365999,0.0010859266480887976,9.686374067957206E-4,4.275907972515902E-4,0.004427924318791286,0.0012405785248926207,0.0023884164781388306,0.0014654436248235372],[0.012062147457701636,9.29736699576464E-4,1.3550971212144901E-4,0.005406396376434569,0.0010861719855105026,0.0017990483883911,2.853154713486394E-4,1.0,6.556119700651855E-4,0.001675701536225972,1.584957849410045E-5,1.6006389672998447E-5,0.04744068207195524,1.6810470849912865E-5,9.826973905649937E-5,2.0977987670581054E-4,7.751835309835084E-4,2.335659207891275E-5,2.30563970784733E-5,1.4877937047149114E-4,1.7348159062706848E-4,0.0027424715029099275,0.0025270821741227283,9.746018727250354E-5,3.8420436916629126E-5,8.669259702634026E-5,0.013248538433979435,6.076245962483663E-5,0.02530553841266125,0.0024773703281613514,2.1992726969177082E-5,2.334120693631846E-5,1.0906038312530575E-4,3.450842501836757E-4,2.669189602857388E-4,0.0013105836312438167,2.990051051397648E-4,5.018708491078594E-5,1.2430166092584733E-5,0.011903089858890485,8.391858808557989E-4,0.004602772937213882,5.072399185443107E-5,0.013977190875153766,0.0012554097887532384,9.871089314102901E-5,1.857828804975322E-5,3.654384119532331E-5,0.00390357483588669,1.724246222535259E-4,8.254699943350579E-4,2.150003226520266E-5],[0.009496556983784635,0.0017832765516954904,9.331172784687736E-4,0.006611002841210725,0.0022257454249738286,0.0016947544085077798,0.0014992603672664918,6.556119700651855E-4,1.0,0.0015746143727698664,5.447137929931863E-4,3.7936775953060283E-4,0.00230535702020022,7.790428662797251E-4,0.0013766514421742768,7.30707471657939E-4,0.0014262999028313143,6.387168790681696E-4,0.0011457015205738636,5.306916801422724E-4,0.0015104000963400625,0.008799629447789427,0.003777108104660025,6.655908504506884E-4,4.128014806280611E-4,8.805880055649734E-4,0.008634713604686615,0.0013103266033417064,0.02112555128364519,0.0045400532829079,9.985206361832481E-4,0.0012350422852257178,4.256538004970115E-4,5.4373373024128E-4,0.0014425711558396122,0.002372023472333751,0.0019237435088056791,8.568153704273253E-4,0.0012558135083482417,0.021109508347139743,0.0011437587540438219,0.01437297625934406,0.0012631555601229326,0.0255370441328937,0.0013349859936055057,5.69359812147397E-4,0.001140076430379579,4.87458686754873E-4,0.003016025751738747,7.960028434913558E-4,0.00197670630882552,0.0013397222859891083],[0.0027297119292258513,0.002112716779477694,0.0022558132031653094,0.0025963575215791506,0.0024350560951689852,0.0020490605943325304,0.001669593010487448,0.001675701536225972,0.0015746143727698664,1.0,0.0010461296421282306,0.0011401505751724868,0.03672356725755813,4.217048021544863E-4,0.001905978524619572,0.0018286014699606685,0.0015694953032311947,0.0020854592792599806,0.0010185772391731905,3.190224419217999E-4,0.0020555513933003464,0.009292269817689335,0.01022885038414047,0.0012668358595314534,0.0019875391777422536,0.0016799455883088827,0.004213787311225526,3.42772601033704E-4,0.0029011304639729985,0.004926085320350981,9.202869835994284E-4,7.798402617098382E-4,6.425439966226871E-4,0.0017317150936904556,0.0012320112283091811,0.0026364213599549074,0.002225481940938132,5.583291592331221E-4,0.0020051132286476986,0.021602401890207762,0.0012317345075874993,0.016101049893720243,0.0017247159050229049,0.016028172631738134,0.0021344182984525577,0.0020792737471337385,4.922509190783308E-4,0.0011367682386134795,0.0035628976372093658,0.0017028908323596444,0.0024317364065265987,0.001422126413590337],[1.9720152231935022E-4,7.454345510813812E-4,2.3423931557764436E-4,0.021863524316960915,9.390665551708689E-4,0.001245081721163298,4.221263305808956E-4,1.584957849410045E-5,5.447137929931863E-4,0.0010461296421282306,1.0,1.232892856829748E-5,0.0436335969926196,1.1084300119335905E-5,8.312993491366825E-5,2.3112926773059396E-4,3.171635950457841E-4,2.0211807089358433E-5,2.1240328734321536E-5,3.613987877531523E-5,0.0011035125810668295,0.012477272418559122,0.004296747406563487,2.5183742516753E-4,1.0014074399884527E-4,1.066961423380467E-4,0.019495514523543762,6.645180552649596E-5,0.010754691299643838,0.0030280437659516574,1.5746904337880373E-5,2.0522140749388497E-4,3.462176679578758E-5,2.2840484728676313E-4,4.3505401452029055E-4,0.0011313625555086277,9.839981091157915E-4,5.45424774400375E-5,1.1704627207450199E-5,0.00875122074787291,9.734308756310455E-4,0.017496589030699373,5.8602048401216844E-5,0.031102630746974797,1.668540531757265E-4,6.981179934214473E-5,1.5408379540409052E-5,1.0590566210397848E-4,3.789808397717907E-5,3.385752289191998E-4,0.0012130846930612337,1.761169653172395E-5],[0.014766007091078679,6.366316441692804E-4,2.3409048114502124E-4,0.0011330961532585648,4.2407485549704905E-4,0.0017337668375556744,1.148788424610403E-4,1.6006389672998447E-5,3.7936775953060283E-4,0.0011401505751724868,1.232892856829748E-5,1.0,0.0022583478524376083,1.2308284071802505E-5,9.566318771555833E-5,2.69271503972919E-4,5.590246097541645E-4,1.6292883505850862E-5,1.8872879440173823E-5,1.712617815034088E-5,7.430105622455603E-4,0.011858477805808367,1.828546129400231E-4,1.7993126803605305E-4,9.123519693474876E-5,9.966757245018604E-5,0.017350302577709146,1.2511116176499868E-4,0.026945665996777578,7.07890003359196E-4,1.5464333298282822E-5,6.198180352186648E-5,6.198407881505138E-5,9.54452617836638E-5,8.289969581232981E-4,0.0016159689268738216,0.001371164155988871,6.103958890080155E-5,1.2436817189133413E-5,0.017218449814898344,6.79382024032088E-4,0.0199983684366757,3.97252077727987E-5,0.009635576247062674,8.360551710603316E-4,6.386747493850559E-5,1.4799892851052627E-5,1.0523444335206882E-4,0.004264710923925917,1.994899990444577E-4,0.001290323655457856,1.76404209805239E-5],[0.029752294655514697,0.00961331507710065,0.021451965479416864,0.028362649481755094,0.03141326119284302,0.0020808974387175293,0.046438773822886074,0.04744068207195524,0.00230535702020022,0.03672356725755813,0.0436335969926196,0.0022583478524376083,1.0,0.006973094203050105,0.006603931343079227,0.011288527354112409,0.0440632739031519,0.040916586705837296,0.03561610455079872,0.03251280987107624,0.030267852528045116,0.016165948611374,0.04658940308928499,0.02150328538350567,6.155479547196013E-4,0.0010570463060683966,0.04557041639632323,0.022441958554945504,0.03978990092525883,0.03954795051958093,0.017262837294702342,0.04171665818682437,0.04465182174697885,0.027138619439592535,0.03406221139182151,0.029234053768852623,0.02675957290376063,0.029431215092902856,0.008276941447108213,0.03370207873882705,0.022284038983083027,0.04231755632383645,5.271167075104411E-4,0.04528350860660359,0.033876850785338926,0.032085186196126866,0.015668213358312328,0.02204910653884265,0.038523873815813035,9.167839922579002E-4,0.03936936109710891,0.037366391003912855],[0.006649991348533685,1.5575232926599053E-4,3.62868267601602E-5,0.015089475051246975,3.5641769052461566E-4,6.622815497154107E-4,2.2569795389185783E-4,1.6810470849912865E-5,7.790428662797251E-4,4.217048021544863E-4,1.1084300119335905E-5,1.2308284071802505E-5,0.006973094203050105,1.0,1.100545126730015E-4,2.17394611414556E-4,0.001311754415406504,1.373765274364076E-5,1.8342028552952844E-5,1.717321506350262E-4,8.989291576135542E-4,0.01095468080117817,0.003574613739177408,1.0645295305233208E-4,5.499872960849407E-5,8.829915108468487E-5,0.012522278249304653,6.733867693017291E-5,0.0057100031835542716,0.004335103732305183,1.1478591358152694E-5,9.044523120402219E-5,1.2010941519806768E-4,2.6005492836582634E-4,0.0010375097944998195,0.0013537279173575182,2.13923940739659E-4,5.6834069800785335E-5,1.1284443083538552E-5,0.019571269547191846,5.908324067814606E-4,0.009589952753005735,8.63141001059341E-5,0.013869722428920003,0.0012562294929976388,1.7991625931554026E-5,1.4966351511827479E-5,4.7428372236984137E-5,0.00790711148963776,2.5657635969398473E-5,0.0025473062025260294,1.8496925224831747E-5],[0.01612501116217456,5.484821879519513E-4,2.218930496786038E-4,0.020430232852168925,0.0011204895375421374,0.0011222148771661605,7.142244000235115E-4,9.826973905649937E-5,0.0013766514421742768,0.001905978524619572,8.312993491366825E-5,9.566318771555833E-5,0.006603931343079227,1.100545126730015E-4,1.0,2.2815375369128216E-4,5.370020228011429E-4,4.9210680704636326E-5,1.429145997168955E-4,1.9836055044426332E-4,9.783244923007816E-4,0.004411583610833872,0.006999935284869171,2.684607319647499E-4,1.4079187523194345E-4,1.9366465174659308E-4,0.015230323458309979,1.8305266298184557E-4,0.027031886723712144,0.003472034920092128,6.636015007362083E-5,2.152519601907784E-4,1.4743945119632102E-4,2.1401521065773018E-4,6.08141852583814E-4,0.002369374408219505,0.0017019755188079605,1.1630950870500644E-4,3.2780443031901944E-5,0.0036840538420623028,3.773866432020739E-4,0.027546895510363274,1.893918958988133E-4,0.023619098153927626,0.0012180458497639103,1.4743599517948321E-4,1.9260433428023712E-4,1.2433010083449014E-4,0.004080899135008672,3.830848523933531E-4,6.911395811135559E-4,8.209745126971268E-5],[0.0021753848259114914,0.0012036478544572141,2.707231452949765E-4,0.022394005213566937,0.0010271243270557795,0.001021909754429083,6.663578993574213E-4,2.0977987670581054E-4,7.30707471657939E-4,0.0018286014699606685,2.3112926773059396E-4,2.69271503972919E-4,0.011288527354112409,2.17394611414556E-4,2.2815375369128216E-4,1.0,5.984464061686036E-4,1.4293445870923536E-4,3.5744969178661474E-5,2.6412162402934125E-4,0.0010273627073940483,0.005737353579329205,0.004827678049597353,2.9172136652634074E-4,2.1728691359968572E-4,2.804214348766218E-4,5.495343695604985E-4,1.614344647143539E-4,0.016086697350898006,0.004787835442322384,2.8052218567255655E-4,2.683501899327673E-4,2.3864664431335033E-4,2.990358192766446E-4,8.199690535982079E-4,0.0017766210786934343,0.0015325300368411272,9.267296629631572E-5,7.273341176084144E-5,0.013303040553021221,4.642820034382085E-4,0.015404914375142482,1.495310884262107E-4,0.00370657850811327,7.85828890527808E-4,2.529262328708759E-4,2.0970955677942493E-4,1.879159513584158E-4,0.004659026395091808,4.6039678022146904E-4,0.0015587459657062214,2.3526491364547856E-4],[0.020264183167679733,0.0015077595727509476,0.0011298642051642523,0.014372900624432269,0.002267729667360642,0.0017005798966165057,0.00146333206309113,7.751835309835084E-4,0.0014262999028313143,0.0015694953032311947,3.171635950457841E-4,5.590246097541645E-4,0.0440632739031519,0.001311754415406504,5.370020228011429E-4,5.984464061686036E-4,1.0,0.001243367363070118,1.029049191100892E-4,5.475422209171387E-4,0.001390457758947365,0.01145103985781897,0.009171410780109425,6.79545104662904E-4,0.001176718855893822,7.218293513236041E-4,0.004676513021287252,3.2648747694017E-4,0.007515310222849113,0.002688182985293656,9.414671992102766E-4,5.052408043183117E-4,6.19186359554193E-4,6.81909234765721E-4,0.0013293282280271742,0.0016924693651390957,0.001759428263508437,0.0010996549855886164,8.30168100842978E-4,0.014145596044001505,0.0011955024043762527,0.025006558117430317,0.0010999570184962648,0.010767268651190091,0.0012998389343472434,5.635211903432406E-4,5.768200372292537E-4,9.821084255691678E-4,0.007885293287302579,0.0010662989009280126,0.0025980212898124087,0.0011029563182124369],[0.006961884048382355,0.0012100503166535212,2.2221303492043478E-4,0.009358874686630592,0.0019512314522162155,0.001010597084056275,0.0012303805123563107,2.335659207891275E-5,6.387168790681696E-4,0.0020854592792599806,2.0211807089358433E-5,1.6292883505850862E-5,0.040916586705837296,1.373765274364076E-5,4.9210680704636326E-5,1.4293445870923536E-4,0.001243367363070118,1.0,2.2349128602271853E-5,7.758726223154651E-5,7.187945689700774E-4,0.002646739957510031,0.004515877955604023,2.1294414281975124E-4,4.343627857761205E-5,7.569044575763418E-5,0.0076976022571392045,1.3142470691380193E-4,0.024561557587862437,0.004043946699456531,2.2490644580516593E-5,1.5030993707094612E-4,9.061979314431327E-5,1.830273326511565E-4,6.174968527497163E-4,0.002484469778764029,0.0017997908599780203,3.0146354630314774E-5,1.64589847909922E-5,0.012798718122862377,8.478509326357026E-4,0.016151905243416566,7.269361530641186E-5,0.0198415526710099,0.0010467978219274136,1.0140657398106656E-4,2.048908903049029E-5,6.406763783139414E-5,0.003386377953857044,3.354591721007359E-4,0.002419539856168235,1.8947163844964936E-5],[0.0066919551062137915,0.001424038774350339,6.180098676578444E-5,0.024486952168186134,0.0023192077838996715,7.700713298430603E-4,7.263001768141658E-4,2.30563970784733E-5,0.0011457015205738636,0.0010185772391731905,2.1240328734321536E-5,1.8872879440173823E-5,0.03561610455079872,1.8342028552952844E-5,1.429145997168955E-4,3.5744969178661474E-5,1.029049191100892E-4,2.2349128602271853E-5,1.0,1.3023583361336738E-4,1.6371498866464543E-4,0.0077142161690237155,0.010069723617899148,5.071812972461463E-5,1.2369136162127084E-4,5.1451706021510805E-5,0.009233355637222176,5.81244780657483E-5,0.026177060684463592,0.0020736888006245907,2.0984623344462833E-5,1.038910038701955E-4,9.412531885173408E-5,2.753020784805443E-4,8.298203628997178E-4,0.0028827974686269093,0.0010676348337681576,5.8428041202245646E-5,1.2281894274049033E-5,0.01535903978488777,3.976256100270394E-4,0.009430561342402916,1.28155290960407E-4,0.008484845669161353,5.6369190537904724E-5,4.5583440793947296E-5,1.887222449300889E-5,7.900061703141866E-5,0.0018635225921275725,4.946077107212413E-4,1.1865621913595901E-4,2.0168305971278157E-5],[0.008320697622969171,0.0019348584238024183,2.1458799276229292E-4,0.008738273678157224,6.92150436333116E-4,9.828409502092574E-4,7.386002757453483E-4,1.4877937047149114E-4,5.306916801422724E-4,3.190224419217999E-4,3.613987877531523E-5,1.712617815034088E-5,0.03251280987107624,1.717321506350262E-4,1.9836055044426332E-4,2.6412162402934125E-4,5.475422209171387E-4,7.758726223154651E-5,1.3023583361336738E-4,1.0,8.003899432262509E-4,0.009107312622180808,0.003874596845706722,2.323027642972844E-4,1.7756018897888514E-4,1.8781908274533948E-4,0.013801482921659572,1.613120754749838E-4,0.008863066294215566,0.0015231110174014463,2.248625211347415E-5,2.0643028041814206E-4,1.9233829141703407E-4,3.257176994468741E-4,0.0010811406359163278,0.002676609621342849,0.0018100884755070962,7.694804411186052E-5,6.101546386509565E-5,9.99326455803272E-4,3.7624574730900535E-4,0.03030246428091511,1.314797326123823E-4,0.008901617915745032,5.038953674569788E-4,1.842567230529729E-4,3.208593960193666E-5,1.730866208077283E-4,0.003737915146177413,2.5464884799560235E-4,0.002055436319642089,1.4125664495406995E-4],[0.01623498569775576,0.0015464294011102427,6.747615648086235E-4,0.004785887876136726,0.001970761975344164,0.0017609823364792563,0.001601700446198851,1.7348159062706848E-4,0.0015104000963400625,0.0020555513933003464,0.0011035125810668295,7.430105622455603E-4,0.030267852528045116,8.989291576135542E-4,9.783244923007816E-4,0.0010273627073940483,0.001390457758947365,7.187945689700774E-4,1.6371498866464543E-4,8.003899432262509E-4,1.0,0.007300728667264085,0.007389863081445616,0.0011397991622782455,0.0012836887872504604,7.855443162545583E-4,0.019969838684677114,0.00128016853848677,0.010378394224461148,0.004168348753042052,2.9973375120137183E-4,5.991946748651376E-4,5.823501541207476E-4,0.001308028349478565,0.0014307958780735068,0.002481035863010242,0.0018702800620185942,0.0013151706029367824,0.001438853754233917,0.014522897845724204,0.0015123213431331361,0.012585309427098814,0.0013847902109364117,0.024647854970228443,0.0014865416706961812,0.001420944031010382,0.001213019109226049,5.791562834533356E-4,0.0043516063891773996,9.008822977960523E-4,0.0018990782387758184,8.979842251030501E-4],[0.018887449415894556,0.0034616385898413203,0.011896781741088686,0.02167314929288066,0.0074213384599390335,0.010184854915180916,0.004428369667006147,0.0027424715029099275,0.008799629447789427,0.009292269817689335,0.012477272418559122,0.011858477805808367,0.016165948611374,0.01095468080117817,0.004411583610833872,0.005737353579329205,0.01145103985781897,0.002646739957510031,0.0077142161690237155,0.009107312622180808,0.007300728667264085,1.0,0.012265347065424835,0.0077539878085140105,0.004653445566576024,0.002867227533019908,0.01866743670352632,0.013762421887481141,0.01473227888479308,0.008109641477912367,0.003902048898793757,0.010981256375947407,0.005640767995845711,0.0074100327067727996,0.003410145131625626,0.0144873293890238,0.008407051886998555,0.009648053994489935,0.005203024173814672,0.015197926991671575,0.009529434543430094,0.026680777198362794,0.008018163182827309,0.017824500006340862,0.004219222727373239,0.006061918446266583,0.011854479414823985,0.008781840013557017,0.014356298643729514,0.010677879889166556,0.014206964057416852,0.00741465366733799],[0.016635572516939038,0.004168041856395828,0.0075631454942241124,0.01421220159517048,0.006505583453185249,0.0039688685956574266,0.007812435895207779,0.0025270821741227283,0.003777108104660025,0.01022885038414047,0.004296747406563487,1.828546129400231E-4,0.04658940308928499,0.003574613739177408,0.006999935284869171,0.004827678049597353,0.009171410780109425,0.004515877955604023,0.010069723617899148,0.003874596845706722,0.007389863081445616,0.012265347065424835,1.0,0.0011863992911574067,0.00826361232669159,0.0027243660895460643,0.012212636865541726,0.006897707598114676,0.02086925667395957,0.008618959356206777,0.0029670504038601915,0.006402348160771142,0.009264395956709,0.0031200350785623894,0.0025282707041696553,0.010765169227439727,0.003361037059848823,0.003496480374883488,0.00958535148996178,0.020890546789850375,0.00653032919699064,0.02196604809545321,0.0015955383861247872,0.02722682845529828,0.010363438059513407,0.006664883155735637,0.0057252632182912475,0.0024872615970117497,0.008813867870166064,0.0046057944862992395,0.005608868905164659,0.0015870742523834392],[0.018737004306332808,0.0017947146943723656,2.8575568956661394E-4,0.006091628586876059,0.002418951634944172,0.0015677633199956173,5.602459409017985E-4,9.746018727250354E-5,6.655908504506884E-4,0.0012668358595314534,2.5183742516753E-4,1.7993126803605305E-4,0.02150328538350567,1.0645295305233208E-4,2.684607319647499E-4,2.9172136652634074E-4,6.79545104662904E-4,2.1294414281975124E-4,5.071812972461463E-5,2.323027642972844E-4,0.0011397991622782455,0.0077539878085140105,0.0011863992911574067,1.0,2.3750367746165594E-4,2.1188524004154196E-4,0.0012167075203075787,2.1214616575073006E-4,0.025456097308480148,0.0012276743334306583,5.156669247443606E-5,2.717219574634026E-4,1.369161173781966E-4,2.9919470418170033E-4,0.0011795567494498945,0.001760169771809985,0.0017400156244709191,2.043627481649288E-4,1.4813535919183068E-5,0.02007244181814245,5.529180841542349E-4,0.0203855100935515,2.1263711861461122E-4,0.0023427520973461156,5.366503754705834E-4,2.0403883040852702E-4,9.033140346053812E-5,2.1201936564353168E-4,0.006178231413583253,3.008757816628413E-4,0.002441445364836317,5.234525487644384E-5],[0.01725466811445315,4.523425707784548E-4,1.343831434837311E-4,0.009758346301833398,0.001972371580716007,0.0011522028293811126,8.170997050486337E-4,3.8420436916629126E-5,4.128014806280611E-4,0.0019875391777422536,1.0014074399884527E-4,9.123519693474876E-5,6.155479547196013E-4,5.499872960849407E-5,1.4079187523194345E-4,2.1728691359968572E-4,0.001176718855893822,4.343627857761205E-5,1.2369136162127084E-4,1.7756018897888514E-4,0.0012836887872504604,0.004653445566576024,0.00826361232669159,2.3750367746165594E-4,1.0,1.3966365799095916E-4,0.008967543628225372,1.3317877390945444E-4,0.008030717583801536,0.0021153073140582354,9.050261489265866E-5,1.7721116518236454E-4,1.3026650052807412E-4,1.386665961885494E-4,0.0011021288323995633,0.0025875328809045754,0.0019950614965935473,1.0591027218167276E-4,4.0087530760107696E-5,0.0018325002085419157,5.525580036553422E-4,0.020068559463998815,1.2549820013874066E-4,0.002642377727733036,0.001067389056855825,1.1146651753981204E-4,4.320080709776451E-5,1.126646270413544E-4,0.002496595532234983,3.6389761356968645E-4,0.0018234838692629772,1.2115125070663805E-4],[0.003700395601500991,5.67673207240286E-4,2.3560347832983494E-4,0.018571208156495513,9.180097589178097E-4,1.7782910495343766E-4,9.029536453212416E-4,8.669259702634026E-5,8.805880055649734E-4,0.0016799455883088827,1.066961423380467E-4,9.966757245018604E-5,0.0010570463060683966,8.829915108468487E-5,1.9366465174659308E-4,2.804214348766218E-4,7.218293513236041E-4,7.569044575763418E-5,5.1451706021510805E-5,1.8781908274533948E-4,7.855443162545583E-4,0.002867227533019908,0.0027243660895460643,2.1188524004154196E-4,1.3966365799095916E-4,1.0,0.017681014971638705,1.5274375919562097E-4,0.015471954288737594,0.0041336997347984255,7.561363580247738E-5,1.8615903973742164E-4,1.4692395222015876E-4,3.4486024403482946E-4,8.97582640874995E-4,0.0014267998465011058,0.001336697610097503,1.416050378210654E-4,7.85159586826635E-5,0.009359816166887368,7.674006600372842E-4,0.024821669016978912,1.5889548759716223E-4,0.024372056090671692,6.04998284244465E-4,1.448691869480317E-4,2.5529343047621796E-5,1.2515158809034147E-4,0.005800246821386925,5.112449732629567E-4,0.0022920621214313356,1.395266479292349E-4],[0.020671989408825298,0.01289367413469078,0.0019809205468800145,0.024363819866323556,0.013929001847940263,0.009371074170185265,0.0041375597060234,0.013248538433979435,0.008634713604686615,0.004213787311225526,0.019495514523543762,0.017350302577709146,0.04557041639632323,0.012522278249304653,0.015230323458309979,5.495343695604985E-4,0.004676513021287252,0.0076976022571392045,0.009233355637222176,0.013801482921659572,0.019969838684677114,0.01866743670352632,0.012212636865541726,0.0012167075203075787,0.008967543628225372,0.017681014971638705,1.0,8.956946109270375E-4,0.024304852716980234,0.017366430892112036,0.013028173364461888,0.017012864711140115,0.006769290881818695,0.0017338765111324056,0.007122462151554514,0.010408309428331687,0.010865112952999295,0.018917969233841567,0.01413241721967001,0.020154320084470635,0.009000216831515698,0.020474349336400587,0.008483707840512954,0.0264322124994162,0.017685113657964848,0.016024054509790456,0.010711524384456323,0.009104839674305356,0.010691806986112079,0.0012882886156984756,0.018809315279057753,0.0075516996431466785],[0.011922689925721265,3.697243539740635E-4,1.976220079955635E-4,0.0013752168905486238,7.885376709311593E-4,1.706905058713611E-4,6.224378291931959E-4,6.076245962483663E-5,0.0013103266033417064,3.42772601033704E-4,6.645180552649596E-5,1.2511116176499868E-4,0.022441958554945504,6.733867693017291E-5,1.8305266298184557E-4,1.614344647143539E-4,3.2648747694017E-4,1.3142470691380193E-4,5.81244780657483E-5,1.613120754749838E-4,0.00128016853848677,0.013762421887481141,0.006897707598114676,2.1214616575073006E-4,1.3317877390945444E-4,1.5274375919562097E-4,8.956946109270375E-4,1.0,0.011380290717050375,0.0010183287245776776,1.2248464096258795E-4,1.902251416421999E-4,1.3157712415064326E-4,2.5645498388837754E-4,4.562363816012125E-4,0.0025099159797277878,0.001045570946369872,1.359710924612166E-4,9.589221906994373E-5,0.0040836245011444975,9.439521335926781E-4,0.019895756892622248,1.4266378871878902E-4,0.013118374817704018,3.603214638020465E-4,1.3338854109465751E-4,4.704697703355574E-5,1.2782081432709673E-4,0.0023972700987079623,3.802548403579966E-4,0.0023910126068493486,9.780083892774419E-5],[0.024130678942397663,0.02453685880544837,0.018918989126601497,0.026783606384910265,0.024444602260609162,0.008536300241974052,0.023326077962120596,0.02530553841266125,0.02112555128364519,0.0029011304639729985,0.010754691299643838,0.026945665996777578,0.03978990092525883,0.0057100031835542716,0.027031886723712144,0.016086697350898006,0.007515310222849113,0.024561557587862437,0.026177060684463592,0.008863066294215566,0.010378394224461148,0.01473227888479308,0.02086925667395957,0.025456097308480148,0.008030717583801536,0.015471954288737594,0.024304852716980234,0.011380290717050375,1.0,0.020187493333227797,0.00861337675196522,0.0048637056253538185,0.008414037364672092,0.014887457445239281,0.023370635782972937,0.022629617111737006,0.00285362811261842,0.01698220156344787,0.01063020680269269,0.0224837792727159,0.026340198071683404,0.029445664817707867,0.007908574493815154,0.029761272359049358,0.019612275479769133,0.0058335236978188775,0.023928894430379263,0.004340764168670875,0.015233100143920469,0.015044763422182946,0.00903441782398756,0.017940354971337173],[0.012867835704237444,0.004242471740238881,0.004629141973162277,0.010173891248496452,0.003713996089066254,0.0029145068717696494,0.00273980872842687,0.0024773703281613514,0.0045400532829079,0.004926085320350981,0.0030280437659516574,7.07890003359196E-4,0.03954795051958093,0.004335103732305183,0.003472034920092128,0.004787835442322384,0.002688182985293656,0.004043946699456531,0.0020736888006245907,0.0015231110174014463,0.004168348753042052,0.008109641477912367,0.008618959356206777,0.0012276743334306583,0.0021153073140582354,0.0041336997347984255,0.017366430892112036,0.0010183287245776776,0.020187493333227797,1.0,0.002072903126225959,0.004286745122424926,0.0026162281775187262,0.0023504793359672605,0.0016150576598292833,0.003587232635141047,0.0026857644442868714,0.003264709792035594,1.4614819273240455E-4,0.010131041115792655,0.004849707650677058,0.0216593101172585,2.146037024491137E-4,0.008583604256540043,0.004545101569834586,0.002609102188772753,7.640523458837703E-4,0.00126758797187598,0.007909395366996788,0.002005639305775798,0.0044416392375987235,0.003771409695231607],[0.013388837067926943,4.848624003300491E-5,2.325072038576058E-4,0.016089276679856063,0.001187523765379344,0.0010231947204281972,2.0375722350152552E-4,2.1992726969177082E-5,9.985206361832481E-4,9.202869835994284E-4,1.5746904337880373E-5,1.5464333298282822E-5,0.017262837294702342,1.1478591358152694E-5,6.636015007362083E-5,2.8052218567255655E-4,9.414671992102766E-4,2.2490644580516593E-5,2.0984623344462833E-5,2.248625211347415E-5,2.9973375120137183E-4,0.003902048898793757,0.0029670504038601915,5.156669247443606E-5,9.050261489265866E-5,7.561363580247738E-5,0.013028173364461888,1.2248464096258795E-4,0.00861337675196522,0.002072903126225959,1.0,1.9725124571263425E-4,7.786717747232686E-5,8.028345216918578E-5,3.098618003975549E-4,2.2386472579123355E-5,0.001149022938474673,4.367676081687178E-5,1.622023453007325E-5,0.005942972457018184,3.0987264833770095E-4,0.020499853616994062,1.1628683219310721E-4,0.008468525714036656,0.0010001168830085806,7.540727788829041E-5,1.813085203558694E-5,8.804743449790145E-5,0.0025566365503522613,4.202866062850771E-4,4.154164985738137E-4,1.658533010240495E-5],[0.015723995577438428,0.001144457483156792,2.307682290510211E-4,0.005385742880894346,8.541461460680529E-4,8.767547203468718E-4,0.0011741411756530868,2.334120693631846E-5,0.0012350422852257178,7.798402617098382E-4,2.0522140749388497E-4,6.198180352186648E-5,0.04171665818682437,9.044523120402219E-5,2.152519601907784E-4,2.683501899327673E-4,5.052408043183117E-4,1.5030993707094612E-4,1.038910038701955E-4,2.0643028041814206E-4,5.991946748651376E-4,0.010981256375947407,0.006402348160771142,2.717219574634026E-4,1.7721116518236454E-4,1.8615903973742164E-4,0.017012864711140115,1.902251416421999E-4,0.0048637056253538185,0.004286745122424926,1.9725124571263425E-4,1.0,1.4531698447188695E-4,2.3213227339711337E-4,0.0010520135434289352,0.0010495501126140368,6.477502975937206E-4,1.7492003307317648E-4,1.5101297497080232E-4,0.016580678734918777,5.506367324544522E-4,0.012300191033946343,1.7089489132168358E-4,0.022160807218798432,8.842029898765686E-4,1.6064622469620185E-4,8.546812548929502E-5,1.1582239073786308E-4,0.004742408281103679,2.896883870955187E-4,5.585508086055796E-4,3.696884885869707E-5],[0.020609329399054327,0.0018029858818772023,1.7197557635182187E-4,0.0023301606900988925,4.562227730856895E-4,0.0016892216465263451,0.0013272339244238104,1.0906038312530575E-4,4.256538004970115E-4,6.425439966226871E-4,3.462176679578758E-5,6.198407881505138E-5,0.04465182174697885,1.2010941519806768E-4,1.4743945119632102E-4,2.3864664431335033E-4,6.19186359554193E-4,9.061979314431327E-5,9.412531885173408E-5,1.9233829141703407E-4,5.823501541207476E-4,0.005640767995845711,0.009264395956709,1.369161173781966E-4,1.3026650052807412E-4,1.4692395222015876E-4,0.006769290881818695,1.3157712415064326E-4,0.008414037364672092,0.0026162281775187262,7.786717747232686E-5,1.4531698447188695E-4,1.0,2.4285992174410633E-4,0.0010971300557636068,5.95994217392393E-4,4.909810965482288E-4,9.446267075526203E-5,1.108337261162142E-4,0.013550153761455058,6.753036971008072E-4,0.027209099892526057,1.3043448448039153E-4,0.026709784457015336,6.494371573716103E-4,1.2792489449213324E-4,1.1001192843363417E-4,1.224383648216823E-4,0.004389458977006542,4.801628776868646E-4,7.288551565357031E-4,1.1924412121793425E-4],[0.010743097287452503,6.808220595245437E-4,2.7996612084343854E-4,0.005157370742228308,0.0014081940271012403,0.0014512344144136204,9.808655280471629E-4,3.450842501836757E-4,5.4373373024128E-4,0.0017317150936904556,2.2840484728676313E-4,9.54452617836638E-5,0.027138619439592535,2.6005492836582634E-4,2.1401521065773018E-4,2.990358192766446E-4,6.81909234765721E-4,1.830273326511565E-4,2.753020784805443E-4,3.257176994468741E-4,0.001308028349478565,0.0074100327067727996,0.0031200350785623894,2.9919470418170033E-4,1.386665961885494E-4,3.4486024403482946E-4,0.0017338765111324056,2.5645498388837754E-4,0.014887457445239281,0.0023504793359672605,8.028345216918578E-5,2.3213227339711337E-4,2.4285992174410633E-4,1.0,7.885183113187915E-4,0.0025688989498106997,8.484616583914746E-4,2.678767377591517E-4,3.120899714245583E-4,0.014014775925296954,4.213320404377712E-4,0.0209432400179601,2.0487713143493093E-4,0.003080088480640805,0.0012312102593842716,3.2465526609776614E-4,3.4534548120549415E-5,2.1456136220385544E-4,0.002281414585037878,4.24137465403846E-4,0.001366577709812012,4.029253347211225E-5],[0.011294703662233598,0.0013233797076215017,7.496191068598866E-4,0.012709642044455093,0.0013245734757478395,0.001606152174010988,0.0013592521499305882,2.669189602857388E-4,0.0014425711558396122,0.0012320112283091811,4.3505401452029055E-4,8.289969581232981E-4,0.03406221139182151,0.0010375097944998195,6.08141852583814E-4,8.199690535982079E-4,0.0013293282280271742,6.174968527497163E-4,8.298203628997178E-4,0.0010811406359163278,0.0014307958780735068,0.003410145131625626,0.0025282707041696553,0.0011795567494498945,0.0011021288323995633,8.97582640874995E-4,0.007122462151554514,4.562363816012125E-4,0.023370635782972937,0.0016150576598292833,3.098618003975549E-4,0.0010520135434289352,0.0010971300557636068,7.885183113187915E-4,1.0,0.0014637980101896585,0.001934521648559877,9.171153027453716E-4,8.221343165721215E-4,0.0032903805342330943,0.0011655939592650126,0.0022213040263993613,8.521593097963176E-4,0.02588166931071684,0.0012247338687215907,1.8786675546467722E-4,3.7129079201392355E-4,8.48019203232534E-4,0.0013334098512489644,9.97759687645967E-4,0.0012711924325851708,1.367759702667471E-4],[0.01900853658995667,0.002671781814581997,0.0023386888527048622,0.02100163862817511,0.0027333705319327064,0.0028627873963282596,0.0027220620396392137,0.0013105836312438167,0.002372023472333751,0.0026364213599549074,0.0011313625555086277,0.0016159689268738216,0.029234053768852623,0.0013537279173575182,0.002369374408219505,0.0017766210786934343,0.0016924693651390957,0.002484469778764029,0.0028827974686269093,0.002676609621342849,0.002481035863010242,0.0144873293890238,0.010765169227439727,0.001760169771809985,0.0025875328809045754,0.0014267998465011058,0.010408309428331687,0.0025099159797277878,0.022629617111737006,0.003587232635141047,2.2386472579123355E-5,0.0010495501126140368,5.95994217392393E-4,0.0025688989498106997,0.0014637980101896585,1.0,0.002743358590516855,0.002431063420788411,0.002673121645619061,0.010027574363921151,0.001695797148320806,0.00541276964104835,0.0014690146949367735,0.012569690215912976,0.0016802654017529538,0.0014800091194643638,0.0016854780942637184,0.0019883361197897925,0.007323481254025639,0.0027393817586265365,0.0027888470485606313,2.7044371236203697E-4],[0.009978078434207376,0.0020177890663969195,0.0019079369294052722,0.021913490534597926,0.002200982984840773,0.0018429826422048093,0.0017618086295683089,2.990051051397648E-4,0.0019237435088056791,0.002225481940938132,9.839981091157915E-4,0.001371164155988871,0.02675957290376063,2.13923940739659E-4,0.0017019755188079605,0.0015325300368411272,0.001759428263508437,0.0017997908599780203,0.0010676348337681576,0.0018100884755070962,0.0018702800620185942,0.008407051886998555,0.003361037059848823,0.0017400156244709191,0.0019950614965935473,0.001336697610097503,0.010865112952999295,0.001045570946369872,0.00285362811261842,0.0026857644442868714,0.001149022938474673,6.477502975937206E-4,4.909810965482288E-4,8.484616583914746E-4,0.001934521648559877,0.002743358590516855,1.0,7.008422963463858E-4,0.0014083548518272109