[[1.0,0.02104171104946285,4.197315601415125E-4,0.014549234402249,1.260836141807178E-4,0.0010265379823512157,0.009272223444874751,0.0024863981320876094,3.11623463517003E-5,0.0010827133874489543,0.0012645394263897357,3.878046366611016E-4,0.020103628102486802,0.001129733598404455,4.18958401198137E-4,1.280613569264549E-4,0.00589204740481979,0.0010759265707347455,0.002593559602764591,2.7713453112240697E-4,8.752490450602993E-4,1.2823242379867512E-4,1.3496737069690514E-4,1.5931451463896735E-4,1.6767637633977142E-4,4.525149514390825E-4,0.0028255722376922168,1.3252246655278834E-4,5.805044822024746E-5,8.533061840380754E-4,4.147709152084463E-4,1.2795382050988116E-4,1.85171618779093E-4,2.222645761154038E-4,0.0010505883030703016,1.7097463521379834E-4,1.431502609434012E-4,3.610988275243952E-5,1.4076785199148984E-4,1.2490925741447296E-4,0.001485252426608195,4.242179983349463E-5,0.0023766065197170973,2.785352697466511E-4,1.9028754709762835E-4,1.513418466925442E-4,0.0014896392505681626,0.0015105411058191054,0.02828346955731353,6.944827997938437E-5,0.004583783435531247,0.0012147422842857106,7.56357587450334E-5,6.769038342207822E-4,0.009283247341029104,8.60621986459264E-5,0.0031243497981673935,2.519468426231557E-4,0.0023321402268150493],[0.02104171104946285,1.0,0.005480449638385663,0.04022396103518046,0.0136755199419512,0.05449177773738153,0.050951707277942404,0.006736773755047949,0.014310120330792066,0.014375852034546855,0.03464121563332256,0.05862722082004945,0.06580390879400336,0.054886189582106004,0.048921062931967296,0.028785929329249272,0.06158301199692562,0.04263046300394608,0.05118124220296816,0.011546305211318731,0.030135256141557452,0.06451519859209628,0.04657899525455855,0.0225142708904673,0.05699093941450837,0.05572646126980564,0.06289749073847065,0.0021871422702241837,0.011829976072933557,0.03500460694047826,0.03811374214634395,0.00806410733153815,0.022398602471853005,0.013517495187900876,0.0654325159417031,0.014103382133224119,0.002636375780451652,0.06664632330639353,0.03161792643727378,0.00550171509125809,0.056726086743158086,0.0020091061014770447,0.05178328219460247,0.057283018235500506,0.044249981074674614,0.014429795065867284,0.05557205503086517,0.03121791078970673,0.0556806733872129,0.026759967386520086,0.06500294926092304,0.06377919490482663,0.011431163843613631,0.0030108734826751393,0.039205325611999256,0.03527424605375628,0.03864074710860066,0.06282672971371836,0.017118303128531367],[4.197315601415125E-4,0.005480449638385663,1.0,0.0036549143351992256,1.3282022417433222E-4,6.081707458459424E-4,0.005824851840182349,0.004115736678222886,2.109374159061186E-4,0.0014742548455102924,7.465477711421976E-4,8.90782420263229E-4,0.04277372213317646,5.576250560308072E-4,7.895271665738974E-4,3.195908617661872E-4,0.0029643299285928024,8.037954971559217E-4,0.018099895986673345,0.0011611476363662635,9.673083580417118E-4,1.888506560274206E-4,3.0086310659239817E-4,2.597167239282203E-4,6.745294311326106E-5,8.069206710172262E-4,0.0016043939189255097,3.9264311271634345E-4,1.5641779562926164E-4,0.0010923442930398685,5.399054789544396E-4,6.801800714334444E-5,2.065951750848912E-4,4.256498104180932E-4,0.0025733784583795746,2.39197363092298E-4,4.5496284780234173E-4,1.4753232603136133E-4,1.1928420530719749E-4,2.2682949498060233E-4,0.0012293745130604072,2.939267831343627E-4,0.0031671169205735677,3.199424470004857E-4,4.154227791761489E-4,2.502880437023127E-4,0.0062815422180183475,5.651898584515657E-4,0.018952064176528786,3.203323579484957E-4,0.0027523899264476942,0.0010004773327140794,2.2713066214201743E-4,6.660090018884942E-4,0.009566294998386066,2.6018287488034707E-4,0.019755631384627187,4.166927403730212E-4,0.0015642983271844703],[0.014549234402249,0.04022396103518046,0.0036549143351992256,1.0,0.022020427482332707,0.009122867133818345,0.017904755101346276,0.005677031261916322,0.01712500561288682,0.024150177558263156,0.00216847079019121,0.021414819749833447,0.039749617607835734,0.019139883217760386,0.005995214171021134,0.012085136235713662,0.011638794011108261,0.005224458649192227,0.024304260044733676,0.010321049818079664,0.006403696496469676,0.015294125502501503,0.019687463482500306,0.019902811325541964,9.684911774340185E-4,0.014142130597216116,0.01671158882084335,0.01077570908192624,0.016087131337943247,0.0039155374898159545,0.003726647839385972,0.00918529971632259,0.01849047432359146,0.025482513267434493,0.016610198720969343,0.006990222897852875,0.02148145898010865,0.022879340568321426,0.008400481197922456,0.015928433108625784,0.024828833093427094,0.002555506446455317,0.01966764987434553,0.01038527696721539,0.005731264213086085,0.008389354734760867,0.021943824132629255,0.0034144139564379937,0.03476685981461252,0.0025938691807008453,0.011343190207468582,0.023163816559115993,0.007615050290570812,0.01118229654658432,0.023786218938377644,0.016553538954434916,0.025250530500444457,4.995561738964515E-4,0.0028196786883246546],[1.260836141807178E-4,0.0136755199419512,1.3282022417433222E-4,0.022020427482332707,1.0,5.755988738472063E-4,0.003793442903326051,0.0019601825143403897,7.864481172792271E-5,9.58514666151273E-4,4.7604486892326614E-4,8.392504659164973E-4,0.04599960464324879,0.0011043893652439916,1.7578968057038928E-4,1.0142795186362652E-4,0.0033520847851561254,9.470876208548785E-4,0.012341458971374517,5.66919747950295E-4,8.055107941146543E-4,9.689685400233328E-5,4.5162175784438735E-5,8.228309018570169E-5,8.538760097256678E-5,2.3466845806175037E-4,0.001669109016643039,3.844825130315371E-5,3.3008587165085467E-5,0.0010765140758757577,7.054908492380145E-4,7.214365059007863E-5,1.6112870541217645E-4,2.2752977444554992E-4,0.0020192617159623767,1.2476416611144483E-4,7.08342990586799E-5,1.5721932424473587E-5,6.337002874641277E-5,9.380761672970545E-5,2.4116978741768196E-4,4.357191231196007E-5,0.0015471377201182592,1.1779746160259652E-4,7.28185602233269E-5,7.135346182469667E-5,6.39374922351072E-4,3.983404058906907E-4,0.003211732047271748,7.755647605655136E-5,0.005062237713181573,7.109059724952236E-4,8.771344380941861E-5,0.0010008269983051538,0.0016398197997469683,8.940877441579066E-5,0.001522687261148386,2.2656570324534902E-4,7.873642810863643E-4],[0.0010265379823512157,0.05449177773738153,6.081707458459424E-4,0.009122867133818345,5.755988738472063E-4,1.0,0.0108287071144238,0.005503588350423459,7.598008960862992E-4,0.0011626753504805003,0.0012593844170613018,0.0010681380147587927,0.0014731071225387062,0.0010771069727895184,0.0013147067069661181,9.682941648411768E-4,0.005886134799056003,0.0011032893067528678,0.0028477606818512707,0.0011244873482515528,0.0011873282826621047,8.36128803054345E-4,4.095231259571635E-4,1.5582609142056634E-4,8.053276577636986E-4,0.0013504048759382574,0.0018859010575045677,8.106144899283735E-4,9.039030391063226E-4,0.001085394196873864,0.0010532890569093982,1.2091694230965959E-4,1.7253595501020644E-4,5.762659852290381E-4,0.001713457759320583,5.245405326787833E-4,2.088393025750469E-4,7.177591481765679E-5,5.04270066647796E-4,1.6171474219337255E-4,0.001544320785057411,8.044679202939342E-4,0.0018440100872980961,3.3952674911986265E-4,9.949243589934139E-4,3.028539725321852E-4,0.003443196103163151,0.0015971891421217574,0.01398827854110387,2.0193690611916258E-4,0.004869319972144797,0.0013423478065486473,4.0166508070509245E-4,0.0010808250998698647,0.0045606778332165,5.961043953535421E-4,0.017923854636707454,6.284201078161054E-4,0.0018103594988456084],[0.009272223444874751,0.050951707277942404,0.005824851840182349,0.017904755101346276,0.003793442903326051,0.0108287071144238,1.0,0.01125440475102811,0.012121640962065304,0.004646028773617963,0.011419024154860492,0.005476760238228553,0.02450156256287405,0.0035176555013482864,0.007726286029184166,0.0025406967374413114,0.008123675054171423,0.0038839100822742776,0.013923218000045291,0.010536548979584597,0.011945510737512814,0.007068725921195231,0.006924282936690537,0.0078087029621299545,0.001506973228904688,0.008380263470849197,0.005779850202167343,0.011670820537668112,0.005239185305191766,0.0023955534671911134,0.0037843919435749003,0.011102466384202392,0.007281882832303878,0.0012764062439409353,0.012787037349034006,0.012895206165516,0.010876583272567372,0.010511269811974599,0.01026475826022662,0.006827232554426282,0.010326273080520261,0.007294605712748534,0.006685616462828927,0.0015949111850502953,0.008889033622655893,0.012270570533968721,0.009696823044448417,0.0026415622792271658,0.029016828606669296,0.002049226031323374,0.00965043725837456,0.01269651043008412,0.0020881368103202813,0.011786889160323877,0.012732194709819138,0.011541620004069452,0.014090916124169878,0.0023193177809662205,0.0042968664535009615],[0.0024863981320876094,0.006736773755047949,0.004115736678222886,0.005677031261916322,0.0019601825143403897,0.005503588350423459,0.01125440475102811,1.0,8.796018401877252E-4,0.005608677070057465,0.004237005649090183,0.004411358216292428,0.033562644887051664,0.0026809720428344628,0.00427628011418836,3.4353004349872165E-4,0.005777386102649421,0.0020063879739325254,0.016758913053744193,0.004530591026584546,0.0026463618866808493,1.6773690313603263E-4,0.0022130762561854496,0.0018356500613931563,0.003139973437446745,0.00418586702405635,0.004608653252611582,0.004924406942497464,6.010915869164595E-4,0.002170584735172981,0.001578033285044975,0.0013501906943198159,0.0013838991918517082,0.003876205156567351,0.005852664046145203,0.0040304833688769425,1.9268553477634121E-4,0.001863128470981642,0.0037173266561378363,0.005018504879545888,0.002158833548871297,0.0033121861397569013,0.0041790963924526235,0.00267181438310343,0.004564571415055068,6.276899486056828E-4,0.007213869529860955,0.004196313849257275,0.025851290631789117,0.0019576178795687326,0.007171484092801237,0.004720291538384564,0.005097290959480874,0.00493329617396451,0.010476189474762438,0.00373123022239522,0.015208108388964517,0.002881416401327008,0.004443081169920799],[3.11623463517003E-5,0.014310120330792066,2.109374159061186E-4,0.01712500561288682,7.864481172792271E-5,7.598008960862992E-4,0.012121640962065304,8.796018401877252E-4,1.0,0.0012840399755643733,7.401277646720161E-4,1.4112329971251235E-4,0.02661001166611072,9.012098827617522E-4,7.548056269214159E-4,9.898042877135171E-5,0.006214029373030706,7.174330674438157E-4,0.020879408203080145,0.001016806871042008,0.0010848783523957294,2.1872229757077848E-5,1.1854697061319055E-5,1.1578794993882821E-5,1.969691979216533E-5,0.0014210917784331762,8.648343995732466E-4,1.7373870502940833E-5,1.1318816893916666E-5,2.5872881853508065E-4,1.6707486616652524E-4,1.4551467127829917E-5,7.321229576467583E-5,9.609581246505683E-5,0.003487490020907822,9.206830502594261E-5,3.0526328059476596E-5,1.1961220784768534E-5,1.130331453702052E-5,9.151912723304378E-5,0.0016860549713171179,1.4249776912104762E-5,0.0012938940444695121,2.3382509389772104E-4,1.3059486670497326E-5,1.7683974058825812E-5,0.0016603562893501814,9.950762532238645E-4,0.014898535965022606,2.5242546583129668E-5,0.0063025148299120605,5.025208042715623E-4,1.2780502180123628E-5,0.0010445097972135418,0.010661968662323452,1.2375929216633457E-5,0.012984188180904858,4.789842147624418E-5,0.0017415095896624814],[0.0010827133874489543,0.014375852034546855,0.0014742548455102924,0.024150177558263156,9.58514666151273E-4,0.0011626753504805003,0.004646028773617963,0.005608677070057465,0.0012840399755643733,1.0,0.0014365823482831311,0.0011276747839623876,0.0445127520831958,0.0014810035305800814,0.0013774987489445344,0.001016458156781687,0.00360650882796823,0.0013495619789354687,0.0028404268361455097,0.001263385112744451,0.0015282864550493058,1.3589401238137412E-4,7.184653251423182E-4,6.260639121260378E-5,1.8139811610244218E-4,0.0014974620635883284,0.0017843180550274449,4.316954865974972E-4,0.0011000829326800947,0.0013957029855273802,0.0011860499962500616,4.116427283675163E-4,5.300210157096535E-4,0.0010650490498768177,0.0037595003351800762,3.9234605382177913E-4,0.0012825614715643546,5.887396622084304E-4,4.648016586910851E-4,0.001489667261771285,0.001540513947843747,6.128968858845621E-5,0.002814606827997464,3.79883693021246E-4,8.644953340271099E-4,9.316395645740335E-4,0.006665647218032587,0.0016023338589190945,0.03141354499168681,7.640663071853463E-4,0.002710093220269707,0.0016196162663582572,0.0013858743616564568,0.0013060640779957093,0.005557388423215487,5.571148353201047E-4,0.022196544876144367,0.001197998081541988,0.0021723797260435346],[0.0012645394263897357,0.03464121563332256,7.465477711421976E-4,0.00216847079019121,4.7604486892326614E-4,0.0012593844170613018,0.011419024154860492,0.004237005649090183,7.401277646720161E-4,0.0014365823482831311,1.0,0.001281695953700423,0.04634487123720078,0.0013347417429378987,0.0013345777376238429,5.883504038223644E-4,0.002235419693458123,0.0012919313752616127,0.012187455013997938,0.0012295832579993513,0.0015798198186341452,7.759723731595057E-4,8.100136786068953E-5,0.001191342621818757,0.001099090125479184,0.0014504487340811633,0.0026941288203013326,0.0011918553629643974,2.4002118619994005E-4,0.0011380061370383856,0.0010972402711660156,1.0377108011193272E-4,8.44267089320121E-4,6.237851977187051E-4,0.0021426901623545287,8.674856112190952E-4,2.6857430361453146E-4,0.0012692755585285574,0.0012907794286395725,0.0010711578273326565,0.0017417955111614179,6.596402531405983E-5,0.003798904478758735,7.268601452168084E-4,2.2081074534916368E-4,3.340456177175652E-4,0.0017054731897080595,0.0014165214520057946,0.03570071296596036,7.381605660810573E-4,0.0022684374273613233,0.0017549157311317373,1.6995736842110242E-4,0.001113227079076436,0.002496351489751759,0.0010447498937182545,0.02117545635646956,0.0013218143881333808,0.001782800230609307],[3.878046366611016E-4,0.05862722082004945,8.90782420263229E-4,0.021414819749833447,8.392504659164973E-4,0.0010681380147587927,0.005476760238228553,0.004411358216292428,1.4112329971251235E-4,0.0011276747839623876,0.001281695953700423,1.0,0.006109935957525324,9.732609836578833E-4,0.0011076763287717834,3.3050659789197085E-4,0.002348578737700182,9.319320457626853E-4,0.017100863669424208,0.001103424959711351,0.0011392556889525905,7.64547171277303E-4,6.62383566010842E-4,6.078810651683528E-4,7.831832263801409E-4,0.0012041055102311,0.0016158014310799957,6.023256206785084E-4,9.012060253543251E-4,9.743130180202047E-4,9.744466438261703E-4,9.901873477886145E-5,3.4928892427545533E-4,6.322853181960615E-4,0.002647058947575445,3.9732191387091976E-4,8.990252001572776E-4,4.8010602985772106E-4,3.914551426288312E-4,6.63134879024294E-4,0.00102127060448539,8.816175176303278E-4,0.0022666587567318846,6.240030551508723E-4,8.920382833093059E-4,7.877370521713216E-4,0.002090588530079311,0.0015943817163729234,0.03544258376749556,8.927596764525273E-5,0.0012201164871370846,0.0017442487588127029,1.646331280171176E-4,9.189084510617524E-4,0.010300280835569444,5.87456505198655E-4,0.011862690171753204,8.41604829433224E-4,0.0015018431647743921],[0.020103628102486802,0.06580390879400336,0.04277372213317646,0.039749617607835734,0.04599960464324879,0.0014731071225387062,0.02450156256287405,0.033562644887051664,0.02661001166611072,0.0445127520831958,0.04634487123720078,0.006109935957525324,1.0,0.041188319676545106,0.001451727366927584,0.02077229751556401,0.01102967345970596,0.03385619198934747,0.03513730813954251,0.04337000920103806,0.04763996718945961,0.038883324604961904,0.011880789886840748,0.02557547136979363,0.038325999287644005,0.02629193046663934,0.012074158072188782,0.03317267121108956,0.03131425748803372,0.022892349032666025,0.030341304989061593,2.3245641090539014E-4,0.03009559559656016,0.03813356639118203,0.04218498971663447,0.0014452320510086668,0.022864390493107487,0.008962316349095239,0.03555301011426336,0.012646176508049022,0.010938945080540906,0.04619311111158737,0.036686491854007755,0.04664284212870349,0.01137403267364008,0.018760195302227868,0.012968597057270808,0.023907439800916044,0.03693811012554671,0.029164463553520724,0.028971132743323642,0.005798670325914144,0.03957776681988646,0.05008656326288366,0.0368769047914402,0.009535175714817443,0.03443712452863817,0.0438192781072502,0.048726305872654],[0.001129733598404455,0.054886189582106004,5.576250560308072E-4,0.019139883217760386,0.0011043893652439916,0.0010771069727895184,0.0035176555013482864,0.0026809720428344628,9.012098827617522E-4,0.0014810035305800814,0.0013347417429378987,9.732609836578833E-4,0.041188319676545106,1.0,0.0013274702156735093,5.753731607511139E-4,0.003539345730700528,0.0012801593068646848,0.007854014216119554,0.001259732375032633,0.0015508064628228543,9.95421499534439E-4,4.122875865043933E-4,0.0010881868705763034,8.103418525687275E-4,0.0014302808599245273,0.0016300228835028924,2.921915956836742E-4,5.937925197674393E-4,0.0013168814109798537,0.0011524286329022612,8.233790611494294E-4,9.617240371634857E-4,8.094910540654987E-4,0.0022133604135894944,9.9108218697697E-4,9.583176204445937E-4,0.0010990876165365465,9.806336659728358E-4,0.001053936809029311,0.0013946351657537438,3.445557853849014E-4,0.003234496524196011,6.701990724369408E-4,2.1583866241903351E-4,4.666428611941645E-4,0.006489570186475102,0.001431265127910146,0.018941663387180133,4.2938168594921166E-4,0.004758987638878335,0.0016800539405585888,8.031126388387316E-4,0.0013259324358487902,0.00411065384231673,0.001027994928872377,0.0049576869738402335,0.0012552185808464124,0.0021960009147590663],[4.18958401198137E-4,0.048921062931967296,7.895271665738974E-4,0.005995214171021134,1.7578968057038928E-4,0.0013147067069661181,0.007726286029184166,0.00427628011418836,7.548056269214159E-4,0.0013774987489445344,0.0013345777376238429,0.0011076763287717834,0.001451727366927584,0.0013274702156735093,1.0,6.44326039461369E-4,0.0014491395394984918,0.0012478892635530306,0.0065813817587649735,0.0011720751382063906,0.0015588105449008429,0.0011320888764099904,1.9175624085195946E-4,0.0011519353044130696,1.2518013788994454E-4,0.0013590399977446688,0.0019746435298043864,0.0010666991665466054,2.2548060365792092E-5,0.0012036183522254869,0.0012391615018685406,7.472989582570873E-4,8.512839594089818E-4,0.00129825290211628,0.0018875068169560713,0.0012405778307924603,0.001024698358087286,0.001266234052672156,8.734847975458137E-4,2.746773473747817E-4,0.0015176592816127097,3.7162748226801336E-4,0.0035797054246400825,3.0272548143017714E-4,4.817875275316073E-4,7.152819675975042E-4,0.0029300273866975186,0.0015243282204290766,0.025317948243316093,0.0010489654029478713,0.007346506506586501,0.0015238921989676971,0.0013047005860555452,0.0012728355286712064,0.0014858141039928191,6.84431541310813E-5,0.0026760983792413658,5.571261087073606E-4,0.0016917347832201986],[1.280613569264549E-4,0.028785929329249272,3.195908617661872E-4,0.012085136235713662,1.0142795186362652E-4,9.682941648411768E-4,0.0025406967374413114,3.4353004349872165E-4,9.898042877135171E-5,0.001016458156781687,5.883504038223644E-4,3.3050659789197085E-4,0.02077229751556401,5.753731607511139E-4,6.44326039461369E-4,1.0,8.694229261859577E-4,8.827950158091244E-4,1.7363317392342202E-4,4.3898284113437085E-4,7.421083024042132E-4,1.1111169745869856E-4,8.049721804241744E-5,5.6019429017317684E-5,6.23385917661884E-5,0.0013500687947143606,0.001822908797944675,4.292632020809385E-5,6.960001225545975E-5,8.058870342465531E-4,6.734795270754412E-4,4.044727796764398E-5,1.1956646475162774E-4,1.804175663377401E-4,0.006388302051557217,1.15171916992885E-4,9.823875650239902E-5,1.1055068857857283E-4,7.864459620887573E-5,1.1054559595690295E-4,0.0016998288099256027,8.153881585275973E-5,1.2037844467504827E-4,1.591755790479202E-4,9.252058389350871E-5,2.8790415755595316E-5,0.002992371029035042,2.3264673392451647E-4,0.012207831685505906,7.178090203998578E-5,0.007474862377183842,6.297479410253272E-4,6.255508945972762E-5,8.254193525565901E-4,0.003430131696024256,5.828695659995538E-5,0.013094014712120646,2.0256642156389225E-4,0.001928989495412134],[0.00589204740481979,0.06158301199692562,0.0029643299285928024,0.011638794011108261,0.0033520847851561254,0.005886134799056003,0.008123675054171423,0.005777386102649421,0.006214029373030706,0.00360650882796823,0.002235419693458123,0.002348578737700182,0.01102967345970596,0.003539345730700528,0.0014491395394984918,8.694229261859577E-4,1.0,0.002355681914687316,0.007255040079346604,0.004524393172397117,0.004580690628345244,0.006227620396984441,0.0036591097623201677,0.0051973730041472615,0.00632986885822098,0.004650408332469174,0.002979817144356088,8.058267099228813E-4,0.002200184683011087,0.0014324479658827775,0.002829704209924889,0.0033126620221992525,0.006506187492802169,0.005968131336295401,0.0067407384688915415,0.003977763031723418,0.002463288719887109,4.927535898457001E-4,0.0032536676952839225,8.791635254538023E-4,0.0028287767514243384,0.0011325323080406584,0.004688406302875602,0.005270162898709107,0.004433547745851538,0.0038454959259287317,0.007302555238009624,0.0035694315691352316,0.021832285520388357,0.006141237491472639,0.006949077273175524,0.0029751703351227933,0.002914479490113565,0.0060501178691143975,0.010656234920552732,0.005172986417331693,0.008856625408302917,0.003289384324457739,0.006673900162323408],[0.0010759265707347455,0.04263046300394608,8.037954971559217E-4,0.005224458649192227,9.470876208548785E-4,0.0011032893067528678,0.0038839100822742776,0.0020063879739325254,7.174330674438157E-4,0.0013495619789354687,0.0012919313752616127,9.319320457626853E-4,0.03385619198934747,0.0012801593068646848,0.0012478892635530306,8.827950158091244E-4,0.002355681914687316,1.0,0.0128043483211112,0.00117149148908209,0.0011973453497601382,7.105580697092747E-4,5.832222430555788E-4,5.800294905580126E-5,5.552476510427443E-4,0.0014103413604722068,0.0025453800646922245,3.195112180304689E-4,6.23514532828397E-4,0.0011415911370833353,0.0011424252216256908,7.998024824083424E-5,6.31297765869371E-4,8.561392007631864E-4,0.005085350441186928,5.856436721518335E-4,8.61978933378461E-5,7.273833461170654E-4,5.846433628027346E-4,5.911717092387915E-4,0.0012409411991833044,6.134547455353071E-4,0.0013981139821890743,0.0010359690570588245,7.411834915322678E-5,5.947825058769269E-4,0.005699902834096687,0.0013424714295121125,0.028771320592356896,0.0011597441158790976,0.006476964342015425,0.0013227536592595316,4.1009393800849555E-5,0.0011685520006722457,0.007656405739693057,3.099348709777286E-4,0.01533653967598514,6.782728807899969E-4,0.0017086531849786275],[0.002593559602764591,0.05118124220296816,0.018099895986673345,0.024304260044733676,0.012341458971374517,0.0028477606818512707,0.013923218000045291,0.016758913053744193,0.020879408203080145,0.0028404268361455097,0.012187455013997938,0.017100863669424208,0.03513730813954251,0.007854014216119554,0.0065813817587649735,1.7363317392342202E-4,0.007255040079346604,0.0128043483211112,1.0,0.010172712046598802,0.007168638723449503,0.0184416049069794,0.008742552300601556,0.002624409114083999,0.02113435717053137,0.005763278852178351,0.019087559295409617,0.0018899948789745003,0.02171060248687468,0.011662709478278861,0.005601349459657568,0.0022357425244565574,0.012938323522652215,0.009153258769631122,0.015353228935105098,0.013676010309514097,0.0020183330679025267,0.0033596010433580873,0.0022479856460635274,0.015725034318252243,0.0023404121564932208,0.004247208097778805,0.012754783257343295,0.0058414428093824565,0.011517173139144316,0.00839799366572524,0.01248726813406361,0.006175449273665855,0.02749264487176192,0.014449161368995093,0.02062723608604286,0.01081923898154801,0.012252670252865036,0.008763198650830134,0.018943191713613364,0.005448218976573805,0.022468495460694498,0.02023850422190102,0.01398505305732699],[2.7713453112240697E-4,0.011546305211318731,0.0011611476363662635,0.010321049818079664,5.66919747950295E-4,0.0011244873482515528,0.010536548979584597,0.004530591026584546,0.001016806871042008,0.001263385112744451,0.0012295832579993513,0.001103424959711351,0.04337000920103806,0.001259732375032633,0.0011720751382063906,4.3898284113437085E-4,0.004524393172397117,0.00117149148908209,0.010172712046598802,1.0,0.0016801855647128228,1.2301888590172084E-4,5.030698309282986E-4,0.0011457471844622724,2.1056484682132048E-4,0.0014102827908646573,0.002308643277352394,9.613217584547186E-4,9.687373867001827E-4,0.001144463055859429,0.0011657814857589323,0.0010954900311836348,7.903976102172783E-4,5.269874255311373E-4,0.0020953259903255146,5.920249048844248E-4,2.2528437241189054E-4,6.239017511490479E-4,5.667221760400076E-4,2.3508186488290173E-4,0.0013417278304360433,4.931187463746244E-4,0.002651406341401856,9.427916193467476E-4,1.9596297807235937E-4,2.4750015257885433E-4,0.00337927826928849,0.0012091879099458244,0.0258557430220143,9.38955769440326E-4,0.0026785064814240293,0.001817837109062673,4.3536455833191373E-4,0.0011446856176458584,0.00253687890709852,3.4860298427375684E-4,0.018560319536136856,9.81244121488742E-4,0.0020065389700891266],[8.752490450602993E-4,0.030135256141557452,9.673083580417118E-4,0.006403696496469676,8.055107941146543E-4,0.0011873282826621047,0.011945510737512814,0.0026463618866808493,0.0010848783523957294,0.0015282864550493058,0.0015798198186341452,0.0011392556889525905,0.04763996718945961,0.0015508064628228543,0.0015588105449008429,7.421083024042132E-4,0.004580690628345244,0.0011973453497601382,0.007168638723449503,0.0016801855647128228,1.0,1.8870967751756366E-4,1.3434063849839952E-4,4.321605662688035E-4,0.001171355736824084,0.0015869681086196675,0.0018107502439060554,3.916220895116453E-4,9.745882277113508E-4,0.0014035511832864022,0.0014908856105528294,3.828246686203282E-4,0.0014523347907660971,7.108804329560433E-4,0.0066443266539696205,0.0010112954059949882,0.001623140615182179,7.785706249778681E-5,5.31049682352145E-4,0.0015236985174409987,0.0017486516428236601,7.03254051272701E-4,0.0033595478128647807,0.001679485443499368,3.949124711256448E-4,5.297032184239482E-4,0.0038972305698136527,0.0016925236322819794,0.023836922427454166,3.8331172096834167E-4,0.006749489192818478,0.0020200156074789482,2.752678122985405E-4,0.0015697139849014064,0.0023873803166561823,7.131088339945167E-4,0.02081175877485254,5.748431080939491E-4,0.0020386078615228734],[1.2823242379867512E-4,0.06451519859209628,1.888506560274206E-4,0.015294125502501503,9.689685400233328E-5,8.36128803054345E-4,0.007068725921195231,1.6773690313603263E-4,2.1872229757077848E-5,1.3589401238137412E-4,7.759723731595057E-4,7.64547171277303E-4,0.038883324604961904,9.95421499534439E-4,0.0011320888764099904,1.1111169745869856E-4,0.006227620396984441,7.105580697092747E-4,0.0184416049069794,1.2301888590172084E-4,1.8870967751756366E-4,1.0,5.0633505276221675E-5,2.7848729861918795E-5,2.8578997661518035E-5,2.649170366335554E-4,2.450551800661652E-4,6.431049452989751E-5,6.573958264606864E-5,6.497868497960337E-4,6.193214965881579E-4,2.7025762028678093E-5,1.1471106472543055E-4,1.384350055097061E-4,0.00559433536498503,1.0425411369805345E-4,5.7455501947176916E-5,1.7044428625856936E-5,6.658420374277151E-5,1.0685116750083193E-4,7.739921249975089E-4,4.1190240908112825E-5,0.0013365486545967374,2.6102318445613893E-4,2.1415292212821154E-5,4.891376339988043E-5,4.730143474830871E-4,1.468954976786262E-4,0.005499804836899603,6.855328467580193E-5,0.005856148839514278,0.0012995283860449598,1.5745809523817276E-5,9.840283267510811E-4,0.01170317264863193,2.668782308402852E-5,0.004780101267754503,1.2942260131670338E-4,2.8977216973373433E-4],[1.3496737069690514E-4,0.04657899525455855,3.0086310659239817E-4,0.019687463482500306,4.5162175784438735E-5,4.095231259571635E-4,0.006924282936690537,0.0022130762561854496,1.1854697061319055E-5,7.184653251423182E-4,8.100136786068953E-5,6.62383566010842E-4,0.011880789886840748,4.122875865043933E-4,1.9175624085195946E-4,8.049721804241744E-5,0.0036591097623201677,5.832222430555788E-4,0.008742552300601556,5.030698309282986E-4,1.3434063849839952E-4,5.0633505276221675E-5,1.0,3.57978229204375E-5,3.401890712829677E-5,1.2174954086108388E-4,0.0015931903418672292,3.160385908216142E-5,2.2229452392424357E-5,3.2948322163319605E-4,6.130337291455884E-4,2.5119157117395965E-5,1.1878595781327877E-4,1.2560808231052304E-4,0.0023397264944236733,7.895700180505965E-5,4.345104984806074E-5,3.285743116613319E-5,1.6528769447760825E-5,6.651378929171188E-5,3.427871938389079E-4,3.348597719006392E-5,0.0030259967734523495,6.608648039831561E-5,3.5016597931243836E-5,2.187794172547282E-5,0.0029412823617049606,7.408017537926776E-4,0.002677065834322834,3.2482935363470074E-5,0.0028566491778242407,0.0010410077659434639,1.57722019641046E-5,7.934590575696284E-4,0.005565407310423481,3.127824062689425E-5,0.00323957453790315,1.9113178014240848E-4,0.0019888027404929448],[1.5931451463896735E-4,0.0225142708904673,2.597167239282203E-4,0.019902811325541964,8.228309018570169E-5,1.5582609142056634E-4,0.0078087029621299545,0.0018356500613931563,1.1578794993882821E-5,6.260639121260378E-5,0.001191342621818757,6.078810651683528E-4,0.02557547136979363,0.0010881868705763034,0.0011519353044130696,5.6019429017317684E-5,0.0051973730041472615,5.800294905580126E-5,0.002624409114083999,0.0011457471844622724,4.321605662688035E-4,2.7848729861918795E-5,3.57978229204375E-5,1.0,2.8117985153249026E-5,8.31671622713699E-4,2.8500600997928425E-4,1.4875130410233875E-5,1.1685848676295285E-5,0.0010702346094946236,5.512102586662473E-4,1.7945381806106495E-5,1.7617923370757823E-5,1.5575236409277787E-4,0.0017319812815305958,1.1243562321913948E-4,4.3058102603468324E-5,1.1913529179986896E-5,1.1539197327012446E-5,7.852829490480625E-5,3.3900940071161377E-4,1.5684859933597008E-5,4.062739024452123E-4,1.9552991948133464E-4,1.895063761732211E-5,1.1971323164261672E-5,0.003984362503389315,2.8403987523030873E-4,0.021722321934930948,1.9241212856463915E-5,0.006505954927668192,5.446085125412828E-4,1.196547048688595E-5,7.970322746224755E-4,3.232282606443117E-4,1.387548518185731E-5,0.019316821560654514,7.089565788688979E-5,8.714771602156503E-5],[1.6767637633977142E-4,0.05699093941450837,6.745294311326106E-5,9.684911774340185E-4,8.538760097256678E-5,8.053276577636986E-4,0.001506973228904688,0.003139973437446745,1.969691979216533E-5,1.8139811610244218E-4,0.001099090125479184,7.831832263801409E-4,0.038325999287644005,8.103418525687275E-4,1.2518013788994454E-4,6.23385917661884E-5,0.00632986885822098,5.552476510427443E-4,0.02113435717053137,2.1056484682132048E-4,0.001171355736824084,2.8578997661518035E-5,3.401890712829677E-5,2.8117985153249026E-5,1.0,0.0011126660471663533,0.0017495294305689651,2.6177322153925275E-5,2.1482493958229515E-5,7.423984043443857E-4,6.211396991920868E-4,2.2162123252780685E-5,3.168227425216743E-5,3.071783665098199E-4,0.005755543427580061,8.347177932999324E-5,4.618433438315475E-5,1.45450495274126E-5,2.5111223486172362E-5,3.735938158710925E-5,4.242416915687276E-4,2.7209918337504948E-5,0.0021951672109548136,1.30695955903764E-4,2.054017862997368E-5,2.182483388847002E-5,0.0062499385973604615,0.0014978516325953165,0.03348170571402037,2.9474891794872282E-5,0.0041481483014797205,9.96062128092283E-4,2.7282083142719273E-5,8.460349113098344E-4,0.0025217897106305873,2.703607740781919E-5,0.007548861541552066,1.638057895456079E-4,4.949393480667685E-4],[4.525149514390825E-4,0.05572646126980564,8.069206710172262E-4,0.014142130597216116,2.3466845806175037E-4,0.0013504048759382574,0.008380263470849197,0.00418586702405635,0.0014210917784331762,0.0014974620635883284,0.0014504487340811633,0.0012041055102311,0.02629193046663934,0.0014302808599245273,0.0013590399977446688,0.0013500687947143606,0.004650408332469174,0.0014103413604722068,0.005763278852178351,0.0014102827908646573,0.0015869681086196675,2.649170366335554E-4,1.2174954086108388E-4,8.31671622713699E-4,0.0011126660471663533,1.0,0.002267786043725083,2.6210020323898204E-4,0.001292596340423264,0.0014334732999244405,0.0012697543226095887,6.830508478213491E-4,0.0013530939407754522,8.135661891809912E-4,0.0034421905736059964,3.8522811986721174E-4,1.3751393018617903E-4,9.195638932816943E-4,1.8334561182570106E-4,5.234992951008036E-4,0.0014849198374839638,0.0011514518879891561,0.0032324659624361515,6.301802940291384E-4,7.271447065245593E-4,1.2141442668621494E-4,0.006667136482199093,0.00160220737986772,0.01635254211078918,2.1665166085727165E-4,0.0034618545148826707,0.0017812194526610628,4.091608077643965E-5,0.0013788075494411529,0.003054953197125074,0.001301353944441608,0.02281275953958967,7.109053109392567E-4,0.0025387977889082527],[0.0028255722376922168,0.06289749073847065,0.0016043939189255097,0.01671158882084335,0.001669109016643039,0.0018859010575045677,0.005779850202167343,0.004608653252611582,8.648343995732466E-4,0.0017843180550274449,0.0026941288203013326,0.0016158014310799957,0.012074158072188782,0.0016300228835028924,0.0019746435298043864,0.001822908797944675,0.002979817144356088,0.0025453800646922245,0.019087559295409617,0.002308643277352394,0.0018107502439060554,2.450551800661652E-4,0.0015931903418672292,2.8500600997928425E-4,0.0017495294305689651,0.002267786043725083,1.0,0.0026512708247026,0.0013700523727151251,0.0023239795310351255,0.001582835374737615,0.0021854396982230765,5.760018881228527E-4,4.7227735377474133E-4,0.004953131686251845,8.121521835332357E-4,0.0017901637894989146,0.0016119373097801858,0.0016779012558023813,0.002462736232888123,0.0023012185588495134,0.0028229489727016666,0.003920468887934427,0.0016345689611020411,0.0021842327073909457,0.001814956554330607,0.003249208457351153,0.0020690076999944395,0.011725009965552785,4.3114394760842024E-5,0.0068767568684276435,0.002582602200162732,0.0025391096426458006,0.0021950663065938665,0.009699094483918093,0.001962221973872836,0.010653666065889203,0.0018257232786212665,0.00272593859109103],[1.3252246655278834E-4,0.0021871422702241837,3.9264311271634345E-4,0.01077570908192624,3.844825130315371E-5,8.106144899283735E-4,0.011670820537668112,0.004924406942497464,1.7373870502940833E-5,4.316954865974972E-4,0.0011918553629643974,6.023256206785084E-4,0.03317267121108956,2.921915956836742E-4,0.0010666991665466054,4.292632020809385E-5,8.058267099228813E-4,3.195112180304689E-4,0.0018899948789745003,9.613217584547186E-4,3.916220895116453E-4,6.431049452989751E-5,3.160385908216142E-5,1.4875130410233875E-5,2.6177322153925275E-5,2.6210020323898204E-4,0.0026512708247026,1.0,2.1636109657564405E-5,6.4901835872868E-4,4.7788592568846826E-4,2.1366222700837418E-5,6.220665659304525E-5,2.6718931520399163E-4,0.002998511067287222,3.1965365149971766E-5,4.546918317435571E-5,1.5204124551135787E-5,1.9941498397435638E-5,9.913247289486914E-5,8.868155909391517E-4,2.021606991221814E-5,0.0022033518722774682,9.610535697155076E-5,2.2367326948220004E-5,2.1467380607647276E-5,0.006314117635394606,8.219803487482064E-4,0.035339562016306336,2.8602574909593847E-5,0.003489092823980684,0.00222696125949881,2.0662685247580097E-5,8.200927776085131E-4,0.006530620826384421,1.5241825761909011E-5,0.024348687128110277,2.3304025649169564E-4,0.0021676907908637936],[5.805044822024746E-5,0.011829976072933557,1.5641779562926164E-4,0.016087131337943247,3.3008587165085467E-5,9.039030391063226E-4,0.005239185305191766,6.010915869164595E-4,1.1318816893916666E-5,0.0011000829326800947,2.4002118619994005E-4,9.012060253543251E-4,0.03131425748803372,5.937925197674393E-4,2.2548060365792092E-5,6.960001225545975E-5,0.002200184683011087,6.23514532828397E-4,0.02171060248687468,9.687373867001827E-4,9.745882277113508E-4,6.573958264606864E-5,2.2229452392424357E-5,1.1685848676295285E-5,2.1482493958229515E-5,0.001292596340423264,0.0013700523727151251,2.1636109657564405E-5,1.0,1.6266098647535666E-4,7.202354557453726E-4,1.1805833638344719E-5,4.544682532717311E-5,1.5671987434687573E-4,1.9804519084547E-4,1.122620708450764E-4,3.828678949472717E-5,1.0993593183235846E-5,1.0686319909101441E-5,1.088551966786455E-4,5.070046219207772E-4,1.2928253298199976E-5,0.00255459768978098,2.596548976130796E-4,1.476366016378574E-5,1.3513390615031891E-5,0.00607274075324561,8.500362766131733E-4,0.004737902026763397,3.013238215719154E-5,0.0021386652830649865,6.848094696920724E-5,1.1837877966495145E-5,6.425818344355243E-4,0.0017392428510736061,1.2476354819367817E-5,0.02032240717597487,2.6739108077625327E-4,4.061177297799898E-4],[8.533061840380754E-4,0.03500460694047826,0.0010923442930398685,0.0039155374898159545,0.0010765140758757577,0.001085394196873864,0.0023955534671911134,0.002170584735172981,2.5872881853508065E-4,0.0013957029855273802,0.0011380061370383856,9.743130180202047E-4,0.022892349032666025,0.0013168814109798537,0.0012036183522254869,8.058870342465531E-4,0.0014324479658827775,0.0011415911370833353,0.011662709478278861,0.001144463055859429,0.0014035511832864022,6.497868497960337E-4,3.2948322163319605E-4,0.0010702346094946236,7.423984043443857E-4,0.0014334732999244405,0.0023239795310351255,6.4901835872868E-4,1.6266098647535666E-4,1.0,0.0011268642390308448,9.528839062653548E-4,8.850061653835785E-4,8.992915375676354E-4,0.005910746240922713,7.340951798753288E-4,1.9436404747330945E-4,5.316897247121166E-4,9.108912289982564E-4,9.518311282731223E-4,0.0015716590680286086,8.61700884306653E-4,0.002964888487992398,7.600762184684438E-4,1.2551425374909364E-4,1.4254915333235648E-4,0.0021575132928758267,0.001618290982332828,0.007901670413870607,8.66675532422388E-4,0.006934488074528564,0.0013904428549882846,3.3006865830593915E-4,0.001098835702363308,0.008439291922115705,5.958021560244984E-4,0.01948934596084697,7.113641975664628E-4,0.0023776378356180003],[4.147709152084463E-4,0.03811374214634395,5.399054789544396E-4,0.003726647839385972,7.054908492380145E-4,0.0010532890569093982,0.0037843919435749003,0.001578033285044975,1.6707486616652524E-4,0.0011860499962500616,0.0010972402711660156,9.744466438261703E-4,0.030341304989061593,0.0011524286329022612,0.0012391615018685406,6.734795270754412E-4,0.002829704209924889,0.0011424252216256908,0.005601349459657568,0.0011657814857589323,0.0014908856105528294,6.193214965881579E-4,6.130337291455884E-4,5.512102586662473E-4,6.211396991920868E-4,0.0012697543226095887,0.001582835374737615,4.7788592568846826E-4,7.202354557453726E-4,0.0011268642390308448,1.0,7.248654926077765E-4,6.977750266832304E-4,7.875630497223986E-4,0.006727085353992197,1.5292758972493452E-4,0.0010045310561201135,4.1641853800286323E-4,2.555602079727442E-4,3.3954589324040115E-4,0.0013601368695707076,4.6329906708086834E-4,0.0027592389800967284,9.904642683263836E-4,2.3399455119954197E-4,6.854120779680295E-4,0.005387846621377183,0.001376141916489389,0.0345732858882536,4.41151193618635E-4,0.0010654589827638129,0.0015314732580491005,8.046695749636413E-4,0.001053468122464842,0.0072879917403612686,5.845849568702255E-4,0.013141971780927231,5.778714325299674E-4,0.001575519923887487],[1.2795382050988116E-4,0.00806410733153815,6.801800714334444E-5,0.00918529971632259,7.214365059007863E-5,1.2091694230965959E-4,0.011102466384202392,0.0013501906943198159,1.4551467127829917E-5,4.116427283675163E-4,1.0377108011193272E-4,9.901873477886145E-5,2.3245641090539014E-4,8.233790611494294E-4,7.472989582570873E-4,4.044727796764398E-5,0.0033126620221992525,7.998024824083424E-5,0.0022357425244565574,0.0010954900311836348,3.828246686203282E-4,2.7025762028678093E-5,2.5119157117395965E-5,1.7945381806106495E-5,2.2162123252780685E-5,6.830508478213491E-4,0.0021854396982230765,2.1366222700837418E-5,1.1805833638344719E-5,9.528839062653548E-4,7.248654926077765E-4,1.0,9.673911476744064E-5,1.918945416909459E-4,0.004941239603491166,8.526170069861089E-5,4.791538504713745E-5,1.3250946755284168E-5,1.878122658476393E-5,6.42633546273611E-5,0.0010674756184295702,1.6368635636371036E-5,8.031077548107733E-4,5.9984921738438614E-5,1.9289305289324265E-5,1.8753040023563838E-5,0.003925426624130824,0.0012241628317185619,0.008366637882361508,2.0346161793692747E-5,0.0021039514908701863,4.691436744381052E-4,1.64927004995947E-5,3.234224966630904E-4,0.01157403780321201,1.622977841120564E-5,0.017096541112313526,3.4257163736920007E-4,7.71755997828021E-4],[1.85171618779093E-4,0.022398602471853005,2.065951750848912E-4,0.01849047432359146,1.6112870541217645E-4,1.7253595501020644E-4,0.007281882832303878,0.0013838991918517082,7.321229576467583E-5,5.300210157096535E-4,8.44267089320121E-4,3.4928892427545533E-4,0.03009559559656016,9.617240371634857E-4,8.512839594089818E-4,1.1956646475162774E-4,0.006506187492802169,6.31297765869371E-4,0.012938323522652215,7.903976102172783E