[[1.0,0.0013702059731394273,0.0010625257451823797,2.0772257460523096E-4,4.910426787422878E-4,3.4996740566346735E-4,4.459689042165377E-4,4.5891488873112476E-4,4.72223296173963E-4,0.0039029001764882367,0.007520063809822841,3.293682343514341E-4,0.0059190963983267635,0.012358371115964705,7.473578604007087E-4,1.917546152286632E-4,0.0015670308686586399,1.2738734823039652E-4,0.030643035225088527,8.80179507577577E-4,2.2955648068031262E-4,9.377074917375371E-4,2.196379926337443E-4,0.0010507128825241235,4.967547007436063E-4,4.8581555734658865E-4,0.0015495951726941662,0.0015562852837464596,0.0032474794002524945,0.002104363501835038,0.013979600852794951,4.0037731794419814E-4,3.751524489616863E-4,0.003057819827983156,0.01303910453360462,1.7959870059487313E-4,0.031290294492754826,2.775804039633549E-4,8.997088616253272E-4,7.345481289632416E-4,6.875030965142843E-5,0.0036933611962354997,3.9719911073959424E-4,0.0017091859470317215,0.0033373308296862246],[0.0013702059731394273,1.0,0.0019028831363786562,3.362028491675658E-4,2.2844324988736798E-4,0.0015859078574493133,9.097410741289793E-4,0.0019164179000204728,0.0014128653755064345,0.010448112468121535,0.0233542163432011,0.0011199847907127837,0.0023640000594208274,0.006594616056944431,0.001959304382966038,1.9011093358615278E-4,0.0018021241826359645,0.0019470608961474896,0.011403579642296362,0.001696573588765119,0.0016195560485969885,0.0021207785816186697,0.0018454269554307652,0.0019366164062926843,9.822858957385262E-4,8.904438834510912E-4,0.0019453769752803508,0.00187852718209516,0.01302088052563077,0.003801005972228354,0.0022206148567683647,0.0015413677816451994,0.00175331256774318,0.002894033927468329,0.004742244054570873,3.316769046335205E-4,0.04976490056150123,8.18772177243466E-4,0.0013661807464724633,0.0016549413962109953,1.821679224541489E-4,0.01589091218413241,0.001553730838765379,0.002453912918186464,0.0030166457092219564],[0.0010625257451823797,0.0019028831363786562,1.0,5.988411517189269E-4,0.0012883069994708677,0.001513183603877483,0.0013730671484832695,0.001142997882930149,0.0016082680024707007,0.0062178219842528495,0.024790463874488262,4.2003552675993187E-4,0.008237181065971577,0.004829204246462756,0.0018322696487175203,0.0015515335740379237,0.0016182674979853084,0.0011727530750677453,0.006584057974558362,0.0014268124816536935,2.6167362526782235E-4,0.0019231162863067618,7.141088486242227E-4,0.0013835631119416484,0.001487456392751049,2.795792957005213E-4,0.0016688185907205333,0.0017080340926287423,0.009859218706716459,0.0020718979954453126,0.002554205925508986,0.0014385742528082077,7.536558132238107E-4,0.0035291125393512586,0.01487750137670477,4.631607302154587E-4,0.011117631591234314,0.0012813914463230022,0.0014684607128390757,0.0015569523915132445,0.001346029081771746,0.008315668881847019,0.0012806226063815913,0.001948509657892128,0.002606100060288554],[2.0772257460523096E-4,3.362028491675658E-4,5.988411517189269E-4,1.0,6.017554043571453E-5,4.358419029685135E-5,9.57580852616964E-5,1.9797786644696767E-5,1.2940007156380282E-4,0.0032966684167938347,0.003934877614236059,8.687432255048844E-5,5.130263920072394E-4,0.006181204559450599,4.1148574203771893E-4,7.004534787896477E-5,3.42046669270859E-4,3.05164132981436E-5,0.021471531487330244,7.129650373506753E-4,1.0810307266764812E-4,0.0019142874414169462,6.795024844367801E-5,9.636034018139626E-4,3.980040106648747E-4,6.088724013394566E-5,5.685424285634905E-4,0.001173169977070466,0.018895098462631727,0.003162376432144687,0.011131660077060892,8.30719180998503E-5,2.7810415350414296E-5,0.0020629530439218013,0.012816073064669963,3.049075486296499E-5,0.04721089902265085,1.1222865929467012E-4,0.0011238030638066239,8.078589685724892E-4,2.8723724083492044E-5,0.005229471635816323,8.798312136387064E-5,0.0014735010811816349,0.002545976041317534],[4.910426787422878E-4,2.2844324988736798E-4,0.0012883069994708677,6.017554043571453E-5,1.0,1.1913140650035776E-4,1.346795538316577E-4,1.5012133243785174E-5,9.293859850506523E-5,0.00821940175098477,0.026313925028681916,9.2491883006405E-5,0.0025795221257934597,0.010450668272911467,8.481079787601585E-4,7.742618894354778E-5,5.911379476558807E-4,7.126656125787091E-5,0.011451835812627913,3.0425906901529015E-4,8.915278033896624E-5,0.0011383160749947887,1.065251828280972E-4,4.3322231529598234E-4,3.3111536501279255E-4,8.640237520235487E-5,2.487649026240189E-4,6.108257363355648E-4,0.010727434991889892,0.0029078188128849386,0.0016991497131383928,1.0234608004368098E-4,3.357290052712938E-5,0.0031504959484857853,0.00966194008098581,5.312530131553407E-5,0.05086661371295797,1.1348767374453699E-4,1.7673280784074805E-4,8.14046831715292E-5,2.162410627842624E-5,0.017080205296250733,1.457364968901393E-4,4.206815478692321E-4,0.003602751128467587],[3.4996740566346735E-4,0.0015859078574493133,0.001513183603877483,4.358419029685135E-5,1.1913140650035776E-4,1.0,1.2660951807272813E-4,2.417948932744447E-5,1.6398017490122177E-4,0.0023758923143645406,0.0018631678416071824,1.5097855541340157E-4,0.003020129450773423,0.0028163848149828185,9.357009820745366E-4,1.2625840573313827E-4,0.0014601551723857219,6.335508984665433E-5,0.030340362628614333,9.230943879890438E-4,1.2249581131248667E-4,0.0013201857091087355,1.224468391766276E-4,6.813675342211785E-4,9.024218356705322E-4,1.0449498316470894E-4,0.001476742088865428,0.0010782342525654004,0.014667061025097,0.0033588485085247377,6.671308462706284E-4,1.331843091041656E-4,1.0233765232057845E-4,0.003687834184600238,0.010027141299696802,5.519715136422514E-5,0.007033950779825509,1.302845950975217E-4,6.073262102084192E-4,0.0010037799927201875,1.1316473727275542E-4,0.01889259612715422,1.5963179120635372E-4,6.415388400300178E-4,0.002821834591002289],[4.459689042165377E-4,9.097410741289793E-4,0.0013730671484832695,9.57580852616964E-5,1.346795538316577E-4,1.2660951807272813E-4,1.0,1.9801691523220057E-5,1.578013890569805E-4,0.002336657510631122,0.03081301981770168,1.5470358603657594E-4,0.00516675431499407,0.011211329346868457,2.2390245302266227E-4,1.4934330987264883E-4,0.0014676105845188056,7.336947672286501E-5,0.006548949244618131,3.0134881448044533E-4,1.2817296868424734E-4,0.0020749550372469107,1.4375550901504246E-4,2.743062776916485E-4,7.23378535720386E-4,1.3787870444661662E-4,4.8679923372375866E-4,7.184899927821706E-4,0.005240362354121521,0.0014012579230831402,0.004699665272313618,1.4086140719952596E-4,3.093734756182436E-5,0.0014105885733483076,9.181189906590433E-4,3.2743979834584923E-5,0.03499823315897922,1.4855710496855924E-4,9.02952316428934E-4,8.511254749356146E-4,3.500063027284861E-5,0.025120622093528014,1.588806813801902E-4,0.001097353308479513,0.003170272775301722],[4.5891488873112476E-4,0.0019164179000204728,0.001142997882930149,1.9797786644696767E-5,1.5012133243785174E-5,2.417948932744447E-5,1.9801691523220057E-5,1.0,1.3066752804375716E-4,0.009422769315867939,0.03154047721051549,6.530315746244161E-5,0.005474394130613857,0.0010067586044178178,0.0013899963110925748,7.995053991121195E-5,4.3740983845794553E-4,1.9782597205440887E-5,0.015015724324526773,1.893058043563178E-4,6.896552303412735E-5,4.5146323843095834E-4,5.831149286334995E-5,0.0010124908585338098,8.350513350189189E-4,6.006606928670542E-5,0.00133870529100089,6.292846685757242E-4,0.0198051266837311,7.288389411868408E-5,0.010540573162519789,3.827195838077032E-5,1.3177623550887073E-5,4.236173563868367E-4,0.0022243894675365227,1.937442743236414E-5,0.008777897719540574,1.1767081845082095E-4,7.525577683377343E-5,2.1779784946372849E-4,1.662804965964212E-5,0.013007977352944209,8.73325391196663E-5,0.00102298638152188,0.0029904592992454574],[4.72223296173963E-4,0.0014128653755064345,0.0016082680024707007,1.2940007156380282E-4,9.293859850506523E-5,1.6398017490122177E-4,1.578013890569805E-4,1.3066752804375716E-4,1.0,0.004011915525054202,0.02310575526386777,1.5541143671523257E-4,0.005263810317095756,0.005782714969521691,0.0010331074118312552,1.4532548113606097E-4,0.0013689728763339414,1.2098281573822746E-4,0.012460394697603983,9.009590987351277E-4,1.4371423759189296E-4,2.075276305937062E-4,1.5971649381753416E-4,0.001098218052588777,2.2206914271862352E-4,1.0483390081108628E-4,0.0011544777148891397,0.0013330448412462934,0.009253083567196391,0.0014886315470116261,0.01213997170284664,1.6320632414698025E-4,1.249106644427428E-4,0.0030038680189005155,0.01598726841216906,1.5976319304005006E-4,0.03570143365277293,1.505424541488948E-4,5.189574946807169E-4,0.0013218336304879484,3.378656445337711E-5,0.024497823844875526,1.6789318199894555E-4,2.442281372287604E-4,0.0028116215627500686],[0.0039029001764882367,0.010448112468121535,0.0062178219842528495,0.0032966684167938347,0.00821940175098477,0.0023758923143645406,0.002336657510631122,0.009422769315867939,0.004011915525054202,1.0,0.026931421705058127,0.0037298300396128,0.012690703581900272,0.01293970656798266,0.0023618180098618894,5.355010412843491E-4,0.004887577092166478,0.007428309869467235,0.03212347469529554,0.005545046450583581,0.012863605504044612,0.008262413400883658,0.006054253297595434,0.007990968404353295,0.004869421104309913,0.00329560546870108,0.010912050830485364,0.0048096155099334416,0.013008233586129883,0.005338434531843407,0.013352289472822961,0.005558952003460839,0.009551682504946922,0.005375821888288655,0.013012892394626911,0.00429050489151323,0.03392846258700617,0.006796223748723507,0.0072867646788387815,0.0072971708534482925,0.012302399641532904,0.022237875925489967,0.01143896261531359,0.0028318992984640006,0.004286438023467976],[0.007520063809822841,0.0233542163432011,0.024790463874488262,0.003934877614236059,0.026313925028681916,0.0018631678416071824,0.03081301981770168,0.03154047721051549,0.02310575526386777,0.026931421705058127,1.0,0.027125685323584624,0.01896055212581091,0.019038270524704554,0.0038541089717792137,0.024079065976177743,0.017731766858088954,0.014746885304335778,0.0323598406889639,0.02658805592909278,0.027103145302435346,0.004663776897118605,0.016658646259085114,0.01948654371014468,0.0036741937180724037,0.01873995881884677,0.0024665556023079137,0.02937927883698575,0.02836065952233656,0.009112964842208405,0.027655237639965097,0.004546714769161431,0.00646123251000109,0.031237422295631197,0.029982929589664253,0.02111812214367984,0.05738052723195327,0.004281211632636698,0.006263461360241225,0.010661788661572084,0.015474015742045112,0.03225806451612903,0.0124065893281579,0.010632478680571295,0.019988575939777174],[3.293682343514341E-4,0.0011199847907127837,4.2003552675993187E-4,8.687432255048844E-5,9.2491883006405E-5,1.5097855541340157E-4,1.5470358603657594E-4,6.530315746244161E-5,1.5541143671523257E-4,0.0037298300396128,0.027125685323584624,1.0,0.009011273019952663,0.007496955170228805,4.90381163780257E-4,1.3458509360430402E-4,2.9769203804215114E-4,5.995317044276911E-5,0.027733508235592678,3.611758057593461E-4,1.492054230307525E-4,3.342046949558E-4,1.4458819285495032E-4,4.7288537215316347E-4,7.596202988041456E-4,1.4092900770152277E-4,0.00145161198506081,0.0014410571859851391,0.01657316637983155,0.0018168965548326778,0.00598341019132386,1.451344774691425E-4,1.3819670772675173E-4,0.0026286136017468404,0.003421789065783321,5.3592856870754335E-5,0.041872241752482324,1.5193759575849328E-4,4.779610720040389E-4,6.69226009559455E-4,8.372456004341559E-5,7.254763121423348E-4,1.5510700254116777E-4,0.0015104389947772263,2.913527543551681E-4],[0.0059190963983267635,0.0023640000594208274,0.008237181065971577,5.130263920072394E-4,0.0025795221257934597,0.003020129450773423,0.00516675431499407,0.005474394130613857,0.005263810317095756,0.012690703581900272,0.01896055212581091,0.009011273019952663,1.0,0.011433293462913757,0.007886473978156384,0.005597839045351706,0.0017315175362483538,0.0014626873568746302,0.023781369534468355,0.007451065848312657,2.0300174258289948E-4,0.008872295738952426,2.1460485251256008E-4,0.007113332435771935,0.007851545625228683,0.0038277260280066066,0.004974462324232684,0.009363959860843096,0.010303172002293621,0.008949105463584097,0.012637788318170341,0.005948876381601432,0.0014935894933819076,0.0057718132797108974,0.012681494182478483,0.0071749406976926635,0.05446817724385497,0.00884440404319237,0.006535064074206726,0.004518314317427834,0.001279473836170149,0.011431013326829666,0.004529410144859696,0.005460693201962276,0.009110854293472751],[0.012358371115964705,0.006594616056944431,0.004829204246462756,0.006181204559450599,0.010450668272911467,0.0028163848149828185,0.011211329346868457,0.0010067586044178178,0.005782714969521691,0.01293970656798266,0.019038270524704554,0.007496955170228805,0.011433293462913757,1.0,0.005496605187715754,0.01197766868241788,0.0047821880297583535,0.007849556695704142,0.018600478810686383,0.011096229553411614,0.004566128017957778,0.003984755806274767,0.00279029745798966,0.0029402535112621276,0.006374839487835883,0.012247743666684765,0.012724007485780143,0.010247066467814968,0.016923412938408697,0.010566380340148082,0.015110386447327508,0.011758475242004839,0.008208579832682968,0.007274396223779996,0.01673546799728592,0.01075426548615763,0.03683313859706357,0.008848986403042271,0.012492467374991979,0.004473051538027985,0.0030912691858065475,0.014196639357171791,0.008293536272811071,0.0044165948678749605,0.005504026720966996],[7.473578604007087E-4,0.001959304382966038,0.0018322696487175203,4.1148574203771893E-4,8.481079787601585E-4,9.357009820745366E-4,2.2390245302266227E-4,0.0013899963110925748,0.0010331074118312552,0.0023618180098618894,0.0038541089717792137,4.90381163780257E-4,0.007886473978156384,0.005496605187715754,1.0,9.314763628057766E-4,0.0018514924396265055,0.0012758929269770618,0.02863213496954827,0.0013793971200064688,7.359544026090494E-4,0.00233305184701491,0.001544325379451244,0.001521982140146286,0.0017459703605536864,3.9809770792412463E-4,0.001814839139729476,0.0017184716063958932,0.012365609841148735,0.002443146865359724,0.0019230494928105329,0.001810706024084971,9.616437879991291E-4,0.0022968287181682,0.011635595990044923,7.749654363239293E-4,0.04890015820300372,0.0015503571222708259,0.0017760069510058033,0.0015844447474852373,2.1974920836321087E-4,0.017813456907287514,0.0015793043518581087,0.0021721462148168113,0.003398647872732011],[1.917546152286632E-4,1.9011093358615278E-4,0.0015515335740379237,7.004534787896477E-5,7.742618894354778E-5,1.2625840573313827E-4,1.4934330987264883E-4,7.995053991121195E-5,1.4532548113606097E-4,5.355010412843491E-4,0.024079065976177743,1.3458509360430402E-4,0.005597839045351706,0.01197766868241788,9.314763628057766E-4,1.0,2.14882402218489E-4,3.869700648148461E-5,0.0061318573772257785,8.245976355840936E-4,1.2709227841273474E-4,0.0014165802958074738,1.3713911480873355E-4,8.180414719084845E-4,2.979943476963617E-4,1.0463025903199993E-4,9.194211313933798E-4,4.084619492694086E-4,0.004554916023023448,0.0030742150686608833,0.007962111738691626,1.3112755587176063E-4,5.64890198902646E-5,5.693500872709064E-4,0.012837245250665508,1.213720031515815E-4,0.03028013863961971,1.2843722325664873E-4,1.4393323287944474E-4,0.0013376419986207639,3.930943933890697E-5,0.027637298118115085,1.4426678920666076E-4,6.156751475897852E-4,0.0018119513121813335],[0.0015670308686586399,0.0018021241826359645,0.0016182674979853084,3.42046669270859E-4,5.911379476558807E-4,0.0014601551723857219,0.0014676105845188056,4.3740983845794553E-4,0.0013689728763339414,0.004887577092166478,0.017731766858088954,2.9769203804215114E-4,0.0017315175362483538,0.0047821880297583535,0.0018514924396265055,2.14882402218489E-4,1.0,8.897143744730593E-4,0.028187290026581276,0.0014487341730007306,1.3360683221097424E-4,0.0022210535811960272,3.6859771672163486E-4,0.001555405200036508,0.001057731344158422,2.7044101457651627E-4,0.0016432204787784916,0.001653615678115759,0.003316763685874041,0.003605023019966762,0.006896736286259567,0.0013430229644982698,7.950915664161461E-4,0.0019710022311176948,0.0020626774837884184,0.0015510604747266145,0.027071930808055623,0.0012440892121319078,0.0014536027410826922,0.0015681929220695786,6.3936614420442E-4,0.030017672821532497,2.2908751325069352E-4,0.002572241217856038,0.002212180980644003],[1.2738734823039652E-4,0.0019470608961474896,0.0011727530750677453,3.05164132981436E-5,7.126656125787091E-5,6.335508984665433E-5,7.336947672286501E-5,1.9782597205440887E-5,1.2098281573822746E-4,0.007428309869467235,0.014746885304335778,5.995317044276911E-5,0.0014626873568746302,0.007849556695704142,0.0012758929269770618,3.869700648148461E-5,8.897143744730593E-4,1.0,0.01564744413476163,6.076674340255565E-4,1.2590336017529496E-4,0.0022611500460117686,4.683580602144011E-5,5.176835623431229E-4,8.844463096008605E-4,5.200681779292243E-5,0.0014687265038065699,0.0013256656745072632,0.011403454076869294,0.0015940389879222983,0.0028260520392367197,3.9787665383596003E-5,2.918495765426626E-5,4.4508261242420577E-4,0.007086964429484745,3.2259808877204045E-5,0.057203318875692855,1.0531698061108576E-4,0.0010669980139341145,3.385619929703216E-4,2.949161627751717E-5,0.004335141648106993,1.1301595069414767E-4,0.0016952509027580577,0.002154669155202704],[0.030643035225088527,0.011403579642296362,0.006584057974558362,0.021471531487330244,0.011451835812627913,0.030340362628614333,0.006548949244618131,0.015015724324526773,0.012460394697603983,0.03212347469529554,0.0323598406889639,0.027733508235592678,0.023781369534468355,0.018600478810686383,0.02863213496954827,0.0061318573772257785,0.028187290026581276,0.01564744413476163,1.0,0.028471973218126594,0.0021729980844484163,0.02218960210531609,0.012823312893819954,0.016801004458952624,0.031068496137396706,0.011604443431593428,0.01532922496315484,0.020823303377852632,0.024981193427578242,0.011673732445428676,0.02457303953876824,0.02348838037206581,0.026087374187152946,0.029811678681513215,0.0323155753734288,0.0012429356169166251,0.04872251323637683,0.005955452946900308,0.02265953886949232,0.023051960251423444,0.007317578811519269,0.03320582790115528,0.024657305291372285,0.015925857715398624,0.01951253491120642],[8.80179507577577E-4,0.001696573588765119,0.0014268124816536935,7.129650373506753E-4,3.0425906901529015E-4,9.230943879890438E-4,3.0134881448044533E-4,1.893058043563178E-4,9.009590987351277E-4,0.005545046450583581,0.02658805592909278,3.611758057593461E-4,0.007451065848312657,0.011096229553411614,0.0013793971200064688,8.245976355840936E-4,0.0014487341730007306,6.076674340255565E-4,0.028471973218126594,1.0,5.537581865593735E-4,0.0017196386794989722,8.866142241481086E-4,0.0010736828757121502,9.340087511684455E-4,4.684448982617949E-4,0.0014171009148946949,0.0014155013406184803,0.016413700737971534,0.0022436889699048597,0.009155609924606067,2.899858900395208E-4,6.612079057497202E-4,0.0016994130821371355,0.005639901624631456,6.887333732768852E-4,0.04355960515970624,3.282149357163278E-4,0.0012221911022737258,0.0014384378311827028,2.5344552591179034E-4,0.01843145930049954,6.918433518983454E-4,0.0019944298398959655,0.0018838632251983838],[2.2955648068031262E-4,0.0016195560485969885,2.6167362526782235E-4,1.0810307266764812E-4,8.915278033896624E-5,1.2249581131248667E-4,1.2817296868424734E-4,6.896552303412735E-5,1.4371423759189296E-4,0.012863605504044612,0.027103145302435346,1.492054230307525E-4,2.0300174258289948E-4,0.004566128017957778,7.359544026090494E-4,1.2709227841273474E-4,1.3360683221097424E-4,1.2590336017529496E-4,0.0021729980844484163,5.537581865593735E-4,1.0,0.0011336002965293924,1.3144148246714479E-4,0.0011295118573652091,1.5640297033938982E-4,1.239403705077997E-4,0.00155562841862167,4.804370074118734E-4,0.009017077136617764,0.002293544248810087,0.00772324312574451,1.3731921588158093E-4,9.749055192627255E-5,0.0019257137826137996,0.012246460075351859,4.3367341974381145E-5,0.014058441577501869,1.4220717876955237E-4,8.817108950885989E-4,3.79737936094154E-4,5.572096323577528E-5,0.022067422834241554,1.3852838971424158E-4,3.9131723297088994E-4,0.0031256116851908307],[9.377074917375371E-4,0.0021207785816186697,0.0019231162863067618,0.0019142874414169462,0.0011383160749947887,0.0013201857091087355,0.0020749550372469107,4.5146323843095834E-4,2.075276305937062E-4,0.008262413400883658,0.004663776897118605,3.342046949558E-4,0.008872295738952426,0.003984755806274767,0.00233305184701491,0.0014165802958074738,0.0022210535811960272,0.0022611500460117686,0.02218960210531609,0.0017196386794989722,0.0011336002965293924,1.0,5.96463025604147E-4,0.00201750005785509,0.0012382927551092674,2.745175571335958E-4,0.0018943003214985205,0.0020430144195812574,0.007057666380049975,0.003128148217157651,0.004314876690107611,3.6364857952593744E-4,0.0010552434463739835,0.0025706440529572458,0.013720634134360452,0.0011171211475181346,0.027858003200898866,8.733117312718303E-4,0.0018550779120563693,0.001890136053526985,3.627333223509391E-5,0.029993741575575657,0.0015027621192164806,0.002612239480128704,0.0033958139542562193],[2.196379926337443E-4,0.0018454269554307652,7.141088486242227E-4,6.795024844367801E-5,1.065251828280972E-4,1.224468391766276E-4,1.4375550901504246E-4,5.831149286334995E-5,1.5971649381753416E-4,0.006054253297595434,0.016658646259085114,1.4458819285495032E-4,2.1460485251256008E-4,0.00279029745798966,0.001544325379451244,1.3713911480873355E-4,3.6859771672163486E-4,4.683580602144011E-5,0.012823312893819954,8.866142241481086E-4,1.3144148246714479E-4,5.96463025604147E-4,1.0,4.6726489410354376E-4,7.265811851012876E-4,1.0650112705277005E-4,0.0011672354395267487,0.0011871422594955093,0.013170325929726742,0.0038291661468375492,0.006485081548961162,1.4018958142198395E-4,5.8519496649343775E-5,0.00251731012617374,0.004162699828930972,3.922563796200599E-5,0.033312406131117675,1.470703363085729E-4,4.8223765416723383E-4,2.82997803962647E-4,8.372523965760161E-5,0.010105415403095374,1.5744470478875095E-4,3.291985805736762E-4,0.0010353074720283527],[0.0010507128825241235,0.0019366164062926843,0.0013835631119416484,9.636034018139626E-4,4.3322231529598234E-4,6.813675342211785E-4,2.743062776916485E-4,0.0010124908585338098,0.001098218052588777,0.007990968404353295,0.01948654371014468,4.7288537215316347E-4,0.007113332435771935,0.0029402535112621276,0.001521982140146286,8.180414719084845E-4,0.001555405200036508,5.176835623431229E-4,0.016801004458952624,0.0010736828757121502,0.0011295118573652091,0.00201750005785509,4.6726489410354376E-4,1.0,9.869460663316824E-4,3.9136495901489625E-4,0.001518260066211963,0.0015959510753783,0.017636440021044718,0.0025011520669361246,0.011152149172645953,3.254208543618911E-4,8.200114464823257E-4,0.001628599312954063,0.009073633350152285,7.326856066451874E-4,0.012643453480435619,1.5491730090834126E-4,0.0012801549955447345,0.001537084753763983,0.0011325517744960533,0.023352279822180334,4.709197293357964E-4,0.0013455945610244967,0.0012897315616285248],[4.967547007436063E-4,9.822858957385262E-4,0.001487456392751049,3.980040106648747E-4,3.3111536501279255E-4,9.024218356705322E-4,7.23378535720386E-4,8.350513350189189E-4,2.2206914271862352E-4,0.004869421104309913,0.0036741937180724037,7.596202988041456E-4,0.007851545625228683,0.006374839487835883,0.0017459703605536864,2.979943476963617E-4,0.001057731344158422,8.844463096008605E-4,0.031068496137396706,9.340087511684455E-4,1.5640297033938982E-4,0.0012382927551092674,7.265811851012876E-4,9.869460663316824E-4,1.0,6.326105781688972E-4,0.0012330107092512887,0.0011872540701008245,0.017852817463030503,0.0010247005042908805,0.012185819038647822,1.5419847403338424E-4,3.7740031364971423E-4,0.0010826023650850588,0.013846725286038766,6.767950748920828E-4,0.010293077530990754,3.603430231349325E-4,0.0010796828103677716,0.001140078751103765,2.0821033976974805E-4,0.025572611283380373,4.0921707319123066E-4,0.0019864259033930756,0.0015515643457033133],[4.8581555734658865E-4,8.904438834510912E-4,2.795792957005213E-4,6.088724013394566E-5,8.640237520235487E-5,1.0449498316470894E-4,1.3787870444661662E-4,6.006606928670542E-5,1.0483390081108628E-4,0.00329560546870108,0.01873995881884677,1.4092900770152277E-4,0.0038277260280066066,0.012247743666684765,3.9809770792412463E-4,1.0463025903199993E-4,2.7044101457651627E-4,5.200681779292243E-5,0.011604443431593428,4.684448982617949E-4,1.239403705077997E-4,2.745175571335958E-4,1.0650112705277005E-4,3.9136495901489625E-4,6.326105781688972E-4,1.0,0.0015495815812265946,0.0010725858038383202,5.404585710923516E-4,5.714321852365072E-4,0.005677127267877825,1.2357773306246472E-4,9.716786919031899E-5,5.251003935056844E-4,0.01743871861577884,5.861770521781214E-5,0.03788025249866148,1.4051753395690126E-4,6.779222061564848E-4,5.116620445985625E-4,3.4067458228544706E-5,0.02716327260737282,1.4890427050274683E-4,9.871201513774201E-4,0.0030442221998705247],[0.0015495951726941662,0.0019453769752803508,0.0016688185907205333,5.685424285634905E-4,2.487649026240189E-4,0.001476742088865428,4.8679923372375866E-4,0.00133870529100089,0.0011544777148891397,0.010912050830485364,0.0024665556023079137,0.00145161198506081,0.004974462324232684,0.012724007485780143,0.001814839139729476,9.194211313933798E-4,0.0016432204787784916,0.0014687265038065699,0.01532922496315484,0.0014171009148946949,0.00155562841862167,0.0018943003214985205,0.0011672354395267487,0.001518260066211963,0.0012330107092512887,0.0015495815812265946,1.0,0.0016789377929372687,0.0035646657310625003,0.0016900158922939722,0.005517686814003872,7.958185925071113E-4,0.0016282568174465538,0.0017040685198354637,0.004321454818822272,0.0014471251697263882,0.03524802433444171,5.331154707938842E-4,0.0013952743803377682,0.001651926642847874,0.0013457069940508606,0.004854651075186818,0.0011674296766786317,0.002059542184360912,0.0018473040427581019],[0.0015562852837464596,0.00187852718209516,0.0017080340926287423,0.001173169977070466,6.108257363355648E-4,0.0010782342525654004,7.184899927821706E-4,6.292846685757242E-4,0.0013330448412462934,0.0048096155099334416,0.02937927883698575,0.0014410571859851391,0.009363959860843096,0.010247066467814968,0.0017184716063958932,4.084619492694086E-4,0.001653615678115759,0.0013256656745072632,0.020823303377852632,0.0014155013406184803,4.804370074118734E-4,0.0020430144195812574,0.0011871422594955093,0.0015959510753783,0.0011872540701008245,0.0010725858038383202,0.0016789377929372687,1.0,0.016380382310096767,0.0020127962158966546,0.012608405899882755,1.87105203042549E-4,0.00127734679620588,0.0019944215042866733,0.005331432707851566,1.7010486834722984E-4,0.022989513575516953,0.0014694761186318395,0.0013872343859327749,0.0015682900236412155,0.0016127656594754171,0.003991934279710884,6.673384627670963E-4,0.0022600660910306975,0.001907525353987457],[0.0032474794002524945,0.01302088052563077,0.009859218706716459,0.018895098462631727,0.010727434991889892,0.014667061025097,0.005240362354121521,0.0198051266837311,0.009253083567196391,0.013008233586129883,0.02836065952233656,0.01657316637983155,0.010303172002293621,0.016923412938408697,0.012365609841148735,0.004554916023023448,0.003316763685874041,0.011403454076869294,0.024981193427578242,0.016413700737971534,0.009017077136617764,0.007057666380049975,0.013170325929726742,0.017636440021044718,0.017852817463030503,5.404585710923516E-4,0.0035646657310625003,0.016380382310096767,1.0,0.014917368789541243,0.01679948120139457,0.0059932291184986155,0.019799373882534888,0.008814781119067916,0.01915686728479437,0.008721487551127132,0.0403412374232758,0.0017026310484627057,0.012777119098907188,0.01904435532508492,0.013688094909000918,0.028049492357447227,0.008755259096990318,0.010738948697795226,0.00989600526788015],[0.002104363501835038,0.003801005972228354,0.0020718979954453126,0.003162376432144687,0.0029078188128849386,0.0033588485085247377,0.0014012579230831402,7.288389411868408E-5,0.0014886315470116261,0.005338434531843407,0.009112964842208405,0.0018168965548326778,0.008949105463584097,0.010566380340148082,0.002443146865359724,0.0030742150686608833,0.003605023019966762,0.0015940389879222983,0.011673732445428676,0.0022436889699048597,0.002293544248810087,0.003128148217157651,0.0038291661468375492,0.0025011520669361246,0.0010247005042908805,5.714321852365072E-4,0.0016900158922939722,0.0020127962158966546,0.014917368789541243,1.0,0.00993761473217835,0.003417183892757625,0.0033158019045481627,0.0038379924967053302,0.009570106695156164,0.0024919345229887945,0.009223745718059314,0.003434461885488398,0.0026158070797056418,0.002119761260802174,0.003759713640613822,0.026103207768301624,3.889977081346191E-4,0.0036565137450554467,0.003843571204217557],[0.013979600852794951,0.0022206148567683647,0.002554205925508986,0.011131660077060892,0.0016991497131383928,6.671308462706284E-4,0.004699665272313618,0.010540573162519789,0.01213997170284664,0.013352289472822961,0.027655237639965097,0.00598341019132386,0.012637788318170341,0.015110386447327508,0.0019230494928105329,0.007962111738691626,0.006896736286259567,0.0028260520392367197,0.02457303953876824,0.009155609924606067,0.00772324312574451,0.004314876690107611,0.006485081548961162,0.011152149172645953,0.012185819038647822,0.005677127267877825,0.005517686814003872,0.012608405899882755,0.01679948120139457,0.00993761473217835,1.0,0.012358702359224837,0.013167128183495469,0.01256935757633434,0.017362070664420772,0.01089057388505217,0.05815476283882976,0.001226501515951621,0.00929106828446369,0.015984398718051834,0.00432963453598307,0.01862148520390801,0.010352847990566532,0.013093579976862373,0.007921902118561698],[4.0037731794419814E-4,0.0015413677816451994,0.0014385742528082077,8.30719180998503E-5,1.0234608004368098E-4,1.331843091041656E-4,1.4086140719952596E-4,3.827195838077032E-5,1.6320632414698025E-4,0.005558952003460839,0.004546714769161431,1.451344774691425E-4,0.005948876381601432,0.011758475242004839,0.001810706024084971,1.3112755587176063E-4,0.0013430229644982698,3.9787665383596003E-5,0.02348838037206581,2.899858900395208E-4,1.3731921588158093E-4,3.6364857952593744E-4,1.4018958142198395E-4,3.254208543618911E-4,1.5419847403338424E-4,1.2357773306246472E-4,7.958185925071113E-4,1.87105203042549E-4,0.0059932291184986155,0.003417183892757625,0.012358702359224837,1.0,4.3782728727721316E-5,0.002314645050663653,0.017476521251615137,9.473160342257547E-5,0.048138900917391,1.3986919347480474E-4,8.082323994615464E-4,0.0010585332360662785,6.588500863062097E-5,0.0111414969528201,1.551284864938744E-4,4.893543664451401E-4,0.0016035762017506958],[3.751524489616863E-4,0.00175331256774318,7.536558132238107E-4,2.7810415350414296E-5,3.357290052712938E-5,1.0233765232057845E-4,3.093734756182436E-5,1.3177623550887073E-5,1.249106644427428E-4,0.009551682504946922,0.00646123251000109,1.3819670772675173E-4,0.0014935894933819076,0.008208579832682968,9.616437879991291E-4,5.64890198902646E-5,7.950915664161461E-4,2.918495765426626E-5,0.026087374187152946,6.612079057497202E-4,9.749055192627255E-5,0.0010552434463739835,5.8519496649343775E-5,8.200114464823257E-4,3.7740031364971423E-4,9.716786919031899E-5,0.0016282568174465538,0.00127734679620588,0.019799373882534888,0.0033158019045481627,0.013167128183495469,4.3782728727721316E-5,1.0,0.0012355692572733575,0.01621015278463555,2.3023416140688575E-5,0.01878873222098878,1.4577825648682117E-4,3.1779614365078296E-4,0.0013532879120167671,1.519602250479048E-5,0.03216543546716848,3.9476355953490735E-5,8.247010257796041E-4,0.0029368795881576093],[0.003057819827983156,0.002894033927468329,0.0035291125393512586,0.0020629530439218013,0.0031504959484857853,0.003687834184600238,0.0014105885733483076,4.236173563868367E-4,0.0030038680189005155,0.005375821888288655,0.031237422295631197,0.0026286136017468404,0.0057718132797108974,0.007274396223779996,0.0022968287181682,5.693500872709064E-4,0.0019710022311176948,4.4508261242420577E-4,0.029811678681513215,0.0016994130821371355,0.0019257137826137996,0.0025706440529572458,0.00251731012617374,0.001628599312954063,0.0010826023650850588,5.251003935056844E-4,0.0017040685198354637,0.0019944215042866733,0.008814781119067916,0.0038379924967053302,0.01256935757633434,0.002314645050663653,0.0012355692572733575,1.0,0.01710944823936476,0.00204885958598314,0.02963575637275797,6.624393874910978E-4,0.002401885048490689,0.0016910128019619111,9.912888259872798E-4,0.02145740648970672,0.001908265570757146,0.003464079765548778,0.0038660643369243203],[0.01303910453360462,0.004742244054570873,0.01487750137670477,0.012816073064669963,0.00966194008098581,0.010027141299696802,9.181189906590433E-4,0.0022243894675365227,0.01598726841216906,0.013012892394626911,0.029982929589664253,0.003421789065783321,0.012681494182478483,0.01673546799728592,0.011635595990044923,0.012837245250665508,0.0020626774837884184,0.007086964429484745,0.0323155753734288,0.005639901624631456,0.012246460075351859,0.013720634134360452,0.004162699828930972,0.009073633350152285,0.013846725286038766,0.01743871861577884,0.004321454818822272,0.005331432707851566,0.01915686728479437,0.009570106695156164,0.017362070664420772,0.017476521251615137,0.01621015278463555,0.01710944823936476,1.0,1.5465347704329732E-4,0.02406323685599732,0.005968432531506954,0.014400932714438043,0.0018178099835636748,0.0010718134025037025,0.025366539640422375,7.767532612347362E-4,0.009483966018995756,0.012825016634411142],[1.7959870059487313E-4,3.316769046335205E-4,4.631607302154587E-4,3.049075486296499E-5,5.312530131553407E-5,5.519715136422514E-5,3.2743979834584923E-5,1.937442743236414E-5,1.5976319304005006E-4,0.00429050489151323,0.02111812214367984,5.3592856870754335E-5,0.0071749406976926635,0.01075426548615763,7.749654363239293E-4,1.213720031515815E-4,0.0015510604747266145,3.2259808877204045E-5,0.0012429356169166251,6.887333732768852E-4,4.3367341974381145E-5,0.0011171211475181346,3.922563796200599E-5,7.326856066451874E-4,6.767950748920828E-4,5.861770521781214E-5,0.0014471251697263882,1.7010486834722984E-4,0.008721487551127132,0.0024919345229887945,0.01089057388505217,9.473160342257547E-5,2.3023416140688575E-5,0.00204885958598314,1.5465347704329732E-4,1.0,0.0300685615162262,5.089744007418609E-5,0.0011105056519247931,0.001237588531298482,1.9591308509401652E-5,0.004935407093031147,4.89468633854041E-5,4.3501925056908645E-4,0.002410661163779493],[0.031290294492754826,0.04976490056150123,0.011117631591234314,0.04721089902265085,0.05086661371295797,0.007033950779825509,0.03499823315897922,0.008777897719540574,0.03570143365277293,0.03392846258700617,0.05738052723195327,0.041872241752482324,0.05446817724385497,0.03683313859706357,0.04890015820300372,0.03028013863961971,0.027071930808055623,0.057203318875692855,0.04872251323637683,0.04355960515970624,0.014058441577501869,0.027858003200898866,0.033312406131117675,0.012643453480435619,0.010293077530990754,0.03788025249866148,0.03524802433444171,0.022989513575516953,0.0403412374232758,0.009223745718059314,0.05815476283882976,0.048138900917391,0.01878873222098878,0.02963575637275797,0.02406323685599732,0.0300685615162262,1.0,0.03499250495955496,0.01452834048101933,0.03489834496205917,0.033112049114119836,0.048968466954554014,0.04339694865044816,0.03309134040373794,0.019449424132277383],[2.775804039633549E-4,8.18772177243466E-4,0.0012813914463230022,1.1222865929467012E-4,1.1348767374453699E-4,1.302845950975217E-4,1.4855710496855924E-4,1.1767081845082095E-4,1.505424541488948E-4,0.006796223748723507,0.004281211632636698,1.5193759575849328E-4,0.00884440404319237,0.008848986403042271,0.0015503571222708259,1.2843722325664873E-4,0.0012440892121319078,1.0531698061108576E-4,0.005955452946900308,3.282149357163278E-4,1.4220717876955237E-4,8.733117312718303E-4,1.470703363085729E-4,1.5491730090834126E-4,3.603430231349325E-4,1.4051753395690126E-4,5.331154707938842E-4,0.0014694761186318395,0.0017026310484627057,0.003434461885488398,0.001226501515951621,1.3986919347480474E-4,1.4577825648682117E-4,6.624393874910978E-4,0.005968432531506954,5.089744007418609E-5,0.03499250495955496,1.0,7.743802555700498E-4,7.124227270616505E-4,8.944630097549333E-5,0.017231697578021413,1.4899611469142366E-4,5.437787909415204E-4,6.964762625491634E-4],[8.997088616253272E-4,0.0013661807464724633,0.0014684607128390757,0.0011238030638066239,1.7673280784074805E-4,6.073262102084192E-4,9.02952316428934E-4,7.525577683377343E-5,5.189574946807169E-4,0.0072867646788387815,0.006263461360241225,4.779610720040389E-4,0.006535064074206726,0.012492467374991979,0.0017760069510058033,1.4393323287944474E-4,0.0014536027410826922,0.0010669980139341145,0.02265953886949232,0.0012221911022737258,8.817108950885989E-4,0.0018550779120563693,4.8223765416723383E-4,0.0012801549955447345,0.0010796828103677716,6.779222061564848E-4,0.0013952743803377682,0.0013872343859327749,0.012777119098907188,0.0026158070797056418,0.00929106828446369,8.082323994615464E-4,3.1779614365078296E-4,0.002401885048490689,0.014400932714438043,0.0011105056519247931,0.01452834048101933,7.743802555700498E-4,1.0,0.0013870356099081231,4.4986952889037907E-4,0.012103780085600346,5.949697874520344E-4,0.002415267001193335,0.0033262402566210966],[7.345481289632416E-4,0.0016549413962109953,0.0015569523915132445,8.078589685724892E-4,8.14046831715292E-5,0.0010037799927201875,8.511254749356146E-4,2.1779784946372849E-4,0.0013218336304879484,0.0072971708534482925,0.010661788661572084,6.69226009559455E-4,0.004518314317427834,0.004473051538027985,0.0015844447474852373,0.0013376419986207639,0.0015681929220695786,3.385619929703216E-4,0.023051960251423444,0.0014384378311827028,3.79737936094154E-4,0.001890136053526985,2.82997803962647E-4,0.001537084753763983,0.001140078751103765,5.116620445985625E-4,0.001651926642847874,0.0015682900236412155,0.01904435532508492,0.002119761260802174,0.015984398718051834,0.0010585332360662785,0.0013532879120167671,0.0016910128019619111,0.0018178099835636748,0.001237588531298482,0.03489834496205917,7.124227270616505E-4,0.0013870356099081231,1.0,5.07666709088612E-4,0.007752455467840921,6.827313756561899E-4,0.0024758763368684816,0.003017413984636063],[6.875030965142843E-5,1.821679224541489E-4,0.001346029081771746,2.8723724083492044E-5,2.162410627842624E-5,1.1316473727275542E-4,3.500063027284861E-5,1.662804965964212E-5,3.378656445337711E-5,0.012302399641532904,0.015474015742045112,8.372456004341559E-5,0.001279473836170149,0.0030912691858065475,2.1974920836321087E-4,3.930943933890697E-5,6.3936614420442E-4,2.949161627751717E-5,0.007317578811519269,2.5344552591179034E-4,5.572096323577528E-5,3.627333223509391E-5,8.372523965760161E-5,0.0011325517744960533,2.0821033976974805E-4,3.4067458228544706E-5,0.0013457069940508606,0.0016127656594754171,0.013688094909000918,0.003759713640613822,0.00432963453598307,6.588500863062097E-5,1.519602250479048E-5,9.912888259872798E-4,0.0010718134025037025,1.9591308509401652E-5,0.033112049114119836,8.944630097549333E-5,4.4986952889037907E-4,5.07666709088612E-4,1.0,0.02416225106605096,4.411271042442613E-5,0.0024791131075797895,0.002064175761418912],[0.0036933611962354997,0.01589091218413241,0.008315668881847019,0.005229471635816323,0.017080205296250733,0.01889259612715422,0.025120622093528014,0.013007977352944209,0.024497823844875526,0.022237875925489967,0.03225806451612903,7.254763121423348E-4,0.011431013326829666,0.014196639357171791,0.017813456907287514,0.027637298118115085,0.030017672821532497,0.004335141648106993,0.03320582790115528,0.01843145930049954,0.022067422834241554,0.029993741575575657,0.010105415403095374,0.023352279822180334,0.025572611283380373,0.02716327260737282,0.004854651075186818,0.003991934279710884,0.028049492357447227,0.026103207768301624,0.01862148520390801,0.0111414969528201,0.03216543546716848,0.02145740648970672,0.025366539640422375,0.004935407093031147,0.048968466954554014,0.017231697578021413,0.012103780085600346,0.007752455467840921,0.02416225106605096,1.0,0.01248248278920598,0.020112037913740218,0.02590825477432225],[3.9719911073959424E-4,0.001553730838765379,0.0012806226063815913,8.798312136387064E-5,1.457364968901393E-4,1.5963179120635372E-4,1.588806813801902E-4,8.73325391196663E-5,1.6789318199894555E-4,0.01143896261531359,0.0124065893281579,1.5510700254116777E-4,0.004529410144859696,0.008293536272811071,0.0015793043518581087,1.4426678920666076E-4,2.2908751325069352E-4,1.1301595069414767E-4,0.024657305291372285,6.918433518983454E-4,1.3852838971424158E-4,0.0015027621192164806,1.5744470478875095E-4,4.709197293357964E-4,4.0921707319123066E-4,1.4890427050274683E-4,0.001167429676678631