[[1.0,0.023238123135087132,9.012178496398343E-4,0.0010854546280280103,2.973521742847844E-4,3.146385951202125E-4,0.0011873116148405241,7.56577140582418E-4,9.393409932348309E-4,0.002658264289253115,0.0011283150033972076,3.0320784857442443E-4,3.6987815896100763E-4,8.109279180808384E-4,2.1650873398626401E-4,5.300442263189902E-4,1.5087393038343942E-4,9.396978311817519E-4,1.9756916397782522E-4,0.001171235495555219,5.605294509212388E-4,0.001265613094675522,0.0023929081083778835,9.93105906422553E-4,0.001230637433933885,3.7716376356497115E-4,3.049097991059169E-4,0.0011059022129994316,0.0013702476688601686,0.0011675115490645993,0.0011646486981129625,6.697240683090554E-4,0.0029231742357226087,0.016939724804802013,0.0010718602426796051,0.001819394536135693,5.917356987568324E-4,0.0011272492467076752,3.221263497380787E-4,9.235857316347698E-4,7.893716600004334E-4,4.0311705626418166E-4,4.97943846526891E-4,7.843572044090631E-4,0.0011023441009895619,0.0021524040835735276,0.0011290214488672917,5.511089572931581E-4,0.0010487104483435335,0.002757955071871032,0.008804963822713506,0.0011535609160909918,9.628743131231524E-4],[0.023238123135087132,1.0,0.0011078750601952547,0.022006787463078055,0.021089836058516043,0.01905365180583865,0.018441306798874887,0.010123204190720731,0.013150810837476413,0.011983024436137376,0.0036093172661316618,0.027749504514381296,0.0017876734070529654,0.026008124798436855,0.017630723802719395,0.0037987105386631734,0.005518991710338626,0.025819096521268604,0.023908144362082377,0.010811798666008446,8.116740277356254E-4,0.01018094846263255,0.011098832860360949,0.008908549083890764,0.02083817488259838,0.02279831385661923,0.003127007394487496,0.0012102561474320525,0.014703962259770179,0.025713000976969658,0.016064151995165726,0.0219569347150778,0.007510734996448138,0.028157165965722812,0.013678567742609062,0.013438245916356664,0.019470254313635894,0.0038046829402065855,0.020752909376975413,0.02684986245315137,0.005391770654837902,0.023049140636214688,0.006282278242022248,0.026456943245391055,0.0024311258123561816,0.009274687838989576,0.01020208028075446,0.022379763142102452,0.005599565903901827,0.028403059470373075,0.0223107410895005,0.020919366164397626,0.0030702484489687847],[9.012178496398343E-4,0.0011078750601952547,1.0,4.2166437831154255E-4,2.725827655700539E-4,1.401952390284613E-4,8.289066708056804E-4,2.4110845365243397E-4,2.3274984342464377E-4,4.3058199956425296E-4,6.521483459579947E-4,2.011091534273231E-4,2.1902404304670716E-4,2.1606976718652632E-4,9.352642562248864E-5,2.1869042239520012E-4,1.9064205382907706E-4,7.917596933294205E-5,2.3160598531526673E-4,0.0012502325485696446,2.430244501421044E-4,0.0014525631878354618,3.2523043874283257E-4,2.062625697069708E-4,4.888648338993423E-4,2.520929963295246E-4,1.7740361366481408E-4,4.7523648153231866E-4,0.0012086752601331784,0.0011677839544262133,4.721632375771436E-4,5.075679274639225E-5,0.001694037661220785,0.010838823289016086,1.4282654754728315E-4,9.589270134220591E-4,4.502855874715184E-4,0.0010015853342703652,2.6813482546513977E-4,6.609199111297175E-4,1.6383021119960282E-4,3.080663021711364E-4,2.6169806073137304E-4,1.0778446552577338E-4,9.954413181215568E-4,4.153383931000635E-4,7.943698633189086E-4,3.3812467052409976E-4,5.408886384975207E-4,0.001784958950998071,0.0017922442903543368,0.0010447235847118846,2.522401314536854E-4],[0.0010854546280280103,0.022006787463078055,4.2166437831154255E-4,1.0,4.576639118935864E-4,8.790606759464469E-4,0.0014195082755484975,9.299243385927408E-4,9.677726463240753E-4,0.00955266526532225,0.0010503439834421613,8.05524090120765E-4,4.620042563803682E-4,2.758482575287181E-4,9.241214356390501E-4,2.3618128221349435E-4,7.031082361368039E-4,2.3866858162639323E-5,2.2000420903639222E-4,0.0016361520462076955,5.371324852417694E-4,0.0017706099870109398,0.002481532479303146,0.0010110293514906702,0.0010891331834272193,1.7300813141127408E-4,4.393810789172047E-4,9.261320275198099E-4,0.0012164678622063514,0.001404731586319609,0.001362558978134649,3.6522085493104607E-4,0.003018936402366315,0.008461677982055948,5.581505682785516E-4,0.0012044759080333586,6.835221809184673E-4,0.0014644460799484167,2.3226450889254742E-4,9.751631460895227E-4,2.5032584820113815E-4,9.746321374398628E-4,7.50249012280293E-4,4.2914052164717717E-4,0.0010786121586944728,0.0023200798470872064,0.001466158860665303,8.800355519405607E-4,7.15551787991045E-4,0.0023054344846913793,0.005143757827270424,0.0012308774010163768,6.174178904230644E-4],[2.973521742847844E-4,0.021089836058516043,2.725827655700539E-4,4.576639118935864E-4,1.0,4.676176166602583E-5,0.001213065075443904,2.5854329918147947E-4,2.6495380945044684E-4,0.003031832009423385,2.6831200630953594E-4,8.027025934159813E-5,6.396237220201958E-5,1.774213422017027E-4,1.940263408873255E-4,2.239461781364819E-4,1.9604829991313403E-4,1.9935659948981874E-5,1.6130882541230056E-4,0.0012943425618544713,2.4159206983554943E-4,0.002997831896748166,8.767876324856736E-4,1.319012269899391E-4,0.001344126065938829,2.570221268507045E-4,2.535730534146354E-4,3.2595645687257517E-4,0.0010779778146802878,5.23907819591762E-4,0.0010815801053374436,1.8957776345153964E-4,0.0020568116977994024,0.013299009039635665,2.300491848579758E-4,5.190779639848919E-4,3.8067574635560083E-4,4.179205697525636E-4,1.9464599428531529E-4,5.144024072304069E-4,8.510135062985075E-5,2.779005677743954E-4,2.4849486564327357E-4,1.1038161403011023E-4,8.565013103419292E-4,0.0014841482554747085,7.18949196584057E-4,2.9664128961870824E-4,2.796070581141876E-4,0.0021540848277874984,0.011157706236957884,8.2484186829727E-4,2.4946978741959317E-4],[3.146385951202125E-4,0.01905365180583865,1.401952390284613E-4,8.790606759464469E-4,4.676176166602583E-5,1.0,0.0029184022519741317,7.098134167592498E-5,1.3925558584150548E-4,0.0017437983402116288,4.4558190637075554E-4,2.174861652367455E-5,5.100281422107477E-5,9.351369211170117E-5,1.565888008895307E-5,1.2160438582222753E-4,1.4002373563275192E-4,1.4538928809375545E-5,1.1648575421619958E-4,6.727938029202756E-4,7.84624742898971E-5,5.08075355791221E-5,6.592990154877527E-4,1.0885422127575323E-4,7.1549441313735E-4,1.5363691783790163E-5,1.8292909620111083E-5,1.9057494794892644E-4,7.250188541568994E-4,0.0013698759881377602,0.0015193982488928338,1.4658042344437453E-5,0.003347133354487998,0.008232000894584975,9.105009479331652E-5,0.0012184607048892943,2.2164526480641204E-4,0.0013887744179315448,8.290254593461589E-5,5.150985444029468E-4,1.5882450428575096E-5,3.0107908155738096E-4,4.9692754892336695E-5,1.5595634159152774E-5,9.932429671058193E-4,0.0016059964588364024,8.121296510465567E-4,1.376556908760135E-4,2.796731517532189E-4,0.0027013215956833876,0.01010953286472004,1.1670942110967896E-4,9.840668879157173E-5],[0.0011873116148405241,0.018441306798874887,8.289066708056804E-4,0.0014195082755484975,0.001213065075443904,0.0029184022519741317,1.0,2.677466514282119E-4,0.0010699868347369742,0.009786676858018067,0.0027259724391954744,0.0024450661333797197,0.0010653167389093336,8.389805367490647E-4,0.0010885172370463107,2.972868286522932E-4,0.0011942916206562361,0.0012856768972169179,3.8708835931183056E-4,0.0019505133633602072,0.0011066289730539594,0.0031588244925074564,0.0030927086468642757,0.003047723256027619,0.0027389837583860982,0.003030827542507536,5.701941251106796E-4,0.0021026888428811834,0.002320212926882152,0.0024194237886651236,0.0020174873910118944,0.0027195647061234933,0.00339940086928639,0.01706760802357487,0.001047192265314371,0.002404338029850164,7.954691465931066E-4,0.0031433824014805703,0.0024471489449817184,0.002919336735679097,8.465487735097415E-4,0.002469688626957661,2.941511212209875E-4,0.002083010603455171,0.0011341497603005837,0.002595887523745972,0.002435371376676657,0.0011264306651987994,0.0025002208941955254,0.003266159419874306,0.009762971724484398,0.0025913412600516673,5.182972382799859E-4],[7.56577140582418E-4,0.010123204190720731,2.4110845365243397E-4,9.299243385927408E-4,2.5854329918147947E-4,7.098134167592498E-5,2.677466514282119E-4,1.0,2.2480693955717122E-4,0.003304802719084838,0.0011103228332625568,4.192439403376365E-5,1.5822465417848465E-4,1.2785653944213815E-4,6.578231749638552E-5,2.1004470116114216E-4,1.5639876397417144E-4,1.4988292372953449E-4,1.5673684802673692E-4,0.0015467290371731174,2.2084622451265423E-4,0.002240503561394333,0.002533677596071099,1.6074277442633817E-4,2.249342665724049E-4,1.6118897528712148E-4,6.232328897922066E-5,5.02279078720165E-4,3.078667203245766E-4,4.338133711812252E-4,7.512830102277472E-4,1.8216003479157842E-4,0.0033358780395444433,0.0073691363874129135,2.1174157651070006E-4,0.0016244036676550428,3.8080125160300536E-4,0.0013235593434867677,1.434120381237111E-4,4.320081951138684E-4,1.1609961959072934E-4,2.868147098441403E-4,1.9176204880854943E-4,2.0305453469513806E-4,9.80102691071554E-4,0.0012532515479611924,0.0010202317964561778,2.376758442971668E-4,2.875252725110828E-4,0.001207375179887997,0.008126387657574213,9.935652941862345E-4,2.2282716826952802E-4],[9.393409932348309E-4,0.013150810837476413,2.3274984342464377E-4,9.677726463240753E-4,2.6495380945044684E-4,1.3925558584150548E-4,0.0010699868347369742,2.2480693955717122E-4,1.0,0.006266454309172453,3.123160991458777E-4,3.0366336631851243E-5,1.0134318239073942E-4,1.0898747778119306E-4,1.4197300874316612E-4,2.246633497749312E-4,1.724948678154077E-4,1.6587842299529577E-4,1.924795918754908E-4,2.3836150687231634E-4,2.2872099301740102E-4,0.0018296050686949943,4.3273292439996057E-4,1.8751261098981796E-4,0.0010624530052292481,2.0355083479575904E-4,1.0838719974739043E-4,6.283566104584998E-4,2.9844194616430704E-4,5.286599030996427E-4,0.0013916853768098148,1.9460182214441163E-4,0.0018006609040731292,0.009553911461439647,2.030253143943214E-4,5.978322705920741E-4,2.616428661329811E-4,0.0012236448757800538,1.7296102890239763E-4,6.119121114148002E-4,1.1127767334789693E-4,2.723731236905378E-4,1.5281939512372058E-4,1.0539820248941504E-4,8.299890741354051E-4,4.967988227500776E-4,0.0014367280512234647,3.155022637676386E-4,2.7718489972472466E-4,0.001048945013153222,0.010558700361125228,8.402168284668011E-4,2.298634315964774E-4],[0.002658264289253115,0.011983024436137376,4.3058199956425296E-4,0.00955266526532225,0.003031832009423385,0.0017437983402116288,0.009786676858018067,0.003304802719084838,0.006266454309172453,1.0,0.0015383622529668891,0.007550384474477757,0.008178611477519183,0.006890512497949461,0.001707755256383328,0.0027331603694528486,0.001669540812378602,0.0075962591799457685,0.004652119103364355,0.004886111593819258,0.00925906169434835,0.009389323101554943,0.009355326325906124,0.010211376512432068,0.004650338211010183,0.010525148217398653,0.00610469564699877,0.0032087302177276774,0.004318324355789766,0.002212399995850374,0.007575803101727659,0.004859920497559716,0.009716428070987692,0.012947074403157401,0.009681567350786506,0.002736862877955099,0.009621211764900692,0.010328292164158615,0.009119888280368553,0.0027366050900046973,0.003087527225779137,0.010162509912496141,0.0012323467645889462,0.001529186662628672,0.0016206833572733345,0.005591055093967366,0.0042466261548694765,0.006393572178298192,0.002268021275535014,0.008260680745929283,0.01142209434779951,0.00799070874212103,0.005367715444411292],[0.0011283150033972076,0.0036093172661316618,6.521483459579947E-4,0.0010503439834421613,2.6831200630953594E-4,4.4558190637075554E-4,0.0027259724391954744,0.0011103228332625568,3.123160991458777E-4,0.0015383622529668891,1.0,7.057670826739462E-4,3.6225554850466467E-4,7.101105689400936E-4,0.0011636703478802015,0.0010736443314539896,5.893240661809561E-4,4.456359816774098E-4,6.227380832168269E-4,0.0013710723207005573,7.999363947876999E-4,0.0020765912033807884,0.0028853046860175483,9.85281137816401E-4,0.0012230033285381798,0.0010807909431424483,0.0011869975827992886,9.647344355312542E-4,0.001316426600527224,0.0012274991075979448,0.001538148296820475,2.8443411743125396E-5,0.0016333781253177746,0.018155898589607603,0.0010809211517681893,0.001825885285739094,7.080532153729118E-4,0.0014920618164452689,9.648847922264885E-4,0.0010001876582632573,4.937420515280909E-4,8.406019205090072E-4,7.025059200211221E-4,9.252026829201519E-4,0.0011200529079894842,0.0014293696701156821,0.0014734000431696473,4.0840384190838307E-4,0.0011597533443177795,0.002846463796886489,0.0015179897842788933,0.0012384103849869279,2.808363606815756E-4],[3.0320784857442443E-4,0.027749504514381296,2.011091534273231E-4,8.05524090120765E-4,8.027025934159813E-5,2.174861652367455E-5,0.0024450661333797197,4.192439403376365E-5,3.0366336631851243E-5,0.007550384474477757,7.057670826739462E-4,1.0,4.5367991323746427E-5,7.736619477717685E-5,1.66828060556763E-5,8.000963221321608E-5,9.836882721131953E-5,2.059830157630934E-5,7.853691422167248E-5,7.409457004319609E-4,1.8060736356047488E-4,0.002720097659134236,0.002240291766945383,3.4600464415030535E-5,7.966454370069735E-4,3.3284177681727704E-5,2.124753235588788E-5,6.403247625206525E-4,7.786706234207856E-4,5.668579963607472E-5,0.0011966534229533512,1.5254243026345596E-5,0.0015293006073894696,0.016144966428644412,1.0281175329405473E-4,3.2100671586968513E-4,3.7787362322554586E-4,0.001100079093167774,2.3144901355857103E-5,2.8785020041646937E-5,2.024641078887047E-5,1.3407143700304018E-4,3.547107141989211E-5,2.223358590235658E-5,1.0549414181893713E-4,9.980770599526826E-4,0.0015038548233645148,2.0237067670642373E-4,5.69943949407962E-4,0.0011047391214221952,0.011459621257537906,0.001213235592865815,1.4297218293273967E-4],[3.6987815896100763E-4,0.0017876734070529654,2.1902404304670716E-4,4.620042563803682E-4,6.396237220201958E-5,5.100281422107477E-5,0.0010653167389093336,1.5822465417848465E-4,1.0134318239073942E-4,0.008178611477519183,3.6225554850466467E-4,4.5367991323746427E-5,1.0,9.023798203524899E-5,3.732492372724129E-5,1.47480090487523E-4,1.2050627410351673E-4,3.6840565106269464E-5,8.986063770513937E-5,6.38355460703277E-5,1.8011622700828302E-4,4.42989573539213E-4,0.002018248318495201,1.0450588428440215E-4,4.3073291918661785E-4,6.152353134982731E-5,4.326811839871941E-5,2.4039801646998007E-4,3.811416314095003E-4,5.951762105469406E-4,0.0012869882066412948,3.519304254694161E-5,0.0019177456354030945,0.019117220080902587,1.2290218752035925E-4,0.0010868548806670594,4.8273066386475663E-4,3.465724176063621E-4,8.621886536388865E-5,3.874020241034289E-4,3.886081162563459E-5,2.475875499586261E-4,6.972093452140319E-5,5.711210692364342E-5,0.0010444486191314595,4.6139730171309396E-4,2.2408369990667385E-4,2.905538448656553E-4,4.8728942383264917E-4,0.0024405735914596583,0.003802271165745371,9.00115812535134E-4,7.728960047808846E-5],[8.109279180808384E-4,0.026008124798436855,2.1606976718652632E-4,2.758482575287181E-4,1.774213422017027E-4,9.351369211170117E-5,8.389805367490647E-4,1.2785653944213815E-4,1.0898747778119306E-4,0.006890512497949461,7.101105689400936E-4,7.736619477717685E-5,9.023798203524899E-5,1.0,2.934214534102048E-5,1.5276377454172935E-4,1.160996052093646E-4,5.881738640917677E-5,1.0552777280449514E-4,0.0011964840144180102,2.1817285543995724E-4,3.0250804255204516E-4,0.0028749835296018934,1.1299349915663579E-4,0.0011614260730073958,1.0578259310750043E-4,4.560320131117887E-5,7.00124318237326E-4,5.713522357008627E-4,4.2873390321087457E-4,8.656396254620886E-4,5.0289416752143326E-5,0.0010241233956511026,0.015836296594460147,1.0654484821820812E-4,9.626128368315769E-4,3.423963545760987E-4,1.2957307819794073E-4,1.1156679802144058E-4,2.4127205230079876E-4,4.345882638209272E-5,1.1364072960616368E-4,1.019418024445981E-4,3.965822952369849E-5,5.679816293166407E-4,8.530789508857167E-4,0.001280766518498774,2.4206629892162135E-4,4.298859101013293E-4,0.001709831867198357,0.009725529921011417,0.001020277384648742,1.453709830865195E-4],[2.1650873398626401E-4,0.017630723802719395,9.352642562248864E-5,9.241214356390501E-4,1.940263408873255E-4,1.565888008895307E-5,0.0010885172370463107,6.578231749638552E-5,1.4197300874316612E-4,0.001707755256383328,0.0011636703478802015,1.66828060556763E-5,3.732492372724129E-5,2.934214534102048E-5,1.0,2.3526102212487106E-5,3.2678187178712764E-5,1.5822432798465034E-5,7.71142062783781E-5,3.473158476203955E-4,1.80783593431337E-4,0.002464255370986916,0.0017004178692200014,6.713900477411975E-5,1.04211109928448E-4,8.684231428554202E-5,1.9151530106103274E-5,6.229007112078729E-4,8.150346092078057E-5,8.263337055598583E-4,5.410953934503587E-4,1.4898161183356874E-5,0.0033936699338009435,0.012180802295200509,8.88194900333149E-5,0.0012492756481404064,2.6679965669316547E-4,3.7452491677479735E-4,1.004321203289048E-4,8.098169697203132E-5,1.6836425134416714E-5,3.0905011265879305E-5,4.5157768563681814E-5,2.0343774827076416E-5,7.228961872426801E-4,2.6344263229627803E-5,0.0015203660495450677,3.662320763085162E-4,6.273201753791562E-4,0.002780897318373697,0.001117507474123743,2.5792278231926634E-4,6.521402211627079E-5],[5.300442263189902E-4,0.0037987105386631734,2.1869042239520012E-4,2.3618128221349435E-4,2.239461781364819E-4,1.2160438582222753E-4,2.972868286522932E-4,2.1004470116114216E-4,2.246633497749312E-4,0.0027331603694528486,0.0010736443314539896,8.000963221321608E-5,1.47480090487523E-4,1.5276377454172935E-4,2.3526102212487106E-5,1.0,2.0000394522016307E-4,1.5284048165979585E-4,1.3697254202514885E-4,3.0057364371637957E-4,2.1779340951726093E-4,0.001282242248391602,0.002655733036346378,1.3329311878921177E-4,8.554316992633754E-4,2.0427904180589897E-4,1.4217289662597397E-4,6.932698791717376E-4,6.95522133383687E-4,6.601367616547173E-4,0.001320902035600651,2.01957215128692E-4,0.001629768718785793,0.013053418664652804,2.0176550797034598E-4,0.0017447125518333239,5.060011293888594E-4,0.001569335068737725,1.5869074041993284E-4,5.252496064748677E-4,4.574597553838582E-5,2.2465765868326916E-4,1.5208709903159282E-4,6.632783732279167E-5,7.197326773265332E-4,0.0018387430239457025,0.001569548195016811,2.896090530015017E-4,5.019113501894168E-4,0.0024986589169337346,0.0027546573185760733,6.28055700180819E-4,2.314159840466212E-4],[1.5087393038343942E-4,0.005518991710338626,1.9064205382907706E-4,7.031082361368039E-4,1.9604829991313403E-4,1.4002373563275192E-4,0.0011942916206562361,1.5639876397417144E-4,1.724948678154077E-4,0.001669540812378602,5.893240661809561E-4,9.836882721131953E-5,1.2050627410351673E-4,1.160996052093646E-4,3.2678187178712764E-5,2.0000394522016307E-4,1.0,7.897224667131791E-5,1.3500962421694938E-4,0.0014325317381405874,1.6292693296166187E-4,1.460427682395338E-4,0.0015277140292654016,1.2899597412844007E-4,8.030960899527493E-4,1.423771335988007E-4,7.399593906519863E-5,1.788436134926474E-4,0.0013104284235784145,0.0012773096713568025,3.6527852697619946E-4,1.144010690011164E-4,0.00329774141509722,0.0035163304663650904,1.3114433363484317E-4,6.200319811736004E-4,3.815148373629057E-4,0.0010856223578202288,1.2933437460544418E-4,1.7715735458984598E-4,9.602199291255326E-5,1.879160983715677E-4,9.690068856588017E-5,5.020086909327742E-5,6.785111723191561E-4,0.002060818366425945,0.0015606603016954793,2.2263336027646417E-4,3.602799946755699E-4,0.003336756262691874,0.0051639739294160655,3.5357504897129297E-4,2.0543846277079803E-4],[9.396978311817519E-4,0.025819096521268604,7.917596933294205E-5,2.3866858162639323E-5,1.9935659948981874E-5,1.4538928809375545E-5,0.0012856768972169179,1.4988292372953449E-4,1.6587842299529577E-4,0.0075962591799457685,4.456359816774098E-4,2.059830157630934E-5,3.6840565106269464E-5,5.881738640917677E-5,1.5822432798465034E-5,1.5284048165979585E-4,7.897224667131791E-5,1.0,8.165693898320902E-5,0.0010342046683642812,4.691774490421853E-5,0.0017419999143983202,7.450422141650425E-4,4.471596182627903E-5,8.458804939186133E-4,1.3035842204839606E-4,1.3951429420683895E-5,9.450274860411298E-5,0.0012751495256547896,0.0012176336660745103,2.1941584853271784E-4,1.4059151414568953E-5,0.0010058432146035322,0.017759349665738226,6.314913752567469E-5,9.088363429810659E-4,3.5242295669840953E-4,9.297982978802955E-4,2.434621577567514E-5,2.964510693662454E-4,1.667942198499262E-5,2.4506374475133103E-4,3.644073788922497E-5,1.69950212372997E-5,5.818907859125778E-4,4.643038517427977E-4,0.0015959597824909831,1.8116717882807982E-4,5.855439442335574E-4,0.003363014904121751,0.002046696265033962,4.7594636512758473E-4,9.199654280236311E-5],[1.9756916397782522E-4,0.023908144362082377,2.3160598531526673E-4,2.2000420903639222E-4,1.6130882541230056E-4,1.1648575421619958E-4,3.8708835931183056E-4,1.5673684802673692E-4,1.924795918754908E-4,0.004652119103364355,6.227380832168269E-4,7.853691422167248E-5,8.986063770513937E-5,1.0552777280449514E-4,7.71142062783781E-5,1.3697254202514885E-4,1.3500962421694938E-4,8.165693898320902E-5,1.0,0.001401349793140524,2.1486058827328635E-4,0.0014528427096132492,0.0022939962957661945,1.2478379886013435E-4,0.0013190765432522064,1.335045139736865E-4,8.551274076821974E-5,2.8945172844406595E-4,4.917706907384004E-4,7.426746550679461E-4,2.3684372144823946E-4,3.295874820929722E-5,0.0015955544213488164,0.010484990902524988,1.254435592257375E-4,0.0015235409571853604,3.7700662475528856E-4,1.9037377303588284E-4,1.2650492554404757E-4,5.133707032118418E-4,1.0970071408037421E-4,2.3811819843609207E-4,1.2174991700170468E-4,1.2307202638848293E-4,0.0010300363297551282,8.697687487443241E-4,0.0017268428161398984,2.5440080177213914E-4,5.591869079147357E-4,0.0033550125971341565,8.571396292553373E-4,7.838428871570092E-4,1.6215522891869372E-4],[0.001171235495555219,0.010811798666008446,0.0012502325485696446,0.0016361520462076955,0.0012943425618544713,6.727938029202756E-4,0.0019505133633602072,0.0015467290371731174,2.3836150687231634E-4,0.004886111593819258,0.0013710723207005573,7.409457004319609E-4,6.38355460703277E-5,0.0011964840144180102,3.473158476203955E-4,3.0057364371637957E-4,0.0014325317381405874,0.0010342046683642812,0.001401349793140524,1.0,9.873659353472604E-4,0.002166378482819777,0.002122446413573242,0.0012991622184629103,0.0015363454637035109,0.0010786421531944561,6.235298052420755E-4,0.0013554427826577941,0.0014487200156211603,0.001499972813315527,0.0016442402518503983,7.35230399295622E-4,0.003393966261937126,0.017279841671361776,8.423352719671784E-4,0.0018450918615228425,0.0012742040367680605,0.0016485288456820062,7.499339929283338E-4,0.0010345772544792724,5.200544098411861E-4,5.587069304812237E-4,8.031396141970323E-4,0.0014900956224423233,0.001208442417738841,0.001898006113024087,0.001704980133039636,8.855532429817312E-4,0.0011586734839043754,0.0029620766076623086,0.008127049206911834,0.00148941280185136,7.54836173096494E-4],[5.605294509212388E-4,8.116740277356254E-4,2.430244501421044E-4,5.371324852417694E-4,2.4159206983554943E-4,7.84624742898971E-5,0.0011066289730539594,2.2084622451265423E-4,2.2872099301740102E-4,0.00925906169434835,7.999363947876999E-4,1.8060736356047488E-4,1.8011622700828302E-4,2.1817285543995724E-4,1.80783593431337E-4,2.1779340951726093E-4,1.6292693296166187E-4,4.691774490421853E-5,2.1486058827328635E-4,9.873659353472604E-4,1.0,0.002595989078025421,0.0010329323069682456,1.7848102822216826E-4,4.992709024123799E-4,1.7633445751162054E-4,2.5232101032980432E-5,3.5092504178505597E-4,4.406023845945116E-4,8.77029867999843E-4,2.6984233241351664E-4,1.951716250784458E-4,0.002556095219663902,0.002624218050981137,1.9209853254324299E-4,0.0017773487731149178,3.47062207850623E-4,6.773598711348936E-4,1.5617992286315755E-4,7.729546099764372E-4,2.0375805504911816E-4,2.8021859542868974E-4,1.9958471798571894E-4,1.4182827970794245E-4,5.370873818611428E-4,0.0015736408377987413,4.0342243907371E-4,3.3758029725724755E-4,3.054460220229723E-4,0.001307591717990223,0.0014140042165853525,8.30411475068587E-4,2.3156690045844582E-4],[0.001265613094675522,0.01018094846263255,0.0014525631878354618,0.0017706099870109398,0.002997831896748166,5.08075355791221E-5,0.0031588244925074564,0.002240503561394333,0.0018296050686949943,0.009389323101554943,0.0020765912033807884,0.002720097659134236,4.42989573539213E-4,3.0250804255204516E-4,0.002464255370986916,0.001282242248391602,1.460427682395338E-4,0.0017419999143983202,0.0014528427096132492,0.002166378482819777,0.002595989078025421,1.0,0.003153178814526833,0.0012494010313703415,0.002607703784678467,0.002916880050376011,7.894107364359937E-5,0.0010903533412090494,0.0017386681757975127,0.00163148105694657,0.003002205960342448,0.001730679011923183,0.0032596953101201058,0.010904528658659061,0.002627054360925211,0.00266506531125952,0.0024352443177897715,0.0017802483139038893,5.401194331820514E-4,0.002986576324967752,0.002801889809429619,0.0022673675970981454,0.00151833644457871,0.0027196177237740213,0.001275536067233896,0.0031238516913327467,0.0021105483209652672,0.0017946582269731096,0.001027166030840022,0.003359929306067199,0.004277248065226079,0.002227986032037354,0.0021192845027406043],[0.0023929081083778835,0.011098832860360949,3.2523043874283257E-4,0.002481532479303146,8.767876324856736E-4,6.592990154877527E-4,0.0030927086468642757,0.002533677596071099,4.3273292439996057E-4,0.009355326325906124,0.0028853046860175483,0.002240291766945383,0.002018248318495201,0.0028749835296018934,0.0017004178692200014,0.002655733036346378,0.0015277140292654016,7.450422141650425E-4,0.0022939962957661945,0.002122446413573242,0.0010329323069682456,0.003153178814526833,1.0,0.003020868608787918,0.002073032702344312,2.1302114039356855E-4,0.0013015999918209362,0.002900600751780837,0.0014840348271319731,0.0019777793528022326,0.002750224720525248,1.8714062609165018E-4,0.0033023233961637422,0.016371331137043234,3.9763780578054965E-4,0.0020457026918625264,0.001662940719155865,0.0026347477695723596,0.002237247688868167,0.0014934038279837297,7.423690112594203E-4,0.001988807161923139,0.0022522379493658054,0.0024435443431696196,0.0024656339862216825,0.002508929953922823,0.0029687495306883515,9.806499309229584E-4,0.0012745092818893721,0.00317056556100647,0.007741652288691432,0.0016711408439447847,4.662036795074152E-4],[9.93105906422553E-4,0.008908549083890764,2.062625697069708E-4,0.0010110293514906702,1.319012269899391E-4,1.0885422127575323E-4,0.003047723256027619,1.6074277442633817E-4,1.8751261098981796E-4,0.010211376512432068,9.85281137816401E-4,3.4600464415030535E-5,1.0450588428440215E-4,1.1299349915663579E-4,6.713900477411975E-5,1.3329311878921177E-4,1.2899597412844007E-4,4.471596182627903E-5,1.2478379886013435E-4,0.0012991622184629103,1.7848102822216826E-4,0.0012494010313703415,0.003020868608787918,1.0,0.0011730602543401965,1.3540190523523343E-4,2.4006278913185174E-5,6.00749507396154E-4,3.067890583920667E-4,7.367466649937448E-4,2.6918031309279664E-4,9.897724274862186E-5,0.002442316888012176,0.010960242815238967,1.1793859485800709E-4,0.0015813182856403854,3.811456116092723E-4,0.001500127625577528,1.2090767034142207E-4,8.093200929140909E-4,2.8638111600041277E-5,2.792976878087487E-4,1.0315478509743797E-4,8.292028661279258E-5,2.4390635320172132E-4,5.040976855192833E-4,0.0013428416261093098,3.4203860458239697E-4,4.4540518669946845E-4,6.310359081591575E-4,0.009108137766123509,4.833440259948671E-4,1.1835381286607254E-4],[0.001230637433933885,0.02083817488259838,4.888648338993423E-4,0.0010891331834272193,0.001344126065938829,7.1549441313735E-4,0.0027389837583860982,2.249342665724049E-4,0.0010624530052292481,0.004650338211010183,0.0012230033285381798,7.966454370069735E-4,4.3073291918661785E-4,0.0011614260730073958,1.04211109928448E-4,8.554316992633754E-4,8.030960899527493E-4,8.458804939186133E-4,0.0013190765432522064,0.0015363454637035109,4.992709024123799E-4,0.002607703784678467,0.002073032702344312,0.0011730602543401965,1.0,4.426120870267009E-4,0.0011893071179734018,0.0012684632965349295,0.001407598311620475,0.0014077845153207323,0.001652719786194124,9.883437514237219E-4,0.0017360370133530493,0.0034654507765908005,9.459938796701189E-4,0.0014567118969455969,0.0012642046620790224,0.0014636203027293842,0.0013031528531098004,0.0012070157143118845,8.088023929020696E-4,0.0011676134747551164,9.051569596240962E-4,0.0010921656546641195,0.0011202637936012219,0.0014104585972556176,0.001533998367709515,0.001330712566370626,0.001312853384018968,0.0019536181479223144,0.007530249641470459,0.0012858693917546806,0.0013104748791293106],[3.7716376356497115E-4,0.02279831385661923,2.520929963295246E-4,1.7300813141127408E-4,2.570221268507045E-4,1.5363691783790163E-5,0.003030827542507536,1.6118897528712148E-4,2.0355083479575904E-4,0.010525148217398653,0.0010807909431424483,3.3284177681727704E-5,6.152353134982731E-5,1.0578259310750043E-4,8.684231428554202E-5,2.0427904180589897E-4,1.423771335988007E-4,1.3035842204839606E-4,1.335045139736865E-4,0.0010786421531944561,1.7633445751162054E-4,0.002916880050376011,2.1302114039356855E-4,1.3540190523523343E-4,4.426120870267009E-4,1.0,8.227879736441088E-5,3.023499694232843E-4,5.430644686642747E-4,0.001172257303012528,5.971364723569271E-4,4.018632526549239E-5,2.9244291536833307E-4,0.015258669932173924,1.3598159472768395E-4,0.0018205215968164893,3.5101122321057495E-4,8.186941176021314E-4,1.2968878593339736E-4,5.704279910208673E-4,1.1436547824925257E-4,2.4003856594299866E-4,1.3050701071020242E-4,7.251200435388575E-5,3.017288846447625E-4,7.375506198418117E-4,0.0016374225782748585,2.697977389594126E-4,3.087710116054618E-4,0.0010495341318468143,0.008736647590632685,3.969574517916433E-4,1.8177924347324525E-4],[3.049097991059169E-4,0.003127007394487496,1.7740361366481408E-4,4.393810789172047E-4,2.535730534146354E-4,1.8292909620111083E-5,5.701941251106796E-4,6.232328897922066E-5,1.0838719974739043E-4,0.00610469564699877,0.0011869975827992886,2.124753235588788E-5,4.326811839871941E-5,4.560320131117887E-5,1.9151530106103274E-5,1.4217289662597397E-4,7.399593906519863E-5,1.3951429420683895E-5,8.551274076821974E-5,6.235298052420755E-4,2.5232101032980432E-5,7.894107364359937E-5,0.0013015999918209362,2.4006278913185174E-5,0.0011893071179734018,8.227879736441088E-5,1.0,4.2461021586883964E-4,0.0012255019213102314,5.226081859057978E-4,6.916547158050158E-4,1.5959766134513538E-5,0.0015539072546295052,0.0050851697180987945,1.1374833561681484E-4,0.0010597026687047682,3.0326607565245235E-4,8.235243348024461E-4,8.38849695247419E-5,8.061492417720353E-4,1.8152101952538126E-5,1.298013182084805E-4,6.739167200612531E-5,2.2713266479300226E-5,4.674729848293094E-4,2.2652675119719565E-4,0.0010063296116834112,3.6064499689804136E-4,4.3183457482760335E-4,0.0022993875981997024,0.007090419216064869,1.2011497075476673E-4,1.103416346278531E-4],[0.0011059022129994316,0.0012102561474320525,4.7523648153231866E-4,9.261320275198099E-4,3.2595645687257517E-4,1.9057494794892644E-4,0.0021026888428811834,5.02279078720165E-4,6.283566104584998E-4,0.0032087302177276774,9.647344355312542E-4,6.403247625206525E-4,2.4039801646998007E-4,7.00124318237326E-4,6.229007112078729E-4,6.932698791717376E-4,1.788436134926474E-4,9.450274860411298E-5,2.8945172844406595E-4,0.0013554427826577941,3.5092504178505597E-4,0.0010903533412090494,0.002900600751780837,6.00749507396154E-4,0.0012684632965349295,3.023499694232843E-4,4.2461021586883964E-4,1.0,9.54664920639176E-4,8.749150348034025E-4,0.0012258420600103283,6.212640885304499E-4,0.001040582599245701,0.008928091097409207,4.236924131770781E-4,7.385652712322232E-4,6.101241514217345E-4,0.0013879626607475027,3.158755537184116E-4,7.981867085766286E-4,2.0628271076065323E-4,4.884677047994236E-4,6.138908510682864E-4,6.236364698989483E-4,7.678026111335634E-4,0.0015848444222472217,0.0012529095436398356,4.165541307073094E-4,6.974608234416453E-4,0.0020076402201724,9.93910756434391E-4,0.0010203074264404594,2.718570655467473E-4],[0.0013702476688601686,0.014703962259770179,0.0012086752601331784,0.0012164678622063514,0.0010779778146802878,7.250188541568994E-4,0.002320212926882152,3.078667203245766E-4,2.9844194616430704E-4,0.004318324355789766,0.001316426600527224,7.786706234207856E-4,3.811416314095003E-4,5.713522357008627E-4,8.150346092078057E-5,6.95522133383687E-4,0.0013104284235784145,0.0012751495256547896,4.917706907384004E-4,0.0014487200156211603,4.406023845945116E-4,0.0017386681757975127,0.0014840348271319731,3.067890583920667E-4,0.001407598311620475,5.430644686642747E-4,0.0012255019213102314,9.54664920639176E-4,1.0,0.0014293402518965736,0.00161433587961963,9.705277601996719E-4,0.0017604660361044218,0.017838970920710812,2.2370151312264656E-4,0.0018270083721100422,9.945724423090763E-4,0.0015559926922834454,0.0010964248214457343,0.001131365274779874,0.0014075530625508072,0.0012134709622476782,0.0012714743861886914,1.790718472429157E-4,0.0013523426127438794,0.0018763435786767328,0.0014783688358268553,8.895167854192144E-4,8.758402793401783E-4,0.0017588938533827502,0.010953768006766215,0.0013483736240970216,0.0010381749952194474],[0.0011675115490645993,0.025713000976969658,0.0011677839544262133,0.001404731586319609,5.23907819591762E-4,0.0013698759881377602,0.0024194237886651236,4.338133711812252E-4,5.286599030996427E-4,0.002212399995850374,0.0012274991075979448,5.668579963607472E-5,5.951762105469406E-4,4.2873390321087457E-4,8.263337055598583E-4,6.601367616547173E-4,0.0012773096713568025,0.0012176336660745103,7.426746550679461E-4,0.001499972813315527,8.77029867999843E-4,0.00163148105694657,0.0019777793528022326,7.367466649937448E-4,0.0014077845153207323,0.001172257303012528,5.226081859057978E-4,8.749150348034025E-4,0.0014293402518965736,1.0,0.0016033247650957968,8.409895997245241E-5,0.003172084706820232,0.018676800715725576,0.0011304967062346141,0.0017592662367468268,0.0013229142129642436,0.00151844243401562,0.0012481223984549732,0.0014032784413214984,1.882555177546941E-4,0.001059230305095782,0.001083126752004626,9.685004855712652E-5,0.0013237541628323343,0.0017279003032603137,0.0015652611678635842,0.0013664304288314667,0.0011809330014352776,0.003476005341062241,0.01033548650434216,0.0013855384537956412,0.0010691945377565256],[0.0011646486981129625,0.016064151995165726,4.721632375771436E-4,0.001362558978134649,0.0010815801053374436,0.0015193982488928338,0.0020174873910118944,7.512830102277472E-4,0.0013916853768098148,0.007575803101727659,0.001538148296820475,0.0011966534229533512,0.0012869882066412948,8.656396254620886E-4,5.410953934503587E-4,0.001320902035600651,3.6527852697619946E-4,2.1941584853271784E-4,2.3684372144823946E-4,0.0016442402518503983,2.6984233241351664E-4,0.003002205960342448,0.002750224720525248,2.6918031309279664E-4,0.001652719786194124,5.971364723569271E-4,6.916547158050158E-4,0.0012258420600103283,0.00161433587961963,0.0016033247650957968,1.0,5.717954116169814E-4,0.0024816365560018858,0.01265546793916879,3.594103858053703E-4,0.0017051772463276189,0.0011425979435671207,0.0016566450469156955,7.602157660041316E-4,0.001483038342619716,6.44212033851835E-4,9.847265765501442E-4,0.0014864416035751482,0.0016169663237218571,0.0012534445739541063,0.0023193672189858548,0.0017423197530625721,4.4272544722601755E-4,0.0015838528283674566,0.0031390847951344547,0.006952199251120609,0.0016114593305784934,3.7858380833604626E-4],[6.697240683090554E-4,0.0219569347150778,5.075679274639225E-5,3.6522085493104607E-4,1.8957776345153964E-4,1.4658042344437453E-5,0.0027195647061234933,1.8216003479157842E-4,1.9460182214441163E-4,0.004859920497559716,2.8443411743125396E-5,1.5254243026345596E-5,3.519304254694161E-5,5.0289416752143326E-5,1.4898161183356874E-5,2.01957215128692E-4,1.144010690011164E-4,1.4059151414568953E-5,3.295874820929722E-5,7.35230399295622E-4,1.951716250784458E-4,0.001730679011923183,1.8714062609165018E-4,9.897724274862186E-5,9.883437514237219E-4,4.018632526549239E-5,1.5959766134513538E-5,6.212640885304499E-4,9.705277601996719E-4,8.409895997245241E-5,5.717954116169814E-4,1.0,0.0033424839370832884,0.004677428146249537,1.031847682891804E-4,0.0016494533988403086,4.6922603995751673E-4,0.0010966070803261519,5.8698712388752195E-5,5.288348318244723E-4,1.6590111736977878E-5,4.173093642725916E-5,2.839539814799989E-5,2.284848006217151E-5,5.875538902097803E-4,0.0011777611660257325,0.0012456834323069609,2.1193490078115796E-5,5.329519464028077E-4,3.4622748954337915E-4,0.008970298643860052,2.707518554304935E-4,1.701341545226649E-4],[0.0029231742357226087,0.007510734996448138,0.001694037661220785,0.003018936402366315,0.0020568116977994024,0.003347133354487998,0.00339940086928639,0.0033358780395444433,0.0018006609040731292,0.009716428070987692,0.0016333781253177746,0.0015293006073894696,0.0019177456354030945,0.0010241233956511026,0.0033936699338009435,0.001629768718785793,0.00329774141509722,0.0010058432146035322,0.0015955544213488164,0.003393966261937126,0.002556095219663902,0.0032596953101201058,0.0033023233961637422,0.002442316888012176,0.0017360370133530493,2.9244291536833307E-4,0.0015539072546295052,0.001040582599245701,0.0017604660361044218,0.003172084706820232,0.0024816365560018858,0.0033424839370832884,1.0,0.011735734862612337,0.0019195851588601277,0.00318205683961596,0.0024056269809909904,0.0025798497018726793,0.0011436850095654454,0.0028964973990290594,0.002087996883126906,0.002553190442161972,5.005513783793663E-4,1.6959388685118654E-4,0.0024057130781023244,0.0028557960141890218,0.002588243141547804,0.002842377922074219,0.002223151872799245,0.0035454410517590336,0.009464273472484894,0.0030471612164471055,0.002621365850131409],[0.016939724804802013,0.028157165965722812,0.010838823289016086,0.008461677982055948,0.013299009039635665,0.008232000894584975,0.01706760802357487,0.0073691363874129135,0.009553911461439647,0.012947074403157401,0.018155898589607603,0.016144966428644412,0.019117220080902587,0.015836296594460147,0.012180802295200509,0.013053418664652804,0.0035163304663650904,0.017759349665738226,0.010484990902524988,0.017279841671361776,0.002624218050981137,0.010904528658659061,0.016371331137043234,0.010960242815238967,0.0034654507765908005,0.015258669932173924,0.0050851697180987945,0.008928091097409207,0.017838970920710812,0.018676800715725576,0.01265546793916879,0.004677428146249537,0.011735734862612337,1.0,0.014821211626617824,0.013044032075004212,0.008539254558315132,0.01675610085838713,0.014639733698323288,0.015110629012754761,0.01624906930048207,0.018189275943436584,0.01575846200314731,0.005874024347406314,0.0050854518966935176,0.007624661212562764,0.011133815941242981,0.0025693291313423215,0.00618817699398804,0.009894867280183725,0.01360706914454783,0.01568967757720497,0.00820098680953468],[0.0010718602426796051,0.013678567742609062,1.4282654754728315E-4,5.581505682785516E-4,2.300491848579758E-4,9.105009479331652E-5,0.001047192265314371,2.1174157651070006E-4,2.030253143943214E-4,0.009681567350786506,0.0010809211517681893,1.0281175329405473E-4,1.2290218752035925E-4,1.0654484821820812E-4,8.88194900333149E-5,2.0176550797034598E-4,1.3114433363484317E-4,6.314913752567469E-5,1.254435592257375E-4,8.423352719671784E-4,1.9209853254324299E-4,0.002627054360925211,3.9763780578054965E-4,1.1793859485800709E-4,9.459938796701189E-4,1.3598159472768395E-4,1.1374833561681484E-4,4.236924131770781E-4,2.2370151312264656E-4,0.0011304967062346141,3.594103858053703E-4,1.031847682891804E-4,0.0019195851588601277,0.014821211626617824,1.0,6.069701033824446E-4,4.017890209777544E-4,4.4511897647922993E-4,1.2544533698329456E-4,2.842930390115568E-4,4.954413777877526E-5,1.3297104839294992E-4,9.028022006715064E-5,3.455352643477943E-5,3.7852979745327123E-4,0.0024072789631598454,0.0013426616263142515,1.4685420325664134E-4,3.5067488922455346E-4,3.2862747064755517E-4,0.003877202595867816,1.3209981897112282E-4,2.197338554303962E-4],[0.001819394536135693,0.013438245916356664,9.589270134220591E-4,0.0012044759080333586,5.190779639848919E-4,0.0012184607048892943,0.002404338029850164,0.0016244036676550428,5.978322705920741E-4,0.002736862877955099,0.001825885285739094,3.2100671586968513E-4,0.0010868548806670594,9.626128368315769E-4,0.0012492756481404064,0.0017447125518333239,6.200319811736004E-4,9.088363429810659E-4,0.0015235409571853604,0.0018450918615228425,0.0017773487731149178,0.00266506531125952,0.0020457026918625264,0.0015813182856403854,0.0014567118969455969,0.0018205215968164893,0.0010597026687047682,7.385652712322232E-4,0.0018270083721100422,0.0017592662367468268,0.0017051772463276189,0.0016494533988403086,0.00318205683961596,0.013044032075004212,6.069701033824446E-4,1.0,0.0011607059235219748,0.0017170167957395435,0.0011746381852751932,0.0013748093305191798,2.150947641641156E