[[1.0,1.674638771561236E-4,1.6048481691373752E-5,2.7139574728106956E-5,2.0728607256565343E-4,0.0033116375214541573,1.5908377499712905E-4,7.435514546711039E-4,0.01816193286591037,0.005101937220158319,4.126481271052144E-5,0.0014299292153546696,1.5484557888528354E-4,2.0819422023692426E-5,9.748050398110889E-4,2.206176136252453E-4,6.52406364730382E-4,0.02257623515912347,2.0605507518761809E-4,0.002651569645377161,0.006751330513222379,1.6161141676364707E-4,1.8092634040514684E-4,1.7847044907403142E-4,1.6324887983801398E-4,5.727326533391103E-4,2.834223819195492E-4,2.127967248084447E-4,8.602279549165872E-5,0.0017376105632994723,1.5984394936894997E-4,1.9046070162538506E-4,0.003951271546786354,0.003940717892724154,2.1001614323844063E-4,0.008666825413113246,3.889040294844798E-4,4.705289570614018E-4,0.0020134207511519463,8.036004004266737E-4,2.3563353706812905E-4],[1.674638771561236E-4,1.0,4.453896877731632E-5,6.642823955322854E-5,2.0401853959800125E-4,0.012461115525716458,1.0751395247030395E-4,0.004848850060121533,0.003171546630868607,0.0012678979662967803,4.712055950805122E-5,3.39103498447686E-4,1.000603450079502E-4,2.5988751472571062E-5,0.0010234559026829654,2.051653832460042E-4,3.917682097529843E-4,0.04266363153873952,1.0904019019832538E-4,8.516576021693413E-4,0.0018786484263062717,1.0186651806114081E-4,9.130438917598855E-5,7.85816147366746E-5,8.493443629914283E-5,1.324109768484875E-4,8.431743587347604E-4,1.2902889865225043E-4,9.007721921507162E-5,1.6237840048678E-4,1.1165749348169341E-4,1.1550632467075263E-4,0.009473480194551145,0.00977661491962848,1.9488247005165733E-4,0.012930573143637401,3.4798844153617506E-4,9.059322588221837E-4,0.002775865018382478,9.695609897575467E-4,9.85025196818366E-4],[1.6048481691373752E-5,4.453896877731632E-5,1.0,1.4031698142521977E-5,1.5779981505102306E-4,0.011691362632263258,7.645920941320173E-5,0.01113267232490058,0.005660609612146437,0.004683966465999019,2.3978917064801444E-5,0.0023823435414317535,1.5032402761812272E-5,1.4378370445117146E-5,0.001146429995283147,9.232331136285982E-5,0.0027953620190059683,0.013150406440383285,8.895808264113571E-5,0.0012856059501134282,0.012324201060361336,1.6426257133872688E-5,1.2841301820039569E-5,1.5539036487684383E-5,2.657941446602458E-5,4.7008999931425876E-4,0.001529784871223899,1.9106936023003166E-4,2.766699658922595E-5,5.212865799961157E-4,2.7191651653049448E-5,1.5610126026610458E-4,0.014055102746072173,0.015276497691862742,6.297751429599428E-5,0.004793620036255413,1.8046651765688145E-4,3.5564753369707607E-4,0.001276218799876976,4.0738985459786933E-4,4.483264385837009E-4],[2.7139574728106956E-5,6.642823955322854E-5,1.4031698142521977E-5,1.0,1.7178999702410574E-4,0.006219505198977297,8.339714231627716E-5,0.011285983559041587,0.02220645982916474,0.003623853590397123,2.0578632265780783E-5,0.004331232192610227,1.4453869037265458E-5,1.353636188924811E-5,0.001259698594645286,2.6031913312667765E-5,5.139886752863014E-4,0.04758927871779438,2.392943334159175E-5,7.875916590677556E-4,0.006981466483768161,1.4333874354872775E-5,1.2764190480186618E-5,1.5078996571776394E-5,1.3836809717139505E-5,1.901532332035617E-4,0.0015083380957487877,1.509296587357548E-4,4.433822806622401E-5,8.490537363961265E-4,9.274617374565963E-5,2.5706741631279034E-5,0.0049838835936374766,0.0077663340780025425,8.399151976771265E-5,0.012548628382756803,1.8902383804932565E-4,0.0011407315468245926,0.001301535139482738,6.238419675365634E-4,0.0010439792709979654],[2.0728607256565343E-4,2.0401853959800125E-4,1.5779981505102306E-4,1.7178999702410574E-4,1.0,0.004669946919866852,1.0729682189869646E-4,0.011235118527734528,0.0072321114670623535,4.2383504462104775E-4,1.3531365787786145E-4,0.0025026758026569693,3.338329142073041E-5,2.487834375190855E-5,0.0010547501108694442,2.160993291015934E-4,8.150086432825081E-4,0.03984339669120697,1.3930622237198317E-4,9.016251031527371E-4,0.009809036638179008,9.730438888055009E-5,1.611448037035189E-4,1.3860050483673525E-4,1.4172884849906716E-4,3.1240847375706393E-4,0.0022524512611663185,2.1903373955118016E-4,1.3498343880220592E-4,0.0016067300680306545,1.893616369318221E-4,1.7892599469899163E-4,0.007324914554347073,0.010780511277671163,2.09400602812218E-4,0.006580987672641581,2.1799414138371203E-4,0.0011390342805046747,0.004128846739051406,9.91396939655814E-4,7.193920660135071E-4],[0.0033116375214541573,0.012461115525716458,0.011691362632263258,0.006219505198977297,0.004669946919866852,1.0,0.0026855051848393824,0.013163544402536968,0.017458009113463013,0.011050726547166262,0.0103488468990381,0.009178210648323326,0.0026260695154130646,0.005211887931436232,0.01046021391675029,0.013730857423613357,0.0072509948850578935,0.03152615455572614,0.0072433687891048214,0.0036110500538945687,0.014594939187214695,7.545600748731395E-4,0.005983311335957426,0.010425665409172159,0.008412007298208879,0.009779200631726739,0.01283109957637426,0.003586800152977279,0.005847217860376652,0.005467957232057076,0.004142446333685714,0.002915300444984917,0.014913698122757937,0.015244416799568387,0.0024587698949467022,0.014877274690554441,0.014365617525885535,0.002994626163829642,0.013673684126084816,0.001007177899771655,0.0024624829475883205],[1.5908377499712905E-4,1.0751395247030395E-4,7.645920941320173E-5,8.339714231627716E-5,1.0729682189869646E-4,0.0026855051848393824,1.0,0.001631793696578117,0.013065379387235428,0.003184602105915007,7.21304194137704E-5,0.0021096902722475236,9.230851928443529E-5,1.5871400065253875E-5,0.0010633184965470163,1.20310299003719E-4,0.0030770215962204073,0.0358137694936435,1.0837004084413308E-4,0.002163369492479022,0.007033521748418706,2.3091852583129692E-5,1.020577846640389E-4,1.027663534522429E-4,7.007336382291861E-5,5.100872918380166E-4,8.317273776851427E-4,1.9314571671646117E-4,5.589527082782044E-5,0.001506398436506782,1.1199219330707408E-4,1.6905556619426328E-4,0.003549754030867269,0.0048172782784245,1.3576668755734908E-4,0.006738127921336984,2.0042790707859289E-4,6.99443888994175E-4,0.0011594821401107822,8.627965944111907E-4,9.426476953078705E-4],[7.435514546711039E-4,0.004848850060121533,0.01113267232490058,0.011285983559041587,0.011235118527734528,0.013163544402536968,0.001631793696578117,1.0,0.02068181623141163,0.012628275274090876,0.012773443042660685,0.012092543257047634,9.633694710291861E-4,0.010616188470998655,0.0032438002244564203,0.0047859532744475705,0.0034507727873745457,0.04793156277989327,0.012168351615591176,0.009013973038174798,0.012731235057527332,0.011500114111835864,0.0036590523953364275,0.012075854018707944,0.009375693465243827,0.009302999909266002,0.0035482952590072175,0.01266862382506427,0.010090870809450304,0.011655012052437767,0.004031773301583463,0.003357957736508732,0.013587490366964649,0.014211078903652398,0.007915082283318739,0.013708850256846901,0.0028685908008474347,0.004352359611260213,0.010439162156481087,0.007429564459040171,0.007146938106916654],[0.01816193286591037,0.003171546630868607,0.005660609612146437,0.02220645982916474,0.0072321114670623535,0.017458009113463013,0.013065379387235428,0.02068181623141163,1.0,0.015590816110497566,0.0011616106522514208,0.02651415512191859,0.023322112590497792,0.0011538252742020123,0.025464094303765297,0.007422954005386792,0.012874552276612843,0.03779783684929857,0.020266859101441978,0.011756810431544229,0.019079674757225894,0.017779677266740585,0.024328118462768635,0.02307849561776135,5.56122980569202E-4,0.013370481148296861,0.021477689358208183,0.010937570976427571,0.013425437122385316,0.008702462164561843,0.016590418444323376,0.021702118758359777,0.023597227449422588,0.02620384513500225,0.002917165564141236,0.025221557357849936,0.01797353300578899,0.015883592123642362,0.012111663749526026,0.005651069443323789,0.026617763945353225],[0.005101937220158319,0.0012678979662967803,0.004683966465999019,0.003623853590397123,4.2383504462104775E-4,0.011050726547166262,0.003184602105915007,0.012628275274090876,0.015590816110497566,1.0,0.00515775094833431,0.005139931492474226,0.0051407115028323565,0.004982800945213149,0.00392539033451701,0.002465664129480386,0.004198568792738975,0.04014960303619307,0.0023609021969646956,0.0047450583330757015,0.010265791354389094,9.013362811688379E-4,0.0026171430778508626,0.004759166258537056,0.002658691121765369,0.0014790448393250917,0.005087007479249353,0.002259902348988794,0.0038302294454990136,0.004002560745411965,0.003003032013466201,0.002325333178774972,0.013137104957386705,0.015517180599802758,7.993523245964832E-4,0.005610626328846893,0.004425736870863444,0.005115932221609979,0.005589896229571752,0.004602171564089992,0.0021117659577607594],[4.126481271052144E-5,4.712055950805122E-5,2.3978917064801444E-5,2.0578632265780783E-5,1.3531365787786145E-4,0.0103488468990381,7.21304194137704E-5,0.012773443042660685,0.0011616106522514208,0.00515775094833431,1.0,0.003951285424884402,2.836363086764148E-5,2.5478523270366994E-5,0.001097265634875611,6.869893192270143E-5,0.0022888389964363233,0.009961073617257012,8.975410824073026E-5,0.002437765743225931,2.6350897074170444E-4,2.7628539640863473E-5,2.8080455182385923E-5,1.6374428769943337E-5,3.822647917125559E-5,7.142297855955943E-4,0.002287112381649158,1.8928250332959603E-4,3.9959795962162786E-5,0.0017674184391385688,8.508577879946877E-5,1.5345085408025676E-4,0.007352068159511847,0.010200290855774318,1.270667646586825E-4,0.006053793303260813,1.8473610838000846E-4,4.864088311817242E-4,6.898292944021377E-4,7.111076530103898E-4,5.267141019198813E-4],[0.0014299292153546696,3.39103498447686E-4,0.0023823435414317535,0.004331232192610227,0.0025026758026569693,0.009178210648323326,0.0021096902722475236,0.012092543257047634,0.02651415512191859,0.005139931492474226,0.003951285424884402,1.0,6.644729715161494E-4,6.02546066726411E-4,0.0026477122054976536,0.0015568532520531238,0.0047821203973592505,0.014487937973648297,9.557723592486233E-4,0.003789046049497118,0.00988298610551214,1.9858955082248614E-4,0.001039111173504645,0.0038175987494669557,0.0011660585258978838,0.004341238505543694,0.0037556792218387787,0.004298931548591797,0.0028201468590596745,0.003662284007828292,0.0028615101807872977,0.0037064540128673453,0.012482936971540596,0.008027742849626858,0.002299900948170602,0.008579793316743191,7.466553596746586E-4,0.0014260313690775094,0.0050384678568506985,0.004281173768003987,0.0042617326607181675],[1.5484557888528354E-4,1.000603450079502E-4,1.5032402761812272E-5,1.4453869037265458E-5,3.338329142073041E-5,0.0026260695154130646,9.230851928443529E-5,9.633694710291861E-4,0.023322112590497792,0.0051407115028323565,2.836363086764148E-5,6.644729715161494E-4,1.0,1.4601008866517847E-5,1.8365975533435756E-4,6.245152444676011E-5,4.7027829608639E-4,0.03142584166043942,9.935876190413345E-5,3.790163326815945E-4,0.009332813728662688,1.861740777943152E-5,1.4958801933233762E-5,1.5639184630010784E-5,3.2440919473106995E-5,0.0010006744135121514,0.001828096732883085,5.0616417504709005E-5,3.290598368178151E-5,5.63584288373522E-4,6.329871893795487E-5,2.552193086678669E-5,0.008350685126090374,0.005143997290453912,1.7704764450790982E-4,0.0076495667480018965,3.435438496902234E-4,0.0011518464958513246,2.9068816994470896E-5,6.449777788590713E-4,9.735983158368282E-4],[2.0819422023692426E-5,2.5988751472571062E-5,1.4378370445117146E-5,1.353636188924811E-5,2.487834375190855E-5,0.005211887931436232,1.5871400065253875E-5,0.010616188470998655,0.0011538252742020123,0.004982800945213149,2.5478523270366994E-5,6.02546066726411E-4,1.4601008866517847E-5,1.0,0.0010925959677366968,1.756273475682531E-4,0.0025581576839890105,0.02723659043158081,4.8975560599058966E-5,0.0016051803393463617,0.009891740761536245,1.7591221716715986E-5,1.2628343916096177E-5,1.4775150994741543E-5,2.045508446846919E-5,1.4395693368876288E-4,2.620621135902252E-4,1.4446277166339964E-4,4.140016907646079E-5,0.0015294609790596683,6.371504428654017E-5,1.0400318312449938E-4,0.005068548088300539,0.0035314759714397074,1.5225685806375303E-4,0.007232728040273698,1.4761727212502628E-5,8.411530330801293E-4,0.0028770871150910265,6.865804647599774E-4,4.525525123440924E-5],[9.748050398110889E-4,0.0010234559026829654,0.001146429995283147,0.001259698594645286,0.0010547501108694442,0.01046021391675029,0.0010633184965470163,0.0032438002244564203,0.025464094303765297,0.00392539033451701,0.001097265634875611,0.0026477122054976536,1.8365975533435756E-4,0.0010925959677366968,1.0,8.767792877644901E-4,0.00254170229483532,0.022552692817452615,0.0012028146118680946,0.002113480402344531,0.003245690863528739,8.195436431009868E-4,9.734857943941056E-4,3.7142399206463683E-4,7.892311634015174E-4,0.00119625611604272,0.0022735083662975084,4.437664664741852E-4,8.819697204508956E-4,0.0015517310716221136,9.965861870162502E-4,0.0012804842544516233,0.012552030995679836,0.006076708964802495,5.232218967420037E-4,0.0035157893589946266,4.2306013920531064E-4,0.001223493825176552,0.002918722998975159,0.0010193743615034142,0.0012606900057812742],[2.206176136252453E-4,2.051653832460042E-4,9.232331136285982E-5,2.6031913312667765E-5,2.160993291015934E-4,0.013730857423613357,1.20310299003719E-4,0.0047859532744475705,0.007422954005386792,0.002465664129480386,6.869893192270143E-5,0.0015568532520531238,6.245152444676011E-5,1.756273475682531E-4,8.767792877644901E-4,1.0,0.0024432509352478628,0.031473977681977496,1.307108344743786E-4,0.0026722275299649783,0.003560448112013756,4.4509269812905284E-5,5.342364796083198E-5,6.167227759098132E-5,1.682860479037876E-4,9.860847787719197E-4,0.0020868243453664947,2.220950182225176E-4,8.973916061963551E-5,0.0014738364898712174,1.9658168813238826E-4,1.9825015006182779E-4,0.0014485455091197174,0.00867741374044366,2.1585818112770065E-4,0.008225478504042363,3.6745420531072054E-4,5.515550166877033E-4,0.004243961990681052,8.550795697355608E-4,0.001033241321263719],[6.52406364730382E-4,3.917682097529843E-4,0.0027953620190059683,5.139886752863014E-4,8.150086432825081E-4,0.0072509948850578935,0.0030770215962204073,0.0034507727873745457,0.012874552276612843,0.004198568792738975,0.0022888389964363233,0.0047821203973592505,4.7027829608639E-4,0.0025581576839890105,0.00254170229483532,0.0024432509352478628,1.0,0.014918836655627127,0.0027964157177123544,0.0029251374507367933,0.00907445025868376,0.0017021277498094612,2.8243190178431886E-4,0.0030037634300568153,4.6253679606147747E-4,0.0020270883330802784,0.002466015294626644,0.0013303004887263742,0.003053701988741262,0.002793139461493977,0.001444950265879148,2.5591340319801515E-4,0.01396176410244391,0.005162600053592217,0.0017534543446202189,0.01346207972623933,0.0011941109137778632,0.0013372987210045744,0.004680928235770886,0.0026783149222622364,0.0012779912389042605],[0.02257623515912347,0.04266363153873952,0.013150406440383285,0.04758927871779438,0.03984339669120697,0.03152615455572614,0.0358137694936435,0.04793156277989327,0.03779783684929857,0.04014960303619307,0.009961073617257012,0.014487937973648297,0.03142584166043942,0.02723659043158081,0.022552692817452615,0.031473977681977496,0.014918836655627127,1.0,0.023712316025580275,0.04976156031312407,0.035844332858177404,0.024786756772495987,0.016991552436825076,0.024103685506070407,0.045472698510296644,0.01844294462500973,0.03610312540114443,0.034934543800866996,0.03286634137108912,0.00910875605931558,0.041836311657720344,0.04394629069520622,0.04177745230903987,0.03281150153854838,0.03956435163927463,0.025871756439310188,0.01869431292450221,0.028386113362632037,0.0417418865943635,0.01077593508809627,0.004362315030739168],[2.0605507518761809E-4,1.0904019019832538E-4,8.895808264113571E-5,2.392943334159175E-5,1.3930622237198317E-4,0.0072433687891048214,1.0837004084413308E-4,0.012168351615591176,0.020266859101441978,0.0023609021969646956,8.975410824073026E-5,9.557723592486233E-4,9.935876190413345E-5,4.8975560599058966E-5,0.0012028146118680946,1.307108344743786E-4,0.0027964157177123544,0.023712316025580275,1.0,0.001687417995985507,0.011646264377917161,4.7053688664518964E-5,2.1468788574144946E-5,3.1004789763099905E-5,6.918421645388419E-5,8.687082837646866E-4,2.7810156557481246E-4,1.921441988224733E-4,5.2236483956166814E-5,0.0013755515773573655,1.103564440216215E-4,1.4950147727473147E-4,0.013281570712549349,0.005656041868265193,1.1785968874468963E-4,0.01476376140034993,1.1321578397663855E-4,4.008830429520986E-4,0.0019656544771479616,7.222036539462438E-4,2.481138619221359E-4],[0.002651569645377161,8.516576021693413E-4,0.0012856059501134282,7.875916590677556E-4,9.016251031527371E-4,0.0036110500538945687,0.002163369492479022,0.009013973038174798,0.011756810431544229,0.0047450583330757015,0.002437765743225931,0.003789046049497118,3.790163326815945E-4,0.0016051803393463617,0.002113480402344531,0.0026722275299649783,0.0029251374507367933,0.04976156031312407,0.001687417995985507,1.0,0.0054109743692577,1.7749394381431298E-4,6.773684232466117E-4,0.0012305980840911239,0.0024131448153273225,0.0025639516029912182,0.0026501842097192297,0.0021473298769371985,0.0020143862632947683,0.002504958398959054,0.0014431914538290392,0.001821719864284157,0.00941800823409887,0.007242816092292466,0.00216615603409597,0.005655981354345693,0.0024423766032506326,0.0012460815193861092,0.0031477109157855504,0.0010732436130651796,0.0021964097878910648],[0.006751330513222379,0.0018786484263062717,0.012324201060361336,0.006981466483768161,0.009809036638179008,0.014594939187214695,0.007033521748418706,0.012731235057527332,0.019079674757225894,0.010265791354389094,2.6350897074170444E-4,0.00988298610551214,0.009332813728662688,0.009891740761536245,0.003245690863528739,0.003560448112013756,0.00907445025868376,0.035844332858177404,0.011646264377917161,0.0054109743692577,1.0,0.007107939295170435,0.00560266150327097,0.0027214457626891994,0.010375919177237755,0.010807884449070798,0.007167833785902406,2.791456879126235E-4,0.005406999798108469,0.009253481824080836,0.003324425110043484,0.01158156598687033,0.014494628333442613,0.012821249387341018,0.010279811478592632,0.012563657109666598,0.008108908543578973,0.011254636744949972,0.006875710193551594,0.0028247947816104624,0.002232095656115144],[1.6161141676364707E-4,1.0186651806114081E-4,1.6426257133872688E-5,1.4333874354872775E-5,9.730438888055009E-5,7.545600748731395E-4,2.3091852583129692E-5,0.011500114111835864,0.017779677266740585,9.013362811688379E-4,2.7628539640863473E-5,1.9858955082248614E-4,1.861740777943152E-5,1.7591221716715986E-5,8.195436431009868E-4,4.4509269812905284E-5,0.0017021277498094612,0.024786756772495987,4.7053688664518964E-5,1.7749394381431298E-4,0.007107939295170435,1.0,1.4889996420183074E-5,1.6917539091691356E-5,2.7507634167085347E-5,8.10360340659306E-4,6.239432815927394E-4,2.7161029548730558E-5,1.9977843116212776E-5,0.0018871605410524185,8.068697194262379E-5,1.350224471995869E-4,0.003100001565301116,0.012075704698617757,8.156766794623562E-5,9.444259468953807E-4,3.471622226210986E-5,7.410266977000092E-4,3.055347124970425E-4,6.760716037503831E-4,3.485708529707094E-4],[1.8092634040514684E-4,9.130438917598855E-5,1.2841301820039569E-5,1.2764190480186618E-5,1.611448037035189E-4,0.005983311335957426,1.020577846640389E-4,0.0036590523953364275,0.024328118462768635,0.0026171430778508626,2.8080455182385923E-5,0.001039111173504645,1.4958801933233762E-5,1.2628343916096177E-5,9.734857943941056E-4,5.342364796083198E-5,2.8243190178431886E-4,0.016991552436825076,2.1468788574144946E-5,6.773684232466117E-4,0.00560266150327097,1.4889996420183074E-5,1.0,1.5669795621706073E-5,2.201748486316324E-5,6.999353442212748E-4,0.002069230360958522,2.1706642773880938E-4,3.4419484684969775E-5,4.3047608462244024E-4,1.0741973273579634E-4,1.4707676523745603E-4,0.008195269043483626,0.009725495887760147,1.640211172722288E-4,0.004708925825814168,7.505232218122126E-5,3.9126644083753426E-4,4.4193361289206163E-4,9.074386034643699E-4,0.0010321933040995785],[1.7847044907403142E-4,7.85816147366746E-5,1.5539036487684383E-5,1.5078996571776394E-5,1.3860050483673525E-4,0.010425665409172159,1.027663534522429E-4,0.012075854018707944,0.02307849561776135,0.004759166258537056,1.6374428769943337E-5,0.0038175987494669557,1.5639184630010784E-5,1.4775150994741543E-5,3.7142399206463683E-4,6.167227759098132E-5,0.0030037634300568153,0.024103685506070407,3.1004789763099905E-5,0.0012305980840911239,0.0027214457626891994,1.6917539091691356E-5,1.5669795621706073E-5,1.0,3.43285060995193E-5,6.434367981733961E-4,0.0013552723522968818,1.7727747666420682E-4,3.062116005633472E-5,9.494199301765444E-4,1.1162681825626519E-4,9.122454724190055E-5,0.0017263767345739665,0.014867773070694531,1.4824459775795293E-4,0.009504620000299802,3.2114860911891367E-4,0.0011125330359438915,0.0026387791687348043,5.172729668848296E-4,0.0010866611831216954],[1.6324887983801398E-4,8.493443629914283E-5,2.657941446602458E-5,1.3836809717139505E-5,1.4172884849906716E-4,0.008412007298208879,7.007336382291861E-5,0.009375693465243827,5.56122980569202E-4,0.002658691121765369,3.822647917125559E-5,0.0011660585258978838,3.2440919473106995E-5,2.045508446846919E-5,7.892311634015174E-4,1.682860479037876E-4,4.6253679606147747E-4,0.045472698510296644,6.918421645388419E-5,0.0024131448153273225,0.010375919177237755,2.7507634167085347E-5,2.201748486316324E-5,3.43285060995193E-5,1.0,4.369390088630436E-4,7.673892407480821E-4,8.263372016853439E-5,4.917813429748204E-5,7.616640483562784E-4,7.128691924798431E-5,1.6032097725132883E-4,0.013702513038725368,0.002270134276095402,1.7373677126067598E-4,0.00918458157760803,3.3922125975131855E-4,8.758073960713718E-4,0.004025086890858205,5.610492029690843E-4,4.752696646652398E-4],[5.727326533391103E-4,1.324109768484875E-4,4.7008999931425876E-4,1.901532332035617E-4,3.1240847375706393E-4,0.009779200631726739,5.100872918380166E-4,0.009302999909266002,0.013370481148296861,0.0014790448393250917,7.142297855955943E-4,0.004341238505543694,0.0010006744135121514,1.4395693368876288E-4,0.00119625611604272,9.860847787719197E-4,0.0020270883330802784,0.01844294462500973,8.687082837646866E-4,0.0025639516029912182,0.010807884449070798,8.10360340659306E-4,6.999353442212748E-4,6.434367981733961E-4,4.369390088630436E-4,1.0,0.002000280506931868,0.0010308680797205929,0.0011515725700186519,0.0015880063689079518,0.0011694105412950369,9.822649097532873E-4,0.006254568704123594,0.00671312473125433,4.353125945004634E-4,0.013331780064289669,0.0011757381848209506,0.0012206005621200077,0.005504544869195146,0.0010124180042717858,0.0011842833077866774],[2.834223819195492E-4,8.431743587347604E-4,0.001529784871223899,0.0015083380957487877,0.0022524512611663185,0.01283109957637426,8.317273776851427E-4,0.0035482952590072175,0.021477689358208183,0.005087007479249353,0.002287112381649158,0.0037556792218387787,0.001828096732883085,2.620621135902252E-4,0.0022735083662975084,0.0020868243453664947,0.002466015294626644,0.03610312540114443,2.7810156557481246E-4,0.0026501842097192297,0.007167833785902406,6.239432815927394E-4,0.002069230360958522,0.0013552723522968818,7.673892407480821E-4,0.002000280506931868,1.0,0.0018880676010218597,7.273643156123319E-4,0.002043989365012113,7.164723512767451E-4,2.27665770047394E-4,0.014292608869238818,0.015365843789950978,0.0018202954033396672,0.0037810879894760226,0.0016465934754748535,0.0020159593369331293,0.0044350919446013905,0.001938303005301398,0.0020304507066374253],[2.127967248084447E-4,1.2902889865225043E-4,1.9106936023003166E-4,1.509296587357548E-4,2.1903373955118016E-4,0.003586800152977279,1.9314571671646117E-4,0.01266862382506427,0.010937570976427571,0.002259902348988794,1.8928250332959603E-4,0.004298931548591797,5.0616417504709005E-5,1.4446277166339964E-4,4.437664664741852E-4,2.220950182225176E-4,0.0013303004887263742,0.034934543800866996,1.921441988224733E-4,0.0021473298769371985,2.791456879126235E-4,2.7161029548730558E-5,2.1706642773880938E-4,1.7727747666420682E-4,8.263372016853439E-5,0.0010308680797205929,0.0018880676010218597,1.0,1.8921740931216897E-4,2.5374095728392543E-4,1.6790125536216946E-4,2.0220019042251533E-4,0.011319863581202728,0.0010384395601888078,2.2123121853695745E-4,0.011817182266473717,3.32628459509011E-4,5.669823833269207E-4,0.0039993879201287354,9.910860866626497E-4,7.914764360188392E-4],[8.602279549165872E-5,9.007721921507162E-5,2.766699658922595E-5,4.433822806622401E-5,1.3498343880220592E-4,0.005847217860376652,5.589527082782044E-5,0.010090870809450304,0.013425437122385316,0.0038302294454990136,3.9959795962162786E-5,0.0028201468590596745,3.290598368178151E-5,4.140016907646079E-5,8.819697204508956E-4,8.973916061963551E-5,0.003053701988741262,0.03286634137108912,5.2236483956166814E-5,0.0020143862632947683,0.005406999798108469,1.9977843116212776E-5,3.4419484684969775E-5,3.062116005633472E-5,4.917813429748204E-5,0.0011515725700186519,7.273643156123319E-4,1.8921740931216897E-4,1.0,4.7316289684123274E-4,1.1480046742734226E-4,1.6031114880911168E-4,0.004890799092985343,0.00919499782919412,1.5146624550890287E-4,0.005632350529780099,2.5140522890035506E-4,0.0011838304633357902,0.002242910602815589,2.449726454229797E-4,7.95387680793916E-4],[0.0017376105632994723,1.6237840048678E-4,5.212865799961157E-4,8.490537363961265E-4,0.0016067300680306545,0.005467957232057076,0.001506398436506782,0.011655012052437767,0.008702462164561843,0.004002560745411965,0.0017674184391385688,0.003662284007828292,5.63584288373522E-4,0.0015294609790596683,0.0015517310716221136,0.0014738364898712174,0.002793139461493977,0.00910875605931558,0.0013755515773573655,0.002504958398959054,0.009253481824080836,0.0018871605410524185,4.3047608462244024E-4,9.494199301765444E-4,7.616640483562784E-4,0.0015880063689079518,0.002043989365012113,2.5374095728392543E-4,4.7316289684123274E-4,1.0,8.093419692752277E-4,0.001349668078532898,0.007294201827671574,0.0038099801338251395,0.0013179417809544747,0.010721752401348315,0.0012617642166010783,0.0018919861943998409,0.0030509343534932502,0.0018492998174736788,0.001406037927973761],[1.5984394936894997E-4,1.1165749348169341E-4,2.7191651653049448E-5,9.274617374565963E-5,1.893616369318221E-4,0.004142446333685714,1.1199219330707408E-4,0.004031773301583463,0.016590418444323376,0.003003032013466201,8.508577879946877E-5,0.0028615101807872977,6.329871893795487E-5,6.371504428654017E-5,9.965861870162502E-4,1.9658168813238826E-4,0.001444950265879148,0.041836311657720344,1.103564440216215E-4,0.0014431914538290392,0.003324425110043484,8.068697194262379E-5,1.0741973273579634E-4,1.1162681825626519E-4,7.128691924798431E-5,0.0011694105412950369,7.164723512767451E-4,1.6790125536216946E-4,1.1480046742734226E-4,8.093419692752277E-4,1.0,1.3996436562152347E-4,0.008938440221839596,0.0031946800121554057,1.5707552746331937E-4,0.0034969990014034405,1.3446493835552137E-4,3.359760495246122E-4,0.001902399265200666,8.703044350745672E-4,1.485027880476225E-4],[1.9046070162538506E-4,1.1550632467075263E-4,1.5610126026610458E-4,2.5706741631279034E-5,1.7892599469899163E-4,0.002915300444984917,1.6905556619426328E-4,0.003357957736508732,0.021702118758359777,0.002325333178774972,1.5345085408025676E-4,0.0037064540128673453,2.552193086678669E-5,1.0400318312449938E-4,0.0012804842544516233,1.9825015006182779E-4,2.5591340319801515E-4,0.04394629069520622,1.4950147727473147E-4,0.001821719864284157,0.01158156598687033,1.350224471995869E-4,1.4707676523745603E-4,9.122454724190055E-5,1.6032097725132883E-4,9.822649097532873E-4,2.27665770047394E-4,2.0220019042251533E-4,1.6031114880911168E-4,0.001349668078532898,1.3996436562152347E-4,1.0,0.0020011372785384983,0.011407095847765602,1.8279767451139444E-4,0.002802286981755549,2.506324456312993E-4,4.512076647777862E-4,0.002258402970350993,3.4173045617354327E-4,4.4721423339334873E-4],[0.003951271546786354,0.009473480194551145,0.014055102746072173,0.0049838835936374766,0.007324914554347073,0.014913698122757937,0.003549754030867269,0.013587490366964649,0.023597227449422588,0.013137104957386705,0.007352068159511847,0.012482936971540596,0.008350685126090374,0.005068548088300539,0.012552030995679836,0.0014485455091197174,0.01396176410244391,0.04177745230903987,0.013281570712549349,0.00941800823409887,0.014494628333442613,0.003100001565301116,0.008195269043483626,0.0017263767345739665,0.013702513038725368,0.006254568704123594,0.014292608869238818,0.011319863581202728,0.004890799092985343,0.007294201827671574,0.008938440221839596,0.0020011372785384983,1.0,0.015443103488238095,0.014909009906299368,0.014954422853843045,0.011626060774092046,0.013956145755538822,0.013975252620078637,0.008196386961711042,0.007451179249688449],[0.003940717892724154,0.00977661491962848,0.015276497691862742,0.0077663340780025425,0.010780511277671163,0.015244416799568387,0.0048172782784245,0.014211078903652398,0.02620384513500225,0.015517180599802758,0.010200290855774318,0.008027742849626858,0.005143997290453912,0.0035314759714397074,0.006076708964802495,0.00867741374044366,0.005162600053592217,0.03281150153854838,0.005656041868265193,0.007242816092292466,0.012821249387341018,0.012075704698617757,0.009725495887760147,0.014867773070694531,0.002270134276095402,0.00671312473125433,0.015365843789950978,0.0010384395601888078,0.00919499782919412,0.0038099801338251395,0.0031946800121554057,0.011407095847765602,0.015443103488238095,1.0,0.014698161210675314,0.015813574868559055,0.010320760417509262,0.014759370289944562,0.010135231514663955,0.01409005497020991,0.01277816840984895],[2.1001614323844063E-4,1.9488247005165733E-4,6.297751429599428E-5,8.399151976771265E-5,2.09400602812218E-4,0.0024587698949467022,1.3576668755734908E-4,0.007915082283318739,0.002917165564141236,7.993523245964832E-4,1.270667646586825E-4,0.002299900948170602,1.7704764450790982E-4,1.5225685806375303E-4,5.232218967420037E-4,2.1585818112770065E-4,0.0017534543446202189,0.03956435163927463,1.1785968874468963E-4,0.00216615603409597,0.010279811478592632,8.156766794623562E-5,1.640211172722288E-4,1.4824459775795293E-4,1.7373677126067598E-4,4.353125945004634E-4,0.0018202954033396672,2.2123121853695745E-4,1.5146624550890287E-4,0.0013179417809544747,1.5707552746331937E-4,1.8279767451139444E-4,0.014909009906299368,0.014698161210675314,1.0,0.0010438770395223796,2.5304547482205865E-4,2.336789047679027E-4,0.004804492475297428,7.675059862975156E-4,0.001065606736018038],[0.008666825413113246,0.012930573143637401,0.004793620036255413,0.012548628382756803,0.006580987672641581,0.014877274690554441,0.006738127921336984,0.013708850256846901,0.025221557357849936,0.005610626328846893,0.006053793303260813,0.008579793316743191,0.0076495667480018965,0.007232728040273698,0.0035157893589946266,0.008225478504042363,0.01346207972623933,0.025871756439310188,0.01476376140034993,0.005655981354345693,0.012563657109666598,9.444259468953807E-4,0.004708925825814168,0.009504620000299802,0.00918458157760803,0.013331780064289669,0.0037810879894760226,0.011817182266473717,0.005632350529780099,0.010721752401348315,0.0034969990014034405,0.002802286981755549,0.014954422853843045,0.015813574868559055,0.0010438770395223796,1.0,8.524711596739376E-4,0.007311645326825354,0.01008524205412658,0.008029769077262591,0.007673175819520678],[3.889040294844798E-4,3.4798844153617506E-4,1.8046651765688145E-4,1.8902383804932565E-4,2.1799414138371203E-4,0.014365617525885535,2.0042790707859289E-4,0.0028685908008474347,0.01797353300578899,0.004425736870863444,1.8473610838000846E-4,7.466553596746586E-4,3.435438496902234E-4,1.4761727212502628E-5,4.2306013920531064E-4,3.6745420531072054E-4,0.0011941109137778632,0.01869431292450221,1.1321578397663855E-4,0.0024423766032506326,0.008108908543578973,3.471622226210986E-5,7.505232218122126E-5,3.2114860911891367E-4,3.3922125975131855E-4,0.0011757381848209506,0.0016465934754748535,3.32628459509011E-4,2.5140522890035506E-4,0.0012617642166010783,1.3446493835552137E-4,2.506324456312993E-4,0.011626060774092046,0.010320760417509262,2.5304547482205865E-4,8.524711596739376E-4,1.0,7.214239710905223E-4,0.005602222295835597,5.757377033911082E-4,7.771784608969629E-4],[4.705289570614018E-4,9.059322588221837E-4,3.5564753369707607E-4,0.0011407315468245926,0.0011390342805046747,0.002994626163829642,6.99443888994175E-4,0.004352359611260213,0.015883592123642362,0.005115932221609979,4.864088311817242E-4,0.0014260313690775094,0.0011518464958513246,8.411530330801293E-4,0.001223493825176552,5.515550166877033E-4,0.0013372987210045744,0.028386113362632037,4.008830429520986E-4,0.0012460815193861092,0.011254636744949972,7.410266977000092E-4,3.9126644083753426E-4,0.0011125330359438915,8.758073960713718E-4,0.0012206005621200077,0.0020159593369331293,5.669823833269207E-4,0.0011838304633357902,0.0018919861943998409,3.359760495246122E-4,4.512076647777862E-4,0.013956145755538822,0.014759370289944562,2.336789047679027E-4,0.007311645326825354,7.214239710905223E-4,1.0,0.0036698818109484562,0.0010418445446878943,0.0012135508498288114],[0.0020134207511519463,0.002775865018382478,0.001276218799876976,0.001301535139482738,0.004128846739051406,0.013673684126084816,0.0011594821401107822,0.010439162156481087,0.012111663749526026,0.005589896229571752,6.898292944021377E-4,0.0050384678568506985,2.9068816994470896E-5,0.0028770871150910265,0.002918722998975159,0.004243961990681052,0.004680928235770886,0.0417418865943635,0.0019656544771479616,0.0031477109157855504,0.006875710193551594,3.055347124970425E-4,4.4193361289206163E-4,0.0026387791687348043,0.004025086890858205,0.005504544869195146,0.0044350919446013905,0.0039993879201287354,0.002242910602815589,0.0030509343534932502,0.001902399265200666,0.002258402970350993,0.013975252620078637,0.010135231514663955,0.004804492475297428,0.01008524205412658,0.005602222295835597,0.0036698818109484562,1.0,0.0026323791471491165,0.004275388179854009],[8.036004004266737E-4,9.695609897575467E-4,4.0738985459786933E-4,6.238419675365634E-4,9.91396939655814E-4,0.001007177899771655,8.627965944111907E-4,0.007429564459040171,0.005651069443323789,0.004602171564089992,7.111076530103898E-4,0.004281173768003987,6.449777788590713E-4,6.865804647599774E-4,0.0010193743615034142,8.550795697355608E-4,0.0026783149222622364,0.01077593508809627,7.222036539462438E-4,0.0010732436130651796,0.0028247947816104624,6.760716037503831E-4,9.074386034643699E-4,5.172729668848296E-4,5.610492029690843E-4,0.0010124180042717858,0.001938303005301398,9.910860866626497E-4,2.449726454229797E-4,0.0018492998174736788,8.703044350745672E-4,3.4173045617354327E-4,0.008196386961711042,0.01409005497020991,7.675059862975156E-4,0.008029769077262591,5.757377033911082E-4,0.0010418445446878943,0.0026323791471491165,1.0,0.0010699563212351242],[2.3563353706812905E-4,9.85025196818366E-4,4.483264385837009E-4,0.0010439792709979654,7.193920660135071E-4,0.0024624829475883205,9.426476953078705E-4,0.007146938106916654,0.026617763945353225,0.0021117659577607594,5.267141019198813E-4,0.0042617326607181675,9.735983158368282E-4,4.525525123440924E-5,0.0012606900057812742,0.001033241321263719,0.0012779912389042605,0.004362315030739168,2.481138619221359E-4,0.0021964097878910648,0.002232095656115144,3.485708529707094E-4,0.0010321933040995785,0.0010866611831216954,4.752696646652398E-4,0.0011842833077866774,0.0020304507066374253,7.914764360188392E-4,7.95387680793916E-4,0.001406037927973761,1.485027880476225E-4,4.4721423339334873E-4,0.007451179249688449,0.01277816840984895,0.001065606736018038,0.007673175819520678,7.771784608969629E-4,0.0012135508498288114,0.004275388179854009,0.0010699563212351242,1.0]]