[[1.0, 0.0633968530257758, 0.6754281966422514, 0.24873081014871412, 0.5958440220667328, 0.04290555320898659, 0.8730875614072937, 0.47899349991374895, 0.36661541440947076, 0.7682368873028242, 0.2974051274545969, 0.6844549174635626, 0.9104817289725237, 0.7369779862921132, 0.6038124431578834, 0.017984024313497327, 0.6761942135196581, 0.31709348361874057, 0.8795371675402114, 0.06948190434602164, 0.793077999259813, 0.5853708987615739, 0.09134246655566625, 0.6565200735928332, 0.374879590944009, 0.7564570898259705, 0.028705066421485848, 0.4990950723667775, 0.01564929480872701, 0.17988375791315014, 0.677110269460104, 0.23946921504017127, 0.7375772370342415, 0.726479072107299, 0.09401135924785475], [0.0633968530257758, 1.0, 0.6225019350111306, 0.46313311236314414, 0.4612313794170868, 0.5739427278051554, 0.3911794068221033, 0.9310179079245894, 0.568199099310795, 0.9283938223646638, 0.40502353662990365, 0.6761160140340403, 0.8238078998619045, 0.9451654060933438, 0.832917494515141, 0.7816256009265491, 0.5066078217409915, 0.378356688457575, 0.751092437763611, 0.8339549328916195, 0.5532095865010181, 0.6981712296950001, 0.41098600643549543, 0.45188785693344924, 0.6888686233079183, 0.26249773022563605, 0.5411039491573194, 0.9258634707963587, 0.6690046571783341, 0.4184767482254248, 0.2552692681648463, 0.5617212139081837, 0.5372316388429679, 0.3404961751329051, 0.7026608872473805], [0.6754281966422514, 0.6225019350111306, 1.0, 0.005556898784546793, 0.7555328766600884, 0.7791763447645824, 0.5409940590400801, 0.38416855309728815, 0.49512834239602754, 0.5727217570733052, 0.17125650839941486, 0.22716898156448606, 0.9078308926049673, 0.07851768081493804, 0.21828205177646887, 0.4543316402607578, 0.19497107479311393, 0.8236677107461765, 0.37164214938654794, 0.4812483305560731, 0.7106476186896098, 0.7532656304850539, 0.7879365651942816, 0.48110779620847044, 0.9392365738908559, 0.2892333483431211, 0.44164514374972685, 0.9290671771502087, 0.31959808407004986, 0.9070875464712251, 0.6350231232092596, 0.022440813988647945, 0.8872164669134126, 0.5436763668164314, 0.1387886391057287], [0.24873081014871412, 0.46313311236314414, 0.005556898784546793, 1.0, 0.754435725036386, 0.8621261041208985, 0.038573146342999465, 0.6373047910186872, 0.8038221346058522, 0.3135913855220748, 0.8631287907636679, 0.9573700140445496, 0.7760096539447434, 0.9948678855697392, 0.929891095209508, 0.729745292111431, 0.8787714556253424, 0.007578157446654132, 0.06534650272414355, 0.31458568813815024, 0.581277826012122, 0.7722334648970471, 0.0899115340834119, 0.1697715360771086, 0.6659853392703677, 0.12042319209042118, 0.43085428260765135, 0.9715767943083159, 0.8100637165455971, 0.9057972780074056, 0.48861958952072204, 0.1786092248820229, 0.20464803402820975, 0.1740629072947676, 0.44393329160746453], [0.5958440220667328, 0.4612313794170868, 0.7555328766600884, 0.754435725036386, 1.0, 0.24985171665649675, 0.30401130890608385, 0.8029551571526921, 0.6209029869317532, 0.25993573644167234, 0.38030700250083505, 0.786611919508121, 0.4272406810410482, 0.3367206786504705, 0.30665975032540826, 0.28139105470399295, 0.5323362679630987, 0.6957160319646717, 0.8215824671061369, 0.9885578500937539, 0.2002136579632411, 0.6489130105000629, 0.36886441251585356, 0.5149766477271334, 0.11246990544412638, 0.2295580847688582, 0.9203008364519818, 0.8680262938306057, 0.42054651915824126, 0.013945514744950649, 0.36265696159040517, 0.21466887864389672, 0.05353141784057658, 0.44915838822065823, 0.023642695883476006], [0.04290555320898659, 0.5739427278051554, 0.7791763447645824, 0.8621261041208985, 0.24985171665649675, 1.0, 0.7838588143533666, 0.0594092326065514, 0.1975776098647437, 0.5001775773871829, 0.3711472717430796, 0.6851073848299523, 0.4247238389982151, 0.8871402412652069, 0.6252745224998956, 0.02533630702692935, 0.6360740213046462, 0.9828626110172776, 0.21379280149838176, 0.3186838907819546, 0.5459808961191763, 0.07730046594272522, 0.40240856816769033, 0.2477470560341487, 0.36226754675382167, 0.030424790445749195, 0.6784610970832703, 0.6749707630478251, 0.8614972849198983, 0.6009462420739536, 0.9935416539028653, 0.3763612218764718, 0.4363949187185525, 0.36352459562938955, 0.37744181559606016], [0.8730875614072937, 0.3911794068221033, 0.5409940590400801, 0.038573146342999465, 0.30401130890608385, 0.7838588143533666, 1.0, 0.9510329109400797, 0.047920251644685496, 0.05940025620822531, 0.9354092401079228, 0.7592620540922714, 0.24116640893402697, 0.5902011747362859, 0.6279530202715367, 0.26756565240739916, 0.18818332292474893, 0.2214006936503491, 0.940839671598295, 0.37506896574865856, 0.2525559799912863, 0.294527944885688, 0.2087580177110152, 0.23938517111665658, 0.43468040970049016, 0.44978296964080056, 0.6218627497493467, 0.6242158602782476, 0.8231559900767803, 0.46712844760466843, 0.572101932546492, 0.3948773098127941, 0.032048525099207414, 0.9732505256758073, 0.5562753984627725], [0.47899349991374895, 0.9310179079245894, 0.38416855309728815, 0.6373047910186872, 0.8029551571526921, 0.0594092326065514, 0.9510329109400797, 1.0, 0.7992491731419442, 0.43144152915764733, 0.28094776589992476, 0.3712940827508271, 0.6364839606619351, 0.30001856685360084, 0.9997374327585445, 0.8042191036457152, 0.2520458709856529, 0.9378516407652642, 0.2545750064779079, 0.9192004495160692, 0.9391332565337132, 0.4556035008693312, 0.005774042264028778, 0.7054740218505702, 0.6151289604099108, 0.13773765136447713, 0.21921266414356644, 0.33504968266847457, 0.24764432074445153, 0.37226539803380954, 0.7908900175340895, 0.6461732021001484, 0.5915751254590242, 0.8291706197978095, 0.03341193735310333], [0.36661541440947076, 0.568199099310795, 0.49512834239602754, 0.8038221346058522, 0.6209029869317532, 0.1975776098647437, 0.047920251644685496, 0.7992491731419442, 1.0, 0.3246835017264831, 0.4280379216551661, 0.4371909080607035, 0.09270600245822147, 0.14128837846447417, 0.9644073754508684, 0.3018382981664681, 0.039275596073855334, 0.9505441124684364, 0.11178556371874204, 0.9733017870183261, 0.6480747008590154, 0.5380442653814718, 0.22923551421667543, 0.5428945498447998, 0.5382720830503648, 0.383705057495793, 0.808321278876237, 0.7402800174046811, 0.4288060044666687, 0.34431944212431276, 0.055044056507373984, 0.9440969732184972, 0.929689353094521, 0.17257834617795065, 0.92443565206435], [0.7682368873028242, 0.9283938223646638, 0.5727217570733052, 0.3135913855220748, 0.25993573644167234, 0.5001775773871829, 0.05940025620822531, 0.43144152915764733, 0.3246835017264831, 1.0, 0.9652282201448958, 0.10894669478168106, 0.9628576269114052, 0.052181258208967574, 0.5600159080746766, 0.6627429951955053, 0.17099248990663374, 0.17278277404801778, 0.8294008329303174, 0.17016689083192982, 0.33140317904116656, 0.3716584017579162, 0.2893803086203166, 0.17900969686953283, 0.38270325379358605, 0.26415982767064705, 0.4184254879312075, 0.820788687559801, 0.6200485263674876, 0.2782530960676579, 0.8427351100228837, 0.4443479918063946, 0.006716602149058781, 0.043915860858207534, 0.27647964560923155], [0.2974051274545969, 0.40502353662990365, 0.17125650839941486, 0.8631287907636679, 0.38030700250083505, 0.3711472717430796, 0.9354092401079228, 0.28094776589992476, 0.4280379216551661, 0.9652282201448958, 1.0, 0.6727223147882233, 0.14262571612039598, 0.288036281523502, 0.8185573050047708, 0.05174170793109023, 0.4264920962749592, 0.10830556425481819, 0.031190840073954007, 0.6693479803440873, 0.02052573764387322, 0.8860420908703509, 0.06667770772804649, 0.8817810917667579, 0.48736413090447017, 0.12552765251766096, 0.3777248751652865, 0.5360516606285263, 0.526781180323992, 0.595500490944713, 0.7175141596948712, 0.5840896917543601, 0.01669158000365467, 0.5172738088833655, 0.5488144917180507], [0.6844549174635626, 0.6761160140340403, 0.22716898156448606, 0.9573700140445496, 0.786611919508121, 0.6851073848299523, 0.7592620540922714, 0.3712940827508271, 0.4371909080607035, 0.10894669478168106, 0.6727223147882233, 1.0, 0.355609696860835, 0.16508390012462837, 0.22603934537567927, 0.6560542615816496, 0.6850626748267299, 0.03946978975005144, 0.30981260503607067, 0.7340918099657229, 0.40645752534608304, 0.23912764530243613, 0.06449051202990452, 0.4183458001726639, 0.9435874763774109, 0.8365530751235102, 0.9085106856274956, 0.5402137126526734, 0.8454575753836705, 0.01697084697486373, 0.7821492006229459, 0.4900082785037506, 0.6091957515350043, 0.5292230396479071, 0.46477545078802074], [0.9104817289725237, 0.8238078998619045, 0.9078308926049673, 0.7760096539447434, 0.4272406810410482, 0.4247238389982151, 0.24116640893402697, 0.6364839606619351, 0.09270600245822147, 0.9628576269114052, 0.14262571612039598, 0.355609696860835, 1.0, 0.8810814409380746, 0.8380308136453086, 0.1292562049230931, 0.7697088040674599, 0.6560314019659067, 0.9667856354981292, 0.5588114856710984, 0.552760776091504, 0.24862228324552849, 0.5828139612832541, 0.35046424232400986, 0.8395530114862182, 0.13018605834417152, 0.04787359634103083, 0.11963008873755154, 0.5020031870704791, 0.559590323253708, 0.007447319418928067, 0.19739803979223114, 0.5144671715730067, 0.5172493918368215, 0.8924362979787925], [0.7369779862921132, 0.9451654060933438, 0.07851768081493804, 0.9948678855697392, 0.3367206786504705, 0.8871402412652069, 0.5902011747362859, 0.30001856685360084, 0.14128837846447417, 0.052181258208967574, 0.288036281523502, 0.16508390012462837, 0.8810814409380746, 1.0, 0.8498806083316481, 0.07005378756089786, 0.3388212558227902, 0.7698416522628253, 0.40358629263253987, 0.6886266546010935, 0.6372276015150006, 0.7874471392620445, 0.1786032088859344, 0.9559459649446369, 0.7524997272417001, 0.9039630118213962, 0.41255277885393293, 0.7978110289209273, 0.780014043911454, 0.45535547888426353, 0.5168091381990672, 0.007882614483118555, 0.13285067365900416, 0.34042869306536605, 0.9030584299498331], [0.6038124431578834, 0.832917494515141, 0.21828205177646887, 0.929891095209508, 0.30665975032540826, 0.6252745224998956, 0.6279530202715367, 0.9997374327585445, 0.9644073754508684, 0.5600159080746766, 0.8185573050047708, 0.22603934537567927, 0.8380308136453086, 0.8498806083316481, 1.0, 0.8372393276995387, 0.5424729301167094, 0.5705428069477553, 0.5293393690986915, 0.4415913137934643, 0.9879607288989615, 0.10522227308616572, 0.32895849132027954, 0.08563314234826569, 0.9170448659797358, 0.8497427306574692, 0.009967928255207092, 0.4135827659787882, 0.603549654130053, 0.6097459718986549, 0.7869006554169043, 0.14098245747083116, 0.15483259202148802, 0.09570012866936817, 0.7247069507744535], [0.017984024313497327, 0.7816256009265491, 0.4543316402607578, 0.729745292111431, 0.28139105470399295, 0.02533630702692935, 0.26756565240739916, 0.8042191036457152, 0.3018382981664681, 0.6627429951955053, 0.05174170793109023, 0.6560542615816496, 0.1292562049230931, 0.07005378756089786, 0.8372393276995387, 1.0, 0.5865032473515673, 0.27485365529255, 0.6867188109773451, 0.13613562223750264, 0.7766895125304006, 0.8509611839912626, 0.20776278718291974, 0.6719620213387048, 0.05278279101222827, 0.8395994727875851, 0.7672257977950452, 0.2001657896107537, 0.24779321536925936, 0.6535218734911439, 0.9935245696632403, 0.6617812773755756, 0.8932703815637814, 0.25227088054485214, 0.16015706414885933], [0.6761942135196581, 0.5066078217409915, 0.19497107479311393, 0.8787714556253424, 0.5323362679630987, 0.6360740213046462, 0.18818332292474893, 0.2520458709856529, 0.039275596073855334, 0.17099248990663374, 0.4264920962749592, 0.6850626748267299, 0.7697088040674599, 0.3388212558227902, 0.5424729301167094, 0.5865032473515673, 1.0, 0.2346417720419678, 0.3876479184821625, 0.26048752568282907, 0.6162994763246018, 0.1457241091548922, 0.4660334501152663, 0.1534904197283704, 0.04601837432175482, 0.9641356058224431, 0.4641555605042955, 0.84812186235323, 0.6070511959658857, 0.922825062702244, 0.5665758910372554, 0.4622991869482137, 0.8256775199349335, 0.46919287972778745, 0.5908788488050081], [0.31709348361874057, 0.378356688457575, 0.8236677107461765, 0.007578157446654132, 0.6957160319646717, 0.9828626110172776, 0.2214006936503491, 0.9378516407652642, 0.9505441124684364, 0.17278277404801778, 0.10830556425481819, 0.03946978975005144, 0.6560314019659067, 0.7698416522628253, 0.5705428069477553, 0.27485365529255, 0.2346417720419678, 1.0, 0.3174775063033025, 0.12324990116961299, 0.21653881863841695, 0.09707306568972596, 0.3442138395100943, 0.2568215625479867, 0.8616735899605354, 0.9214309899791356, 0.9334694383993364, 0.4897519385195237, 0.8542022992454562, 0.1368724489619768, 0.025515432959759776, 0.7876425859933713, 0.22339177156757317, 0.056010358279263484, 0.8842272262440587], [0.8795371675402114, 0.751092437763611, 0.37164214938654794, 0.06534650272414355, 0.8215824671061369, 0.21379280149838176, 0.940839671598295, 0.2545750064779079, 0.11178556371874204, 0.8294008329303174, 0.031190840073954007, 0.30981260503607067, 0.9667856354981292, 0.40358629263253987, 0.5293393690986915, 0.6867188109773451, 0.3876479184821625, 0.3174775063033025, 1.0, 0.07648671486930503, 0.5523665519245886, 0.17289032014357852, 0.20116238473206682, 0.7142574257550827, 0.8137626433845787, 0.33064777415924895, 0.8438327122091545, 0.9459006105667839, 0.3130303858720338, 0.3056281019863214, 0.2633113825025123, 0.13375854439426316, 0.6174444785037534, 0.4121324263362025, 0.3109681636944638], [0.06948190434602164, 0.8339549328916195, 0.4812483305560731, 0.31458568813815024, 0.9885578500937539, 0.3186838907819546, 0.37506896574865856, 0.9192004495160692, 0.9733017870183261, 0.17016689083192982, 0.6693479803440873, 0.7340918099657229, 0.5588114856710984, 0.6886266546010935, 0.4415913137934643, 0.13613562223750264, 0.26048752568282907, 0.12324990116961299, 0.07648671486930503, 1.0, 0.64718387903853, 0.3323006813446594, 0.44239043480962215, 0.409633792154678, 0.694471086488798, 0.6721821879592381, 0.9969712153735159, 0.27597185571429605, 0.766167778740472, 0.27562848143252683, 0.2579976406046587, 0.2973772435644947, 0.06094455964945544, 0.11958507816793951, 0.702542489607056], [0.793077999259813, 0.5532095865010181, 0.7106476186896098, 0.581277826012122, 0.2002136579632411, 0.5459808961191763, 0.2525559799912863, 0.9391332565337132, 0.6480747008590154, 0.33140317904116656, 0.02052573764387322, 0.40645752534608304, 0.552760776091504, 0.6372276015150006, 0.9879607288989615, 0.7766895125304006, 0.6162994763246018, 0.21653881863841695, 0.5523665519245886, 0.64718387903853, 1.0, 0.2449715784169103, 0.9528605246104809, 0.21133745310376417, 0.1836805958460519, 0.11633906907461267, 0.9651029284747596, 0.15485202731105374, 0.3092848589878955, 0.2198941007671832, 0.9956957429450921, 0.15769205142766318, 0.47762143996419837, 0.7129219957260047, 0.27293364014556154], [0.5853708987615739, 0.6981712296950001, 0.7532656304850539, 0.7722334648970471, 0.6489130105000629, 0.07730046594272522, 0.294527944885688, 0.4556035008693312, 0.5380442653814718, 0.3716584017579162, 0.8860420908703509, 0.23912764530243613, 0.24862228324552849, 0.7874471392620445, 0.10522227308616572, 0.8509611839912626, 0.1457241091548922, 0.09707306568972596, 0.17289032014357852, 0.3323006813446594, 0.2449715784169103, 1.0, 0.28912562494554594, 0.6526548919229809, 0.9354341279289706, 0.10895130084120441, 0.9400010934364611, 0.7858826909698714, 0.1470910938527219, 0.23923875318841736, 0.6502013247046984, 0.35464798969788935, 0.09794841429318968, 0.6875067707528406, 0.4305813052989479], [0.09134246655566625, 0.41098600643549543, 0.7879365651942816, 0.0899115340834119, 0.36886441251585356, 0.40240856816769033, 0.2087580177110152, 0.005774042264028778, 0.22923551421667543, 0.2893803086203166, 0.06667770772804649, 0.06449051202990452, 0.5828139612832541, 0.1786032088859344, 0.32895849132027954, 0.20776278718291974, 0.4660334501152663, 0.3442138395100943, 0.20116238473206682, 0.44239043480962215, 0.9528605246104809, 0.28912562494554594, 1.0, 0.01517200993840595, 0.5802689853414408, 0.6361582831181107, 0.9177899550529482, 0.9594587905160898, 0.4967719627875674, 0.5628413969863756, 0.18371869168621235, 0.8111210753271227, 0.061012792385160886, 0.10424397001139074, 0.019837354981600774], [0.6565200735928332, 0.45188785693344924, 0.48110779620847044, 0.1697715360771086, 0.5149766477271334, 0.2477470560341487, 0.23938517111665658, 0.7054740218505702, 0.5428945498447998, 0.17900969686953283, 0.8817810917667579, 0.4183458001726639, 0.35046424232400986, 0.9559459649446369, 0.08563314234826569, 0.6719620213387048, 0.1534904197283704, 0.2568215625479867, 0.7142574257550827, 0.409633792154678, 0.21133745310376417, 0.6526548919229809, 0.01517200993840595, 1.0, 0.5781587514995185, 0.7355548353117899, 0.9683833559369788, 0.11822819136739249, 0.6577297446657577, 0.11767207677504499, 0.6512688122631414, 0.4994158294876748, 0.8493431302188843, 0.34334503009354467, 0.2615466373997799], [0.374879590944009, 0.6888686233079183, 0.9392365738908559, 0.6659853392703677, 0.11246990544412638, 0.36226754675382167, 0.43468040970049016, 0.6151289604099108, 0.5382720830503648, 0.38270325379358605, 0.48736413090447017, 0.9435874763774109, 0.8395530114862182, 0.7524997272417001, 0.9170448659797358, 0.05278279101222827, 0.04601837432175482, 0.8616735899605354, 0.8137626433845787, 0.694471086488798, 0.1836805958460519, 0.9354341279289706, 0.5802689853414408, 0.5781587514995185, 1.0, 0.0951755983164908, 0.4323706780642975, 0.10417260765495251, 0.7135730363847242, 0.6651607182629378, 0.007814924775950582, 0.4702542107802671, 0.7331083157533926, 0.6649698326592914, 0.5999662978108223], [0.7564570898259705, 0.26249773022563605, 0.2892333483431211, 0.12042319209042118, 0.2295580847688582, 0.030424790445749195, 0.44978296964080056, 0.13773765136447713, 0.383705057495793, 0.26415982767064705, 0.12552765251766096, 0.8365530751235102, 0.13018605834417152, 0.9039630118213962, 0.8497427306574692, 0.8395994727875851, 0.9641356058224431, 0.9214309899791356, 0.33064777415924895, 0.6721821879592381, 0.11633906907461267, 0.10895130084120441, 0.6361582831181107, 0.7355548353117899, 0.0951755983164908, 1.0, 0.9952172300141855, 0.9665578546143785, 0.7663342007926041, 0.10804845956373332, 0.5631102812390693, 0.7708807335644013, 0.5256891663170656, 0.5011177149808284, 0.2385311535590814], [0.028705066421485848, 0.5411039491573194, 0.44164514374972685, 0.43085428260765135, 0.9203008364519818, 0.6784610970832703, 0.6218627497493467, 0.21921266414356644, 0.808321278876237, 0.4184254879312075, 0.3777248751652865, 0.9085106856274956, 0.04787359634103083, 0.41255277885393293, 0.009967928255207092, 0.7672257977950452, 0.4641555605042955, 0.9334694383993364, 0.8438327122091545, 0.9969712153735159, 0.9651029284747596, 0.9400010934364611, 0.9177899550529482, 0.9683833559369788, 0.4323706780642975, 0.9952172300141855, 1.0, 0.16437872290965905, 0.6751744604585985, 0.9219975647643294, 0.886248182671387, 0.8740261700076226, 0.78418579056996, 0.36929184016205374, 0.3424741470061119], [0.4990950723667775, 0.9258634707963587, 0.9290671771502087, 0.9715767943083159, 0.8680262938306057, 0.6749707630478251, 0.6242158602782476, 0.33504968266847457, 0.7402800174046811, 0.820788687559801, 0.5360516606285263, 0.5402137126526734, 0.11963008873755154, 0.7978110289209273, 0.4135827659787882, 0.2001657896107537, 0.84812186235323, 0.4897519385195237, 0.9459006105667839, 0.27597185571429605, 0.15485202731105374, 0.7858826909698714, 0.9594587905160898, 0.11822819136739249, 0.10417260765495251, 0.9665578546143785, 0.16437872290965905, 1.0, 0.4155555998410685, 0.05986252248838131, 0.6959041182187787, 0.3783122074275973, 0.5807999126080209, 0.29218730517400915, 0.40643596587931685], [0.01564929480872701, 0.6690046571783341, 0.31959808407004986, 0.8100637165455971, 0.42054651915824126, 0.8614972849198983, 0.8231559900767803, 0.24764432074445153, 0.4288060044666687, 0.6200485263674876, 0.526781180323992, 0.8454575753836705, 0.5020031870704791, 0.780014043911454, 0.603549654130053, 0.24779321536925936, 0.6070511959658857, 0.8542022992454562, 0.3130303858720338, 0.766167778740472, 0.3092848589878955, 0.1470910938527219, 0.4967719627875674, 0.6577297446657577, 0.7135730363847242, 0.7663342007926041, 0.6751744604585985, 0.4155555998410685, 1.0, 0.2462857511729678, 0.7879394815789131, 0.34147082393548545, 0.18662748785226968, 0.5944510884152467, 0.0007341032568547456], [0.17988375791315014, 0.4184767482254248, 0.9070875464712251, 0.9057972780074056, 0.013945514744950649, 0.6009462420739536, 0.46712844760466843, 0.37226539803380954, 0.34431944212431276, 0.2782530960676579, 0.595500490944713, 0.01697084697486373, 0.559590323253708, 0.45535547888426353, 0.6097459718986549, 0.6535218734911439, 0.922825062702244, 0.1368724489619768, 0.3056281019863214, 0.27562848143252683, 0.2198941007671832, 0.23923875318841736, 0.5628413969863756, 0.11767207677504499, 0.6651607182629378, 0.10804845956373332, 0.9219975647643294, 0.05986252248838131, 0.2462857511729678, 1.0, 0.26962539976204625, 0.006107342416848405, 0.26904299920333163, 0.9547304396263662, 0.9573388215644953], [0.677110269460104, 0.2552692681648463, 0.6350231232092596, 0.48861958952072204, 0.36265696159040517, 0.9935416539028653, 0.572101932546492, 0.7908900175340895, 0.055044056507373984, 0.8427351100228837, 0.7175141596948712, 0.7821492006229459, 0.007447319418928067, 0.5168091381990672, 0.7869006554169043, 0.9935245696632403, 0.5665758910372554, 0.025515432959759776, 0.2633113825025123, 0.2579976406046587, 0.9956957429450921, 0.6502013247046984, 0.18371869168621235, 0.6512688122631414, 0.007814924775950582, 0.5631102812390693, 0.886248182671387, 0.6959041182187787, 0.7879394815789131, 0.26962539976204625, 1.0, 0.8583293356030359, 0.5492017533872199, 0.0478415310261856, 0.4739143405317561], [0.23946921504017127, 0.5617212139081837, 0.022440813988647945, 0.1786092248820229, 0.21466887864389672, 0.3763612218764718, 0.3948773098127941, 0.6461732021001484, 0.9440969732184972, 0.4443479918063946, 0.5840896917543601, 0.4900082785037506, 0.19739803979223114, 0.007882614483118555, 0.14098245747083116, 0.6617812773755756, 0.4622991869482137, 0.7876425859933713, 0.13375854439426316, 0.2973772435644947, 0.15769205142766318, 0.35464798969788935, 0.8111210753271227, 0.4994158294876748, 0.4702542107802671, 0.7708807335644013, 0.8740261700076226, 0.3783122074275973, 0.34147082393548545, 0.006107342416848405, 0.8583293356030359, 1.0, 0.7318424834881921, 0.967349724313917, 0.8185026610945055], [0.7375772370342415, 0.5372316388429679, 0.8872164669134126, 0.20464803402820975, 0.05353141784057658, 0.4363949187185525, 0.032048525099207414, 0.5915751254590242, 0.929689353094521, 0.006716602149058781, 0.01669158000365467, 0.6091957515350043, 0.5144671715730067, 0.13285067365900416, 0.15483259202148802, 0.8932703815637814, 0.8256775199349335, 0.22339177156757317, 0.6174444785037534, 0.06094455964945544, 0.47762143996419837, 0.09794841429318968, 0.061012792385160886, 0.8493431302188843, 0.7331083157533926, 0.5256891663170656, 0.78418579056996, 0.5807999126080209, 0.18662748785226968, 0.26904299920333163, 0.5492017533872199, 0.7318424834881921, 1.0, 0.01880409731410493, 0.5111848131466823], [0.726479072107299, 0.3404961751329051, 0.5436763668164314, 0.1740629072947676, 0.44915838822065823, 0.36352459562938955, 0.9732505256758073, 0.8291706197978095, 0.17257834617795065, 0.043915860858207534, 0.5172738088833655, 0.5292230396479071, 0.5172493918368215, 0.34042869306536605, 0.09570012866936817, 0.25227088054485214, 0.46919287972778745, 0.056010358279263484, 0.4121324263362025, 0.11958507816793951, 0.7129219957260047, 0.6875067707528406, 0.10424397001139074, 0.34334503009354467, 0.6649698326592914, 0.5011177149808284, 0.36929184016205374, 0.29218730517400915, 0.5944510884152467, 0.9547304396263662, 0.0478415310261856, 0.967349724313917, 0.01880409731410493, 1.0, 0.09934522688000647], [0.09401135924785475, 0.7026608872473805, 0.1387886391057287, 0.44393329160746453, 0.023642695883476006, 0.37744181559606016, 0.5562753984627725, 0.03341193735310333, 0.92443565206435, 0.27647964560923155, 0.5488144917180507, 0.46477545078802074, 0.8924362979787925, 0.9030584299498331, 0.7247069507744535, 0.16015706414885933, 0.5908788488050081, 0.8842272262440587, 0.3109681636944638, 0.702542489607056, 0.27293364014556154, 0.4305813052989479, 0.019837354981600774, 0.2615466373997799, 0.5999662978108223, 0.2385311535590814, 0.3424741470061119, 0.40643596587931685, 0.0007341032568547456, 0.9573388215644953, 0.4739143405317561, 0.8185026610945055, 0.5111848131466823, 0.09934522688000647, 1.0]]