[[1.0,0.008019825867817663,0.0019730130992796965,4.4742576891644597E-4,3.720679410109691E-4,0.0011194705874806674,3.124227866702269E-4,4.3319134007569995E-4,7.312544006052271E-4,7.296672101388496E-4,0.005167931740055211,4.761670503315494E-4,0.0012050918341779278,0.0016622241726550369,0.0035015625317094015,0.007492261823292355,0.0010851742569763137,1.7965823645231104E-4,0.0011597312024385293,3.35451909634485E-4,0.0010653006728420103,3.207389777916724E-4,0.0010385048041415353,5.211523808312594E-4,3.3090591006627624E-4,7.875806852893766E-4,0.001371193725745005,2.191307021941682E-4,0.0021675147942895132,0.0012186456032137005,0.005320328243500651,9.023208569048268E-4,9.508673398401391E-4,8.564258919867215E-4,0.0653788669313324,6.295538026672764E-4,8.095027366794342E-4,0.001333423178197193,0.01111333095165571,8.68151323741937E-4,0.0015740677466985896,0.0010132649987461071,0.005829626599066785,4.937390092348047E-4,0.001068712824913052,6.907644318921394E-5,9.090413723587777E-4,0.001209080250975706,9.20385470527188E-4,0.0010017307017649731,0.001011289093870654,1.976476021326944E-4,0.0010739830187345854,1.9806575661660296E-4,3.0359255666078625E-4,0.002061121329431805,9.933770681946179E-4],[0.008019825867817663,1.0,0.013002241652650792,0.009821913260879224,0.011191133275215927,0.0029196010050154585,3.388545944567077E-4,0.012662911942203967,0.009128766594297807,2.0385286693887233E-4,0.013556756125012835,0.008998495621977272,0.007674149372745658,0.0025508537203797837,0.013094802282476094,0.012760787387110303,0.001413084156618151,0.00249702600649326,0.012473093193720681,0.00679464106893723,0.0035137402024904723,0.005957645554789499,0.0011547571197452267,0.007833947521515568,0.004945098029938814,0.009346356088787925,0.021305930943729366,0.0027567678532343337,0.011483627865882421,0.002070142742905844,0.019321408144203522,0.010376619780369432,0.0053826966344198675,0.006354547551730577,0.09124693810772486,6.688623611083646E-4,0.0045878627876685205,0.008534588922966385,0.015842661318057106,0.0129012348062954,0.006734601794410783,0.00776181921251581,0.008980274056854958,0.002405457342545482,0.0034267022884193507,0.006852144369591776,0.007931566741193394,0.006198199384509901,0.005488192741107087,0.0069328639673253275,0.005116345812067036,0.006141824183071057,0.011573914467272624,0.009179268879327502,0.007691359927370637,0.009423982027561301,0.002648960599191416],[0.0019730130992796965,0.013002241652650792,1.0,0.003745728563441679,0.01149949877459917,0.006431961226587417,0.0077693535595912445,0.009184667083301488,0.009516851002015375,0.0037192394678798955,0.014724991558280887,0.004307735960722042,0.007333602007589903,0.011292245841011163,0.012808302170463274,0.012180569209311789,0.012084019678959834,0.011001134268851907,0.005252799663697406,0.008703954019128655,0.010817992621939384,0.011333479372672144,4.2387680530107816E-4,0.0020571105824793183,0.012436600573441547,0.0011984918655129737,0.03488226350955599,0.006947583352741627,0.005774176307190609,0.0053095033802371735,0.015394796027766871,0.0011059625893229945,0.01046680011404008,0.0022097308217924046,0.03981756686324448,0.00504650092148492,0.002996624590903092,0.005791970125914566,0.013683868818276764,0.009167588320482206,0.006384888749949974,0.0013329622745096592,0.009143136531618166,0.00868494879432046,0.009522432362833379,0.00401833275341845,0.002776215011674057,0.011795760954304199,0.004183556472752988,0.005069836004950357,0.0036465031267073804,0.01025238586007839,0.0029192418404930566,0.008802713467058038,0.00582920729543322,0.005975571178944055,0.004503093072320611],[4.4742576891644597E-4,0.009821913260879224,0.003745728563441679,1.0,8.594151289556773E-5,6.802614963746813E-4,1.5421325925847832E-4,1.7489808203594278E-4,3.794072266928949E-4,1.2365029404920602E-4,0.013971780960734105,1.966387304868226E-4,8.405503904943359E-4,0.0019128684207052847,0.00735593035516233,0.0021581165155978668,6.227274600322037E-4,4.692891182123275E-5,9.417302701892397E-4,1.2631878482476984E-4,5.423149611776354E-4,1.8099736898248067E-5,1.4445175443150097E-4,1.35217251655002E-4,1.2274774213460028E-4,2.2700258733135133E-4,0.03216838494561589,1.2620415806590857E-4,0.0019669508546203713,8.551619755131792E-4,0.01122417563909112,1.1446404611361634E-4,1.5533588194739968E-4,1.9215990410445844E-4,0.09300715938189931,6.148048578541061E-5,1.2719088754976977E-4,7.204888075464709E-4,0.0010092641359321038,7.507845809505965E-5,0.002069647281746287,3.657413824331249E-4,0.004465207467570479,1.3200039707438873E-4,1.1669034468759114E-4,1.1026649788146379E-4,1.5137520018406632E-4,0.0018321061236908343,6.412822387756976E-5,1.578074200111104E-4,6.484422975059183E-4,1.2947748693948756E-4,9.257366513322368E-4,1.1533663888234854E-4,1.8164439726069213E-4,0.0011490353149979774,1.0370113344396607E-4],[3.720679410109691E-4,0.011191133275215927,0.01149949877459917,8.594151289556773E-5,1.0,2.2268712165979607E-4,7.598117759557353E-5,2.584242661154136E-4,2.910103334574957E-4,3.0002596718460355E-5,0.009968047994642409,1.8274582102500994E-4,0.001186945530581487,8.801671683625118E-4,6.390194708177228E-4,0.005930618781942054,6.32363541384683E-4,1.2621764157560613E-5,7.440125576927839E-4,1.1004279114373462E-4,0.0010218780330502877,2.3907827427994502E-5,1.4568470808468456E-4,6.505907570623666E-5,6.81710363029256E-5,7.276205003972419E-5,8.499145913430266E-4,4.658887626524104E-5,9.421328877789669E-4,9.686025889144957E-4,0.019632708465907887,2.5386289675484694E-5,5.190872385357673E-4,9.511520702193131E-5,0.09495886391469593,1.4975137342017153E-5,1.7195309241945628E-4,0.0012423809307502863,0.015188014813954502,2.749855015594001E-5,7.391840125596749E-4,3.03389526856126E-4,0.004132181766568193,1.3172152447815148E-4,2.4597348355564496E-5,4.051028910797075E-5,1.332010123506517E-4,0.0020080142206335403,1.4110875641277774E-5,3.9274521749226206E-4,3.6303541710878896E-4,2.6090506772560537E-5,9.276870932575733E-4,2.4890086502059856E-5,6.14805824336701E-5,0.001882227550868029,3.7116787325127194E-5],[0.0011194705874806674,0.0029196010050154585,0.006431961226587417,6.802614963746813E-4,2.2268712165979607E-4,1.0,2.2477471153910364E-4,0.0012435632262054463,8.34309803902459E-4,6.886705683006974E-4,0.006623971972674434,5.589001476283703E-4,0.001236143465263501,0.0017054442667740004,0.0029627131500633685,0.006288983048404774,0.0012628711648361517,0.0011810863719191706,0.0012658507886945183,2.7417436058042714E-4,0.0012715939056707922,0.001113611642645773,1.7334789976017632E-4,8.839337844657314E-4,6.619708179382666E-4,9.855438201132058E-4,0.013643341730982167,2.642685448781486E-4,0.0024739860363669156,0.0012848552230428315,0.03238024316861914,0.0012005405496817562,0.001089443603446919,8.427673565557466E-4,0.08318367015179658,4.0780311355486797E-4,0.0011411845672663241,0.001314230746709646,0.010564678634774411,5.042976242975787E-4,0.002096101870384128,9.992162419420634E-4,0.0033114318780364796,4.679026632559301E-4,9.499090806129509E-4,8.41371716830316E-4,9.428198764941317E-4,0.0013537954512305196,6.350626636934701E-4,0.0011029335786825409,8.639082894018877E-4,6.838719448413464E-4,0.001191938970335032,2.3065894900871424E-4,4.724211240884527E-4,0.0021659544184538886,3.2897726364506795E-4],[3.124227866702269E-4,3.388545944567077E-4,0.0077693535595912445,1.5421325925847832E-4,7.598117759557353E-5,2.2477471153910364E-4,1.0,3.1378351891677813E-4,3.8552170775014305E-4,1.3562650177150875E-4,0.008424503593162967,1.760101047554189E-4,8.345850470246005E-4,0.001634010743534135,0.0059828288968633335,0.003418876443913905,0.0011492001613592367,1.2101689764106142E-4,7.135732098103873E-4,1.4576781967598436E-4,9.92312318592855E-4,1.3119152289802218E-4,1.4968026778146008E-4,1.6351521443150948E-4,1.37527080162417E-4,5.000413418487447E-4,0.009790931452948183,5.597183413688911E-5,7.229330007609378E-4,0.0010207210040966003,0.0018238221829494018,1.4525370580494094E-4,3.888570136207797E-4,1.9669993915295687E-4,0.0266934905812823,3.2356066246990654E-5,1.7764704055631898E-4,0.0011519921848411158,0.007499347685039289,7.394509196474502E-5,2.815374487406609E-4,8.008365817394713E-4,4.370027619477201E-4,1.741664470733473E-4,9.070475263628795E-5,1.6277590466073693E-4,2.903227198657994E-4,0.0015779967158199705,1.3569833120543842E-4,2.5871562123002035E-4,4.616793445816761E-4,1.46466606205544E-4,4.3357081305779534E-4,1.5351750794342326E-4,2.0607921412922275E-4,0.0015923064660175736,6.568990289239513E-5],[4.3319134007569995E-4,0.012662911942203967,0.009184667083301488,1.7489808203594278E-4,2.584242661154136E-4,0.0012435632262054463,3.1378351891677813E-4,1.0,4.0823366302218444E-4,1.990389709828301E-4,0.00461727710924647,3.595155796802583E-4,6.894511973970436E-4,7.690522608971248E-4,0.004576352580416679,0.004899493679348019,0.0010741621798463618,6.471572185255503E-5,8.660101808099102E-4,3.4691082953748755E-4,5.400428818719445E-4,2.0614267238141897E-4,2.3467693138387856E-4,2.3062451222172296E-4,2.504369566453361E-4,4.1443352096346656E-4,0.017743562035409645,6.973289094755792E-5,0.001595572933413842,9.57626724476143E-4,0.023446826216390222,2.3435911617552716E-4,5.21850661369818E-4,3.175200469939409E-4,0.050589792915245665,3.154524828561049E-4,3.339652609017945E-4,7.314741341577665E-4,0.007003135980698033,1.6865259569013647E-4,6.903737781162393E-4,6.994370593664113E-4,0.0015834594447633901,3.9678886132926927E-4,2.208737303828607E-4,1.3709976232361684E-4,4.93496151307882E-4,0.0010822526692292715,3.8552147540731925E-4,4.0270794237778066E-4,5.364680134295359E-4,2.925319036002186E-4,7.256437698054366E-4,2.4887537165371997E-4,3.946050545520733E-4,0.002963936876969423,3.15364967202782E-4],[7.312544006052271E-4,0.009128766594297807,0.009516851002015375,3.794072266928949E-4,2.910103334574957E-4,8.34309803902459E-4,3.8552170775014305E-4,4.0823366302218444E-4,1.0,2.458291666762552E-4,5.545372925606024E-4,3.756882111747936E-4,6.504324034462012E-4,0.0011713560421728988,0.0015893390180828219,0.008733559220887883,0.0010595133559883412,2.97882087017941E-4,0.0011929338113040504,1.6659332995624671E-4,9.760583779120111E-4,3.0834087922190084E-4,2.143629034334812E-4,2.322874384243164E-4,3.1832717158251407E-4,5.330592562266048E-4,0.007167371403468348,1.0546917872378359E-4,0.002410553892758604,0.0010329413326499264,0.03399425904979186,2.6504221208901156E-4,5.813874156598892E-4,2.1196680750883726E-4,0.03717808336206603,4.175062663694213E-4,2.0057108767425157E-4,0.0012344863030190531,0.013123153710565596,2.9254299223918016E-4,5.286467070119632E-4,4.2619340437639327E-4,0.0014266196276865608,4.127639149976046E-4,1.0670301917173135E-4,3.8420444560987265E-4,5.336322662996756E-4,0.0018253768725244618,3.8274110795237103E-4,4.083099701923663E-4,4.846755561537554E-4,4.131027507033089E-4,5.629004954290677E-4,1.1353711706783635E-4,3.095470256781438E-4,0.0015465513934027457,2.931924538602053E-4],[7.296672101388496E-4,2.0385286693887233E-4,0.0037192394678798955,1.2365029404920602E-4,3.0002596718460355E-5,6.886705683006974E-4,1.3562650177150875E-4,1.990389709828301E-4,2.458291666762552E-4,1.0,0.0054936194477649206,2.6450501131301346E-4,5.990239841654722E-4,0.0010585858900411585,0.007878473426728882,0.001957808249371657,0.0010035012269646673,2.0088690114879788E-5,8.131291626808205E-4,1.1744942794509342E-4,3.944161941634381E-4,9.295252485122527E-5,1.3797198731677434E-4,1.362146909277797E-4,1.1716765404949052E-4,1.9478806024678065E-4,0.02789099155205748,7.723776504247348E-5,0.002304220702504007,9.765432077802962E-4,0.0014702729385004073,1.157162994546983E-4,3.4941345061191727E-4,1.5512185932795404E-4,0.05271555278840471,7.45716331971079E-5,1.493379970605103E-4,0.0011769262318662755,0.0018837885330380527,4.7029583666888014E-5,0.0018470546229065767,2.4928553191318106E-4,0.0018011251157231925,1.3665458317248274E-4,8.042661571789718E-5,5.846758086248854E-5,4.46697938507658E-4,4.086932725736725E-4,1.854736370156657E-5,2.5979873633031806E-4,2.315973511541256E-4,1.290996060242527E-4,2.2597384206152915E-4,1.1440828377347689E-4,1.374952300612528E-4,0.003669208412758787,1.0810455213261302E-4],[0.005167931740055211,0.013556756125012835,0.014724991558280887,0.013971780960734105,0.009968047994642409,0.006623971972674434,0.008424503593162967,0.00461727710924647,5.545372925606024E-4,0.0054936194477649206,1.0,0.006557002438109774,0.005040366574325549,0.010867741481285985,0.013464236397940357,0.01506591942343466,0.009023042235237547,0.009893300247630205,0.006713530006904257,0.005167991896231242,0.0053848330247035225,0.01123241259847927,9.83190425087517E-4,0.009527995725084715,0.00500649546225858,0.014707597414906246,0.02903133864265301,0.012858491652519994,0.008395125318287247,0.01022615371359512,0.033082207296381075,0.010706214770792298,0.007411533306389392,0.011528517426105365,0.06516218668588868,0.012592024389664478,0.008268875418284366,0.01520296018155526,0.015563397740920176,0.014834720910016317,0.006037297094270585,0.011946054821676502,0.008633926646527556,0.015063395140025962,0.005172066299851357,0.0029312778636696045,0.0031534575548701357,0.010236530625291307,0.0066357892124338435,0.0013415264076484911,0.01290190009965643,4.1267203882290517E-4,0.01090623308180212,0.01116237180995989,0.015053822913547479,0.00577627748428825,0.0019140495822669533],[4.761670503315494E-4,0.008998495621977272,0.004307735960722042,1.966387304868226E-4,1.8274582102500994E-4,5.589001476283703E-4,1.760101047554189E-4,3.595155796802583E-4,3.756882111747936E-4,2.6450501131301346E-4,0.006557002438109774,1.0,8.418546612885772E-4,0.0013168795054058166,0.0014477478434956105,0.00396268553246641,5.012085234734676E-4,1.6291957200915137E-4,6.983751984237027E-4,1.4141158451385155E-4,7.960613575364688E-4,2.5885433969813305E-4,2.0501658615373756E-4,2.9329306016178454E-4,1.3354954309751667E-4,4.4328544934157954E-4,4.548033406157174E-4,1.6063334546436854E-4,0.0013979500015582722,6.969511213991612E-4,0.018879055449581857,1.1135340949446894E-4,3.331445840739199E-4,2.603499760785888E-4,0.030898166741246902,2.970246889385035E-4,2.1790739106976277E-4,6.74518561583845E-4,0.005327597835005594,1.898957099196883E-4,0.001922334661406987,4.282400544553325E-4,0.0037442148534338002,2.1777096392923347E-4,1.2613257653458412E-4,1.952920728705212E-4,3.2633622155202015E-4,0.0012617260960319288,1.6160739659227237E-4,3.7101897658822747E-4,6.728954344361685E-4,2.4871525777147766E-4,8.376110801912339E-4,2.1646354133404374E-4,2.50949168839834E-4,0.003032753964749489,1.9418720968776302E-4],[0.0012050918341779278,0.007674149372745658,0.007333602007589903,8.405503904943359E-4,0.001186945530581487,0.001236143465263501,8.345850470246005E-4,6.894511973970436E-4,6.504324034462012E-4,5.990239841654722E-4,0.005040366574325549,8.418546612885772E-4,1.0,0.0016088549645908636,0.002632871933912622,0.011279125378515012,0.0011883605063204234,6.807922763254346E-4,0.0012144299528075177,0.00112515526015431,0.0011217681438632193,4.655330673850504E-4,8.224283618720601E-4,0.0010254582456935015,0.0011034643690605093,6.695276654736647E-4,0.029624872036076732,0.0011317385162652738,0.0013716201044196006,0.0012526718963550368,0.006688995313584695,6.21441597153095E-4,7.763507826090339E-4,6.404921249922737E-4,0.03909476174524795,2.916511529355051E-4,6.787740454091431E-4,0.0012803454678446409,0.0028959895910462803,5.800639257724442E-4,0.001953324620869985,0.0010901497018455547,0.0023339213865479916,0.0010234647691701973,9.704672362434681E-4,3.6831388505634613E-4,9.275253437816365E-4,0.0016432742602078506,1.506339848416179E-4,9.655605965819291E-4,8.276517483602618E-4,5.119282355584811E-4,0.001063001017684252,9.8434742709368E-4,4.83808543949176E-4,0.003445008308473568,6.392604071490708E-5],[0.0016622241726550369,0.0025508537203797837,0.011292245841011163,0.0019128684207052847,8.801671683625118E-4,0.0017054442667740004,0.001634010743534135,7.690522608971248E-4,0.0011713560421728988,0.0010585858900411585,0.010867741481285985,0.0013168795054058166,0.0016088549645908636,1.0,0.004430747687423646,0.010770660394124356,0.0015782407193218049,6.363005759459451E-4,0.001413284476420243,1.6419146102000765E-4,0.001279252534497198,9.163286924282389E-4,0.001551520207552166,0.0012969688780909692,0.0019227301565256274,8.720589465151142E-4,0.02055491572533205,9.191774338982286E-4,0.0025819432238772377,0.0017895906315562047,0.016192925031747463,0.0019503229176782877,6.009203512090112E-4,7.575094513894583E-4,0.053340227049198954,0.001619454969564019,6.686862419203856E-4,0.0017306261594139608,0.0035153199334696504,0.0015443312397492542,0.0022407587173215015,0.00194076197827229,0.006859642754461471,0.0019913662624358535,9.400616221150238E-4,0.0013262354050114977,8.899911424284514E-4,0.0020426540343989733,6.091263604015333E-4,7.039922483440299E-4,8.95587030863068E-4,0.0012411084330450515,0.001425085873574745,7.100384291811498E-4,0.0018148142480209936,0.0029821502658201222,3.2760613566982827E-4],[0.0035015625317094015,0.013094802282476094,0.012808302170463274,0.00735593035516233,6.390194708177228E-4,0.0029627131500633685,0.0059828288968633335,0.004576352580416679,0.0015893390180828219,0.007878473426728882,0.013464236397940357,0.0014477478434956105,0.002632871933912622,0.004430747687423646,1.0,0.012185720538192758,0.010518052668347317,0.012309567566009327,0.012352916043693358,0.011310983603058654,0.005517465514800408,0.009572389823874986,0.009476107893666536,0.007338443565398881,0.00393629648770316,0.0030525393359797292,0.027583747344771148,0.0048798008732957475,0.00832430387091598,0.008267128176693991,0.01662135123266997,0.00541409121045738,0.009763653636208083,0.002623942797490766,0.08085916526593402,0.003629112290408188,3.7428025711468745E-4,0.0023117433781037976,0.017513416487517114,0.009397809431840867,0.00409431068733459,0.0024887190216303615,0.01136478851427325,6.210784032655304E-4,0.006028744377925231,0.011766581009272538,0.0043447772284578735,0.007500938727663858,0.0028791976904093655,0.004822899521149981,0.01187846293410094,6.069633230732832E-4,0.012477108352337734,0.0017256509895794468,0.011908775879252946,0.01076402845152238,4.476310429755065E-4],[0.007492261823292355,0.012760787387110303,0.012180569209311789,0.0021581165155978668,0.005930618781942054,0.006288983048404774,0.003418876443913905,0.004899493679348019,0.008733559220887883,0.001957808249371657,0.01506591942343466,0.00396268553246641,0.011279125378515012,0.010770660394124356,0.012185720538192758,1.0,0.00335511749131234,0.008667481007891666,0.0029576224209198064,0.010740996809106897,0.005315258069078736,0.0029825160952193287,0.004363991222359008,0.009930155725807834,0.004252721415826327,0.0104264732731253,0.03523934404284179,0.0013449240899712524,0.01034755468782491,0.005411246551013901,0.029123744635638806,0.0010358558065038325,0.01009386427787636,0.001100249267705445,0.03485210628825709,4.90262804294699E-4,0.006398175809241178,0.0058750176665266895,0.017509397184767298,0.00867399739507867,0.008705132896817121,0.005041074890109222,0.00957828066570267,0.004054326097105539,0.009631387781386605,0.004730433567193011,0.007169094656325824,0.009562139975869006,0.007231381394199555,0.0012877790683862994,0.0033367310308285627,0.011189105437764451,0.0033369554468605633,0.0100752852943005,0.01100177246608127,0.011614670013692844,3.784910801544197E-4],[0.0010851742569763137,0.001413084156618151,0.012084019678959834,6.227274600322037E-4,6.32363541384683E-4,0.0012628711648361517,0.0011492001613592367,0.0010741621798463618,0.0010595133559883412,0.0010035012269646673,0.009023042235237547,5.012085234734676E-4,0.0011883605063204234,0.0015782407193218049,0.010518052668347317,0.00335511749131234,1.0,2.393216866183391E-4,0.001193239627047582,8.695077480417516E-4,0.0011069909203754687,2.748989022490532E-4,9.96418503710482E-4,3.234920587783592E-4,4.071440824339092E-4,6.216283395819431E-4,0.014076434784169653,1.1421481037426159E-4,0.001808512278218424,0.0012238657463770773,0.014606456922159946,6.600487407388282E-4,7.083724648399561E-4,6.853676443730514E-4,0.04507605729400679,2.881063707794973E-4,5.520860070918545E-4,0.0013011186364117822,0.005029894117814334,8.774062018103747E-4,0.0014185030446830084,9.329943448487575E-4,0.001845353561739431,5.281208893940072E-4,9.160897920646992E-4,2.643762679476905E-4,7.263362789438268E-4,0.0012810166345575123,0.0010688157721949905,6.268434299393499E-4,9.800982590895014E-4,8.978732297369898E-4,0.001127309124690941,8.336006079271613E-4,5.576174542264903E-4,0.0026615497297347284,0.0011747350685936313],[1.7965823645231104E-4,0.00249702600649326,0.011001134268851907,4.692891182123275E-5,1.2621764157560613E-5,0.0011810863719191706,1.2101689764106142E-4,6.471572185255503E-5,2.97882087017941E-4,2.0088690114879788E-5,0.009893300247630205,1.6291957200915137E-4,6.807922763254346E-4,6.363005759459451E-4,0.012309567566009327,0.008667481007891666,2.393216866183391E-4,1.0,9.612474891768308E-4,1.0767051694920595E-4,0.0010314238723301739,1.5583610307870278E-5,1.4622805184076375E-5,1.0735830502986342E-5,8.491553069811673E-5,5.112782241864754E-4,0.016619111931950783,2.239581715414524E-5,0.0010218515681605733,2.8305206298700564E-4,9.323370983879318E-4,7.395540004267045E-5,6.351234637818235E-5,5.5821556644703516E-5,0.07630567639138536,1.0307867985444155E-5,1.8132300369139934E-4,1.309001609164327E-5,0.005192828603514079,1.955040677499213E-5,1.608016357789439E-4,2.0331557212399017E-4,0.006289027206612073,2.0115127467878717E-4,1.9780861993623694E-5,3.327514004169342E-5,2.2666520028321474E-5,1.912412616970275E-4,1.1366778683221179E-5,2.3869502253013165E-4,5.252107629769717E-4,4.760529543888744E-5,8.701862149754575E-4,4.83316917948744E-5,1.9484215673694734E-4,0.0031737728650821336,3.206457271305378E-5],[0.0011597312024385293,0.012473093193720681,0.005252799663697406,9.417302701892397E-4,7.440125576927839E-4,0.0012658507886945183,7.135732098103873E-4,8.660101808099102E-4,0.0011929338113040504,8.131291626808205E-4,0.006713530006904257,6.983751984237027E-4,0.0012144299528075177,0.001413284476420243,0.012352916043693358,0.0029576224209198064,0.001193239627047582,9.612474891768308E-4,1.0,9.128341907275973E-4,0.0011982143617025993,6.536396137519283E-4,9.007415103997671E-4,0.0012057526483824825,4.4008917016026165E-4,8.644550838010003E-4,0.033758414997953755,1.9163864023545306E-4,0.001757829680616883,0.0012812345781640475,0.020826207371776973,0.0012203804697848196,6.90161402643341E-4,7.853308884139417E-4,0.06966283747757253,5.028189605598561E-4,0.0010083795265696076,0.0013244444394681918,0.015354050396787503,3.686153262936383E-5,0.0024765400910739866,0.0011735404381767963,0.006658148618529753,0.001017797188955305,2.6924400193045306E-4,9.257614355441258E-4,0.0010823130194435606,0.002144896298811417,8.277731596991846E-4,7.331404054025214E-4,0.0011778903086886918,6.039160429173023E-4,0.0010602165627397644,7.112765801394513E-4,6.513009344372723E-4,0.0034702938219760802,7.135037516621344E-4],[3.35451909634485E-4,0.00679464106893723,0.008703954019128655,1.2631878482476984E-4,1.1004279114373462E-4,2.7417436058042714E-4,1.4576781967598436E-4,3.4691082953748755E-4,1.6659332995624671E-4,1.1744942794509342E-4,0.005167991896231242,1.4141158451385155E-4,0.00112515526015431,1.6419146102000765E-4,0.011310983603058654,0.010740996809106897,8.695077480417516E-4,1.0767051694920595E-4,9.128341907275973E-4,1.0,9.787898859019333E-4,8.127472142184207E-5,1.2184858279298396E-4,1.615839416086394E-4,1.1710818975885719E-4,3.357236426194469E-4,0.030714899487759892,6.951283117465012E-5,0.002527018032781214,3.757819143170201E-4,0.028544079973601096,1.1591650682156934E-4,5.067819344340659E-4,2.0930950054120497E-4,0.09507363921411224,1.777207128670975E-5,1.2301506027380773E-4,8.403975460670231E-4,0.01628199190624317,1.116233383218171E-4,0.0015231075565501134,8.060710560044025E-4,0.004499836947328757,1.187064453553974E-4,6.398842180664163E-5,1.0063855112584613E-4,3.881613242759781E-4,0.0018965357271878323,3.534895756770472E-5,3.5045375170516814E-4,5.816893378362463E-4,1.345778517217245E-4,1.640365786308663E-4,1.1427036885404262E-4,1.5415566284487502E-4,0.0010024661052512125,1.0337759226425748E-4],[0.0010653006728420103,0.0035137402024904723,0.010817992621939384,5.423149611776354E-4,0.0010218780330502877,0.0012715939056707922,9.92312318592855E-4,5.400428818719445E-4,9.760583779120111E-4,3.944161941634381E-4,0.0053848330247035225,7.960613575364688E-4,0.0011217681438632193,0.001279252534497198,0.005517465514800408,0.005315258069078736,0.0011069909203754687,0.0010314238723301739,0.0011982143617025993,9.787898859019333E-4,1.0,6.265855339758143E-4,5.378626756838839E-4,2.984658038813527E-4,7.442868571121842E-4,9.277320419591703E-4,0.005716776673707699,6.030505712718719E-4,0.00250816289713529,0.0012093214117052567,0.01816806593170558,6.725710036881697E-4,9.205084064126767E-4,4.5677763984918623E-4,0.06111212744701753,7.907908503398193E-4,5.147162645305751E-4,0.0013898181931920784,0.005368085478818084,1.0388861457259993E-4,0.002622997709118117,9.261915346925022E-4,0.0015750489948144239,9.312789202070489E-4,1.4115646750131585E-4,5.828396211967767E-4,9.269224317499543E-4,0.0020301409199459087,7.282765873430373E-5,7.555377596567229E-4,8.183551290553871E-4,6.299251200951391E-4,0.0010283117066551154,9.259571617271144E-4,6.812480284006647E-4,0.0027470067828361433,3.0388093588380147E-4],[3.207389777916724E-4,0.005957645554789499,0.011333479372672144,1.8099736898248067E-5,2.3907827427994502E-5,0.001113611642645773,1.3119152289802218E-4,2.0614267238141897E-4,3.0834087922190084E-4,9.295252485122527E-5,0.01123241259847927,2.5885433969813305E-4,4.655330673850504E-4,9.163286924282389E-4,0.009572389823874986,0.0029825160952193287,2.748989022490532E-4,1.5583610307870278E-5,6.536396137519283E-4,8.127472142184207E-5,6.265855339758143E-4,1.0,4.512047254726681E-5,8.203366484898415E-5,6.905562924708968E-5,2.8574956849109313E-5,0.0024700316001902544,3.7884897596551046E-5,0.0018650202915005396,1.952147274811969E-5,0.029244575517863018,8.205836395630435E-5,3.7726610785682315E-4,7.524592747795441E-5,0.09247964963125621,1.4906688427200038E-5,1.2213860193712128E-4,4.988938101378753E-4,0.0023249191273067393,2.8737678885011412E-5,0.0010346820260652664,4.010957351310553E-4,6.227299116953173E-4,4.3627023844549674E-5,1.8994357236062527E-5,2.5114781517924672E-5,3.3510631567869705E-4,0.0015971853850159422,1.493920399187055E-5,5.224233337779712E-5,5.92100301212308E-4,2.2113500207607014E-5,5.925632619259633E-4,7.389875669462767E-5,8.718337809643217E-5,3.186201743351952E-4,3.491169615077223E-5],[0.0010385048041415353,0.0011547571197452267,4.2387680530107816E-4,1.4445175443150097E-4,1.4568470808468456E-4,1.7334789976017632E-4,1.4968026778146008E-4,2.3467693138387856E-4,2.143629034334812E-4,1.3797198731677434E-4,9.83190425087517E-4,2.0501658615373756E-4,8.224283618720601E-4,0.001551520207552166,0.009476107893666536,0.004363991222359008,9.96418503710482E-4,1.4622805184076375E-5,9.007415103997671E-4,1.2184858279298396E-4,5.378626756838839E-4,4.512047254726681E-5,1.0,1.5307919047793738E-4,1.4551240381320267E-4,2.564620101440477E-4,0.03521831405148266,8.311187548827584E-5,5.593604516949814E-4,9.552766884454351E-4,0.03286637819419524,1.1727043306804707E-4,3.9553551973514834E-4,1.6823020152693778E-4,0.04488911827079646,1.3968002022770638E-4,1.803120294106951E-4,0.0012593457577071664,0.01589244506665326,3.311396932563333E-5,0.0015570474275125976,2.8911425406546434E-4,0.0011977569124535063,1.5289531824935732E-4,1.0433553893007132E-4,1.3704952500587697E-4,1.8295752184958178E-4,0.0018169201912642103,1.4789624115405433E-4,3.4860040305954523E-4,6.208417915939317E-4,1.4482316495180485E-4,1.8481256653159357E-4,1.257324573828698E-4,2.222544033608495E-4,0.0031429614237159847,1.1466646930036452E-4],[5.211523808312594E-4,0.007833947521515568,0.0020571105824793183,1.35217251655002E-4,6.505907570623666E-5,8.839337844657314E-4,1.6351521443150948E-4,2.3062451222172296E-4,2.322874384243164E-4,1.362146909277797E-4,0.009527995725084715,2.9329306016178454E-4,0.0010254582456935015,0.0012969688780909692,0.007338443565398881,0.009930155725807834,3.234920587783592E-4,1.0735830502986342E-5,0.0012057526483824825,1.615839416086394E-4,2.984658038813527E-4,8.203366484898415E-5,1.5307919047793738E-4,1.0,1.4619950829704547E-4,5.349149088843552E-4,0.006231272312752496,1.290716490876101E-4,0.0017582016212329447,3.4490871941676704E-4,0.03235713289018557,1.4628586476023533E-4,4.065180896483591E-4,2.0362889710934313E-4,0.035185349149503484,8.37601736318607E-5,1.784323897492883E-4,2.342226902486336E-4,0.011266182959019011,9.948390475498378E-5,0.0013458113641110416,5.15390675324004E-4,0.0036694787773605135,1.8658839020491144E-4,6.128731425540987E-5,1.1668493375633432E-4,2.1469460330410288E-4,0.0016402226456967777,2.2675938085097424E-5,2.3484527718011346E-4,1.6972626731103074E-4,1.4547415345256433E-4,8.60727082126038E-4,1.505739163956266E-4,2.2632382708512235E-4,8.534850966914387E-4,1.3466859367966462E-4],[3.3090591006627624E-4,0.004945098029938814,0.012436600573441547,1.2274774213460028E-4,6.81710363029256E-5,6.619708179382666E-4,1.37527080162417E-4,2.504369566453361E-4,3.1832717158251407E-4,1.1716765404949052E-4,0.00500649546225858,1.3354954309751667E-4,0.0011034643690605093,0.0019227301565256274,0.00393629648770316,0.004252721415826327,4.071440824339092E-4,8.491553069811673E-5,4.4008917016026165E-4,1.1710818975885719E-4,7.442868571121842E-4,6.905562924708968E-5,1.4551240381320267E-4,1.4619950829704547E-4,1.0,3.711846414267535E-4,0.015281851046692909,6.69383294995082E-5,2.336322269790985E-4,6.519640860533607E-4,0.010997860037225237,1.1275389284505548E-4,2.3081793555389864E-4,1.6756353367250164E-4,0.03583583860338856,6.138354858133531E-5,1.792162093407465E-4,6.745379187950071E-4,0.0030848582054739306,8.295264029662788E-5,0.0014763307317408399,2.089871197732506E-4,0.006333924683245523,1.536793243399606E-4,9.534311033603031E-5,6.815541710904105E-5,1.490487164302356E-4,0.0017124054989579771,2.9659694720247738E-5,3.225781076219786E-4,3.489226548901764E-4,1.3568102224741815E-4,5.50031291517764E-4,1.1360550025306096E-4,1.9945528203996676E-4,0.002962973331393223,8.0762027779451E-5],[7.875806852893766E-4,0.009346356088787925,0.0011984918655129737,2.2700258733135133E-4,7.276205003972419E-5,9.855438201132058E-4,5.000413418487447E-4,4.1443352096346656E-4,5.330592562266048E-4,1.9478806024678065E-4,0.014707597414906246,4.4328544934157954E-4,6.695276654736647E-4,8.720589465151142E-4,0.0030525393359797292,0.0104264732731253,6.216283395819431E-4,5.112782241864754E-4,8.644550838010003E-4,3.357236426194469E-4,9.277320419591703E-4,2.8574956849109313E-5,2.564620101440477E-4,5.349149088843552E-4,3.711846414267535E-4,1.0,0.006809309784246736,3.5788050683302654E-4,0.0018188983758759764,8.270460708723352E-4,0.03017330019310839,2.0469587722236822E-4,5.829318576513076E-4,3.245738069770867E-4,0.06713804266233928,4.388322903230564E-4,1.9769246459324337E-4,6.302508300601444E-4,0.009563745240684084,5.1021199899006336E-5,0.002124729754433745,6.955407663071106E-4,0.004554864056042268,2.953127165217925E-4,4.245099412729341E-4,4.11292712191937E-4,5.688485564233868E-4,0.0019560846642380616,1.1286397604345043E-4,4.400244362082367E-4,5.969682378543799E-4,1.534697982015984E-4,5.894398728458684E-4,3.871268191159388E-4,2.6996993635072683E-4,7.16189244162085E-4,1.1282210604928269E-4],[0.001371193725745005,0.021305930943729366,0.03488226350955599,0.03216838494561589,8.499145913430266E-4,0.013643341730982167,0.009790931452948183,0.017743562035409645,0.007167371403468348,0.02789099155205748,0.02903133864265301,4.548033406157174E-4,0.029624872036076732,0.02055491572533205,0.027583747344771148,0.03523934404284179,0.014076434784169653,0.016619111931950783,0.033758414997953755,0.030714899487759892,0.005716776673707699,0.0024700316001902544,0.03521831405148266,0.006231272312752496,0.015281851046692909,0.006809309784246736,1.0,0.031062489392312945,0.011845167970329914,0.019270742960999163,0.035349759489451134,0.013438801708463604,0.019852042018386203,0.03002578645107027,0.04637997822583562,0.030077621853303114,0.0037142321594014786,0.02245979459914663,0.020318435091846283,0.018524932265932853,0.008623910315262268,0.019303072456524573,0.022962533441743822,0.009505806680861834,0.013485425341168077,0.014417786191892703,0.017495593618539498,0.022886897873527517,0.014698909193410386,0.033027519870513194,0.0029536371667499466,0.01028469763242322,0.02007361097519046,0.0045449577284025575,0.0029864229033213243,0.017157757498709778,0.02746752303441613],[2.191307021941682E-4,0.0027567678532343337,0.006947583352741627,1.2620415806590857E-4,4.658887626524104E-5,2.642685448781486E-4,5.597183413688911E-5,6.973289094755792E-5,1.0546917872378359E-4,7.723776504247348E-5,0.012858491652519994,1.6063334546436854E-4,0.0011317385162652738,9.191774338982286E-4,0.0048798008732957475,0.0013449240899712524,1.1421481037426159E-4,2.239581715414524E-5,1.9163864023545306E-4,6.951283117465012E-5,6.030505712718719E-4,3.7884897596551046E-5,8.311187548827584E-5,1.290716490876101E-4,6.69383294995082E-5,3.5788050683302654E-4,0.031062489392312945,1.0,8.19180865565759E-4,6.556539698100959E-4,0.02354376422838124,6.110671902013044E-5,2.8837728547491674E-4,1.3801857636568189E-4,0.009788748482786427,2.4930930909843016E-5,6.029414391358816E-5,0.0010749994404557935,0.004265572943388207,3.1148857472626283E-5,0.002185681417305431,8.557111260874454E-5,0.0036924632908760476,9.167076847206159E-5,5.8285908361209705E-5,4.6770254887944784E-5,4.095934106234985E-4,0.001761834963610801,3.569622338906238E-5,3.457410468574198E-4,1.2790014692361235E-4,5.9399197888680436E-5,4.479905063085754E-4,9.108946457820789E-5,1.809688353180244E-4,0.003359409116864066,6.005516782050596E-5],[0.0021675147942895132,0.011483627865882421,0.005774176307190609,0.0019669508546203713,9.421328877789669E-4,0.0024739860363669156,7.229330007609378E-4,0.001595572933413842,0.002410553892758604,0.002304220702504007,0.008395125318287247,0.0013979500015582722,0.0013716201044196006,0.0025819432238772377,0.00832430387091598,0.01034755468782491,0.001808512278218424,0.0010218515681605733,0.001757829680616883,0.002527018032781214,0.00250816289713529,0.0018650202915005396,5.593604516949814E-4,0.0017582016212329447,2.336322269790985E-4,0.0018188983758759764,0.011845167970329914,8.19180865565759E-4,1.0,0.0022300520518676358,0.015505558826863258,8.730994655781677E-4,0.0010753277124684818,0.002704482080123639,0.017177046067052844,0.0018641475194816552,0.002915266000669323,0.001519929441771776,0.00786342355455266,0.001010133988460132,0.0029874533542581876,0.0016166651404850348,0.006194025351947241,0.0029696918182847824,0.001475982202877257,2.866034901691457E-4,0.0010660958122421544,0.0024995427771049884,0.0029121888353513805,4.148152995509853E-4,0.0015972194590844573,0.0017287686402117266,0.002637907370287664,0.0017270439185589615,0.0024655293224737445,0.003067864134770287,0.0017642056002958862],[0.0012186456032137005,0.002070142742905844,0.0053095033802371735,8.551619755131792E-4,9.686025889144957E-4,0.0012848552230428315,0.0010207210040966003,9.57626724476143E-4,0.0010329413326499264,9.765432077802962E-4,0.01022615371359512,6.969511213991612E-4,0.0012526718963550368,0.0017895906315562047,0.008267128176693991,0.005411246551013901,0.0012238657463770773,2.8305206298700564E-4,0.0012812345781640475,3.757819143170201E-4,0.0012093214117052567,1.952147274811969E-5,9.552766884454351E-4,3.4490871941676704E-4,6.519640860533607E-4,8.270460708723352E-4,0.019270742960999163,6.556539698100959E-4,0.0022300520518676358,1.0,0.016841572048094965,9.895164899658116E-4,9.717848744892116E-4,4.0288459969758765E-4,0.059436897613490754,6.707124668137663E-4,9.181188831321765E-4,0.0013175174447637088,0.005964334616190864,9.714918990826125E-4,0.001498239659272455,0.0011399098605797014,0.0048673449269726055,8.328351486865391E-4,5.611632602750795E-4,0.0011748817029319653,8.088455021268677E-4,0.0021113340900610882,5.72028911163189E-4,9.157166878283529E-4,0.0010428377651758732,8.134935547618799E-4,0.0010432950567617093,4.160950153360858E-4,0.001223251250835066,0.0031332519487667554,1.203805036078975E-4],[0.005320328243500651,0.019321408144203522,0.015394796027766871,0.01122417563909112,0.019632708465907887,0.03238024316861914,0.0018238221829494018,0.023446826216390222,0.03399425904979186,0.0014702729385004073,0.033082207296381075,0.018879055449581857,0.006688995313584695,0.016192925031747463,0.01662135123266997,0.029123744635638806,0.014606456922159946,9.323370983879318E-4,0.020826207371776973,0.028544079973601096,0.01816806593170558,0.029244575517863018,0.03286637819419524,0.03235713289018557,0.010997860037225237,0.03017330019310839,0.035349759489451134,0.02354376422838124,0.015505558826863258,0.016841572048094965,1.0,0.028331225245688468,0.0068289051214125394,0.01530245818574627,0.06102415252083806,0.025520830973808233,0.005906440672331378,0.011980606985198644,0.032939129029622725,0.0088532663649184,0.031435230000336635,0.03240526398562187,0.023382075767283315,0.024167297498081518,0.009061817775965484,0.017898268012694757,0.03139464624739903,0.022622277614648984,0.02255716759532355,0.012537440273147033,0.0017972941758612549,0.0328756291765258,0.0341235352864639,0.0034685302463406467,0.020755992790043924,0.02067828851232778,0.02870134156654816],[9.023208569048268E-4,0.010376619780369432,0.0011059625893229945,1.1446404611361634E-4,2.5386289675484694E-5,0.0012005405496817562,1.4525370580494094E-4,2.3435911617552716E-4,2.6504221208901156E-4,1.157162994546983E-4,0.010706214770792298,1.1135340949446894E-4,6.21441597153095E-4,0.0019503229176782877,0.00541409121045738,0.0010358558065038325,6.600487407388282E-4,7.395540004267045E-5,0.0012203804697848196,1.1591650682156934E-4,6.725710036881697E-4,8.205836395630435E-5,1.1727043306804707E-4,1.4628586476023533E-4,1.1275389284505548E-4,2.0469587722236822E-4,0.013438801708463604,6.110671902013044E-5,8.730994655781677E-4,9.895164899658116E-4,0.028331225245688468,1.0,4.8451242655499715E-4,1.1928618460294928E-4,0.06355172004467499,7.081266122155112E-5,1.8058743787715414E-4,0.0010471183217848456,0.007566987342797905,4.973902710845897E-5,3.738419907432435E-4,1.1471529122064462E-4,0.0023222672072903496,1.0636761794567871E-4,6.8207052601863E-5,7.709021646834911E-5,3.162589479651621E-4,2.5972457450138664E-4,8.948909295024269E-5,3.0291044800194813E-4,4.3635896570828534E-4,1.42880195307108E-4,7.166614658840808E-4,1.0690770438511062E-4,1.6139210178707365E-4,0.0028563031370809674,8.132624952574868E-5],[9.508673398401391E-4,0.0053826966344198675,0.01046680011404008,1.5533588194739968E-4,5.190872385357673E-4,0.001089443603446919,3.888570136207797E-4,5.21850661369818E-4,5.813874156598892E-4,3.4941345061191727E-4,0.007411533306389392,3.331445840739199E-4,7.763507826090339E-4,6.009203512090112E-4,0.009763653636208083,0.01009386427787636,7.083724648399561E-4,6.351234637818235E-5,6.90161402643341E-4,5.067819344340659E-4,9.205084064126767E-4,3.7726610785682315E-4,3.9553551973514834E-4,4.065180896483591E-4,2.3081793555389864E-4,5.829318576513076E-4,0.019852042018386203,2.8837728547491674E-4,0.0010753277124684818,9.717848744892116E-4,0.0068289051214125394,4.8451242655499715E-4,1.0,2.1567369853802288E-4,0.04817119830944,1.3192555492103005E-4,2.598729664859523E-4,0.0012087633913556123,0.0018495111608910885,8.901947297892069E-5,0.001298754442997514,6.783555003736734E-4,0.004164802571805568,3.2335406578155385E-4,3.522144376335348E-4,4.1678258105852354E-4,5.77821065209429E-4,0.0021793072960977263,4.7443746493712355E-4,5.057399659090172E-4,6.03904487568535E-4,2.7465987126723155E-4,7.2169024854654E-4,2.0983824797179222E-4,3.4389578907033857E-4,0.0011220006731375116,4.337713523988807E-4],[8.564258919867215E-4,0.006354547551730577,0.0022097308217924046,1.9215990410445844E-4,9.511520702193131E-5,8.427673565557466E-4,1.9669993915295687E-4,3.175200469939409E-4,2.1196680750883726E-4,1.5512185932795404E-4,0.011528517426105365,2.603499760785888E-4,6.404921249922737E-4,7.575094513894583E-4,0.002623942797490766,0.001100249267705445,6.853676443730514E-4,5.5821556644703516E-5,7.853308884139417E-4,2.0930950054120497E-4,4.5677763984918623E-4,7.524592747795441E-5,1.6823020152693778E-4,2.0362889710934313E-4,1.6756353367250164E-4,3.24573