[[1.0,0.002776679155044029,0.006821850860569634,0.0027920260986002018,0.005693431772413962,0.0030412067416949956,0.00690290571925768,0.0012963066717972915,9.602650137464649E-4,0.003995304077228453,0.01639523393268414,0.0035777999006767667,0.003761507760486927,0.004663426022564425,0.005654429533670952,0.0048415853645969115,0.005584184051956774,0.002239459574201339,0.0044896786349960735,0.002911488760628768,0.004343880770442626,0.004587084841546664,0.00427357773574488,0.0037744452032253853,0.003809274547045082,0.002185838712295109,0.005289097459248592,0.004527592515728514,0.002759456953214576,0.002877527238825538,0.0012051609619782445,0.008755673687127331,0.003404881582654784,0.023002260556478103,0.0053421705755451205,5.045933134356668E-5,3.053832471107661E-4,0.005920402953666111,0.0019431998663492211,0.0055465675321497805,4.1911473463444155E-4,5.999046386887096E-4,0.0028568712965994177,0.0033463922765136402,4.8324519503874133E-4,0.006851913514205337,0.003606771599238727,7.221926802155158E-4,0.054669522068937444,0.0013537277165001581,0.008017416362324664,0.0014110673404631134,0.005833629444211514,0.0061129577300307976],[0.002776679155044029,1.0,0.006289078070870309,0.0010642605417792441,9.243689523215652E-4,0.002024285576330357,0.010798669277089487,0.00100674806474579,0.002273951724807176,0.0024379928055508512,0.06103390136275487,0.0028497232610587894,0.0014120640553952806,8.71842632121247E-4,0.002757577358697308,0.0011984131656521718,2.972976904536085E-4,0.002049064625401708,0.002424922015528074,0.0012662857478362038,0.001540391891372139,0.0019526427520391916,0.002439610580926096,4.407315075633468E-4,3.986062730312749E-4,0.0018453257266690024,8.171727892836361E-4,0.002160784048638776,0.0016316150691952469,0.0017911031692272642,8.186903976794654E-4,0.00884204411223153,0.001147461441832215,0.009416779592984585,0.0011097742218070502,0.0011018749659246609,0.0018022612159260055,0.0023640170288788172,0.002012153088799659,0.0032381165919068795,0.0013400236828785563,0.0015640967680223216,0.0023898020476620357,5.196822658656455E-4,7.052093481806903E-5,0.005222939921173796,0.001898857923725117,0.0014906977661648972,0.014526082317968377,0.0010905294237799645,0.00533386499387874,0.0010445128555942346,0.0023809084628822093,0.006745302864955514],[0.006821850860569634,0.006289078070870309,1.0,0.006143539959540987,0.0014648083184769214,0.0028989607179591374,0.010092704867547536,0.004633134251689254,0.003965651686207835,0.004521509389328639,0.027585201854053283,0.005435448693162503,0.0027070349244844322,0.0021097363100834807,0.005417610509180928,0.005543440723160508,0.00464275884438303,0.006159296856839192,0.007093522790536027,0.006313575962893958,0.005005277361668505,0.003371203756947521,0.006267211274271735,0.004429866966761602,0.0033494114908628634,0.005783083320293075,0.004898347676498271,0.004211403020208539,0.004905177209795385,5.46079434649653E-4,0.003776599562436022,0.013688339752483372,0.0010451326989714504,0.02151931127003439,0.00680729432540808,0.005808418422423534,4.180984785815032E-4,0.0065384189889606745,0.006348811673135975,0.005041610904881277,0.005690276047266175,0.005423563863313937,0.001707831630698733,0.0040115299500023465,0.005796899993893063,0.01964083116903165,8.935970026832629E-4,0.0033175409000026435,0.06609841116814881,0.0031245562442794657,0.009272690545656758,0.004640653176181233,0.0014477207459484092,0.0071035797171912765],[0.0027920260986002018,0.0010642605417792441,0.006143539959540987,1.0,2.1837191082608147E-4,9.483949638563564E-4,0.00845270296502737,2.3243704402828427E-4,2.8851157877831074E-4,0.0011003096861593059,0.06451755994111162,8.275303247516297E-4,2.22934842847318E-4,9.766377068145242E-5,0.0024616929364159558,5.0680031702659726E-5,1.993942297121302E-4,2.3876605735022243E-4,7.575094755117041E-4,2.334658567473121E-4,1.7133787388501107E-4,9.378446597969954E-4,0.0022713967386248732,3.1911593088130406E-5,1.4255622033017192E-4,5.441193787885119E-4,2.446250562854139E-4,0.0010796890001981627,2.2056887936690104E-5,1.0051334627656044E-4,2.147062803331167E-4,0.006308758462965522,2.2985083402027814E-4,0.021018432933504368,2.167475793232783E-4,2.2093810592723948E-4,2.066418311211127E-4,8.196697652103494E-4,8.253639028698002E-4,0.0023410953811300603,2.2403907341719E-4,1.5433278982022582E-4,0.001415683986952405,1.8114376496108765E-4,1.2548305717700469E-4,0.017911557986848587,2.086203961840007E-4,2.2004497569914563E-4,0.07706509201466745,1.595401588292977E-4,0.0020776919514986164,2.0986594406484694E-4,1.6508321438124074E-4,0.0025438694804767077],[0.005693431772413962,9.243689523215652E-4,0.0014648083184769214,2.1837191082608147E-4,1.0,5.59078182649689E-4,0.01376063102814151,1.9072631178501705E-4,5.812065859093541E-4,9.937504468330756E-4,0.05025098350261086,0.002970605266038706,2.1131438069178142E-4,1.1643997110843282E-4,5.095207122342458E-4,2.0466008047963094E-4,1.906918697259915E-4,9.556818334458642E-4,0.0015884290025257619,2.159980932744579E-4,1.5333201245410998E-4,4.058634843593968E-4,0.0028391571196734323,9.04745837784231E-5,1.688266746102642E-4,0.0014665865223219066,2.5551973135807973E-4,7.668546254451115E-4,1.8850996549761923E-4,1.0999208884777424E-4,1.5593083210304058E-4,0.0026312866060360087,2.05199983572516E-4,0.012386212092858898,1.9869865720280555E-4,1.9976921346235587E-4,1.5915296359123948E-4,4.8481933202264846E-4,0.001062428411022149,0.0015826209275828008,1.963187705576026E-4,1.2848937644429755E-4,8.976156793714112E-4,5.426120848969474E-5,1.3399159144988755E-4,3.889212296072584E-4,2.0448336902767226E-4,1.875328131942812E-4,0.06253888585985773,1.878087402633896E-4,0.006104303512868909,1.9479404627926642E-4,1.7351836065632607E-4,0.0024996715455111525],[0.0030412067416949956,0.002024285576330357,0.0028989607179591374,9.483949638563564E-4,5.59078182649689E-4,1.0,0.004282041714031265,7.855172160352567E-4,0.0010987137806563766,0.001462159983512134,0.059877680795077076,0.003024916912739253,7.478329011600555E-4,3.7533311024706033E-4,0.0012147063102650865,1.978928762129628E-4,6.375680801998986E-4,0.0011027002328825163,0.0013882115940231413,3.2463637251219996E-4,1.8795271231621908E-4,0.001078373743371311,0.002584572535993284,9.459603870761819E-4,6.758496065688536E-4,0.0014462643500548242,6.919858497058155E-4,0.0014719155562606541,7.97437092735423E-4,8.970519295055972E-4,3.118048887430687E-4,0.013676535692071475,4.8687002187630966E-4,0.019565378640786786,3.714116085213496E-4,1.393575846121751E-4,6.152254156397538E-4,0.0015215189597028132,0.0010801579965051872,0.0026954699920982194,3.113769524640531E-4,0.0010449873919977854,0.0011738688826457568,7.832154966809126E-4,2.3672118592334558E-4,0.009614201650148271,9.851900773443349E-4,3.3414053820249486E-4,0.019181704918402334,5.669087761840956E-4,0.006917717307104847,8.964756124566486E-4,9.88087136394548E-4,0.004677423408210148],[0.00690290571925768,0.010798669277089487,0.010092704867547536,0.00845270296502737,0.01376063102814151,0.004282041714031265,1.0,0.004730942625164937,0.01321318024068497,0.005690825207877424,0.045608864735003765,0.006547629412000271,0.005502961918562719,0.00561449154083499,0.00539926591498674,0.01401529465081162,0.015811568482056584,0.01453368540703535,0.010887087776608035,0.00518990549787343,0.002821318820644116,0.001475685680232352,0.012525860269406094,0.009474776058947988,0.010157902168467603,0.00856756667358583,0.009469830621171405,0.010572110401177014,0.012100953117064732,0.00788683773036786,0.0025846900273134537,0.01592409732158146,0.009074094735788787,0.021457841072805312,0.010282679782244123,0.010532537567794842,0.011898983278196324,0.0038038913707057653,0.004811187965377793,0.016066746530140952,0.008653758787155528,0.014116088239940169,0.014623976877374299,0.0039180480041235925,0.015243569510808012,0.02039363848171978,0.006074351713740876,0.015385212396552373,0.027980411737324594,0.001812372595672806,0.014326143340639926,0.008550064382640925,0.015214404323493693,0.008670696516208574],[0.0012963066717972915,0.00100674806474579,0.004633134251689254,2.3243704402828427E-4,1.9072631178501705E-4,7.855172160352567E-4,0.004730942625164937,1.0,2.97459780247741E-4,0.0020804366233222013,0.055621028023270125,0.0017745255244664803,2.0612775638614915E-4,1.0502515736540439E-4,0.0024824551124302376,3.206455345540917E-5,1.7939950691796548E-4,2.0625764787042308E-4,0.0023823180460413717,2.2945595107641342E-4,1.623801577812562E-4,4.718261732365895E-4,9.439460376176413E-4,1.2841201482099085E-4,1.5072651283560957E-4,3.8333099764297927E-4,3.1783384480732924E-4,5.521773610703656E-4,1.2085986864010935E-4,3.468297933048288E-5,1.0750512145422593E-4,0.01325917590913585,2.0926047651435416E-4,0.001307230481716001,1.7119696561069246E-4,9.405802130913195E-5,1.515253298620448E-4,4.478387893902851E-4,3.1469247768159067E-4,0.001359001896248248,1.548836271640983E-4,1.2862797439979533E-4,5.631731076385342E-4,1.2539267403742312E-4,1.7945986072009077E-4,0.014052375932856336,1.988759329778846E-4,1.6998574499944554E-4,0.08252052145566137,1.8259509446313834E-4,0.00906503874348947,1.912290590718581E-4,7.334821311814226E-5,0.0026675908153971696],[9.602650137464649E-4,0.002273951724807176,0.003965651686207835,2.8851157877831074E-4,5.812065859093541E-4,0.0010987137806563766,0.01321318024068497,2.97459780247741E-4,1.0,0.00249384781258082,0.04918068845797137,0.0030505826936270673,3.3891689315649064E-4,3.305191979068607E-4,8.281672303022306E-4,5.96709786532372E-4,4.8267076398203994E-4,0.0010188985840331923,0.0023658394818412247,3.3132814480478376E-4,7.033691471803145E-4,9.670369444025926E-4,0.0021656410690927266,7.275840857993261E-4,5.128658608924246E-5,0.0011089286461945687,4.51062120501311E-4,0.0013151597060143216,2.5726028332890096E-4,7.932508149451237E-4,2.7216173424175066E-4,0.012451405522881244,6.925628852059246E-4,0.016677911959506783,1.651265562194634E-4,7.626895142642255E-4,2.0146434178962017E-4,0.0010800915808308895,8.305860933334807E-4,0.002273444243105232,1.4340353801956803E-4,5.755773264612684E-4,8.833131318652844E-4,1.4991040841320737E-4,8.718541892497518E-5,0.008791519712842165,2.473746386925781E-4,7.108319704997109E-4,0.04976665782171587,7.291051650827377E-4,0.008455957523183597,7.950713712428924E-4,3.808083583505901E-4,0.0016559420579151777],[0.003995304077228453,0.0024379928055508512,0.004521509389328639,0.0011003096861593059,9.937504468330756E-4,0.001462159983512134,0.005690825207877424,0.0020804366233222013,0.00249384781258082,1.0,0.01973346158858764,0.002931422923176462,0.001941456566843571,0.001619075986272151,0.0027761052009073607,0.0016263467537836742,6.364956029943037E-4,0.0015676328904599198,0.0024887092573252184,0.0012491127170360084,0.0015116282285902532,0.0011142012366875623,0.002514501934046457,0.0011909162310995538,0.0017083655747789444,0.001994622274888968,0.0019395657040044989,0.0016070296909542858,0.0013894803267000548,0.0017014865166043154,4.8765096384033676E-4,0.014412440773525907,0.0012011555101369522,0.017059282009338712,0.0014505291857868576,0.0014638617335798485,3.4772688524799445E-4,0.0021782232378801916,0.002468032170802906,0.003257047259392461,0.0017780124810310679,0.0020943434944244114,0.0018378616553028691,6.221994301711955E-4,2.320845738332245E-5,0.02088705491386441,6.401247022198125E-4,7.652609082637467E-4,0.08255495622935231,0.0016856461522952479,0.007171737029580967,5.837900509077142E-4,0.002387132006198482,0.0035746729344598325],[0.01639523393268414,0.06103390136275487,0.027585201854053283,0.06451755994111162,0.05025098350261086,0.059877680795077076,0.045608864735003765,0.055621028023270125,0.04918068845797137,0.01973346158858764,1.0,0.004672571948611716,0.025965989366130444,0.06544033140718182,0.03697643840304657,0.023076231327623004,0.05105164658758999,0.040725626076637086,0.020339717975667648,0.023703621146992655,0.007212692246143909,0.017217087868016432,0.010798873967084385,0.04043033755221029,0.022442171919997558,0.004226414170807774,0.034923116009690544,0.006472878994974661,0.013062531180595954,0.054572584840713124,0.016332150467910686,0.04752086673908558,0.0013355644656504228,0.042751303399305184,0.0465405198567253,0.05212506215363514,0.026424559350438442,0.039251543582421694,0.016353497199151155,0.03037017941435239,0.02207567729328666,0.013127319042248573,0.04010510573495107,0.04674766337270282,0.04805469202842422,0.05975283128020628,0.03408281551568901,0.01555105540144404,0.0824321920178207,0.014856575351604848,0.038850489649127205,0.058688438385627206,0.04064855631652541,0.053997506147313246],[0.0035777999006767667,0.0028497232610587894,0.005435448693162503,8.275303247516297E-4,0.002970605266038706,0.003024916912739253,0.006547629412000271,0.0017745255244664803,0.0030505826936270673,0.002931422923176462,0.004672571948611716,1.0,0.003153939235245066,0.002577619048309914,0.0036323659691259945,0.002205968012384194,0.0011318139725939845,0.0031302602673958565,0.0031875751812783697,0.0016491883199279064,3.073328037478463E-4,0.002879661561029128,0.0029368255577410835,0.001547846331136974,3.2271925866667425E-4,0.0027827014497164063,0.0013744756343769275,0.00260034311061578,0.0012470253034739208,0.0020552895638937386,0.0017536745892687208,0.012938438872465041,5.003049051376014E-4,0.006976383769666429,0.0019958866928941037,0.0016260376430669561,0.0012400151226952905,0.0023413019451777087,0.001073282438506601,0.003549942726840278,3.918279468892765E-4,0.002614802566628852,0.0028937191445093393,0.002077897077753379,0.0022285559658837923,0.010709444789956012,0.001421553607584841,0.0017346936659868395,0.04670784919360838,9.08617047531087E-4,0.005307341605076789,0.002502523741973332,0.0029964979421300626,0.003473604654228825],[0.003761507760486927,0.0014120640553952806,0.0027070349244844322,2.22934842847318E-4,2.1131438069178142E-4,7.478329011600555E-4,0.005502961918562719,2.0612775638614915E-4,3.3891689315649064E-4,0.001941456566843571,0.025965989366130444,0.003153939235245066,1.0,1.1425612241930256E-4,0.002359699735075378,9.836756051718212E-5,1.7745090357619057E-4,5.787976022666872E-4,0.0015468230114426434,2.2840549902695392E-4,1.6746043719741008E-4,0.0010139792870918975,0.002098845311056169,1.5674185239618176E-5,4.888111938097792E-5,6.643059506585784E-4,3.078437400473084E-4,0.0011529482943993985,2.899992066044105E-5,1.0411662221438771E-4,1.2107813663808016E-4,0.010194222625429704,2.1178414566912305E-4,0.001562134543171811,2.1056577402391534E-4,1.8090955554740635E-4,1.5933061534420453E-4,6.844232383707486E-4,9.020203754853173E-4,0.003153702439428519,1.3512236419234373E-4,1.1541051801521634E-4,0.0011154423776170994,1.1344729357493125E-4,1.769684630107186E-4,0.01973424925106119,2.0795594344624266E-4,1.8165320363173684E-4,0.04053248474839961,1.9548712035504174E-4,0.006779494854006328,1.9788600541930114E-4,9.703814510614448E-5,0.0014904155260686476],[0.004663426022564425,8.71842632121247E-4,0.0021097363100834807,9.766377068145242E-5,1.1643997110843282E-4,3.7533311024706033E-4,0.00561449154083499,1.0502515736540439E-4,3.305191979068607E-4,0.001619075986272151,0.06544033140718182,0.002577619048309914,1.1425612241930256E-4,1.0,0.00364629663874778,3.1655990147549625E-5,1.176998943496483E-4,1.9784591694031303E-4,0.0022138997963871486,7.047514819309101E-5,3.615678919633172E-5,6.041703524335098E-5,0.001997262520032104,1.9734303058172485E-5,1.1551465639207092E-5,3.084782968480346E-4,1.5289572298098783E-4,0.0011768190320370286,2.2322044468971698E-5,3.204264067643692E-5,2.9978378663079838E-5,0.014260030441811495,1.5908695549475606E-4,0.018791738307787006,3.776371430842758E-5,3.360434615716605E-5,3.4763097712753076E-5,7.73437349240516E-4,9.497103022738089E-4,0.0016784040972160513,4.471022037212819E-5,9.094975957120579E-5,6.042246247545959E-5,2.7563633017564006E-5,1.5488977237629815E-5,0.01981322143037204,4.952284992708221E-5,9.460432901797333E-5,0.0722840042753291,8.348228410583677E-5,0.009746549543170608,1.6414724863024135E-4,2.6582438473404412E-5,0.002675703488671094],[0.005654429533670952,0.002757577358697308,0.005417610509180928,0.0024616929364159558,5.095207122342458E-4,0.0012147063102650865,0.00539926591498674,0.0024824551124302376,8.281672303022306E-4,0.0027761052009073607,0.03697643840304657,0.0036323659691259945,0.002359699735075378,0.00364629663874778,1.0,0.0036326684492703734,0.00113732617485923,0.002251265461618751,0.0028548503773395207,0.0021716741379364975,0.001730372620076663,0.003012048535397746,0.0028689081952605186,0.0018532555271921019,0.0026998769264853263,0.0022695827667764796,0.001289667497111673,0.0036638588452182694,0.001814856981492418,4.415461708532057E-4,9.529252848587019E-4,0.008319790252455751,0.0017450232145099752,0.005207321167024373,0.003415107220723962,0.003942653223804344,0.002769667750452868,0.0036416801824408294,0.0016810215477410485,0.0038764338705579715,0.002179668063654141,6.790574649394248E-4,0.002167032887938096,8.843258568505094E-4,0.0030342324133942372,0.0041320316943039915,0.0023832959971480877,0.003320852037225189,0.07367606738904899,0.0031298196131714796,0.006224954397441815,0.0010356264158870607,0.0034813354138857546,0.006437729709832531],[0.0048415853645969115,0.0011984131656521718,0.005543440723160508,5.0680031702659726E-5,2.0466008047963094E-4,1.978928762129628E-4,0.01401529465081162,3.206455345540917E-5,5.96709786532372E-4,0.0016263467537836742,0.023076231327623004,0.002205968012384194,9.836756051718212E-5,3.1655990147549625E-5,0.0036326684492703734,1.0,1.5216396987891432E-4,8.959834533758581E-4,0.002290464774090609,7.09520558027088E-5,8.606552978942332E-5,6.16529605186535E-5,0.0023541964886678434,1.8729792491003857E-5,1.7508497873344462E-5,0.001013665109171401,2.2586845121747378E-4,8.950443135599422E-4,1.8604778362695983E-5,2.1076462634423395E-5,2.7047663573533748E-5,0.011496462430906644,2.0073318474109339E-4,0.007088968677408628,5.074587598965554E-5,1.5891036573210888E-5,1.0424981744421334E-4,3.2610253455718193E-4,2.3450483101304794E-4,0.0026217151237718987,3.5320765204450945E-5,7.757600920164536E-5,0.001385844333824848,1.678579509266774E-5,1.5195092710305563E-5,0.021424736043571938,1.4710080565080296E-4,1.090401857276011E-4,0.03917932966859821,3.5340856540153444E-5,0.002211556117322437,1.2253003153330777E-4,1.9791033005604896E-5,0.0032981721331417843],[0.005584184051956774,2.972976904536085E-4,0.00464275884438303,1.993942297121302E-4,1.906918697259915E-4,6.375680801998986E-4,0.015811568482056584,1.7939950691796548E-4,4.8267076398203994E-4,6.364956029943037E-4,0.05105164658758999,0.0011318139725939845,1.7745090357619057E-4,1.176998943496483E-4,0.00113732617485923,1.5216396987891432E-4,1.0,0.0010195017939254637,1.8251191046738787E-4,2.1797351451088704E-4,1.4293921146173028E-4,2.432784263364145E-4,0.0014691831236904704,4.75017584414757E-5,1.1903132814253996E-4,7.473684086306763E-4,2.3463231983413072E-4,6.425116584823483E-4,1.4250556250417482E-4,5.116290782397143E-5,6.836684899006471E-5,0.010390907092576807,1.882373057448642E-4,0.015988792679508926,1.6470940494444752E-4,7.489723626936717E-5,1.5109935629485934E-4,2.1802555996420337E-4,5.249706345393224E-4,0.0010779745661925347,1.4497117637357173E-4,1.6347859113493082E-4,0.0011391889289875774,5.006599304519605E-5,1.365793439959244E-4,0.015381193429669546,1.9833162830547023E-4,1.703131263569884E-4,0.06988573727801922,1.644186315439128E-4,0.0042424984863914765,1.8485938150807337E-4,4.130711619076636E-5,0.0033074332082438152],[0.002239459574201339,0.002049064625401708,0.006159296856839192,2.3876605735022243E-4,9.556818334458642E-4,0.0011027002328825163,0.01453368540703535,2.0625764787042308E-4,0.0010188985840331923,0.0015676328904599198,0.040725626076637086,0.0031302602673958565,5.787976022666872E-4,1.9784591694031303E-4,0.002251265461618751,8.959834533758581E-4,0.0010195017939254637,1.0,0.0020687342473263625,7.635663270542042E-4,2.6031594690369733E-4,0.0010505875372440526,0.002731912158360088,4.6143946892315786E-5,5.969312073009431E-4,0.0012870394416262128,0.0010300791764032847,0.0014330494444708699,8.011365122753907E-4,3.1181090711308683E-4,6.683133395442388E-4,0.009773398819954265,9.153742004638203E-4,0.009970194575184235,8.055656806224025E-4,9.277725328758157E-4,4.7274035576022616E-4,0.001319671180495197,0.001078952872000539,0.0023351475686551933,3.1389822394637973E-4,7.109500929302869E-4,0.0011077466152462974,5.418593279862744E-4,5.341771897425276E-4,0.002696520348390915,5.024411452759499E-4,8.492238339720111E-4,0.006964742962014831,5.514631823316625E-4,0.002741732161853596,2.1861631429595437E-4,5.542656047243621E-4,0.004603474823283714],[0.0044896786349960735,0.002424922015528074,0.007093522790536027,7.575094755117041E-4,0.0015884290025257619,0.0013882115940231413,0.010887087776608035,0.0023823180460413717,0.0023658394818412247,0.0024887092573252184,0.020339717975667648,0.0031875751812783697,0.0015468230114426434,0.0022138997963871486,0.0028548503773395207,0.002290464774090609,1.8251191046738787E-4,0.0020687342473263625,1.0,0.0017055528630542422,3.4525837465661344E-4,0.001201891460341572,0.0025312884318408413,0.0016530336304677686,0.0016668774330449913,0.0017615176563141736,0.0018615513792541664,0.0020830783035382973,3.5152513810464083E-4,9.561926652266858E-4,0.0018518511463154399,0.013001520700360935,0.0018837791739284928,0.014038055648102937,3.084088919004098E-4,5.029128007113609E-5,4.785727628867585E-4,0.002048951086164421,0.00198873201800054,0.0033961746632281773,1.7215848277787204E-4,0.001413815685438932,0.0018911248328306444,0.0022671064255438385,1.0255655701073097E-4,0.013334683574093339,0.0013441746764912684,0.0018675598261437588,0.04342814580891709,7.921347170340777E-4,0.0028213578433344813,0.001145815688574424,0.0012035939531500257,0.005473414490143441],[0.002911488760628768,0.0012662857478362038,0.006313575962893958,2.334658567473121E-4,2.159980932744579E-4,3.2463637251219996E-4,0.00518990549787343,2.2945595107641342E-4,3.3132814480478376E-4,0.0012491127170360084,0.023703621146992655,0.0016491883199279064,2.2840549902695392E-4,7.047514819309101E-5,0.0021716741379364975,7.09520558027088E-5,2.1797351451088704E-4,7.635663270542042E-4,0.0017055528630542422,1.0,1.7821189257420623E-4,9.872242156831969E-4,0.0028020669261804823,1.9988495481846992E-4,2.362178662889665E-5,8.640610714071658E-4,2.4205640527417114E-4,0.0012339596970570752,1.914712778849527E-4,6.188833411973073E-5,3.146865475474561E-5,0.004288546995859763,2.3134483957989484E-4,0.008361574750523123,2.3101877835906366E-4,4.7900815038846864E-5,1.232818916396253E-4,0.001635024373220355,5.209784445192188E-4,0.001987914530468851,2.2567284979842057E-4,1.311797230055611E-4,6.250926159812984E-4,8.612593670744451E-5,1.2961499283470953E-4,0.015578918171034108,2.323715600810207E-4,1.883683525091663E-4,0.07941990033745186,1.8695420263776125E-4,0.007654155799815044,2.091062500333743E-4,8.407441452769709E-5,0.0018078699634131502],[0.004343880770442626,0.001540391891372139,0.005005277361668505,1.7133787388501107E-4,1.5333201245410998E-4,1.8795271231621908E-4,0.002821318820644116,1.623801577812562E-4,7.033691471803145E-4,0.0015116282285902532,0.007212692246143909,3.073328037478463E-4,1.6746043719741008E-4,3.615678919633172E-5,0.001730372620076663,8.606552978942332E-5,1.4293921146173028E-4,2.6031594690369733E-4,3.4525837465661344E-4,1.7821189257420623E-4,1.0,4.0344083939908683E-4,0.00235164018335137,1.2413341631208248E-4,1.2005614405797793E-4,0.0010284677791357621,1.6693823268540406E-4,7.587109396297339E-4,5.579553856029594E-5,1.1694510402697888E-4,3.557868985541863E-5,0.00950250155820689,1.475411550766474E-4,0.01176236870704292,1.428637648344458E-4,4.557844947750928E-5,1.373270075039143E-4,0.0013149217898010804,7.791985477416233E-4,0.00283957122918971,1.3596365924902355E-4,1.4045560692720809E-4,0.0012202506285808822,3.835340711731061E-5,5.207489200196773E-5,0.009913395200315393,1.6273777344518473E-4,1.640655800080045E-4,0.08099291206916179,1.4135187333827858E-4,0.003815317180270299,1.4907348605190025E-4,2.9760512196290365E-5,0.0014196581213619965],[0.004587084841546664,0.0019526427520391916,0.003371203756947521,9.378446597969954E-4,4.058634843593968E-4,0.001078373743371311,0.001475685680232352,4.718261732365895E-4,9.670369444025926E-4,0.0011142012366875623,0.017217087868016432,0.002879661561029128,0.0010139792870918975,6.041703524335098E-5,0.003012048535397746,6.16529605186535E-5,2.432784263364145E-4,0.0010505875372440526,0.001201891460341572,9.872242156831969E-4,4.0344083939908683E-4,1.0,0.0027287529572072415,8.251860412427363E-4,1.1339556164515375E-4,0.0012915461705845467,6.291869186765194E-4,0.0013460345250772925,6.679372274303648E-4,7.374575779037162E-4,3.059495872554305E-4,0.01215920687665132,9.393155172304709E-4,0.022062913187196696,9.833099118228992E-4,4.969522913749488E-4,9.165235978561304E-4,0.0010620769907371647,0.001047901116639916,0.002986485115005456,6.312781879122764E-4,4.939103458175074E-4,0.0011032526361484485,9.507158115593523E-4,5.616540386820786E-4,0.00708466136204965,3.4917207194420116E-4,5.982202731482695E-4,0.05390537712260557,5.845248675052959E-4,0.004631763176176062,4.606441520505992E-4,6.905317363404882E-4,0.0017414095004737464],[0.00427357773574488,0.002439610580926096,0.006267211274271735,0.0022713967386248732,0.0028391571196734323,0.002584572535993284,0.012525860269406094,9.439460376176413E-4,0.0021656410690927266,0.002514501934046457,0.010798873967084385,0.0029368255577410835,0.002098845311056169,0.001997262520032104,0.0028689081952605186,0.0023541964886678434,0.0014691831236904704,0.002731912158360088,0.0025312884318408413,0.0028020669261804823,0.00235164018335137,0.0027287529572072415,1.0,9.51843488216393E-4,7.301884413005277E-4,0.0017128000089199182,0.0022365351256879284,0.0019182333647084003,7.533018825099806E-4,8.708828488513139E-4,9.388671569392873E-4,0.007334112223290276,6.921594613981013E-4,0.016691609497034753,0.0015123183898630484,7.759591616777427E-4,6.600031320818009E-4,0.0020885940320313707,0.0025223091371641597,0.0030605922964012286,4.548510316147661E-4,4.109372073812491E-4,0.0017417552929684045,9.85915457211349E-4,1.5740900216806435E-4,0.009021923610051382,0.0026662619096125273,0.0021524369379530804,0.028176220092574658,3.5224554741933355E-4,0.004105683871297649,0.0013885140047289273,2.5317475366124853E-4,0.0038071213318106546],[0.0037744452032253853,4.407315075633468E-4,0.004429866966761602,3.1911593088130406E-5,9.04745837784231E-5,9.459603870761819E-4,0.009474776058947988,1.2841201482099085E-4,7.275840857993261E-4,0.0011909162310995538,0.04043033755221029,0.001547846331136974,1.5674185239618176E-5,1.9734303058172485E-5,0.0018532555271921019,1.8729792491003857E-5,4.75017584414757E-5,4.6143946892315786E-5,0.0016530336304677686,1.9988495481846992E-4,1.2413341631208248E-4,8.251860412427363E-4,9.51843488216393E-4,1.0,1.229692678430186E-5,0.0011942996605200317,1.2773639121533686E-4,0.0014138566102280662,1.3647548107392432E-5,1.817309426573992E-5,2.4153927548454904E-5,0.008126016252673798,1.9666886086743506E-4,0.004037641219459425,4.9570722200600844E-5,1.372650757367482E-5,3.687083043126089E-5,3.3596441842814316E-4,0.001011378348333709,0.0014483858246848156,7.854608461125693E-5,5.814606817069218E-5,9.501278218780254E-4,1.4604347127607286E-5,1.3783277614111354E-5,0.01629041979824263,3.8091274339278906E-5,1.37923852386074E-4,0.059846995561476705,9.522176461271767E-5,0.00970700910790932,6.32819974255588E-5,1.5976233285384954E-5,4.249142277948235E-4],[0.003809274547045082,3.986062730312749E-4,0.0033494114908628634,1.4255622033017192E-4,1.688266746102642E-4,6.758496065688536E-4,0.010157902168467603,1.5072651283560957E-4,5.128658608924246E-5,0.0017083655747789444,0.022442171919997558,3.2271925866667425E-4,4.888111938097792E-5,1.1551465639207092E-5,0.0026998769264853263,1.7508497873344462E-5,1.1903132814253996E-4,5.969312073009431E-4,0.0016668774330449913,2.362178662889665E-5,1.2005614405797793E-4,1.1339556164515375E-4,7.301884413005277E-4,1.229692678430186E-5,1.0,7.08999441756482E-4,1.1940651907426536E-4,7.914736901531649E-4,1.1688325029771202E-5,1.2127794891606302E-5,1.4481979432838048E-5,0.0062497119884134126,6.698012013731546E-5,0.021152110211223974,1.1344117381356823E-5,1.2234404644904239E-5,6.81290292535468E-5,0.001663760291275701,5.248189276762126E-4,9.10115093582196E-4,9.452602001800045E-5,4.231017992140891E-5,1.8679492786522373E-4,1.355488315154224E-5,1.1777120823171134E-5,0.019897371698114435,1.946421065166372E-4,2.8594859560671688E-5,0.058934595871503355,7.434376689014438E-5,0.008841416529706258,1.4845335759599426E-5,1.1320839314277162E-5,0.0022460459270988156],[0.002185838712295109,0.0018453257266690024,0.005783083320293075,5.441193787885119E-4,0.0014665865223219066,0.0014462643500548242,0.00856756667358583,3.8333099764297927E-4,0.0011089286461945687,0.001994622274888968,0.004226414170807774,0.0027827014497164063,6.643059506585784E-4,3.084782968480346E-4,0.0022695827667764796,0.001013665109171401,7.473684086306763E-4,0.0012870394416262128,0.0017615176563141736,8.640610714071658E-4,0.0010284677791357621,0.0012915461705845467,0.0017128000089199182,0.0011942996605200317,7.08999441756482E-4,1.0,0.0012731184175597452,0.001532592171760872,2.0346461605317537E-4,7.301327120910607E-4,7.55068347022166E-4,0.002476181579626663,0.0014342038753932793,0.022276942423821302,2.466658192657024E-4,1.1328485428671532E-4,9.379608175098537E-4,0.0015563468324145914,0.0013310549700864855,0.0030539232910801184,4.128246931569227E-4,7.893880527008095E-4,0.0014923945256911364,2.959403680120526E-4,7.896361557453267E-4,0.0075536125639825615,0.0012388248783915723,0.00144068810142189,0.0518323637906966,1.453106716035358E-4,0.0029399263043329137,2.977546696071628E-4,8.077191777033826E-4,0.003058875287629278],[0.005289097459248592,8.171727892836361E-4,0.004898347676498271,2.446250562854139E-4,2.5551973135807973E-4,6.919858497058155E-4,0.009469830621171405,3.1783384480732924E-4,4.51062120501311E-4,0.0019395657040044989,0.034923116009690544,0.0013744756343769275,3.078437400473084E-4,1.5289572298098783E-4,0.001289667497111673,2.2586845121747378E-4,2.3463231983413072E-4,0.0010300791764032847,0.0018615513792541664,2.4205640527417114E-4,1.6693823268540406E-4,6.291869186765194E-4,0.0022365351256879284,1.2773639121533686E-4,1.1940651907426536E-4,0.0012731184175597452,1.0,5.313848238393635E-4,2.1824788774011807E-4,1.0526953295853962E-4,1.7336545877166804E-4,0.0032268844505804603,3.1969514690762473E-4,0.0230733951762822,2.365574489019703E-4,5.465233262658408E-5,2.2762546696209257E-4,0.001326629327291294,4.1345050073703077E-4,6.956042020996103E-4,2.638513307840137E-4,2.789572283875036E-4,0.0011674851861464771,1.3622435094127967E-4,8.553222602085926E-5,0.01889593115660443,3.2883892436471E-4,2.2444324957191587E-4,0.02618411216473993,1.9097477245445192E-4,0.008379962179613204,2.2382068307850672E-4,2.636950995037336E-4,4.945670993396921E-4],[0.004527592515728514,0.002160784048638776,0.004211403020208539,0.0010796890001981627,7.668546254451115E-4,0.0014719155562606541,0.010572110401177014,5.521773610703656E-4,0.0013151597060143216,0.0016070296909542858,0.006472878994974661,0.00260034311061578,0.0011529482943993985,0.0011768190320370286,0.0036638588452182694,8.950443135599422E-4,6.425116584823483E-4,0.0014330494444708699,0.0020830783035382973,0.0012339596970570752,7.587109396297339E-4,0.0013460345250772925,0.0019182333647084003,0.0014138566102280662,7.914736901531649E-4,0.001532592171760872,5.313848238393635E-4,1.0,3.627330836610465E-4,0.0011850109423169677,6.902264651540468E-4,0.011239346444818835,5.979151112699306E-4,0.02291875370152292,7.179329872771772E-4,5.533231408165993E-4,5.029626753944815E-4,0.00166955893895905,0.001498799319348491,0.0022281225975836396,0.0014823252382218874,0.0011129352058937983,0.001512385904609031,0.0014402513463338444,3.837608897746279E-4,0.005060096143390466,2.822707736168972E-4,0.0015159776747089087,0.002178067975040693,0.0011367960137143897,0.0049809544573857275,8.712530606506417E-4,0.0010400538568780939,0.0019255407783870515],[0.002759456953214576,0.0016316150691952469,0.004905177209795385,2.2056887936690104E-5,1.8850996549761923E-4,7.97437092735423E-4,0.012100953117064732,1.2085986864010935E-4,2.5726028332890096E-4,0.0013894803267000548,0.013062531180595954,0.0012470253034739208,2.899992066044105E-5,2.2322044468971698E-5,0.001814856981492418,1.8604778362695983E-5,1.4250556250417482E-4,8.011365122753907E-4,3.5152513810464083E-4,1.914712778849527E-4,5.579553856029594E-5,6.679372274303648E-4,7.533018825099806E-4,1.3647548107392432E-5,1.1688325029771202E-5,2.0346461605317537E-4,2.1824788774011807E-4,3.627330836610465E-4,1.0,1.4657958624572394E-5,2.6719298180335288E-5,0.009404972337632702,1.9111069830762457E-4,0.014615514425663797,1.3441221696398642E-4,1.3896288105492412E-5,8.425090287396731E-5,0.001510313721933589,3.235254715045327E-4,0.001977100882506872,6.553793418255238E-5,2.048101799852625E-5,6.463120829778918E-4,1.5825804235958854E-5,1.3783754566121701E-5,0.004040387865319916,8.291831699438388E-5,5.5066870568167994E-5,0.007842330561544115,1.279916998249415E-4,0.008914801863023477,1.8270114818325276E-4,1.6736317656045792E-5,0.005838259834797685],[0.002877527238825538,0.0017911031692272642,5.46079434649653E-4,1.0051334627656044E-4,1.0999208884777424E-4,8.970519295055972E-4,0.00788683773036786,3.468297933048288E-5,7.932508149451237E-4,0.0017014865166043154,0.054572584840713124,0.0020552895638937386,1.0411662221438771E-4,3.204264067643692E-5,4.415461708532057E-4,2.1076462634423395E-5,5.116290782397143E-5,3.1181090711308683E-4,9.561926652266858E-4,6.188833411973073E-5,1.1694510402697888E-4,7.374575779037162E-4,8.708828488513139E-4,1.817309426573992E-5,1.2127794891606302E-5,7.301327120910607E-4,1.0526953295853962E-4,0.0011850109423169677,1.4657958624572394E-5,1.0,2.8380880868076813E-5,0.013654789664840862,1.79179421976092E-4,9.508842734851397E-4,2.7011083498202445E-5,2.234768140673822E-5,7.434537333261658E-5,0.0017293163580885766,4.60100123243252E-4,2.6210412298896356E-4,6.994296630451143E-5,4.802985774775662E-5,0.001366639494717835,1.8324816625158435E-5,1.5316794581899294E-5,0.006363566073329686,1.4664222515316393E-4,1.4978290088273906E-4,0.07883207814290429,6.927174822724645E-5,0.004326745700231962,1.3325617012276497E-4,2.3680721108443673E-5,7.920712514471358E-4],[0.0012051609619782445,8.186903976794654E-4,0.003776599562436022,2.147062803331167E-4,1.5593083210304058E-4,3.118048887430687E-4,0.0025846900273134537,1.0750512145422593E-4,2.7216173424175066E-4,4.8765096384033676E-4,0.016332150467910686,0.0017536745892687208,1.2107813663808016E-4,2.9978378663079838E-5,9.529252848587019E-4,2.7047663573533748E-5,6.836684899006471E-5,6.683133395442388E-4,0.0018518511463154399,3.146865475474561E-5,3.557868985541863E-5,3.059495872554305E-4,9.388671569392873E-4,2.4153927548454904E-5,1.4481979432838048E-5,7.55068347022166E-4,1.7336545877166804E-4,6.902264651540468E-4,2.6719298180335288E-5,2.8380880868076813E-5,1.0,0.014766353262017458,3.247324089883802E-5,0.007853791095154862,1.395107220844682E-4,2.2016429427442438E-5,8.027181490606342E-5,0.0017217333155090568,0.0010181356732697315,0.001191637202597751,3.846833066900823E-5,6.80497916698307E-5,4.5637087400612886E-4,1.7968437096051056E-5,2.57155967999632E-5,0.005351592861182175,1.0328705683769044E-4,1.1222250253981068E-4,0.06236605085770038,1.0988378152811003E-4,0.008485315630105733,1.4641957906193383E-4,2.9006373228173512E-5,0.0063274877721525525],[0.008755673687127331,0.00884204411223153,0.013688339752483372,0.006308758462965522,0.0026312866060360087,0.013676535692071475,0.01592409732158146,0.01325917590913585,0.012451405522881244,0.014412440773525907,0.04752086673908558,0.012938438872465041,0.010194222625429704,0.014260030441811495,0.008319790252455751,0.011496462430906644,0.010390907092576807,0.009773398819954265,0.013001520700360935,0.004288546995859763,0.00950250155820689,0.01215920687665132,0.007334112223290276,0.008126016252673798,0.0062497119884134126,0.002476181579626663,0.0032268844505804603,0.011239346444818835,0.009404972337632702,0.013654789664840862,0.014766353262017458,1.0,0.009149627867290722,0.02064350142508298,0.010702792130164805,0.011532386964612297,0.010290158722624279,0.003014511683454351,0.006606548863528046,0.01129520973306782,0.01307767915977824,0.01395065247422899,0.006328957336857249,0.0050022917568797,0.0071869910351567284,0.017822598007701414,0.013435018776418445,0.005725273883459404,0.038223400917768234,0.00828596452836551,0.011639982741939526,0.014416293154644292,0.004900993059677752,0.010371331544333055],[0.003404881582654784,0.001147461441832215,0.0010451326989714504,2.2985083402027814E-4,2.05199983572516E-4,4.8687002187630966E-4,0.009074094735788787,2.0926047651435416E-4,6.925628852059246E-4,0.0012011555101369522,0.0013355644656504228,5.003049051376014E-4,2.1178414566912305E-4,1.5908695549475606E-4,0.0017450232145099752,2.0073318474109339E-4,1.882373057448642E-4,9.153742004638203E-4,0.0018837791739284928,2.3134483957989484E-4,1.475411550766474E-4,9.393155172304709E-4,6.921594613981013E-4,1.9666886086743506E-4,6.698012013731546E-5,0.0014342038753932793,3.1969514690762473E-4,5.979151112699306E-4,1.9111069830762457E-4,1.79179421976092E-4,3.247324089883802E-5,0.009149627867290722,1.0,0.0019244357553178588,2.049317596621606E-4,6.0349555850821684E-5,1.640154049531125E-4,0.0015026291280114089,6.469213105329652E-4,0.001968656135637103,1.5433181563415376E-4,2.1257249031638605E-4,0.0012954698308642251,7.398806751290286E-5,1.9893020531928376E-4,0.004237033684579138,2.1425879839316286E-4,1.7131214894982019E-4,0.011771764935483648,1.8077249820221E-4,0.007175722877642928,2.1145350563868306E-4,5.784590827644319E-5,0.004601874582028141],[0.023002260556478103,0.009416779592984585,0.02151931127003439,0.021018432933504368,0.012386212092858898,0.019565378640786786,0.021457841072805312,0.001307230481716001,0.016677911959506783,0.017059282009338712,0.042751303399305184,0.006976383769666429,0.001562134543171811,0.018791738307787006,0.005207321167024373,0.007088968677408628,0.015988792679508926,0.009970194575184235,0.014038055648102937,0.008361574750523123,0.01176236870704292,0.022062913187196696,0.016691609497034753,0.004037641219459425,0.021152110211223974,0.022276942423821302,0.0230733951762822,0.02291875370152292,0.014615514425663797,9.508842734851397E-4,0.007853791095154862,0.02064350142508298,0.0019244357553178588,1.0,0.006017698063428801,0.0022957840779280103,0.002335487922335143,0.022223708500588617,0.006306798816997998,0.023409677312711666,0.008217129866473669,0.007880533783083413,0.005945943140850497,0.02373195052466421,0.015327184305553437,0.021981147546342346,0.001099677030480203,0.023770612836747407,0.02768158911474924,0.022516201276132266,0.02086120066003456,0.023438635285997638,0.017028093381007126,0.007724187679026907],[0.0053421705755451205,0.0011097742218070502,0.00680729432540808,2.167475793232783E-4,1.9869865720280555E-4,3.714116085213496E-4,0.010282679782244123,1.7119696561069246E-4,1.651265562194634E-4,0.0014505291857868576,0.0465405198567253,0.0019958866928941037,2.1056577402391534E-4,3.776371430842758E-5,0.003415107220723962,5.074587598965554E-5,1.6470940494444752E-4,8.055656806224025E-4,3.084088919004098E-4,2.3101877835906366E-4,1.428637648344458E-4,9.833099118228992E-4,0.0015123183898630484,4.9570722200600844E-5,1.1344117381356823E-5,2.466658192657024E-4,2.365574489019703E-4,7.179329872771772E-4,1.3441221696398642E-4,2.7011083498202445E-5,1.395107220844682E-4,0.010702792130164805,2.049317596621606E-4,0.006017698063428801,1.0,1.1216310128857555E-4,1.371350900654521E-4,0.0014432251448759674,7.326572333777276E-4,0.0024160604909799046,1.3800624798851398E-4,1.3766238914559873E-4,3.827879181297171E-4,1.262033671545117E-4,8.827433367378422E-5,0.009298984576964847,1.7131387044588953E-4,1.606068129037178E-4,0.038242571387706314,1.4071598202894349E-4,0.002190888041265257,1.7573393080059954E-4,1.2557401560479392E-4,0.005160585738568205],[5.045933134356668E-5,0.0011018749659246609,0.005808418422423534,2.2093810592723948E-4,1.9976921346235587E-4,1.393575846121751E-4,0.010532537567794842,9.405802130913195E-5,7.626895142642255E-4,0.0014638617335798485,0.05212506215363514,0.0016260376430669561,1.8090955554740635E-4,3.36043461571