[[1.0,1.0177929969589935E-4,0.003539531740436901,0.0012749077171073898,0.008858819683721875,8.073400634745546E-5,3.605563145324111E-4,0.0025347707974898237,2.1736175903096306E-4,0.0011227501490894275,6.610837446022826E-4,3.4544172006678066E-4,5.66212222161913E-4,1.2231648094692738E-4,4.2540030549750795E-5,3.527936118996508E-4,6.395345529238393E-4,0.001005847835261652,1.792404197675095E-4,0.010893941164702247,3.0094917802185882E-5,1.4166950055807524E-4,0.006784358466441362,4.008474589694184E-4,0.0056550629713557335,9.206004314168301E-4,1.875791263818268E-5,1.810625404464943E-4,2.688198290150173E-4,1.9062003396132178E-4,1.2418937008454046E-4,5.613574680389437E-5,0.0010557335542518888,2.435212011404434E-4,0.0046183171290493956,1.8346321888130086E-4,1.49259829320435E-4,6.319671450864055E-5,1.2426928486993186E-4,1.2719841606872415E-4,0.006335980953530839,1.2113115400263804E-4,1.3814280256535633E-4,4.442727242108039E-5,1.3843161311083234E-4,0.002044497801841235,0.0014451356445336976,1.3313381331774541E-4,0.008784959878378885,1.3223709262716917E-4,0.0011963621703807816,1.0915415191042576E-4,2.3941565467925117E-4,0.0035561702366729443,0.006063852249995922,2.942633963964494E-4,2.0645176420552717E-4],[1.0177929969589935E-4,1.0,0.004112855609601401,0.0015264457167755978,0.008027697148591204,3.0677669114566635E-5,9.812859663783197E-5,0.0025613578751486447,1.3044825845867858E-4,6.028773015025681E-4,0.001091730090133143,2.776285341212772E-4,9.79048403567658E-4,3.552896005203164E-5,5.5201828812774666E-5,5.842846651149714E-4,7.373021017033551E-4,3.128728435577424E-4,1.499116358720488E-4,0.0029293375459548228,2.9387375184614755E-5,9.708286480424492E-5,0.009202039196505689,0.00393576111802566,0.004885256685514558,4.134664566588912E-4,1.5920222050623162E-5,1.5324681946770133E-4,3.155453746029263E-4,3.4349250409864627E-4,3.367223791477986E-5,2.8509848570973086E-5,0.0021513204390584224,1.4635041221855636E-4,0.014673473892295865,1.8186951916376775E-4,1.1897864005466026E-4,5.9838129493196567E-5,6.162277841884883E-5,7.42933265105226E-5,0.019805680679485578,1.0140976947886081E-4,7.92052455291671E-5,5.101403781918527E-5,6.30456341565242E-5,0.0015509887414145648,2.944108740280233E-4,9.077128431034902E-5,0.014017750577270727,1.4634586901484035E-4,8.53135036184804E-4,8.221727682131911E-5,2.990722514215624E-4,0.0031919287680689024,0.003107216405179156,0.0021849137246547547,3.777272215217697E-4],[0.003539531740436901,0.004112855609601401,1.0,0.0045144209070608204,0.007984139774080141,0.004855573959739325,0.003051527641517661,0.003981054854124548,0.005349816707803977,0.00578053843447103,0.006376459389175247,0.0014549400848374128,0.0021831637626331443,0.0023278376504665254,0.0030854882111179143,0.0017166045273890982,0.0033708580381264664,0.003405002125321852,3.118220676763916E-4,0.014042843701516664,0.005407980991293816,0.0036812929579278218,0.008088149156034894,0.007070027277657612,0.007090234473372587,0.0017134155563188584,0.0030127642205706466,0.002371578063978354,0.004251618259857084,0.005677794788637669,0.004038583230098444,0.00628427512818454,0.005168530459055991,0.0037222524411827333,0.01792609620526184,9.623257607369545E-4,0.0012452700549564566,0.005515261581944295,0.005327889623687202,0.0031131464105546252,0.019531191331186838,0.00570879214176327,0.0023573468746443792,0.002327837659764657,0.00259431689439092,0.004252335950400346,0.005585234465095462,0.0018189167132048717,0.00792964512675158,0.004690834648749666,0.005349862857901301,0.0014869502328646307,0.0020366149933698898,0.012232907533066089,0.006592577030947365,0.004792052881881009,7.730727510634027E-4],[0.0012749077171073898,0.0015264457167755978,0.0045144209070608204,1.0,0.011155186425972697,3.8481141180174384E-4,0.001590485514340591,0.0024376420665721005,7.998460164768157E-4,0.001654366201338328,0.001512345520938288,0.0011642861565391988,0.0012459669893419936,0.001021174360855788,0.0015169994506541004,0.0012336800867793793,0.0013352999621286108,0.001286870995260344,3.0085494918453124E-4,0.01435043983423254,0.0013364395295193984,8.720953721199725E-4,0.00340873914035614,0.0018918678866313363,0.012931138962024736,0.0011357659352859023,6.569785542937064E-5,0.001105412616440273,0.001121228628341399,5.517070339158488E-4,0.0012557892206894422,0.0011449479344021725,0.001648964434947975,0.0015342558438686074,0.005354532919512224,4.020604272739763E-4,0.001335594899787288,0.001269161701791171,0.0011648163678784902,4.008137915149483E-4,0.00785296438233747,6.80673733177653E-4,4.0677246051055315E-4,8.272307770802316E-4,8.669833481774243E-4,0.0021183765232115257,0.0016617999112454257,6.401722248198585E-4,0.006581450331760609,9.06468022879966E-4,0.001485784910615826,8.229502004701542E-4,0.0015004022462171266,0.011080005575379139,0.002409033678119828,0.002199514029145615,0.0011853447027661956],[0.008858819683721875,0.008027697148591204,0.007984139774080141,0.011155186425972697,1.0,0.009497615285836914,0.006489349065971244,0.006341404890212439,0.01423329850890752,0.011853305523190999,0.013613367504326719,0.003478782517457633,0.008462370929381131,0.015147787819573306,0.015149602756961218,0.012862333533300284,0.008429310611701941,0.008065983902063853,0.014236492380978781,0.015193760793630625,0.0014749136257873332,0.011852276739069105,0.011722873302487224,0.016155095913778016,0.015115212644370907,0.014492212912276604,0.007006786006959697,0.008586147355769286,0.01121005494892138,0.009720136099562994,0.012299554919935647,0.0018836318129208122,0.013442036116208433,0.004461421321042442,0.016184182284495103,0.006204185251759234,0.0024786921127413707,0.00863881746954015,9.223214275549654E-4,0.0066306602229136095,0.017488367738912856,0.012689062496516322,0.015513769188715583,0.00198050331780442,0.005071459059879183,0.010234327572068073,0.01291311768846274,0.007914189519203989,0.014136793819903749,0.0014094667770646015,0.0037055404663924366,0.012565305054340501,0.010073974954208182,0.013597544795323649,0.008766457188238597,0.012663483965581193,0.011381840398156824],[8.073400634745546E-5,3.0677669114566635E-5,0.004855573959739325,3.8481141180174384E-4,0.009497615285836914,1.0,7.795663556349611E-4,0.0025408337390121754,1.0747302699761673E-4,5.913894286633132E-4,2.4224932467842221E-4,5.603161622226454E-4,9.028322004063106E-4,2.448947271742139E-5,2.6384676603607583E-5,9.088896853923838E-4,3.1599619187339817E-4,4.3947997826097196E-4,1.7433544495279267E-4,0.013828028817151066,2.5912698929731083E-5,1.9193838269873891E-4,3.2066793016483324E-4,0.014203017661055613,0.0034048128717240416,8.493674486323653E-4,1.1094336749861627E-5,1.4074674843503267E-4,2.570962837011381E-4,3.4410454475935625E-4,2.5176058086631253E-5,2.6569324467877834E-5,0.0018355261110286553,2.0693816359436737E-4,0.0027746424346542795,2.505421470204381E-4,5.508580327791121E-5,2.692190242513389E-5,8.49774964268299E-5,7.358765385428068E-5,0.004123334939958191,9.766668588623772E-5,1.3326335545526218E-4,2.8267270413657055E-5,1.2555009387561203E-4,0.0014726424687693596,2.928376305213455E-4,5.587678592449763E-5,2.89173501262226E-4,8.789469238279844E-5,2.8729812231934705E-4,8.350183873400499E-5,6.860917301311747E-4,0.009386749583294092,2.422568267165086E-4,6.58902291525265E-4,1.9948866016373742E-4],[3.605563145324111E-4,9.812859663783197E-5,0.003051527641517661,0.001590485514340591,0.006489349065971244,7.795663556349611E-4,1.0,0.0017707351340379245,9.88844735010939E-4,0.0016534402096578542,0.001505488867892049,0.001479884203133212,0.0011847500230346391,0.0014489259324765441,4.0180624611152775E-4,0.0016265822967823172,0.0011486565961398617,0.0014949022232606957,0.0016422080348986214,0.004295471456778799,0.0010574051234791895,0.0010950659062744714,0.009154066656810587,0.006442568982688466,0.0025399973081624942,0.0012775182233258377,4.5994050545973997E-4,0.0015233892779324856,5.881709407325785E-4,0.0013424453208399165,8.460411462861249E-4,0.001523109768315918,0.003203582148647203,0.0016365041791134125,0.017391057171638802,0.0016234694129845717,8.992624306024375E-4,5.471053747367153E-4,6.756973285037278E-4,0.0013540879575614415,0.0039209116957394825,0.0013395426299422893,6.138738942370371E-4,6.89355027379603E-5,0.0014389039377045328,0.0018357795838426258,0.0016936717469168312,0.0014063947330481426,0.01218123290969442,0.001194485839533614,0.0014122789330654366,7.6342515154847E-4,0.0014460178086056225,0.0027910209515198264,0.006061177710696758,0.0019467039959247176,0.0010005104743236097],[0.0025347707974898237,0.0025613578751486447,0.003981054854124548,0.0024376420665721005,0.006341404890212439,0.0025408337390121754,0.0017707351340379245,1.0,0.0018982377974219034,0.0026160834427171793,0.002582242751946297,0.0019687050515129643,0.0015962758818370533,4.488464600360471E-4,0.0013863970985945975,0.00242913193046856,0.0025900106776444586,0.002303979749612729,0.0015667158309294158,0.006771508483562551,0.0010330797842882957,4.966722981981779E-4,0.008841273674766852,0.006439760448869749,0.012704824428377342,0.0013984885658182263,0.0027498275436522346,0.0019456571331515344,0.0014005984846594492,0.0022469881493245576,5.324175727022959E-4,0.0027606234082684206,0.0028954559287609977,0.0021595801746876107,0.007233812871579132,0.0015827462978725052,4.2347141546365667E-4,0.0011153423138881356,0.0018925940066913218,0.0011542947673498021,0.017346453831573648,4.0096751714143163E-4,0.0021768804052634846,0.0013060234572638896,0.0014025524160004087,0.0024197304913814023,0.0018962181738467138,0.0018006047185318286,0.006647178339426223,0.0025887588430496826,0.0017018181428611217,5.593093226644371E-4,0.0013825982473465216,0.005936697776725764,0.006492828526582671,0.0023368615330237375,0.0012089263552599845],[2.1736175903096306E-4,1.3044825845867858E-4,0.005349816707803977,7.998460164768157E-4,0.01423329850890752,1.0747302699761673E-4,9.88844735010939E-4,0.0018982377974219034,1.0,7.887650663906698E-4,0.001435153961277838,4.005433098604955E-4,8.345427609767009E-4,1.8637331175551023E-4,2.910917664924396E-4,7.514584229029618E-4,4.505207299130367E-4,5.329238086156235E-4,2.9998932882066635E-4,0.0016785960868143384,2.992113158491896E-4,2.929961475787336E-4,0.009264401351239546,0.006381916445472625,0.001448900718283562,0.0010986996121621464,1.7530684055486594E-4,2.464156292694949E-4,4.765446135452802E-4,3.544512517104956E-4,2.1398686906912794E-4,4.6720239030175786E-5,8.814810829955053E-4,8.91808142994667E-4,0.0029723320207972505,3.4316418414691367E-4,2.588391665928394E-4,1.334965033023769E-4,1.9485497665214073E-4,2.3516484309829528E-4,4.131446189226085E-4,1.887299547560101E-4,1.8544533255083874E-4,1.073284368750804E-4,1.9256780120229888E-4,8.582423124519269E-4,0.001703825386923059,3.055708706160735E-4,0.007707083294165172,2.143871965224932E-4,9.910163881026064E-4,2.1661066000505847E-4,7.571764301550464E-4,0.009288102165179822,0.0011766148258342336,7.824763002526865E-4,3.693234084485091E-4],[0.0011227501490894275,6.028773015025681E-4,0.00578053843447103,0.001654366201338328,0.011853305523190999,5.913894286633132E-4,0.0016534402096578542,0.0026160834427171793,7.887650663906698E-4,1.0,0.0015205277874245466,0.0012959166966722622,0.0013392821246809338,3.406149111159495E-4,6.014107393648695E-4,0.001375889084177823,0.0012484498604919422,0.0011788509385083018,2.3588576703352453E-4,0.013005249784899168,0.0014115832125522036,0.0016276368941760021,0.009026800187350529,0.002376519154682152,0.011856092978996712,0.0012051440685228619,0.0013176889887068315,6.908687304916875E-4,0.0011572496878709385,0.0015630872247417858,3.3386452559429575E-4,3.5128468531021303E-4,0.0021436873406943295,0.0016265012528571988,0.0028750851110641166,7.831045089670128E-4,2.386525802422902E-4,7.09223624412474E-4,0.0015907747455701073,0.001300685477190803,0.017796277577072053,0.0010507231392844877,5.701920911654033E-4,0.0012623600370873888,5.482306022232784E-4,0.0019131997915354953,0.0017121173760665017,0.0010166533381558616,0.006905379353575576,2.46505016899021E-4,0.0012930390218444188,9.551529170558275E-4,0.0013624392757239673,0.00568740562761588,0.0033194342903629147,0.0018199316428191045,4.2901139132324397E-4],[6.610837446022826E-4,0.001091730090133143,0.006376459389175247,0.001512345520938288,0.013613367504326719,2.4224932467842221E-4,0.001505488867892049,0.002582242751946297,0.001435153961277838,0.0015205277874245466,1.0,0.001458644544832394,0.001479662822518111,5.244405907574561E-4,4.0914734932094235E-4,0.001481284036816015,0.001189867913421063,0.0011768654085069843,0.0010979114050635465,0.012335826543869884,3.862483871947925E-4,3.5672935695910785E-4,0.009048214630999817,0.016686306579662656,0.01260411996571478,0.001373754533306956,6.121974721166525E-4,5.643631465400952E-4,0.0014051258582346924,4.6463234949753023E-4,0.0014458015394455894,0.0010232949391301774,0.0016534189938181261,0.0015097020156983317,0.014924133084223638,0.0010004697431362747,6.345405180950975E-4,4.1820609559670515E-4,8.953323868639833E-4,1.8927778186941487E-4,0.011612049912134513,8.148989237733253E-4,3.0300053766303637E-4,2.934047689294401E-4,7.572739797062738E-4,0.0018361059384638422,0.0016996200174317303,0.0014296673040530687,0.006129396954198135,0.0011848445497402527,0.0012796691366882382,0.0011417559525772375,0.0013573188784748447,0.012590370865354994,0.0018718433331632197,0.0017762060641728801,0.0011661430067792058],[3.4544172006678066E-4,2.776285341212772E-4,0.0014549400848374128,0.0011642861565391988,0.003478782517457633,5.603161622226454E-4,0.001479884203133212,0.0019687050515129643,4.005433098604955E-4,0.0012959166966722622,0.001458644544832394,1.0,0.0010571955411915065,4.239885240017825E-4,8.503777840983346E-4,0.0010433742555131284,0.0010458474220273791,0.0010816759455256476,5.483188551700211E-4,0.014910691885696326,8.227730451424194E-4,4.1891390892982315E-4,0.005816342445793234,0.011450774454499853,0.009575019343842292,0.0010668073674337513,7.442594576620337E-4,4.3705774318838873E-4,0.0010279005005658596,3.9571378177833934E-4,3.763668988411776E-5,4.3634336526408293E-4,0.0014566148109473758,0.0014183293295780696,0.010633410127191384,5.632947122127592E-4,8.645822366146769E-4,1.851800364106716E-4,8.219168580582785E-4,7.777683618922396E-4,0.019988412015469366,3.182838604507487E-4,2.4956012700227335E-4,8.435279793950045E-4,1.483482759866939E-4,0.001997087186918821,0.0013100039537906818,8.060006263841777E-4,0.007599893399485057,9.70307054971088E-4,0.0010402559498036844,1.9671200195856182E-4,0.0010437661062191721,0.00975569366980862,0.004957679550695501,0.0010811116630207239,6.374902414264809E-4],[5.66212222161913E-4,9.79048403567658E-4,0.0021831637626331443,0.0012459669893419936,0.008462370929381131,9.028322004063106E-4,0.0011847500230346391,0.0015962758818370533,8.345427609767009E-4,0.0013392821246809338,0.001479662822518111,0.0010571955411915065,1.0,2.3761395606513723E-4,3.835311769750235E-4,0.001114583040449265,0.0011427245653422167,0.001141552511415525,2.2995967290831318E-4,0.009902914512747987,0.0010031645807224187,9.260759139052353E-4,0.0046287001773974165,0.011957588134790155,0.006305699179355112,0.0011362813747012226,9.512438425654223E-4,2.9956803586794745E-4,9.122642492727384E-4,0.0010684248206891092,1.6226125339616605E-4,3.5857070137019836E-4,0.0020516286112151044,0.0014098687586792094,0.010848802770744629,0.0011203721383288437,6.507028847693692E-4,8.292592430806114E-4,4.6481710988201594E-4,5.610100440189298E-4,0.010463337149186333,8.143286309350106E-4,8.514252676744235E-4,7.174881642409717E-5,9.744321697914176E-4,0.0015198653124808238,0.0013322167551471002,4.437671899425234E-4,0.011184389923510356,0.0010236777726028384,0.0011627560912048328,2.7887624795237755E-4,0.0011159781320040094,0.012623341990656248,0.003590849022730983,0.0016247440718200434,0.0011212515095226092],[1.2231648094692738E-4,3.552896005203164E-5,0.0023278376504665254,0.001021174360855788,0.015147787819573306,2.448947271742139E-5,0.0014489259324765441,4.488464600360471E-4,1.8637331175551023E-4,3.406149111159495E-4,5.244405907574561E-4,4.239885240017825E-4,2.3761395606513723E-4,1.0,1.7778244099504002E-5,5.011853665605763E-4,4.9590045783524607E-5,1.9489754409802545E-4,7.451889199905522E-5,0.00911636222694348,1.6819412814309662E-5,1.6581720627326053E-4,0.00307592022760393,0.003094480537252302,0.00987948637300179,8.947003392942137E-5,1.5336109261746457E-5,9.761773246221394E-5,2.8767922846830845E-4,2.7829618113370166E-4,1.9959950376030965E-5,1.7975817394266154E-5,9.973038738199645E-4,5.170180544762469E-4,0.01759538005432409,3.4996349673278134E-5,6.574395429827229E-5,1.578339607209286E-5,4.065132551344324E-5,1.231238716175383E-4,0.0030476944095387333,1.812871093085403E-5,5.725043306044564E-5,2.3650026277438E-5,2.8801555481251228E-5,9.440272279507269E-4,0.001225559196575824,1.1800466568620865E-4,0.008491087054440592,8.628669641782477E-5,0.0012104826026546505,6.156341629718931E-5,7.373160518735631E-4,0.004930085552133318,0.00300111334565102,0.001255897581432105,3.3662497876021474E-4],[4.2540030549750795E-5,5.5201828812774666E-5,0.0030854882111179143,0.0015169994506541004,0.015149602756961218,2.6384676603607583E-5,4.0180624611152775E-4,0.0013863970985945975,2.910917664924396E-4,6.014107393648695E-4,4.0914734932094235E-4,8.503777840983346E-4,3.835311769750235E-4,1.7778244099504002E-5,1.0,9.672169493087646E-4,0.001089432696347483,9.622129886321354E-4,2.667929219238489E-5,6.657541462415419E-4,2.0514558025005006E-5,2.814242262175094E-5,0.004165135467235946,0.011428415848093692,0.0020196798982309726,6.825190748852055E-4,1.6858048305524132E-5,1.914956197685009E-4,2.6722152973883347E-4,3.402873582996243E-5,2.3617479269084222E-5,2.0203188445378554E-5,0.0024484586129103923,6.01383674249719E-4,0.015452236243728965,1.811854729461476E-4,3.712904800207073E-5,2.4416822878205433E-5,4.22640950641577E-5,3.167465739911385E-5,0.006603983952691614,6.676040393360444E-5,7.705274615497402E-5,2.121709378311997E-5,8.789012602869669E-5,0.0017641158210502624,0.0015716420968590029,4.546861652933192E-5,0.005554709759119644,1.3769304918792512E-4,2.134409350671987E-5,5.159758949064526E-5,8.136580250224416E-4,0.0018039146609294592,0.0027855027305303064,0.0021105896126186424,3.1128485636828005E-4],[3.527936118996508E-4,5.842846651149714E-4,0.0017166045273890982,0.0012336800867793793,0.012862333533300284,9.088896853923838E-4,0.0016265822967823172,0.00242913193046856,7.514584229029618E-4,0.001375889084177823,0.001481284036816015,0.0010433742555131284,0.001114583040449265,5.011853665605763E-4,9.672169493087646E-4,1.0,0.0011299193832098207,0.001134452572610285,4.792098487533054E-4,0.004897528026382506,4.971748750736255E-4,6.040363517963812E-4,0.0027878896968000786,0.014042758134466626,0.010797479908069544,0.0011125594634779283,6.81105117623379E-4,0.0011088903668650713,6.615989977118311E-4,0.0010115597263810954,0.001000430267608799,4.099972204309345E-5,0.0028582542501490397,0.001261089313136321,0.016768761974247117,0.001035262053175764,5.856907875911113E-4,0.0010241147405197467,3.1073569680986537E-4,3.583203888374275E-4,0.014668290166022372,7.708038486511414E-4,4.1957249355452234E-4,9.794098358104433E-4,7.885209096168327E-4,0.0011892317918294373,0.0014509863537822939,1.7759729460640133E-4,0.00827021253951586,5.890447436309459E-4,0.0011850235404812818,8.947405095924164E-4,0.0011057811817172586,0.009225640836641628,0.0011467935736319248,0.0012486791283113862,0.0010848320028311025],[6.395345529238393E-4,7.373021017033551E-4,0.0033708580381264664,0.0013352999621286108,0.008429310611701941,3.1599619187339817E-4,0.0011486565961398617,0.0025900106776444586,4.505207299130367E-4,0.0012484498604919422,0.001189867913421063,0.0010458474220273791,0.0011427245653422167,4.9590045783524607E-5,0.001089432696347483,0.0011299193832098207,1.0,0.001142010130156674,6.491337842585186E-4,0.008272773738644705,7.524021861709145E-4,6.265434329152195E-4,0.002234986953301529,0.006170903688446458,0.009905121327808075,0.0011210051941507623,2.7252291463730576E-4,5.485309451580752E-4,6.887359436233772E-4,0.0010825288289095403,6.343582127907402E-4,5.93505044334152E-4,0.0018600550550715465,0.0011792459288719834,0.006458652637545376,5.80850900037114E-4,3.98900860321988E-4,8.950416196761064E-4,0.0011164209414286667,3.5082695781190736E-4,0.005316336570469605,4.1861901094440083E-4,1.4699932411796904E-4,8.473068446237441E-4,2.1430389848395005E-4,0.001690753419751335,0.0013617025000146408,3.438640810758835E-4,0.005245277757751422,1.749404813607594E-4,0.001198205409512604,0.001088858213018666,0.0010935166838636674,0.011568797665951975,0.005290644605737138,0.0016471247217443108,5.653028017726593E-4],[0.001005847835261652,3.128728435577424E-4,0.003405002125321852,0.001286870995260344,0.008065983902063853,4.3947997826097196E-4,0.0014949022232606957,0.002303979749612729,5.329238086156235E-4,0.0011788509385083018,0.0011768654085069843,0.0010816759455256476,0.001141552511415525,1.9489754409802545E-4,9.622129886321354E-4,0.001134452572610285,0.001142010130156674,1.0,5.331298481831837E-4,0.013118656767030917,3.319599354306418E-4,4.5447671447574126E-4,0.008823921682550872,0.018009947064333065,0.007377940048054895,0.0011364352083997906,9.86196229708415E-4,9.128322391619367E-4,9.862474492585188E-4,6.79438854915722E-4,2.2775570118250028E-4,2.211960903447998E-4,0.002119259456908979,0.0012904931318858544,0.004576414843202821,4.2647126193077914E-4,7.679614413601788E-4,5.780587156984082E-4,9.039950296781585E-4,0.001083139629480483,0.018402306376944372,7.055649720741561E-4,9.127558996802068E-4,7.180773624880598E-4,5.085881411504325E-4,0.0015088079854622693,0.0013462645735204213,7.856841170947111E-4,0.0130101971473593,7.928957195468688E-4,0.0011935176348125953,7.387807091748873E-4,0.0011093089032392942,0.008010697439117927,0.0039050786332250668,0.0015517688884707933,6.088476647977622E-4],[1.792404197675095E-4,1.499116358720488E-4,3.118220676763916E-4,3.0085494918453124E-4,0.014236492380978781,1.7433544495279267E-4,0.0016422080348986214,0.0015667158309294158,2.9998932882066635E-4,2.3588576703352453E-4,0.0010979114050635465,5.483188551700211E-4,2.2995967290831318E-4,7.451889199905522E-5,2.667929219238489E-5,4.792098487533054E-4,6.491337842585186E-4,5.331298481831837E-4,1.0,0.012536472468070922,1.7587045620972392E-4,1.958345466706224E-4,0.0030528016908174757,0.0028895693049626847,0.011585654128819544,5.394639598196769E-4,1.1946566247761363E-4,2.113604660381556E-4,4.921984632296374E-4,2.7306029188382954E-4,1.7734780082893583E-4,7.741262379113857E-5,5.593045606239958E-4,0.0011941611948047674,0.008669678200117437,2.978413942181953E-4,1.75364158608347E-4,1.2136262707813648E-4,1.2929828732109513E-4,1.5196733365292062E-4,0.0017554378467545943,1.4828208877993302E-4,1.4653327785430287E-4,1.7317151833779197E-4,1.574194568017205E-4,0.0017595178395139431,7.982944051114551E-4,1.6742852870374806E-4,0.006726015610320935,1.5425840690424264E-4,3.495618163404247E-4,1.7577415946852596E-4,0.0010097962926235318,0.012458809470832746,0.0024341429480629648,0.0011846133813759492,2.7439378461515925E-4],[0.010893941164702247,0.0029293375459548228,0.014042843701516664,0.01435043983423254,0.015193760793630625,0.013828028817151066,0.004295471456778799,0.006771508483562551,0.0016785960868143384,0.013005249784899168,0.012335826543869884,0.014910691885696326,0.009902914512747987,0.00911636222694348,6.657541462415419E-4,0.004897528026382506,0.008272773738644705,0.013118656767030917,0.012536472468070922,1.0,0.007396210949186759,0.009398948796624583,0.012507851777389563,0.016133452832472625,0.014852326104688387,0.012835403924331554,0.0012052482776458537,0.012922911573318522,0.00689219745553051,0.0019012034907113355,0.0021800591153658564,0.007578334045410062,0.007738636296270876,0.005508084747795159,0.017959923682147945,0.010270960493156652,0.008566275134835889,0.014884071291870556,0.013074369712016108,0.0020878486301095654,0.018428372819420096,0.0027132254966593626,0.007241013374507472,0.003496384790338571,0.01157219897452199,0.012710895737663765,0.012741635480822296,0.007752323897446401,0.014193143154992328,0.014028376903661465,0.007960758738388087,0.006793709177462795,0.010013766855239229,0.014736214140182637,0.012898295116530168,0.005956765019195824,0.00934827710263042],[3.0094917802185882E-5,2.9387375184614755E-5,0.005407980991293816,0.0013364395295193984,0.0014749136257873332,2.5912698929731083E-5,0.0010574051234791895,0.0010330797842882957,2.992113158491896E-4,0.0014115832125522036,3.862483871947925E-4,8.227730451424194E-4,0.0010031645807224187,1.6819412814309662E-5,2.0514558025005006E-5,4.971748750736255E-4,7.524021861709145E-4,3.319599354306418E-4,1.7587045620972392E-4,0.007396210949186759,1.0,1.3262023179332798E-4,0.0043427826081071826,0.009704456657729997,0.012114410451198022,2.7114937377778204E-4,1.4358888014133906E-5,1.5738307391888125E-4,4.1194128506815683E-4,1.3123212005034004E-4,2.0159687707345753E-5,1.9141564372740838E-5,3.10168942175956E-4,8.787400979550397E-4,0.013662718434791618,2.6750128650178997E-4,1.5545794128215428E-4,1.9737280385337958E-5,5.9576787094439145E-5,5.7390014675420395E-5,0.0015657351635218826,5.317563709095023E-5,5.318363697871796E-5,1.8880384378108646E-5,1.1048362828961679E-4,0.0020127136792972874,6.381532047198376E-4,4.749509743937116E-5,3.5987642880843426E-4,1.3059637364050322E-4,9.030359868639737E-4,4.374626362425429E-5,7.608204172109776E-4,9.890225773414453E-4,0.00370262689486366,0.0022056587376446664,1.5798266489196633E-4],[1.4166950055807524E-4,9.708286480424492E-5,0.0036812929579278218,8.720953721199725E-4,0.011852276739069105,1.9193838269873891E-4,0.0010950659062744714,4.966722981981779E-4,2.929961475787336E-4,0.0016276368941760021,3.5672935695910785E-4,4.1891390892982315E-4,9.260759139052353E-4,1.6581720627326053E-4,2.814242262175094E-5,6.040363517963812E-4,6.265434329152195E-4,4.5447671447574126E-4,1.958345466706224E-4,0.009398948796624583,1.3262023179332798E-4,1.0,0.006312882614934129,0.016959950738075907,0.009839702838000815,5.035242895551587E-4,6.789510728318776E-5,2.0805483614663413E-4,2.4986936690932833E-4,2.7441083744008895E-4,1.7087028746846897E-4,2.644389775167884E-5,0.0029016689297710215,2.6944426200660725E-4,0.0025131008126922896,2.489771405642004E-4,1.872315407746616E-4,1.7895738723873277E-4,1.8310542283291308E-4,1.8070017633736493E-4,0.010240884290393422,1.9221393293674722E-4,1.4347275854850405E-4,1.9017209074124157E-4,1.5909232243805572E-4,0.0021073519544049014,0.0011716235448424542,1.8066947442173101E-4,2.1142137256420965E-4,1.9087193350383652E-4,6.732298091382425E-4,1.793154186494622E-4,8.549023415008615E-4,0.0023680804763656174,0.0056081532572341275,0.0016482616929745376,1.97869142215189E-4],[0.006784358466441362,0.009202039196505689,0.008088149156034894,0.00340873914035614,0.011722873302487224,3.2066793016483324E-4,0.009154066656810587,0.008841273674766852,0.009264401351239546,0.009026800187350529,0.009048214630999817,0.005816342445793234,0.0046287001773974165,0.00307592022760393,0.004165135467235946,0.0027878896968000786,0.002234986953301529,0.008823921682550872,0.0030528016908174757,0.012507851777389563,0.0043427826081071826,0.006312882614934129,1.0,0.011680501806807944,0.011718920732164632,0.010206949322327416,0.007440541870394598,0.0033384174299250836,0.009140562721646412,0.00858125486505179,0.005130166505277471,0.0037931137287133656,0.00355420629792141,0.009817270063907133,0.013610120244182674,0.009945517769391728,0.009138050209073354,0.007498089636711418,0.009808747065049339,0.005086599190267667,0.015381891073867733,0.004632577396456478,0.0072365136173970675,0.003032848905091554,0.004146103946061726,0.003471243474668739,0.0026813394369480494,0.008326795149634445,0.01149605961345621,0.0017983981717048247,0.005745652095594911,0.005079893714745749,0.005650531510296367,0.011117285033725536,0.00894249465280069,0.0060706634537989025,0.004303419729896115],[4.008474589694184E-4,0.00393576111802566,0.007070027277657612,0.0018918678866313363,0.016155095913778016,0.014203017661055613,0.006442568982688466,0.006439760448869749,0.006381916445472625,0.002376519154682152,0.016686306579662656,0.011450774454499853,0.011957588134790155,0.003094480537252302,0.011428415848093692,0.014042758134466626,0.006170903688446458,0.018009947064333065,0.0028895693049626847,0.016133452832472625,0.009704456657729997,0.016959950738075907,0.011680501806807944,1.0,0.01680258458129776,0.00799337246760789,0.017354887337806782,3.6709263689794233E-4,0.012473922871633979,0.014191171404282495,0.006793078236494422,0.00966109790125827,0.01039268295243882,0.0040202973458721165,0.018999671614667566,0.0077187489825014804,0.016494049827728514,0.008939123852005878,0.009442118768743795,0.008193410243662859,0.019079243577765904,0.012272150973309479,0.013665696474312178,0.007121301438581489,0.0015364919971207296,0.007748942377846666,0.015173631520318403,0.012381910129090457,0.015820457222176156,0.012541383159314464,0.013720927772334801,0.01294123552341414,0.004927587864862574,0.018537885128021583,0.018269910219256995,0.012302637464249472,0.01039065003353545],[0.0056550629713557335,0.004885256685514558,0.007090234473372587,0.012931138962024736,0.015115212644370907,0.0034048128717240416,0.0025399973081624942,0.012704824428377342,0.001448900718283562,0.011856092978996712,0.01260411996571478,0.009575019343842292,0.006305699179355112,0.00987948637300179,0.0020196798982309726,0.010797479908069544,0.009905121327808075,0.007377940048054895,0.011585654128819544,0.014852326104688387,0.012114410451198022,0.009839702838000815,0.011718920732164632,0.01680258458129776,1.0,0.003194246434441295,7.648149010426985E-4,0.01069299868537217,0.008053947976247446,0.0036300694302178497,0.008865616456397362,0.010026515562246667,0.009129530938679234,0.01054898128376553,0.017024269961769062,0.0032320427538534307,0.0010607079395077775,0.005211099583768356,0.004211968750524837,0.004252325663054178,0.019476220749316937,0.008560081616208122,0.012306905415706419,0.007083870278338062,0.010743994581734388,0.009635714263611463,0.010242165729861584,0.012350179147631484,0.013189493860523649,0.010885255244522071,0.007810192671624659,0.010301979189748595,0.00331304404858254,0.012956026123311133,0.008790645456979145,0.01254217478050928,0.00829517579743768],[9.206004314168301E-4,4.134664566588912E-4,0.0017134155563188584,0.0011357659352859023,0.014492212912276604,8.493674486323653E-4,0.0012775182233258377,0.0013984885658182263,0.0010986996121621464,0.0012051440685228619,0.001373754533306956,0.0010668073674337513,0.0011362813747012226,8.947003392942137E-5,6.825190748852055E-4,0.0011125594634779283,0.0011210051941507623,0.0011364352083997906,5.394639598196769E-4,0.012835403924331554,2.7114937377778204E-4,5.035242895551587E-4,0.010206949322327416,0.00799337246760789,0.003194246434441295,1.0,8.653387619840613E-5,9.20487042330968E-4,9.205887825690909E-4,9.517177890799188E-4,3.612070990239804E-4,0.0010474109837845594,0.002828344997606005,0.0013764787075380334,0.007302603961787125,6.952011279679324E-4,2.97448868714054E-4,0.001073921996550487,9.51516221673431E-4,5.141489301475326E-4,0.012695542873835895,3.695316789579871E-4,9.088605593252785E-4,5.812083410905756E-4,5.924693266779267E-4,0.0016397769642537315,0.0017099080390182765,2.7939752437884224E-4,0.007220937315757176,9.79148737247901E-4,0.0011942710010558323,1.354909194281518E-4,0.001098242291910825,0.011459001880748235,0.0016078017769739052,0.0018350634517489796,7.428405994980969E-4],[1.875791263818268E-5,1.5920222050623162E-5,0.0030127642205706466,6.569785542937064E-5,0.007006786006959697,1.1094336749861627E-5,4.5994050545973997E-4,0.0027498275436522346,1.7530684055486594E-4,0.0013176889887068315,6.121974721166525E-4,7.442594576620337E-4,9.512438425654223E-4,1.5336109261746457E-5,1.6858048305524132E-5,6.81105117623379E-4,2.7252291463730576E-4,9.86196229708415E-4,1.1946566247761363E-4,0.0012052482776458537,1.4358888014133906E-5,6.789510728318776E-5,0.007440541870394598,0.017354887337806782,7.648149010426985E-4,8.653387619840613E-5,1.0,1.276472429305879E-4,5.687314427031143E-4,2.6345307356628466E-4,2.2426388753455674E-5,1.60881124159751E-5,0.0018269323373302669,0.0015178038267351875,0.013465487029830145,6.731135990937892E-5,1.0746377340444034E-4,2.491965580382561E-5,6.610184545585009E-5,4.344325528491956E-5,0.001300366026171296,7.487558963633038E-5,1.0025318916152628E-4,1.843340124088678E-5,1.1719800895433722E-4,4.3629118863063173E-4,0.001085678302925319,2.563167112278642E-5,0.004680910830847799,5.2697994586355684E-5,3.1368323169556024E-4,8.915062021458753E-5,9.376596429727541E-4,0.011149381964074431,0.006051378588209296,0.0018002789536088987,1.0744329185950482E-4],[1.810625404464943E-4,1.5324681946770133E-4,0.002371578063978354,0.001105412616440273,0.008586147355769286,1.4074674843503267E-4,0.0015233892779324856,0.0019456571331515344,2.464156292694949E-4,6.908687304916875E-4,5.643631465400952E-4,4.3705774318838873E-4,2.9956803586794745E-4,9.761773246221394E-5,1.914956197685009E-4,0.0011088903668650713,5.485309451580752E-4,9.128322391619367E-4,2.113604660381556E-4,0.012922911573318522,1.5738307391888125E-4,2.0805483614663413E-4,0.0033384174299250836,3.6709263689794233E-4,0.01069299868537217,9.20487042330968E-4,1.276472429305879E-4,1.0,4.23316653853003E-4,2.9238083266168826E-4,1.1365753232777329E-4,1.919555981457033E-4,0.00161038746912968,3.73974668765934E-4,0.01728929736703173,3.346712233060289E-4,1.908380907590237E-4,9.85302989942546E-5,9.698915439879888E-5,1.9498345006627974E-4,0.008370949679950786,1.1505725409170386E-4,1.5629866046957058E-4,1.9736267789584262E-4,2.1729436984592557E-4,4.972942033647697E-4,0.0017279699853766182,1.799743325218062E-4,0.008716895336459713,2.0816298727763878E-4,0.001140314169509179,1.819970265124161E-4,4.1147303454724596E-4,0.009887288781748514,0.0058258489296424505,9.102299426518151E-4,2.487137073491394E-4],[2.688198290150173E-4,3.155453746029263E-4,0.004251618259857084,0.001121228628341399,0.01121005494892138,2.570962837011381E-4,5.881709407325785E-4,0.0014005984846594492,4.765446135452802E-4,0.0011572496878709385,0.0014051258582346924,0.0010279005005658596,9.122642492727384E-4,2.8767922846830845E-4,2.6722152973883347E-4,6.615989977118311E-4,6.887359436233772E-4,9.862474492585188E-4,4.921984632296374E-4,0.00689219745553051,4.1194128506815683E-4,2.4986936690932833E-4,0.009140562721646412,0.012473922871633979,0.008053947976247446,9.205887825690909E-4,5.687314427031143E-4,4.23316653853003E-4,1.0,4.0169874222569353E-4,4.12877522738422E-4,5.129860841298027E-4,0.0011530365426809272,0.001510105633572474,0.018065482318556998,5.691222500720905E-4,2.921678743137607E-4,1.2493003199698342E-4,5.166173489411746E-4,3.9353124672872634E-4,0.005608917540418676,2.9763493116493023E-4,2.852028735574214E-4,1.565577309779904E-4,4.5517410496518707E-4,0.0010989737233442968,0.0017017538550267394,3.191632392699681E-4,0.0027644878600518183,2.2819127539248517E-4,6.656045624139607E-4,3.911858936611946E-4,0.0010416108052491969,0.002798132325876206,0.0024432383200527472,0.0015200485593765886,4.412959662090938E-4],[1.9062003396132178E-4,3.4349250409864627E-4,0.005677794788637669,5.517070339158488E-4,0.009720136099562994,3.4410454475935625E-4,0.0013424453208399165,0.0022469881493245576,3.544512517104956E-4,0.0015630872247417858,4.6463234949753023E-4,3.9571378177833934E-4,0.0010684248206891092,2.7829618113370166E-4,3.402873582996243E-5,0.0010115597263810954,0.0010825288289095403,6.79438854915722E-4,2.7306029188382954E-4,0.0019012034907113355,1.3123212005034004E-4,2.7441083744008895E-4,0.00858125486505179,0.014191171404282495,0.0036300694302178497,9.517177890799188E-4,2.6345307356628466E-4,2.9238083266168826E-4,4.0169874222569353E-4,1.0,3.518408538005823E-4,4.6554785385943755E-5,0.002562585634418842,7.055534772784362E-4,0.003382882392343739,3.5320183891311664E-4,2.747968950496945E-4,3.395668275359174E-4,1.0239427046647567E-4,2.2941107943706484E-4,0.011180066738307261,1.542007446314544E-4,2.618899586764785E-4,2.3519158648196222E-4,2.840263749334666E-4,0.002039946147230792,5.746932101290843E-4,3.4321087128310257E-4,0.01372046854302243,2.9823628300059356E-4,0.0011247384446060552,3.223361264377784E-4,9.359613468111489E-4,0.009166351550119014,0.0025193514263605107,7.214607829482695E-4,3.80915945126763E-4],[1.2418937008454046E-4,3.367223791477986E-5,0.004038583230098444,0.0012557892206894422,0.012299554919935647,2.5176058086631253E-5,8.460411462861249E-4,5.324175727022959E-4,2.1398686906912794E-4,3.3386452559429575E-4,0.0014458015394455894,3.763668988411776E-5,1.6226125339616605E-4,1.9959950376030965E-5,2.3617479269084222E-5,0.001000430267608799,6.343582127907402E-4,2.2775570118250028E-4,1.7734780082893583E-4,0.0021800591153658564,2.0159687707345753E-5,1.7087028746846897E-4,0.005130166505277471,0.006793078236494422,0.008865616456397362,3.612070990239804E-4,2.2426388753455674E-5,1.1365753232777329E-4,4.12877522738422E-4,3.518408538005823E-4,1.0,2.098765352054448E-5,0.002154089584553169,0.001001760460208112,0.01563098951046184,9.979007880141208E-5,9.923410998920079E-5,2.504917244957169E-5,6.915925562042434E-5,1.2345881093137474E-4,0.016836854424305065,6.861593032347884E-5,1.0920317672170578E-4,2.6630779182465654E-5,1.1940326605183762E-4,0.0016166731692390738,9.941983540190798E-4,1.2998513343807604E-4,0.009175104565997863,6.003042380589804E-5,5.042530514911123E-4,6.96975157212114E-5,2.4125288353602983E-4,0.010823575478403628,0.004739150877139812,2.8907782127698435E-4,3.892549995726023E-4],[5.613574680389437E-5,2.8509848570973086E-5,0.00628427512818454,0.0011449479344021725,0.0018836318129208122,2.6569324467877834E-5,0.001523109768315918,0.0027606234082684206,4.6720239030175786E-5,3.5128468531021303E-4,0.0010232949391301774,4.3634336526408293E-4,3.5857070137019836E-4,1.7975817394266154E-5,2.0203188445378554E-5,4.099972204309345E-5,5.93505044334152E-4,2.211960903447998E-4,7.741262379113857E-5,0.007578334045410062,1.9141564372740838E-5,2.644389775167884E-5,0.0037931137287133656,0.00966109790125827,0.010026515562246667,0.0010474109837845594,1.60881124159751E-5,1.919555981457033E-4,5.129860841298027E-4,4.6554785385943755E-5,2.098765352054448E-5,1.0,8.331669977566353E-4,0.0012587135657328454,0.0057678644240059035,1.5694826099264356E-4,4.486178303713465E-5,2.1740750217727227E-5,3.900244743759375E-5,9.579978093873368E-5,0.010623417652320189,4.4386858956557545E-5,1.2808387180806468E-4,2.2662684200169012E-5,4.053521943830398E-5,0.0019551270381812725,0.0012044779733817019,5.457449886008472E-5,0.004583858708408113,5.4915078243874005E-5,8.436545662912531E-4,6.882443456889334E-5,9.279622756792495E-4,0.011948636582308736,0.0018581245398610838,6.154838521411315E-4,2.108907974227571E-4],[0.0010557335542518888,0.0021513204390584224,0.005168530459055991,0.001648964434947975,0.013442036116208433,0.0018355261110286553,0.003203582148647203,0.0028954559287609977,8.814810829955053E-4,0.0021436873406943295,0.0016534189938181261,0.0014566148109473758,0.0020516286112151044,9.973038738199645E-4,0.0024484586129103923,0.0028582542501490397,0.0018600550550715465,0.002119259456908979,5.593045606239958E-4,0.007738636296270876,3.10168942175956E-4,0.0029016689297710215,0.00355420629792141,0.01039268295243882,0.009129530938679234,0.002828344997606005,0.0018269323373302669,0.00161038746912968,0.0011530365426809272,0.002562585634418842,0.002154089584553169,8.331669977566353E-4,1.0,0.002352083734364126,0.009971015805087833,3.852489956778694E-4,0.0015237617718912293,0.0024170963351534775,0.0011886269205715805,0.002546520925664416,0.005524185256604058,0.0026619412867821303,0.0010093733747967351,0.0022776187901286733,0.0025257672754959923,0.0026619834777094906,0.0027467953593115317,0.0019557392308625853,0.005353844078830099,0.0027055508142871452,0.002028290552966235,0.0010865314853647676,0.0019465929938427308,0.009554097150108553,0.004409085990088991,0.0029816282542206767,0.002497815260649211],[2.435212011404434E-4,1.4635041221855636E-4,0.0037222524411827333,0.0015342558438686074,0.004461421321042442,2.0693816359436737E-4,0.0016365041791134125,0.0021595801746876107,8.91808142994667E-4,0.0016265012528571988,0.0015097020156983317,0.0014183293295780696,0.0014098687586792094,5.170180544762469E-4,6.01383674249719E-4,0.001261089313136321,0.0011792459288719834,0.0012