[[1.0,4.262506888293565E-4,6.409101341626995E-4,0.014825363003721085,1.4838138836410867E-4,2.0143935939767683E-4,0.02208401545820525,0.012196386122877842,6.68829098010305E-4,4.6164753247037924E-4,1.330969765204932E-4,5.390002068051519E-4,1.273956058528184E-4,2.2414595760712446E-4,5.994164629179913E-4,1.8220141434624823E-4,0.007475848661385883,1.2357094570137218E-4,1.7843258177079017E-4,5.64184613479663E-4,1.970406392295739E-4,0.01643504155621191,8.521935963388148E-5,5.786777628044475E-4,1.9013586546623234E-4,1.9875154203790812E-4,0.0018446776963830767,2.2656063292412067E-4,6.112489982707803E-4,1.6386352598922682E-4,1.9851749422443714E-4,0.00897941834066648,0.0013684786463907762,0.0011064852113157066,3.010157757573288E-4,8.740940486809295E-5,3.191691099535619E-4,1.5831238556254445E-4,4.390974833359694E-4,5.027847179921934E-4,7.040901343148811E-5,3.560053336425959E-5,9.12247325496715E-5],[4.262506888293565E-4,1.0,0.012511083635177401,0.02284153627682573,2.814879749270283E-4,3.951175638889522E-4,0.01587636407391569,0.011317010270149691,0.0011898685377553708,0.0015342583566170052,0.0012102658239740683,0.001323426861681514,0.0011690601915527912,6.09567417295218E-4,0.0013877699914800709,1.7516271840059598E-4,0.00956100434679976,1.290964895205649E-4,7.852171178653796E-4,0.0011761526160969902,0.0012211567594692327,0.02860023709419236,8.108712704718579E-4,0.001404065433608407,2.1101794402735794E-4,3.771427459733127E-4,0.0038758260263881362,3.956753112145635E-4,0.0011339617192915126,5.992015165684399E-5,8.721388500662456E-4,0.005296653216611541,0.0019759516170230677,0.001744104149769677,0.0011863524156464657,0.0013863151865323785,0.0027682016556626193,5.321582091444909E-4,9.9427366633861E-4,0.0014155648943895063,8.575446656962709E-4,0.0010915398780559243,1.3784904507489672E-4],[6.409101341626995E-4,0.012511083635177401,1.0,0.02515770178769875,0.00707578298520633,0.004168670248010856,0.02457212508754501,0.020214434822490895,0.018407520096562824,0.013430775208233457,0.017925545288177764,0.01107817992147621,0.015535275091762328,0.014001557508477404,0.015348794643432164,0.002261328416254603,0.011330238971340452,0.014895058326128677,0.0066466086889003595,0.009612986138446597,0.00425696729549828,0.05391868065172234,0.014500639686782061,0.01737830000004116,0.004966471078214843,0.009247485496898104,0.005362696287738815,0.003957360621374269,0.015039046385557649,0.013469969750355793,0.005931199919058658,0.01834581372011261,0.01159313756965655,0.014287177843360274,0.013510710774946085,0.011621828866963736,0.007951226719201104,0.013635394769664202,9.384610315094223E-4,0.007015209232878804,0.01431604413907879,7.283697081967254E-5,0.007927508771886598],[0.014825363003721085,0.02284153627682573,0.02515770178769875,1.0,0.0025713700365617067,0.03114688030644096,0.028747783102330546,0.020486769673835187,0.030501507630536023,0.02602126596995893,0.007213084265646788,0.002028762438327944,0.0027814988372068493,0.005398395375167802,0.004328881970838991,0.004520272665340136,0.014299178196271585,0.0015361571661462938,0.01270560572215261,0.01549506646942931,0.011023492353914553,0.04378046511008866,0.01007553488764037,0.007216416799388278,0.022424224116619228,0.008302586204774087,0.024826417812879725,0.011845191532274518,0.021642182636511142,0.006654109590801252,0.004193478998018322,0.02816085111012402,0.008952743476382844,0.020730864258228607,0.02288995543394445,0.016944843389406355,0.017248385104503244,0.010392613703978149,0.03084796746680713,0.0038626763547016203,0.01532116486319523,0.009270517813204177,0.030191869688550116],[1.4838138836410867E-4,2.814879749270283E-4,0.00707578298520633,0.0025713700365617067,1.0,1.6164890775563235E-4,0.021468589749015214,0.017685175819852243,5.71782659592623E-4,0.0020435411325552674,3.0992595010084325E-5,7.616135298557907E-4,7.179439031501132E-5,2.049663441516205E-4,0.0010811851318862217,1.6269946511114552E-4,0.009442857699748444,1.0788462940248708E-4,1.4019666168904146E-4,5.119096928779874E-4,1.1686406011297753E-4,0.04634533806038496,1.1274946818946609E-4,3.644991703820109E-4,1.2369448709540482E-4,1.247755079824379E-4,0.0024618110783264967,2.3982011017117846E-4,1.5369990712490132E-4,7.739648843376924E-5,1.6459286766082809E-4,0.003035858880920171,0.0011831410669285336,9.63365265431738E-4,7.538600814307074E-4,1.0988741445913735E-4,5.538857091641607E-4,1.362938606648349E-4,4.2540539774742854E-4,8.08143825530963E-4,8.291791553194929E-5,6.576867749183264E-5,4.9392732284244524E-5],[2.0143935939767683E-4,3.951175638889522E-4,0.004168670248010856,0.03114688030644096,1.6164890775563235E-4,1.0,0.015015023764041608,0.007420953914911867,9.673687195294588E-4,0.001844169601013237,1.6769902253819518E-4,5.109512203629096E-4,1.1613861671359431E-4,2.1761950165225774E-4,5.237024133581682E-4,1.9511495743078787E-4,0.007642457550639397,1.87935484152198E-4,1.7064693182274385E-4,7.225650969721383E-4,1.7649958797011318E-4,0.04341225120193149,8.186068368674354E-5,5.540817133441308E-4,1.60955132500088E-4,1.2187602342709506E-4,0.0017601036338336221,2.216512470750686E-4,4.8481838930399825E-4,1.0555480456289604E-4,1.9694161628172697E-4,0.004122398205728004,5.357344566394172E-4,0.001322478625502203,9.705755722238528E-4,1.6730220349031296E-4,0.0013404268846345857,1.8561641018369554E-4,5.597934279380451E-4,0.0010770162508236722,1.1350093912932004E-4,1.3654405916944083E-4,1.3876584271639854E-4],[0.02208401545820525,0.01587636407391569,0.02457212508754501,0.028747783102330546,0.021468589749015214,0.015015023764041608,1.0,0.02201115413328266,0.01577511051942153,0.0033989953793225943,0.015106955638159803,0.013803105497721948,0.026465884827533856,8.324742387915213E-4,0.025773431087959438,0.02124263357221072,0.021450117127855124,0.012714256952250244,0.02512625829977518,0.015323374218601101,0.01914405434434927,0.05477618985219619,0.016716233295004077,0.0258642768253736,0.02444362766632934,0.0052536372258320165,0.0046396497488023795,0.019956392372773715,0.003275444989864329,3.24464013061819E-4,0.016644809470622468,0.022180407206739597,0.015768711450010353,0.00823173472922506,0.009085043176116983,0.011443987351282011,0.02047610877872155,0.009710561045233834,0.021308878555870693,0.022343154675076294,0.006024643420680943,0.001968817170352586,0.02133251384998151],[0.012196386122877842,0.011317010270149691,0.020214434822490895,0.020486769673835187,0.017685175819852243,0.007420953914911867,0.02201115413328266,1.0,0.017534655448912348,0.002893418114406978,0.013509086628000044,0.009481296347317848,0.00904828929238106,0.0017464883121035791,0.003087323858567079,0.01754013829327761,0.017319087319239635,0.019532921467243263,0.018125310531774227,0.00944643162994025,5.639067796393183E-4,0.038229591341311875,0.012973595919420308,0.0022035805048114215,0.007173635680296952,0.016388895107221607,0.008621933350765328,0.017210855256476528,0.004249714096926997,0.018641383021441537,0.015507561598847624,0.019168645590402243,0.011853577728156636,0.003936177890456217,0.012715566587671945,0.014407897063666514,0.015414059994878071,0.014473812897346177,0.017421079808692286,0.019270404739303852,0.004391131755898719,0.014716321560349277,0.007470830624875018],[6.68829098010305E-4,0.0011898685377553708,0.018407520096562824,0.030501507630536023,5.71782659592623E-4,9.673687195294588E-4,0.01577511051942153,0.017534655448912348,1.0,0.0016096670567606734,9.370553770171367E-4,9.331773315620013E-4,2.4247326495475155E-4,9.101889311583032E-4,0.0010083424408513864,4.743750208971491E-4,0.00396453236206438,4.428977208867975E-4,7.608595717386797E-4,0.0010636417142922954,7.057008792328792E-4,0.0012120376500572027,5.816858562405978E-4,0.00101372370726804,6.895439189441397E-4,9.829321813956018E-4,0.002800114215726188,3.02180573014959E-4,8.006875445870184E-4,9.056387674431232E-4,8.732310154640329E-4,0.001985754682757806,0.0021754151264480855,0.001566710968294081,0.001104669582139746,9.58160362260911E-4,0.0018548345483562901,9.746789761224734E-4,9.170813067362054E-4,0.0010766477153188344,3.052386900385954E-4,6.103827033519653E-4,9.095215705289044E-4],[4.6164753247037924E-4,0.0015342583566170052,0.013430775208233457,0.02602126596995893,0.0020435411325552674,0.001844169601013237,0.0033989953793225943,0.002893418114406978,0.0016096670567606734,1.0,8.697249708017565E-4,0.002129562793810878,0.002000956474894282,0.001649297446428928,0.0021638617218274004,4.550725953755963E-4,0.009525772632615675,0.001252217770912869,0.0020968500355029343,0.001957576742347279,4.7935977377511283E-4,0.004422787391064559,5.405094055898249E-4,0.0013205658450520209,0.001653466049092003,0.0011803933044516005,0.0028671161133107144,0.001408982571029545,0.0019288318802234566,8.201519094273613E-4,0.002390091891078599,0.004780026027858642,0.0026235292045107012,0.0024782574153771582,0.0026269947426554867,0.002038858752258634,0.0027144688361726626,7.353610401025698E-4,0.0016694570169374185,0.002155289368971991,0.0015824139411530378,0.0019022678409405175,0.0024782587788932673],[1.330969765204932E-4,0.0012102658239740683,0.017925545288177764,0.007213084265646788,3.0992595010084325E-5,1.6769902253819518E-4,0.015106955638159803,0.013509086628000044,9.370553770171367E-4,8.697249708017565E-4,1.0,4.6402952970669417E-4,1.9512639583228724E-5,2.286312290141207E-4,1.883518672368475E-4,2.0199923615308063E-5,0.0049449737692917545,6.487645961427064E-5,4.390115300794132E-5,6.725222529926674E-4,1.0457615239356325E-4,0.033610532546308504,1.677102392671429E-5,3.0120211404261957E-4,1.9288979178237274E-5,7.380313303203015E-5,0.0037647039392367247,1.327567304503518E-4,5.272960945357432E-4,1.8828802998680167E-5,1.0472495717966812E-4,0.004156883167456428,0.001268248672290054,0.0014573865299060793,7.34294652644038E-4,2.176740212672889E-5,9.136133192013782E-4,7.95777437477224E-5,9.310856455989465E-5,8.866281371291286E-4,2.216107181050981E-5,1.8509203320127277E-5,1.7428190846354267E-5],[5.390002068051519E-4,0.001323426861681514,0.01107817992147621,0.002028762438327944,7.616135298557907E-4,5.109512203629096E-4,0.013803105497721948,0.009481296347317848,9.331773315620013E-4,0.002129562793810878,4.6402952970669417E-4,1.0,3.5692575864130626E-4,2.924195334614223E-4,0.0010589505137090077,5.174102394656088E-4,0.00623487333486728,6.909214412201641E-4,8.215145726582384E-4,0.0010314392276453478,1.7220237653474966E-4,0.047513029224120956,6.620487713212403E-4,0.0010437091745183103,8.366296494479683E-4,8.846352767552366E-4,0.0027471179302606917,2.7991624626630136E-4,8.508597550564101E-4,4.724176838363567E-4,3.909709253578441E-4,0.008453426408910782,0.0012758815707598777,0.0017809079914420881,9.575934417251597E-4,3.458592062050433E-4,0.0010290099996383302,7.648419415512575E-4,7.987451069590317E-4,0.0011270838755583202,5.952362966119704E-4,3.540928819268381E-4,3.493163873014435E-4],[1.273956058528184E-4,0.0011690601915527912,0.015535275091762328,0.0027814988372068493,7.179439031501132E-5,1.1613861671359431E-4,0.026465884827533856,0.00904828929238106,2.4247326495475155E-4,0.002000956474894282,1.9512639583228724E-5,3.5692575864130626E-4,1.0,1.6174251773458056E-4,0.0011105739449650057,8.361861566989545E-5,0.0014843058963362795,5.099082623783895E-5,8.355981818449619E-5,2.1586159883095355E-4,5.1187315023231035E-5,0.003513416993312804,2.652434145039095E-5,6.980734933672147E-4,4.189944586881156E-5,8.76384968949914E-5,0.0032056262176730376,5.2485120909443424E-5,6.631582313351478E-4,2.2110583964898244E-5,8.710903411369812E-5,0.005287543314075666,0.002431029164744798,9.494311658793822E-4,1.7825492808809854E-4,3.109950267517013E-5,0.0034003641844485436,1.090464041663129E-4,4.500262529985902E-4,6.981518687627319E-4,4.153873978326848E-5,2.657660131400717E-5,1.3227250186926308E-5],[2.2414595760712446E-4,6.09567417295218E-4,0.014001557508477404,0.005398395375167802,2.049663441516205E-4,2.1761950165225774E-4,8.324742387915213E-4,0.0017464883121035791,9.101889311583032E-4,0.001649297446428928,2.286312290141207E-4,2.924195334614223E-4,1.6174251773458056E-4,1.0,0.0011125718979195201,1.859460304680394E-4,0.007546033093975127,1.589673397280175E-4,2.268243027393685E-4,6.046771532312958E-4,2.407352314134148E-4,0.008539181513369744,1.983530729151098E-4,9.555119093176231E-4,2.1522120532410896E-4,2.0071110969014505E-4,0.0041231453676478375,2.4792109215471465E-4,5.623209871748385E-4,9.676125121796439E-5,2.2811932683364225E-4,0.0064889228814129975,4.382136012865104E-4,6.465811714166576E-4,7.680799619159468E-4,1.3843030245109763E-4,0.003415428271307327,2.3166824090226388E-4,5.281679785425676E-4,9.006904046400437E-4,9.933862107515169E-5,9.612549700128867E-5,1.770859790867751E-4],[5.994164629179913E-4,0.0013877699914800709,0.015348794643432164,0.004328881970838991,0.0010811851318862217,5.237024133581682E-4,0.025773431087959438,0.003087323858567079,0.0010083424408513864,0.0021638617218274004,1.883518672368475E-4,0.0010589505137090077,0.0011105739449650057,0.0011125718979195201,1.0,2.697977974574975E-4,0.004800091947616885,4.977752622483898E-4,8.491905009234389E-4,0.0011150010187624918,6.124150118093432E-4,0.026666767692557495,9.907809286123029E-4,0.001087835513218327,9.743906892914827E-4,9.246835443109837E-4,0.0023600431968757475,0.001095588636451795,0.0011064619490811125,0.001031695145180267,5.896488091810542E-4,0.011836462538751728,0.002565439966138326,0.001277200835403484,0.0011182974861530257,1.8347155320689527E-4,0.0022979181900649663,6.684096587364868E-4,9.419404938000723E-4,0.001209265233905322,0.0010336269589860188,8.526670456749837E-4,3.1140078503826387E-4],[1.8220141434624823E-4,1.7516271840059598E-4,0.002261328416254603,0.004520272665340136,1.6269946511114552E-4,1.9511495743078787E-4,0.02124263357221072,0.01754013829327761,4.743750208971491E-4,4.550725953755963E-4,2.0199923615308063E-5,5.174102394656088E-4,8.361861566989545E-5,1.859460304680394E-4,2.697977974574975E-4,1.0,0.0012097383107666296,1.079514760162254E-4,1.6635956699756802E-4,8.44392463138499E-4,1.5287570596878535E-4,0.021431580654259767,1.485052108060838E-4,2.3491197918746326E-4,1.48818527968341E-4,1.2887347068513624E-4,0.0039058819890535417,2.003787977920423E-4,2.1518890789787667E-4,1.4230524202043615E-4,1.928034293480256E-4,0.006679935430750107,0.002130931191231433,0.0010967613758737797,7.344189962912994E-4,7.951291940101492E-5,0.003287467436575702,1.622664829556004E-4,4.913074688071984E-4,0.0010628440417100947,6.942332359202885E-5,2.8743548437732653E-5,1.4683773470895216E-4],[0.007475848661385883,0.00956100434679976,0.011330238971340452,0.014299178196271585,0.009442857699748444,0.007642457550639397,0.021450117127855124,0.017319087319239635,0.00396453236206438,0.009525772632615675,0.0049449737692917545,0.00623487333486728,0.0014843058963362795,0.007546033093975127,0.004800091947616885,0.0012097383107666296,1.0,0.009263503855273358,0.007970903196810333,0.001971788367375695,0.003758404798978818,0.020655889257576505,0.00477808513042059,0.0077649593932048785,0.00968577438110615,0.006336921646370464,0.009112926874154843,0.009905981746975325,0.004639010132973935,0.003232663893013125,0.0015533144398478572,0.011500765098071727,0.003929947822280995,0.006927388629114581,0.00389622452716789,0.0022446886776019406,0.005600840925654986,0.0045319958946058525,0.008801440432135625,0.0034788849114536016,0.0020811640988289137,0.003760576971373099,0.0049706758994709915],[1.2357094570137218E-4,1.290964895205649E-4,0.014895058326128677,0.0015361571661462938,1.0788462940248708E-4,1.87935484152198E-4,0.012714256952250244,0.019532921467243263,4.428977208867975E-4,0.001252217770912869,6.487645961427064E-5,6.909214412201641E-4,5.099082623783895E-5,1.589673397280175E-4,4.977752622483898E-4,1.079514760162254E-4,0.009263503855273358,1.0,1.3073145289140315E-4,6.923329397057061E-4,1.0459659145181524E-4,1.7524744300764534E-4,1.8514323537049876E-5,9.287935822552753E-4,1.0532094632550815E-4,1.1040712840969392E-4,0.003040960136691089,2.4297157806726428E-4,6.057045331270482E-4,3.9753880564842434E-5,1.3186111456654778E-4,0.00257811841707419,7.04139996125819E-4,6.530512270048254E-4,0.0011647833550856696,4.7009529464809625E-5,0.002625802733105395,1.1742622469189211E-4,2.451802552947017E-4,1.8588183594909634E-4,5.607761202964236E-5,4.675725724944177E-5,5.643831792844993E-5],[1.7843258177079017E-4,7.852171178653796E-4,0.0066466086889003595,0.01270560572215261,1.4019666168904146E-4,1.7064693182274385E-4,0.02512625829977518,0.018125310531774227,7.608595717386797E-4,0.0020968500355029343,4.390115300794132E-5,8.215145726582384E-4,8.355981818449619E-5,2.268243027393685E-4,8.491905009234389E-4,1.6635956699756802E-4,0.007970903196810333,1.3073145289140315E-4,1.0,9.616791172655555E-4,1.3394875976860559E-4,0.010439433597238916,1.389791853859413E-4,3.36017153149886E-4,1.4944859990462229E-4,1.5817314975940914E-4,0.0010273423676663148,2.1975026021549737E-4,3.372406727407322E-4,1.5583157135739482E-4,1.72129993077753E-4,0.008810383957258043,0.0010325903129893232,8.73761695438657E-4,0.0011073189830338869,1.6023020008888706E-4,0.0011907602656104745,1.5748757287052052E-4,3.2395495464287516E-4,3.316823795617269E-4,7.325279828358908E-5,4.558120966221954E-5,9.31057473344163E-5],[5.64184613479663E-4,0.0011761526160969902,0.009612986138446597,0.01549506646942931,5.119096928779874E-4,7.225650969721383E-4,0.015323374218601101,0.00944643162994025,0.0010636417142922954,0.001957576742347279,6.725222529926674E-4,0.0010314392276453478,2.1586159883095355E-4,6.046771532312958E-4,0.0011150010187624918,8.44392463138499E-4,0.001971788367375695,6.923329397057061E-4,9.616791172655555E-4,1.0,2.0236725867152713E-4,0.009888678984137967,9.583631228735437E-4,0.0010939633465122678,2.27650800545334E-4,7.836207297018074E-4,0.0023633474485303136,8.266788001175697E-4,9.34276292656616E-4,5.256867688241145E-4,0.0010283854115298906,0.009572689429405682,0.0014572376560332972,0.0013751703006718164,0.001121931507295693,0.0010945093891873707,0.002095529861102732,1.7152858900319133E-4,7.730656747500134E-4,0.0011496553145437234,9.910410366171522E-4,7.938987504751712E-4,8.549089761606199E-4],[1.970406392295739E-4,0.0012211567594692327,0.00425696729549828,0.011023492353914553,1.1686406011297753E-4,1.7649958797011318E-4,0.01914405434434927,5.639067796393183E-4,7.057008792328792E-4,4.7935977377511283E-4,1.0457615239356325E-4,1.7220237653474966E-4,5.1187315023231035E-5,2.407352314134148E-4,6.124150118093432E-4,1.5287570596878535E-4,0.003758404798978818,1.0459659145181524E-4,1.3394875976860559E-4,2.0236725867152713E-4,1.0,0.0013897259338235787,7.887236633027018E-5,3.897715123432059E-4,1.0892377188487923E-4,1.1181376645642961E-4,0.0013094781784321022,2.054031489041885E-4,5.63728180141817E-4,6.114253511270358E-5,1.3495117266972868E-4,0.0062985952861683,0.0014394744515368993,0.0015348791591849726,6.587434442152557E-4,5.79694195765213E-5,0.002171132168211874,1.280466278082E-4,2.83854883541351E-4,9.684581387673904E-4,1.0319491404149744E-4,2.039012479064446E-5,4.4199124181671444E-5],[0.01643504155621191,0.02860023709419236,0.05391868065172234,0.04378046511008866,0.04634533806038496,0.04341225120193149,0.05477618985219619,0.038229591341311875,0.0012120376500572027,0.004422787391064559,0.033610532546308504,0.047513029224120956,0.003513416993312804,0.008539181513369744,0.026666767692557495,0.021431580654259767,0.020655889257576505,1.7524744300764534E-4,0.010439433597238916,0.009888678984137967,0.0013897259338235787,1.0,0.048285112363778616,0.00949443611141603,0.037300589069230464,0.026084196951103963,0.03190278007695205,0.025176173250595693,0.02533055708127386,0.04860183924386461,0.04738774958130443,0.015895215562670102,0.01553124043100708,0.02542437461213541,0.049361720395585895,0.029396181870842766,0.01033442806409166,0.023647328978752064,0.037756263863618536,0.004781957148212173,0.01436211597770745,0.048950781951907475,0.0019410172732910135],[8.521935963388148E-5,8.108712704718579E-4,0.014500639686782061,0.01007553488764037,1.1274946818946609E-4,8.186068368674354E-5,0.016716233295004077,0.012973595919420308,5.816858562405978E-4,5.405094055898249E-4,1.677102392671429E-5,6.620487713212403E-4,2.652434145039095E-5,1.983530729151098E-4,9.907809286123029E-4,1.485052108060838E-4,0.00477808513042059,1.8514323537049876E-5,1.389791853859413E-4,9.583631228735437E-4,7.887236633027018E-5,0.048285112363778616,1.0,3.1267651117102246E-4,2.6773939431268422E-5,4.271752569167528E-5,0.004334485410025726,1.5635126460851123E-4,1.1817799872353621E-4,1.4893509799573248E-5,1.821158955628667E-4,0.0026822008130666544,1.6918622626254775E-4,3.767555200514515E-5,0.0010362427698622585,2.4536887902965477E-5,0.0030787724968270526,9.260189118296823E-5,4.165068797387858E-4,1.719087649372775E-4,1.692841695408399E-5,1.7252293522144948E-5,1.3729679196119414E-5],[5.786777628044475E-4,0.001404065433608407,0.01737830000004116,0.007216416799388278,3.644991703820109E-4,5.540817133441308E-4,0.0258642768253736,0.0022035805048114215,0.00101372370726804,0.0013205658450520209,3.0120211404261957E-4,0.0010437091745183103,6.980734933672147E-4,9.555119093176231E-4,0.001087835513218327,2.3491197918746326E-4,0.0077649593932048785,9.287935822552753E-4,3.36017153149886E-4,0.0010939633465122678,3.897715123432059E-4,0.00949443611141603,3.1267651117102246E-4,1.0,4.207067952395863E-4,5.201581779257327E-4,0.002968268559405343,7.127499952096932E-4,8.786346879919005E-4,5.706312810653097E-4,2.3059914954857465E-4,0.00418876444492495,0.0021309957662739125,0.001583871427044815,0.001131228437995428,4.058173254593294E-4,0.0017233944308711468,1.693638916501797E-4,8.820345533266307E-4,0.0012342495493041074,9.232523935511875E-5,8.054470572753313E-4,1.5594350645399207E-4],[1.9013586546623234E-4,2.1101794402735794E-4,0.004966471078214843,0.022424224116619228,1.2369448709540482E-4,1.60955132500088E-4,0.02444362766632934,0.007173635680296952,6.895439189441397E-4,0.001653466049092003,1.9288979178237274E-5,8.366296494479683E-4,4.189944586881156E-5,2.1522120532410896E-4,9.743906892914827E-4,1.48818527968341E-4,0.00968577438110615,1.0532094632550815E-4,1.4944859990462229E-4,2.27650800545334E-4,1.0892377188487923E-4,0.037300589069230464,2.6773939431268422E-5,4.207067952395863E-4,1.0,1.1622461766441189E-4,0.00266888297324517,1.4433760063802434E-4,4.587794180725102E-4,6.385156954476234E-5,1.5755318350700725E-4,0.0010885653167552124,8.651777146266631E-4,0.00153365874069975,7.363006850658388E-4,1.0173012911740377E-4,7.611712578513493E-4,1.161000378824022E-4,3.8383759097199903E-4,7.176188852597099E-4,5.857840493233845E-5,1.116036334843425E-4,5.733742036420454E-5],[1.9875154203790812E-4,3.771427459733127E-4,0.009247485496898104,0.008302586204774087,1.247755079824379E-4,1.2187602342709506E-4,0.0052536372258320165,0.016388895107221607,9.829321813956018E-4,0.0011803933044516005,7.380313303203015E-5,8.846352767552366E-4,8.76384968949914E-5,2.0071110969014505E-4,9.246835443109837E-4,1.2887347068513624E-4,0.006336921646370464,1.1040712840969392E-4,1.5817314975940914E-4,7.836207297018074E-4,1.1181376645642961E-4,0.026084196951103963,4.271752569167528E-5,5.201581779257327E-4,1.1622461766441189E-4,1.0,2.9190568929809367E-4,2.188937175280332E-4,6.312313659983473E-4,7.197012784831332E-5,1.4629768337910145E-4,0.0072571624763632814,2.612598552984776E-4,9.148200157954538E-4,4.506736327107567E-4,1.1395449405881124E-4,0.0030633550273011087,1.3857492909676613E-4,2.063501273295306E-4,0.0010923188808981644,6.217733437779924E-5,9.09738755076678E-5,3.968451204446576E-5],[0.0018446776963830767,0.0038758260263881362,0.005362696287738815,0.024826417812879725,0.0024618110783264967,0.0017601036338336221,0.0046396497488023795,0.008621933350765328,0.002800114215726188,0.0028671161133107144,0.0037647039392367247,0.0027471179302606917,0.0032056262176730376,0.0041231453676478375,0.0023600431968757475,0.0039058819890535417,0.009112926874154843,0.003040960136691089,0.0010273423676663148,0.0023633474485303136,0.0013094781784321022,0.03190278007695205,0.004334485410025726,0.002968268559405343,0.00266888297324517,2.9190568929809367E-4,1.0,0.003868593462229848,0.0019351117947776428,9.87530386925814E-4,0.0034683253032497365,0.0074244287116831936,0.0034331955560919928,0.0038383670032922624,0.0015235220145386153,0.003895320154718307,0.0037362969691677995,0.0034687494534962377,0.0031147168362368766,0.004240124446973921,9.234212594479679E-4,0.001967377374294155,0.0025424183817929842],[2.2656063292412067E-4,3.956753112145635E-4,0.003957360621374269,0.011845191532274518,2.3982011017117846E-4,2.216512470750686E-4,0.019956392372773715,0.017210855256476528,3.02180573014959E-4,0.001408982571029545,1.327567304503518E-4,2.7991624626630136E-4,5.2485120909443424E-5,2.4792109215471465E-4,0.001095588636451795,2.003787977920423E-4,0.009905981746975325,2.4297157806726428E-4,2.1975026021549737E-4,8.266788001175697E-4,2.054031489041885E-4,0.025176173250595693,1.5635126460851123E-4,7.127499952096932E-4,1.4433760063802434E-4,2.188937175280332E-4,0.003868593462229848,1.0,3.566748136309244E-4,9.726298573818883E-5,1.9514902864084993E-4,4.2591423979138044E-4,0.0018227593132707132,8.379366761534942E-4,5.32989635475104E-4,2.067960067912079E-4,6.370657304988291E-4,1.8468598360521263E-4,3.0190103486674234E-4,8.060032967181774E-4,1.4582894525115158E-4,2.2536337517965608E-4,1.7035183014985523E-4],[6.112489982707803E-4,0.0011339617192915126,0.015039046385557649,0.021642182636511142,1.5369990712490132E-4,4.8481838930399825E-4,0.003275444989864329,0.004249714096926997,8.006875445870184E-4,0.0019288318802234566,5.272960945357432E-4,8.508597550564101E-4,6.631582313351478E-4,5.623209871748385E-4,0.0011064619490811125,2.1518890789787667E-4,0.004639010132973935,6.057045331270482E-4,3.372406727407322E-4,9.34276292656616E-4,5.63728180141817E-4,0.02533055708127386,1.1817799872353621E-4,8.786346879919005E-4,4.587794180725102E-4,6.312313659983473E-4,0.0019351117947776428,3.566748136309244E-4,1.0,1.4044675787489627E-4,3.529369000418597E-4,0.005435196386415753,0.0022238986208794227,0.0010617231951150535,7.36496588014226E-4,5.548054581228799E-5,0.001054970164718502,2.9934340969666395E-4,7.230242205747715E-4,0.0011847126216065315,1.4167170115145884E-4,1.044669020329938E-4,5.705697476124636E-4],[1.6386352598922682E-4,5.992015165684399E-5,0.013469969750355793,0.006654109590801252,7.739648843376924E-5,1.0555480456289604E-4,3.24464013061819E-4,0.018641383021441537,9.056387674431232E-4,8.201519094273613E-4,1.8828802998680167E-5,4.724176838363567E-4,2.2110583964898244E-5,9.676125121796439E-5,0.001031695145180267,1.4230524202043615E-4,0.003232663893013125,3.9753880564842434E-5,1.5583157135739482E-4,5.256867688241145E-4,6.114253511270358E-5,0.04860183924386461,1.4893509799573248E-5,5.706312810653097E-4,6.385156954476234E-5,7.197012784831332E-5,9.87530386925814E-4,9.726298573818883E-5,1.4044675787489627E-4,1.0,4.360038881752355E-5,0.008408086797693509,0.0012883625037639409,2.558251402850628E-5,1.7737267881244437E-4,2.5937171530168645E-5,7.200411654890147E-4,1.1006901458901567E-4,1.6415120166475317E-4,7.922739022919849E-4,3.974095375094941E-5,1.8494499391508262E-5,1.548406802500104E-5],[1.9851749422443714E-4,8.721388500662456E-4,0.005931199919058658,0.004193478998018322,1.6459286766082809E-4,1.9694161628172697E-4,0.016644809470622468,0.015507561598847624,8.732310154640329E-4,0.002390091891078599,1.0472495717966812E-4,3.909709253578441E-4,8.710903411369812E-5,2.2811932683364225E-4,5.896488091810542E-4,1.928034293480256E-4,0.0015533144398478572,1.3186111456654778E-4,1.72129993077753E-4,0.0010283854115298906,1.3495117266972868E-4,0.04738774958130443,1.821158955628667E-4,2.3059914954857465E-4,1.5755318350700725E-4,1.4629768337910145E-4,0.0034683253032497365,1.9514902864084993E-4,3.529369000418597E-4,4.360038881752355E-5,1.0,0.0016176131308657854,0.002015409508441653,8.228750988101789E-4,4.5358539564771777E-4,1.8199882512402146E-4,8.98164980047842E-4,1.8199669655391955E-4,5.620007567279182E-4,9.570108608995244E-4,1.2623119432654236E-4,1.5935239020668616E-4,1.1372534444121462E-4],[0.00897941834066648,0.005296653216611541,0.01834581372011261,0.02816085111012402,0.003035858880920171,0.004122398205728004,0.022180407206739597,0.019168645590402243,0.001985754682757806,0.004780026027858642,0.004156883167456428,0.008453426408910782,0.005287543314075666,0.0064889228814129975,0.011836462538751728,0.006679935430750107,0.011500765098071727,0.00257811841707419,0.008810383957258043,0.009572689429405682,0.0062985952861683,0.015895215562670102,0.0026822008130666544,0.00418876444492495,0.0010885653167552124,0.0072571624763632814,0.0074244287116831936,4.2591423979138044E-4,0.005435196386415753,0.008408086797693509,0.0016176131308657854,1.0,0.006860188460219442,0.005713022055926397,0.0014794908939700841,0.002986813249642546,0.008740535039790904,0.010618609324152501,0.005454056702874916,0.002961975147332779,3.4986762986622213E-4,0.00975533180739687,1.2894830490151084E-4],[0.0013684786463907762,0.0019759516170230677,0.01159313756965655,0.008952743476382844,0.0011831410669285336,5.357344566394172E-4,0.015768711450010353,0.011853577728156636,0.0021754151264480855,0.0026235292045107012,0.001268248672290054,0.0012758815707598777,0.002431029164744798,4.382136012865104E-4,0.002565439966138326,0.002130931191231433,0.003929947822280995,7.04139996125819E-4,0.0010325903129893232,0.0014572376560332972,0.0014394744515368993,0.01553124043100708,1.6918622626254775E-4,0.0021309957662739125,8.651777146266631E-4,2.612598552984776E-4,0.0034331955560919928,0.0018227593132707132,0.0022238986208794227,0.0012883625037639409,0.002015409508441653,0.006860188460219442,1.0,0.0025189969492854488,0.0018029735625094841,0.0010672945345076255,0.0029436555985658005,9.546398926594226E-4,0.0024375031932436894,0.0016304056713573524,0.0022064907872421467,0.001831139231310963,0.001440285362543853],[0.0011064852113157066,0.001744104149769677,0.014287177843360274,0.020730864258228607,9.63365265431738E-4,0.001322478625502203,0.00823173472922506,0.003936177890456217,0.001566710968294081,0.0024782574153771582,0.0014573865299060793,0.0017809079914420881,9.494311658793822E-4,6.465811714166576E-4,0.001277200835403484,0.0010967613758737797,0.006927388629114581,6.530512270048254E-4,8.73761695438657E-4,0.0013751703006718164,0.0015348791591849726,0.02542437461213541,3.767555200514515E-5,0.001583871427044815,0.00153365874069975,9.148200157954538E-4,0.0038383670032922624,8.379366761534942E-4,0.0010617231951150535,2.558251402850628E-5,8.228750988101789E-4,0.005713022055926397,0.0025189969492854488,1.0,0.001668079899782148,5.339749009246747E-4,0.003127429224448138,0.0014099141718537911,0.0010171147083691799,0.0014147493494310168,8.224747842709076E-4,8.772168523058628E-4,1.6772543873077477E-4],[3.010157757573288E-4,0.0011863524156464657,0.013510710774946085,0.02288995543394445,7.538600814307074E-4,9.705755722238528E-4,0.009085043176116983,0.012715566587671945,0.001104669582139746,0.0026269947426554867,7.34294652644038E-4,9.575934417251597E-4,1.7825492808809854E-4,7.680799619159468E-4,0.0011182974861530257,7.344189962912994E-4,0.00389622452716789,0.0011647833550856696,0.0011073189830338869,0.001121931507295693,6.587434442152557E-4,0.049361720395585895,0.0010362427698622585,0.001131228437995428,7.363006850658388E-4,4.506736327107567E-4,0.0015235220145386153,5.32989635475104E-4,7.36496588014226E-4,1.7737267881244437E-4,4.5358539564771777E-4,0.0014794908939700841,0.0018029735625094841,0.001668079899782148,1.0,4.155889300910206E-4,0.0032857667487852177,6.676132566064159E-4,7.228516231575703E-4,0.0012209455050831764,0.0011026250118898622,4.4417455001951944E-4,2.4738587239804804E-4],[8.740940486809295E-5,0.0013863151865323785,0.011621828866963736,0.016944843389406355,1.0988741445913735E-4,1.6730220349031296E-4,0.011443987351282011,0.014407897063666514,9.58160362260911E-4,0.002038858752258634,2.176740212672889E-5,3.458592062050433E-4,3.109950267517013E-5,1.3843030245109763E-4,1.8347155320689527E-4,7.951291940101492E-5,0.0022446886776019406,4.7009529464809625E-5,1.6023020008888706E-4,0.0010945093891873707,5.79694195765213E-5,0.029396181870842766,2.4536887902965477E-5,4.058173254593294E-4,1.0173012911740377E-4,1.1395449405881124E-4,0.003895320154718307,2.067960067912079E-4,5.548054581228799E-5,2.5937171530168645E-5,1.8199882512402146E-4,0.002986813249642546,0.0010672945345076255,5.339749009246747E-4,4.155889300910206E-4,1.0,0.0028199567054022364,3.506707405914266E-5,1.8373916799720578E-4,8.380882502232801E-4,4.189065012489558E-5,2.8598420465337176E-5,1.4417686119365497E-5],[3.191691099535619E-4,0.0027682016556626193,0.007951226719201104,0.017248385104503244,5.538857091641607E-4,0.0013404268846345857,0.02047610877872155,0.015414059994878071,0.0018548345483562901,0.0027144688361726626,9.136133192013782E-4,0.0010290099996383302,0.0034003641844485436,0.003415428271307327,0.0022979181900649663,0.003287467436575702,0.005600840925654986,0.002625802733105395,0.0011907602656104745,0.002095529861102732,0.002171132168211874,0.01033442806409166,0.0030787724968270526,0.0017233944308711468,7.611712578513493E-4,0.0030633550273011087,0.0037362969691677995,6.370657304988291E-4,0.001054970164718502,7.200411654890147E-4,8.98164980047842E-4,0.008740535039790904,0.0029436555985658005,0.003127429224448138,0.0032857667487852177,0.0028199567054022364,1.0,6.036327490056684E-4,0.0025866218040034162,0.003164934944485614,0.002743663583578589,0.003402454746917915,9.605471654387554E-4],[1.5831238556254445E-4,5.321582091444909E-4,0.013635394769664202,0.010392613703978149,1.362938606648349E-4,1.8561641018369554E-4,0.009710561045233834,0.014473812897346177,9.746789761224734E-4,7.353610401025698E-4,7.95777437477224E-5,7.648419415512575E-4,1.090464041663129E-4,2.3166824090226388E-4,6.684096587364868E-4,1.622664829556004E-4,0.0045319958946058525,1.1742622469189211E-4,1.5748757287052052E-4,1.7152858900319133E-4,1.280466278082E-4,0.023647328978752064,9.260189118296823E-5,1.693638916501797E-4,1.161000378824022E-4,1.3857492909676613E-4,0.0034687494534962377,1.8468598360521263E-4,2.9934340969666395E-4,1.1006901458901567E-4,1.8199669655391955E-4,0.010618609324152501,9.546398926594226E-4,0.0014099141718537911,6.676132566064159E-4,3.506707405914266E-5,6.036327490056684E-4,1.0,3.8564330915897275E-4,0.0010241511321399325,1.0835620546372507E-4,1.9578346197339196E-5,1.0727595050411998E-4],[4.390974833359694E-4,9.9427366633861E-4,9.384610315094223E-4,0.03084796746680713,4.2540539774742854E-4,5.597934279380451E-4,0.021308878555870693,0.017421079808692286,9.170813067362054E-4,0.0016694570169374185,9.310856455989465E-5,7.987451069590317E-4,4.500262529985902E-4,5.281679785425676E-4,9.419404938000723E-4,4.913074688071984E-4,0.008801440432135625,2.451802552947017E-4,3.2395495464287516E-4,7.730656747500134E-4,2.83854883541351E-4,0.037756263863618536,4.165068797387858E-4,8.820345533266307E-4,3.8383759097199903E-4,2.063501273295306E-4,0.0031147168362368766,3.0190103486674234E-4,7.230242205747715E-4,1.6415120166475317E-4,5.620007567279182E-4,0.005454056702874916,0.0024375031932436894,0.0010171147083691799,7.228516231575703E-4,1.8373916799720578E-4,0.0025866218040034162,3.8564330915897275E-4,1.0,0.0010773447246900459,3.362594010746229E-4,3.8739521441147974E-4,1.387007001701037E-4],[5.027847179921934E-4,0.0014155648943895063,0.007015209232878804,0.0038626763547016203,8.08143825530963E-4,0.0010770162508236722,0.022343154675076294,0.019270404739303852,0.0010766477153188344,0.002155289368971991,8.866281371291286E-4,0.0011270838755583202,6.981518687627319E-4,9.006904046400437E-4,0.001209265233905322,0.0010628440417100947,0.0034788849114536016,1.8588183594909634E-4,3.316823795617269E-4,0.0011496553145437234,9.684581387673904E-4,0.004781957148212173,1.719087649372775E-4,0.0012342495493041074,7.176188852597099E-4,0.0010923188808981644,0.004240124446973921,8.060032967181774E-4,0.0011847126216065315,7.922739022919849E-4,9.570108608995244E-4,0.002961975147332779,0.0016304056713573524,0.0014147493494310168,0.0012209455050831764,8.380882502232801E-4,0.003164934944485614,0.0010241511321399325,0.0010773447246900459,1.0,9.779319516457392E-4,6.352680824978575E-4,0.0010539203946435126],[7.040901343148811E-5,8.575446656962709E-4,0.01431604413907879,0.01532116486319523,8.291791553194929E-5,1.1350093912932004E-4,0.006024643420680943,0.004391131755898719,3.052386900385954E-4,0.0015824139411530378,2.216107181050981E-5,5.952362966119704E-4,4.153873978326848E-5,9.933862107515169E-5,0.0010336269589860188,6.942332359202885E-5,0.0020811640988289137,5.607761202964236E-5,7.325279828358908E-5,9.910410366171522E-4,1.0319491404149744E-4,0.01436211597770745,1.692841695408399E-5,9.232523935511875E-5,5.857840493233845E-5,6.217733437779924E-5,9.234212594479679E-4,1.4582894525115158E-4,1.4167170115145884E-4,3.974095375094941E-5,1.2623119432654236E-4,3.4986762986622213E-4,0.0022064907872421467,8.224747842709076E-4,0.0011026250118898622,4.189065012489558E-5,0.002743663583578589,1.0835620546372507E-4,3.362594010746229E-4,9.779319516457392E-4,1.0,3.0363567769331245E-5,2.5270725965811256E-5],[3.560053336425959E-5,0.0010915398780559243,7.283697081967254E-5,0.009270517813204177,6.576867749183264E-5,1.3654405916944083E-4,0.001968817170352586,0.014716321560349277,6.103827033519653E-4,0.0019022678409405175,1.8509203320127277E-5,3.540928819268381E-4,2.657660131400717E-5,9.612549700128867E-5,8.526670456749837E-4,2.8743548437732653E-5,0.003760576971373099,4.675725724944177E-5,4.558120966221954E-5,7.938987504751712E-4,2.039012479064446E-5,0.048950781951907475,1.7252293522144948E-5,8.054470572753313E-4,1.116036334843425E-4,9.09738755076678E-5,0.001967377374294155,2.2536337517965608E-4,1.044669020329938E-4,1.8494499391508262E-5,1.5935239020668616E-4,0.00975533180739687,0.001831139231310963,8.772168523058628E-4,4.4417455001951944E-4,2.8598420465337176E-5,0.003402454746917915,1.9578346197339196E-5,3.8739521441147974E-4,6.352680824978575E-4,3.0363567769331245E-5,1.0,1.5362256120311496E-5],[9.12247325496715E-5,1.3784904507489672E-4,0.007927508771886598,0.030191869688550116,4.9392732284244524E-5,1.3876584271639854E-4,0.02133251384998151,0.007470830624875018,9.095215705289044E-4,0.0024782587788932673,1.7428190846354267E-5,3.493163873014435E-4,1.3227250186926308E-5,1.770859790867751E-4,3.1140078503826387E-4,1.4683773470895216E-4,0.0049706758994709915,5.643831792844993E-5,9.31057473344163E-5,8.549089761606199E-4,4.4199124181671444E-5,0.0019410172732910135,1.3729679196119414E-5,1.5594350645399207E-4,5.733742036420454E-5,3.968451204446576E-5,0.0025424183817929842,1.7035183014985523E-4,5.705697476124636E-4,1.548406802500104E-5,1.1372534444121462E-4,1.2894830490151084E-4,0.001440285362543853,1.6772543873077477E-4,2.4738587239804804E-4,1.4417686119365497E-5,9.605471654387554E-4,1.0727595050411998E-4,1.387007001701037E-4,0.0010539203946435126,2.5270725965811256E-5,1.5362256120311496E-5,1.0]]