[[1.0,1.2205449622833252E-4,8.84596336765434E-4,3.87262830650792E-4,3.019203715289852E-4,3.146343798741486E-4,0.007259282565375797,0.0020856267378905917,3.7318994900816606E-4,2.1917763553867304E-4,1.08426469311266E-4,4.221347475546647E-4,1.1600767485687407E-4,1.1536461445036048E-4,4.1941594632322656E-4,2.2210912931412057E-4,1.2741497835662332E-4,0.013719196563319646,1.3988848015921207E-4,0.013141664663207831,1.082733252724576E-4,3.246809143443613E-4,0.0018951572422847259,1.0885976452658226E-4,0.0011281567029571239,7.024310277846412E-5,0.0014611601990287442,0.002662601152896217,1.2600326609277286E-4,0.006360499879530238,3.091267769447805E-5,7.079737684135475E-5,0.0014859476937114187,5.975827078886519E-5,1.301786064669906E-4,1.0779415366033568E-4,3.51727468028293E-5,1.141414366300802E-4,1.403665296140031E-4,1.1816672491326278E-4,1.1724703542950549E-4,1.0785828325307819E-4,4.704050269080558E-5,7.785876074089205E-4,5.337600649591635E-5,1.060680114390243E-4,1.2301283586142877E-4,9.952509175672454E-5,1.9549652313799238E-5,1.0326193688127156E-4,4.079949866223526E-5,0.04307176079087326,6.747003178935002E-4,0.0023321569208581837,2.126409211935286E-4,0.010755137132221017,0.002296427296133867],[1.2205449622833252E-4,1.0,0.0011840205554692054,6.666903080494804E-4,4.157955797304007E-4,0.001485681272087208,0.006100645396920008,0.0015615585211811204,2.4571081737527814E-4,2.3233742743298643E-4,1.334222703219833E-5,2.6702887307521596E-4,1.1822698141434553E-4,5.3382633086346366E-5,0.001410985012738569,1.250345607866582E-4,1.2584012725619E-4,0.007199708209122908,1.351064120333842E-4,0.006055986348294893,1.07324659132108E-4,1.3771008686989204E-4,0.002076857241411412,1.070731834411345E-4,2.41587037638437E-4,1.0045952431884016E-4,0.0028906994627096766,1.7313031335512217E-4,1.252579622209035E-4,0.004010522532363368,4.641515193141406E-5,1.1976967237566435E-4,3.737543706705299E-4,4.855805001290034E-5,1.321126723935182E-4,3.56981477483937E-5,4.299189935765216E-5,1.1708240454507406E-4,1.470114773778214E-4,1.87899649078157E-4,1.2216145240166848E-4,8.476921516637235E-5,8.86219054139797E-5,0.0016098806467451298,1.2196395366855778E-4,3.725431782091116E-5,1.259866349805133E-4,1.1088306939252408E-4,8.77530982090184E-5,8.476484303641106E-5,8.934239460993437E-5,0.032506645648661195,1.839900036451202E-4,8.532571245603676E-4,2.1402715375696358E-4,0.008827623611560963,0.0017158109321703168],[8.84596336765434E-4,0.0011840205554692054,1.0,0.0011964179052363743,0.0012696728810997922,0.002323823426957444,0.0034656968380470683,0.0014222534366434042,0.0013122609908141133,0.0013174458180659665,0.0013120258413300413,0.001030302970685723,0.0012284480852443691,4.5938194459351866E-5,0.0014929015405271346,0.0010998661639294812,3.997153497551962E-4,0.0014435451212722666,0.0011325326726943055,0.010470862803403647,0.0011374170931632759,0.001012838459789819,0.0022880156793233485,5.94137996413803E-4,0.00227711390946382,3.975404211850361E-4,0.007271281387072199,0.002211215395538933,0.0012998675594846285,0.002162847542908759,2.4242415729682485E-4,0.0012077829585056341,0.001408728194713468,4.2885873285699477E-4,8.032543881255655E-4,8.79008393889908E-4,7.980991090738988E-4,0.0012171021141407746,0.00106847345657662,0.0011175774365330734,5.156222737185259E-4,0.0011896810739158315,0.0013295629426548043,0.0014487764906832284,8.959693193963305E-4,6.908495916398688E-4,6.022910830198796E-4,9.76889264733693E-4,2.2573044390711172E-4,6.98820680017208E-4,2.6552054463809075E-4,0.03218449258090906,0.0013354130149500628,0.0015324942184779017,8.43919170393033E-4,0.013960178438983912,0.0014623404574067354],[3.87262830650792E-4,6.666903080494804E-4,0.0011964179052363743,1.0,0.0011900447497727477,0.002625973241928464,0.006749091466929627,0.0022403398374544214,6.506347558457765E-4,8.894124169233654E-4,3.5536792412551374E-5,4.6180199648787986E-4,1.7602754711751995E-4,4.6179949366316166E-4,0.0015477701231884724,9.005415669460462E-4,4.2010692059022E-4,0.0057451829534889125,0.0011566928002974613,0.002477881568288231,5.109025106922164E-4,9.062200055381915E-4,0.0018184331813722021,8.931414883709588E-4,0.002478655793043439,0.00111622233827537,0.012923152783854155,0.0021118813961816503,4.890554464732082E-4,0.0022656669259617603,4.04065618319176E-4,8.993364897960966E-4,0.001384079528850845,3.499621374523902E-4,8.9774747821128E-4,0.0010891876070837675,0.001047100274262686,6.9025463019364E-4,0.0010061154802331069,0.0010411334232872447,4.3712348636235467E-4,5.1726647985240754E-5,8.407972644720653E-4,0.0016885158319761815,6.16352262285059E-4,9.089338039322349E-4,6.929191897101554E-4,7.774826901024939E-4,1.705791574879821E-4,4.413456912170603E-4,5.171872633282006E-4,0.014755133402065076,0.0012272022460729812,0.001811295129676432,5.984787040869724E-4,0.007301798084210835,0.0036225439562554444],[3.019203715289852E-4,4.157955797304007E-4,0.0012696728810997922,0.0011900447497727477,1.0,0.0024195015868986713,0.0064943151736940145,0.0023872498690856244,7.765604002866646E-4,8.420559916653083E-4,2.626614131320652E-4,0.001026620600479899,2.721239029533022E-4,9.371766155768799E-4,0.0020158419711426186,6.270840839949776E-4,0.001069594470340812,0.00956863461637083,4.866892391422826E-4,0.008112395787561467,1.1010618553665853E-4,9.106339064640676E-4,0.00145786278201617,8.998571047683996E-4,0.001830314125834348,4.46685907284578E-4,0.013182992891749122,0.0025644490946856394,5.987849752578415E-4,0.008149310558413602,1.91065851767888E-4,1.020901677305975E-4,0.0015745039531199138,9.351685578099528E-5,6.300305598107077E-4,0.0010563598043078798,3.0263567981585003E-4,6.773202425764539E-4,7.836712564050496E-4,2.8731878207099277E-4,5.048744464571489E-4,0.0010599046846343845,8.204283202285604E-4,0.0011842386765527463,4.6425061055030994E-4,0.0010300054204441687,1.811210039582451E-4,9.928358953674233E-4,0.0010736786173545548,5.601104700614683E-4,4.034786789098563E-4,0.020144329525475874,0.0011043836975988708,0.002427897845159571,3.7076427898506E-4,0.014972836601851166,0.003176302233669628],[3.146343798741486E-4,0.001485681272087208,0.002323823426957444,0.002625973241928464,0.0024195015868986713,1.0,0.0035564683778473247,0.0027378010013276027,0.0018964935185690074,9.795414933787651E-4,0.0027208996297980502,8.786788443270067E-4,0.0010414108129251287,5.975214494268492E-4,0.0027053893052810117,6.590449030182094E-4,8.793540073669326E-4,0.007592414094153812,4.032787300895718E-4,0.0041278345463762744,1.5746201588708557E-4,0.0022856418921906926,0.0027623276667989665,9.934547537413384E-4,0.002708138539891808,0.0014202889725404779,0.004021426493647134,0.0032815921923893404,2.94419482393728E-4,0.004228088968629216,5.048829342431684E-4,9.274026860184516E-4,0.0028961992296054184,9.419986207079461E-4,4.380767152216878E-4,2.9067513390380407E-4,5.973882877837142E-4,0.0023577617654592566,0.0015919743199139774,0.0015067408643417478,0.0010675704038901057,0.0020587103064414296,0.0010553122822441186,0.0024920813597579697,1.9053957540384703E-4,0.0024030870793758778,0.0014980045855647842,0.0013012119469350298,0.0020431799339729936,0.0016052096775554597,5.718373725631792E-4,0.049825858639919486,0.0016057301132784932,0.002725112844374853,0.0020235587030594695,0.014206854604347322,0.0036281219833465142],[0.007259282565375797,0.006100645396920008,0.0034656968380470683,0.006749091466929627,0.0064943151736940145,0.0035564683778473247,1.0,0.004693021062082818,0.00259898139808915,0.007009476754660531,4.631948170420953E-5,0.004767772391729672,0.007448920644496578,0.006413793723818977,0.003947876159016624,0.0057180062245784985,5.408006383003304E-4,0.010405262141381573,0.005218334718688675,0.0102235736181586,0.0029815255560273523,0.006892589440102625,0.0028376033935145098,0.003674404798680832,0.005624397438236428,0.0023204389253704953,0.00810787933079224,0.005743209264070029,0.0035099432762258475,0.00992165791375529,0.0015389717266694803,0.001827399626965434,0.006849487244007334,4.949950487069961E-4,0.006112051689607003,0.004194601184670035,0.0026817468332637636,0.0066136114524298715,0.001121832427826526,0.001315073692397029,0.0033053331122809113,8.214636519115762E-4,0.007149985623042677,0.0040581214695605055,0.0011619794100030231,2.3706849393805533E-4,0.006823005915504483,3.8677470462465365E-4,0.006198977818575928,0.0011492100365442983,0.0058480946144477885,0.03170845748232899,0.007403767434751974,0.006493598644285677,0.0011728399616116256,0.00851532066828094,0.005953663414541639],[0.0020856267378905917,0.0015615585211811204,0.0014222534366434042,0.0022403398374544214,0.0023872498690856244,0.0027378010013276027,0.004693021062082818,1.0,0.0026128950492609305,0.0010409044410428594,0.0016539480710375076,0.002665945700961747,0.0011629799778003274,0.001124440938656447,0.002705839427438224,0.0012701228698911795,0.0011942278335473073,0.01239205339306988,4.3561327709673386E-4,0.006364942571337959,0.0012050038925753284,0.002237315403832657,0.002546174816154708,8.7468755930361E-4,0.002687764998632213,0.0012069133638512748,0.007388338912091691,0.0030792838453702403,0.0010068127025751345,0.006955973393196085,1.0134934230940842E-4,0.002431496664229884,0.0032040291267412565,6.09030031515562E-5,0.0017609514743489674,5.477668817632309E-4,0.0022860666684573856,5.281376594598289E-4,0.0019165644577586215,9.642617443651138E-4,0.0015059772333643412,0.002064328653654594,0.0026984362788534636,0.0022022491830857764,0.0013851665327693414,0.0014668589213172715,5.36597216254296E-4,0.0012291067039534476,0.002364778462858172,0.0020008305803875994,0.002716827417961822,0.03272173204486848,0.0013413947242527679,0.002560656675029782,0.0027172536363728674,0.013906044522178728,0.003794498529746047],[3.7318994900816606E-4,2.4571081737527814E-4,0.0013122609908141133,6.506347558457765E-4,7.765604002866646E-4,0.0018964935185690074,0.00259898139808915,0.0026128950492609305,1.0,4.5097928648320717E-4,1.4350267511789678E-4,4.512314156709045E-4,3.342647678995798E-4,5.5305244698631556E-5,5.088272705203021E-4,4.5351063660850036E-4,3.821955152925944E-4,8.351720751346168E-4,2.130494979065911E-4,0.001504822115115307,2.1036990136021722E-4,4.612751167252516E-4,6.817552126554879E-4,1.9360143877223353E-4,7.683697950503796E-4,2.2625930552811046E-4,0.0064002424907183475,0.0010522871174965735,1.988260289743289E-4,5.095542028222272E-4,1.0318209603142043E-4,1.4947819477392483E-4,0.0017289894777555853,3.141872664678951E-4,4.321913317722751E-4,2.2454846387131092E-4,5.0419722363242945E-5,3.5945963904913405E-4,2.7422663695457754E-4,3.0040696130433856E-4,2.5390228476684354E-4,3.932215710595852E-4,2.2141678977356254E-4,0.0011308335736356261,2.222632991688873E-4,4.3664780870605096E-5,2.913576762301279E-4,4.2600656540587515E-4,2.0478360834023818E-4,3.7085664379286383E-4,1.4485760852773837E-4,0.028754999868070886,6.913032090663753E-4,0.0012556474040276862,4.5284544101565076E-4,0.0062373788931560405,0.0020333371861792873],[2.1917763553867304E-4,2.3233742743298643E-4,0.0013174458180659665,8.894124169233654E-4,8.420559916653083E-4,9.795414933787651E-4,0.007009476754660531,0.0010409044410428594,4.5097928648320717E-4,1.0,4.0812575705453583E-4,4.282642039608731E-4,3.6171580142632236E-4,4.51389802484787E-5,0.0017651169463556524,3.4338548386467595E-4,2.2899351357962076E-4,0.012480047376466607,2.78645266315756E-4,0.0027755303750866267,1.724925367582607E-4,4.611979804848129E-4,0.00208425244016235,3.145498405926988E-4,0.0012915268042596414,1.3508511197347827E-4,0.009189152757272362,0.0018022803649480397,2.613328038479939E-4,0.005767939669325989,2.2799116070955505E-4,3.983461359282637E-5,0.00318782902943775,1.7651034480076002E-4,1.3886178729557527E-4,2.572886843681242E-4,1.7091326154623822E-4,2.6616780813947774E-4,3.2155387941926297E-4,2.943791766374461E-4,3.067061204830528E-4,1.5408864527649752E-4,2.348719870731382E-4,0.0016762818660991604,3.333204217645962E-4,3.1714908743688127E-4,3.391290815703661E-4,3.973276381318808E-4,1.5112597554339688E-4,2.793294589458706E-4,1.1616880732610572E-4,0.013960640412097852,8.045374794040804E-4,0.002217970675641679,2.981592817694538E-4,0.004100207731686332,0.001858907493060348],[1.08426469311266E-4,1.334222703219833E-5,0.0013120258413300413,3.5536792412551374E-5,2.626614131320652E-4,0.0027208996297980502,4.631948170420953E-5,0.0016539480710375076,1.4350267511789678E-4,4.0812575705453583E-4,1.0,4.37971119148775E-4,9.997135144236926E-5,1.2414167250226086E-5,0.0022710678732291417,1.5496111219089897E-4,1.2863960718466013E-4,0.008396343306465862,4.4906188016818206E-5,0.011642180653353889,2.2194389957722863E-5,2.7127319224884823E-4,0.0015444796156954114,1.2624362935273103E-5,1.3661304317980226E-4,1.1798321917324269E-5,0.005398370742298656,0.0026890149511422583,4.298901469595271E-5,0.005676317789495182,1.6411494305002054E-5,2.5279093018971452E-5,5.680598248406267E-4,3.1308556984740914E-5,1.3008193085843546E-4,1.5162680484071105E-5,1.1357948794220582E-5,7.862232299781345E-5,1.1110272734610452E-4,6.488021556366726E-5,8.680157973874595E-5,1.2046890706712963E-5,1.584267611039192E-5,0.0016656231493976479,1.3691289893680102E-5,1.2747468444459142E-5,7.907420587251237E-5,4.7234915524165765E-5,1.2255509840059407E-5,4.213010083222417E-5,1.7177571299796575E-5,0.03976385241738601,0.001076885025749319,3.010319928895025E-4,1.8268111779667527E-4,0.004090317201895366,0.0027985569258126373],[4.221347475546647E-4,2.6702887307521596E-4,0.001030302970685723,4.6180199648787986E-4,0.001026620600479899,8.786788443270067E-4,0.004767772391729672,0.002665945700961747,4.512314156709045E-4,4.282642039608731E-4,4.37971119148775E-4,1.0,3.9902417716621095E-4,3.988244552722974E-4,0.0025869103538710956,4.168899478208843E-4,3.0540056576193865E-4,0.0041437681402255325,2.0444023644652448E-4,0.009138182307843273,1.5517312102212726E-4,4.5749544991821134E-4,0.002240231963490585,4.363017408593724E-4,7.103187312021489E-4,2.2695357013546546E-4,0.006330690088065075,7.705792356673263E-4,2.0261676753727785E-4,0.00895504419605506,3.158860042138962E-4,2.481084630804484E-4,4.694414306290672E-4,3.18145039189301E-4,2.684248878902479E-4,1.6453323820707943E-4,4.2323745774980803E-4,3.853822654186273E-4,3.025334059834122E-4,4.2991627466693137E-4,4.118993355341792E-4,3.552989953290022E-4,2.793982171308106E-4,0.0014462382869858182,3.4222003713319746E-4,9.634711429883448E-5,3.2150038917698204E-4,2.2489227812030736E-4,1.5817525669403642E-4,2.799725753241918E-4,9.217284948190172E-5,0.003610222316956554,7.642241701592028E-4,0.0020476925581221547,2.626890369915179E-4,0.006673027065034267,0.002536680716138298],[1.1600767485687407E-4,1.1822698141434553E-4,0.0012284480852443691,1.7602754711751995E-4,2.721239029533022E-4,0.0010414108129251287,0.007448920644496578,0.0011629799778003274,3.342647678995798E-4,3.6171580142632236E-4,9.997135144236926E-5,3.9902417716621095E-4,1.0,3.6314074296583986E-5,8.956535549053163E-4,1.93063553883636E-4,1.2158061692086858E-4,0.0016112520936434854,1.2112886366790995E-4,6.360204708546182E-4,1.1034819942585229E-4,3.358185703892755E-4,9.075601352360775E-4,7.139014153216304E-5,6.945239031764147E-4,5.2808399218474495E-5,0.004207722528248953,9.763393304230179E-4,1.2652445532844355E-4,0.0018132414416686408,9.673798615722332E-5,6.303981355032062E-5,0.0029502354582145104,7.984922106883303E-5,1.2989148142617058E-4,4.590146398151783E-5,5.358464680782061E-5,1.1453193147889162E-4,1.5811639401858878E-4,1.903188427524488E-4,1.1812655584764131E-4,1.0598681326724017E-4,1.0361837947971643E-4,8.82895183603529E-4,5.370112611465764E-5,6.295557242110148E-5,1.1769736536806464E-4,1.0402207141605077E-4,4.632752866012167E-5,9.932050164774913E-5,8.954917332288514E-5,0.003786385624416337,8.871934106086225E-4,0.002258447301914219,2.264153792732726E-4,0.010278776665961834,5.303366772579126E-4],[1.1536461445036048E-4,5.3382633086346366E-5,4.5938194459351866E-5,4.6179949366316166E-4,9.371766155768799E-4,5.975214494268492E-4,0.006413793723818977,0.001124440938656447,5.5305244698631556E-5,4.51389802484787E-5,1.2414167250226086E-5,3.988244552722974E-4,3.6314074296583986E-5,1.0,0.0010799233974584715,2.3900616010443592E-4,9.232533056617383E-5,0.011613609859771976,1.1926739117988142E-4,0.012858659586240906,8.064600259804133E-5,1.1947837779338379E-4,0.0022439518768116724,2.2968053399290717E-5,5.435442690656818E-4,1.0897401491710103E-5,4.2936367214449066E-4,0.0017120175535248476,8.279913255042958E-5,0.0045998294949959025,1.4044840567583824E-5,1.9257233567701145E-5,0.0013586389473185564,1.3871053943553786E-5,5.9869472382320725E-5,2.3171411716137385E-5,1.1010346056462885E-5,4.8474452800951726E-5,1.1017279125520777E-4,5.16027659096225E-5,4.3291525510273E-5,1.1332188052925583E-5,1.7291119650252228E-5,9.994689428480506E-4,2.2794590218277456E-5,1.6963243671026865E-5,1.760015404180818E-5,2.995114469177344E-5,1.2003795025944993E-5,2.2202016200667054E-5,2.2609419741794863E-5,0.016404248768068987,1.06331901287246E-4,0.0014247356031621974,1.8528098929629456E-4,0.011068100804354806,0.002703914344341873],[4.1941594632322656E-4,0.001410985012738569,0.0014929015405271346,0.0015477701231884724,0.0020158419711426186,0.0027053893052810117,0.003947876159016624,0.002705839427438224,5.088272705203021E-4,0.0017651169463556524,0.0022710678732291417,0.0025869103538710956,8.956535549053163E-4,0.0010799233974584715,1.0,2.8876685173606073E-4,0.002528485395085607,0.013226683562642741,0.0016693785170238391,0.006784921228664824,6.504188656001168E-4,8.900573935338172E-4,0.0026188598975276597,3.0642474598393784E-5,0.002671713810390521,0.0019552994116639726,0.008733445772310122,0.003167849263195811,9.263998862668156E-4,0.007530208049779219,4.242042333413403E-4,0.0011131172810415083,0.0028912411457772567,0.001659058516296313,9.182380842430731E-4,7.819932261205541E-4,0.0013509553914355314,0.0025477106541219874,0.0011169304699703375,3.0792705927663573E-4,0.0019437628520962318,5.274894030067081E-4,5.4559437223212446E-5,0.0021600175697437376,9.772742122578896E-5,0.0021677798641673044,0.0023406612598748833,0.0011741069893899567,0.0015746244087462167,0.0024678630789890894,6.289732618596643E-4,0.04637741601732546,0.0016120466317502509,0.0024958912754183523,6.016805570543648E-4,0.006003009412136621,0.003286988559575811],[2.2210912931412057E-4,1.250345607866582E-4,0.0010998661639294812,9.005415669460462E-4,6.270840839949776E-4,6.590449030182094E-4,0.0057180062245784985,0.0012701228698911795,4.5351063660850036E-4,3.4338548386467595E-4,1.5496111219089897E-4,4.168899478208843E-4,1.93063553883636E-4,2.3900616010443592E-4,2.8876685173606073E-4,1.0,2.011658509451801E-4,0.009462277092767181,1.931725257908864E-4,0.005797362706230094,1.3920301973345458E-4,4.38653705223479E-4,2.8402484766426903E-4,2.1592725889632913E-4,4.8068919429531125E-4,4.010698059307459E-5,0.012124187740245276,3.691039182463163E-4,1.5242135745389474E-4,0.005587479447352002,1.6448734412231503E-4,2.2669252283047918E-4,3.493152633755024E-4,2.3055991878582252E-4,1.717538177145319E-4,1.557312387683764E-4,9.311532745610884E-5,2.3520554449229315E-4,2.406898123076646E-4,2.299049200606892E-4,1.4846314181604496E-4,4.716952539020874E-5,2.1309433202749826E-4,9.372981927944802E-4,1.9726272335057854E-4,1.0643844230878858E-4,2.3625473833618774E-4,1.3581336917144012E-4,4.47594227327434E-5,1.223234244875962E-4,8.937259782322918E-5,0.0063826694521363254,8.677218322156576E-4,0.0015242890908637805,2.4110238475013286E-4,0.011942777298953395,0.001136790573648883],[1.2741497835662332E-4,1.2584012725619E-4,3.997153497551962E-4,4.2010692059022E-4,0.001069594470340812,8.793540073669326E-4,5.408006383003304E-4,0.0011942278335473073,3.821955152925944E-4,2.2899351357962076E-4,1.2863960718466013E-4,3.0540056576193865E-4,1.2158061692086858E-4,9.232533056617383E-5,0.002528485395085607,2.011658509451801E-4,1.0,0.0033728198717591085,1.3869327403210913E-4,0.008394530999503075,1.2382478013454523E-4,3.561782108649701E-4,0.0016182015605787363,1.106904663075838E-4,0.0014069833325072725,4.0881986606713424E-5,0.0070038255393978744,0.0016394697775145126,1.3382921329912296E-4,0.006141797213515348,6.18559863744256E-5,1.0274775381160954E-4,8.172551194871342E-4,1.285808147583399E-4,1.3399400035929643E-4,5.859897757863478E-5,1.0470897461264809E-4,1.3436370304450228E-4,2.355518733860516E-4,1.3580253619747802E-4,1.3272888720950853E-4,2.3316078898202707E-5,1.3457807138389546E-4,7.757471681449515E-4,8.181495545654709E-5,1.0637264652149139E-4,1.3470318877821522E-4,8.653399077250189E-5,9.473162077858687E-5,8.392528677645452E-5,9.392926286500223E-5,0.020091729254017813,1.6210568372459664E-4,0.0011537624845911023,2.1599088311968388E-4,0.01581964064991002,0.0024509373293931797],[0.013719196563319646,0.007199708209122908,0.0014435451212722666,0.0057451829534889125,0.00956863461637083,0.007592414094153812,0.010405262141381573,0.01239205339306988,8.351720751346168E-4,0.012480047376466607,0.008396343306465862,0.0041437681402255325,0.0016112520936434854,0.011613609859771976,0.013226683562642741,0.009462277092767181,0.0033728198717591085,1.0,0.006722804808550027,0.01612327130939758,1.2123256604674761E-4,4.942094709466463E-4,0.005400387263203606,0.014748068438961068,0.008882958685715751,0.015543333073450601,0.01622556881131003,0.007569789003334297,0.016192062328943088,0.011037431161807276,0.008583013559492578,0.014988906603693416,0.007485802734454584,0.002978268239868095,0.00837865344285061,0.011766220790851843,0.014266712590550736,0.016411688918097703,0.013336836351662624,0.0021882562698263336,0.015386389870774179,0.011088028455323876,0.003247760804263322,0.006103206955653165,0.016488340950852182,3.953363131743702E-4,0.0020928272389025802,0.006542112096009109,0.012592614010259948,0.015926717762561583,0.010142674272522453,0.02791131082431203,0.008574730394104082,0.006629002743778865,7.006969265777927E-4,0.01601714931331926,0.014846555808904944],[1.3988848015921207E-4,1.351064120333842E-4,0.0011325326726943055,0.0011566928002974613,4.866892391422826E-4,4.032787300895718E-4,0.005218334718688675,4.3561327709673386E-4,2.130494979065911E-4,2.78645266315756E-4,4.4906188016818206E-5,2.0444023644652448E-4,1.2112886366790995E-4,1.1926739117988142E-4,0.0016693785170238391,1.931725257908864E-4,1.3869327403210913E-4,0.006722804808550027,1.0,0.0042872484466465206,1.365175015263915E-4,1.573968233318095E-4,8.575445863198694E-4,3.5193147672104945E-5,0.0016366478409827537,8.427823432214148E-5,0.003356901707560924,3.915182209050594E-4,1.3796831280309737E-4,0.005934481453974293,1.230292431304204E-4,5.3865005338412546E-5,6.84902080181145E-4,1.2128481415063649E-4,1.3763784036085103E-4,1.0790308335534483E-4,1.8017770286568824E-5,1.0901462530558532E-4,1.8991873280858722E-4,1.6510138920845262E-4,1.2420691871929318E-4,9.820573812737003E-5,1.0069785378352577E-4,8.301962205190232E-4,8.743478999212843E-5,5.8037017085750756E-5,1.380767460823579E-4,1.0578007972687291E-4,1.359201327951562E-4,1.1307558828730222E-4,6.0923377182558975E-5,0.04141182972667518,4.557729420513347E-4,0.001646340783464026,1.4175291840684564E-4,0.004147068840115091,0.0025754585677347855],[0.013141664663207831,0.006055986348294893,0.010470862803403647,0.002477881568288231,0.008112395787561467,0.0041278345463762744,0.0102235736181586,0.006364942571337959,0.001504822115115307,0.0027755303750866267,0.011642180653353889,0.009138182307843273,6.360204708546182E-4,0.012858659586240906,0.006784921228664824,0.005797362706230094,0.008394530999503075,0.01612327130939758,0.0042872484466465206,1.0,0.006946730789369727,0.013980535654614164,0.009309490619781362,4.589232252250278E-5,0.011841842157198542,5.153309685324596E-4,0.014102604713514176,0.007435938166763972,0.010116278047715734,0.01309986821148326,0.0037947677856098637,0.010224537043265043,0.007194067704375387,0.01416942927611296,0.001663345680905201,0.010286173759659584,0.006094390452906017,0.011124843890858108,0.012608428469384094,0.0036696603978063893,0.0014781260631833383,0.011065650722673884,0.006514683878731733,0.013919358936880953,0.007676649579711738,0.008009488146885818,0.005450193016763848,0.012933417785866017,0.0016865509980962786,0.0065574651042374825,0.002658721497302346,0.03714413046311002,0.010730228986391163,0.0070727648917215495,0.011971850980261246,0.01571603292513866,0.005734312024020002],[1.082733252724576E-4,1.07324659132108E-4,0.0011374170931632759,5.109025106922164E-4,1.1010618553665853E-4,1.5746201588708557E-4,0.0029815255560273523,0.0012050038925753284,2.1036990136021722E-4,1.724925367582607E-4,2.2194389957722863E-5,1.5517312102212726E-4,1.1034819942585229E-4,8.064600259804133E-5,6.504188656001168E-4,1.3920301973345458E-4,1.2382478013454523E-4,1.2123256604674761E-4,1.365175015263915E-4,0.006946730789369727,1.0,3.3337175736134167E-4,3.9683542467403477E-4,6.131146951155036E-5,0.0013023425525634869,9.41950403607682E-5,0.011879544206011972,0.003128713247112543,1.2625855723090006E-4,0.0029775390119676243,2.9038163634067053E-5,3.4532939277990246E-5,2.0610177594700645E-4,7.966384691876282E-5,1.223286539168722E-4,7.931854847917786E-5,1.0494900895794666E-5,1.0672407337390217E-4,1.7736649071751166E-4,1.6024406570265117E-4,1.1482044272849097E-4,7.319375841800429E-5,8.395863101715153E-5,3.590917197757335E-4,3.918174426371125E-5,5.757554099153829E-5,1.2030794684632559E-4,7.873932519349094E-5,1.5984020335321912E-5,9.169546543726895E-5,5.311052711306972E-5,0.02771104690695359,7.738383241033114E-4,0.002139039481381032,2.250107178235723E-4,0.009279573029832516,3.562992851381772E-4],[3.246809143443613E-4,1.3771008686989204E-4,0.001012838459789819,9.062200055381915E-4,9.106339064640676E-4,0.0022856418921906926,0.006892589440102625,0.002237315403832657,4.612751167252516E-4,4.611979804848129E-4,2.7127319224884823E-4,4.5749544991821134E-4,3.358185703892755E-4,1.1947837779338379E-4,8.900573935338172E-4,4.38653705223479E-4,3.561782108649701E-4,4.942094709466463E-4,1.573968233318095E-4,0.013980535654614164,3.3337175736134167E-4,1.0,0.0022696727251705854,1.3918934962315935E-4,9.807489351023853E-4,2.399000925698367E-4,0.011771324224337111,0.0032756547021307652,2.9142334192652276E-4,0.00723810547366277,1.9833241067668305E-4,1.475679943834107E-4,0.002744047959059881,3.570518460850128E-4,3.133852961420429E-4,3.2346113233865093E-4,3.32777101034635E-4,2.7908527701633233E-4,3.257108631251705E-4,2.865220359575937E-4,1.231822598936285E-4,3.8729167579140716E-4,6.808853079691216E-5,9.75422043001357E-4,4.0924679149378766E-4,9.52345460760892E-5,3.5482461108619575E-4,2.686668328147632E-4,3.5332589095914054E-4,4.251126514165931E-4,3.039147567455018E-4,0.02330183490792548,6.132289174202527E-4,0.00239512360731986,3.530019730951264E-4,0.00320404813898323,0.0012246196128693338],[0.0018951572422847259,0.002076857241411412,0.0022880156793233485,0.0018184331813722021,0.00145786278201617,0.0027623276667989665,0.0028376033935145098,0.002546174816154708,6.817552126554879E-4,0.00208425244016235,0.0015444796156954114,0.002240231963490585,9.075601352360775E-4,0.0022439518768116724,0.0026188598975276597,2.8402484766426903E-4,0.0016182015605787363,0.005400387263203606,8.575445863198694E-4,0.009309490619781362,3.9683542467403477E-4,0.0022696727251705854,1.0,0.0024950591008720932,0.002540467466904628,4.4435592641281024E-4,0.010861968083571136,0.0031752556781060913,8.649250968284976E-4,0.008804866695363282,0.0022167465027422757,0.0014850716835594368,0.0026080590703046113,5.389446279108809E-4,0.0018324092564296435,5.270136221033621E-4,0.0019985280625389123,0.0018935103887925064,0.0012629158795529295,0.002501726677437617,0.0016965345692658818,3.0233168556259793E-4,7.83265013444638E-4,0.0021525246941903166,5.361145875818871E-4,3.129669050980573E-4,6.128554859576396E-4,2.1461080689918327E-4,8.469602094499434E-4,2.9886182185810846E-4,0.0023325146266132135,0.0034121978088181154,0.0018350115073652996,0.0025311466521404924,0.0022079068743281493,0.006766549295486311,0.0035152336052918206],[1.0885976452658226E-4,1.070731834411345E-4,5.94137996413803E-4,8.931414883709588E-4,8.998571047683996E-4,9.934547537413384E-4,0.003674404798680832,8.7468755930361E-4,1.9360143877223353E-4,3.145498405926988E-4,1.2624362935273103E-5,4.363017408593724E-4,7.139014153216304E-5,2.2968053399290717E-5,3.0642474598393784E-5,2.1592725889632913E-4,1.106904663075838E-4,0.014748068438961068,3.5193147672104945E-5,4.589232252250278E-5,6.131146951155036E-5,1.3918934962315935E-4,0.0024950591008720932,1.0,3.833741200753257E-4,2.6602675639613098E-5,0.009906894750200197,0.0022345600696677234,1.2743338280995099E-4,0.010512851773606153,2.3016832456782318E-5,2.725716635072799E-5,0.002192989632325275,3.31368724585211E-5,4.626894411346544E-5,3.0399897277018736E-5,2.5867745150679158E-5,1.0119620662910164E-4,6.516790845460361E-5,1.5134434316383538E-4,5.869720288347404E-5,1.5930320625111857E-5,3.195852528229074E-5,4.5015557819660007E-4,2.9331727006717618E-5,2.7252079770365128E-5,7.87809324573907E-5,3.152599938087569E-5,1.8409808650340014E-5,3.368611254299409E-5,2.3241985491443147E-5,0.015283967214395476,6.721186611710745E-4,7.142659317540858E-4,4.711052675909587E-5,0.01163531041781179,7.733486531359709E-4],[0.0011281567029571239,2.41587037638437E-4,0.00227711390946382,0.002478655793043439,0.001830314125834348,0.002708138539891808,0.005624397438236428,0.002687764998632213,7.683697950503796E-4,0.0012915268042596414,1.3661304317980226E-4,7.103187312021489E-4,6.945239031764147E-4,5.435442690656818E-4,0.002671713810390521,4.8068919429531125E-4,0.0014069833325072725,0.008882958685715751,0.0016366478409827537,0.011841842157198542,0.0013023425525634869,9.807489351023853E-4,0.002540467466904628,3.833741200753257E-4,1.0,0.0016507371145652577,0.01201147864355517,0.0029370268881514974,0.0023838545532042705,0.007554677365156349,0.002226001306641769,3.4416604804898864E-4,0.003263924465300447,0.002292320769681329,0.0016605947899391402,5.680535746240336E-4,0.0017875132373612705,7.698349207928379E-4,0.0012012849781055143,5.963785652360336E-4,0.002311242239835516,0.0010445387351691962,0.0013373154384415976,0.0019681078842769995,6.435389305785135E-4,2.7272084636842966E-4,0.002142494210159137,4.2344047360857345E-4,0.0013256615279548026,0.0016346851936167091,0.0015191456005638417,0.028628453994146312,0.002539323016882038,0.002542411430579581,6.6739822384405E-4,0.01558951415235496,0.0037494478528429798],[7.024310277846412E-5,1.0045952431884016E-4,3.975404211850361E-4,0.00111622233827537,4.46685907284578E-4,0.0014202889725404779,0.0023204389253704953,0.0012069133638512748,2.2625930552811046E-4,1.3508511197347827E-4,1.1798321917324269E-5,2.2695357013546546E-4,5.2808399218474495E-5,1.0897401491710103E-5,0.0019552994116639726,4.010698059307459E-5,4.0881986606713424E-5,0.015543333073450601,8.427823432214148E-5,5.153309685324596E-4,9.41950403607682E-5,2.399000925698367E-4,4.4435592641281024E-4,2.6602675639613098E-5,0.0016507371145652577,1.0,0.010660054272304322,0.0019252381067136675,1.924934333129251E-5,3.779467734125512E-4,1.0996124649462253E-5,2.4722958733986746E-5,0.002425129021360154,3.104377235754545E-5,1.1348242037652421E-4,2.482687914923253E-5,1.0126932523666977E-5,2.088400067401782E-5,1.6981771671072511E-4,1.8218488469652999E-4,4.151670088594043E-5,1.1057268377912119E-5,1.5564543709679932E-5,0.0013793996823961256,1.4625854760681658E-5,1.613021711513259E-5,1.540068080846157E-5,4.0708618408137894E-5,1.1345015653215495E-5,4.195883850285003E-5,1.6183948894187523E-5,0.018998772282447885,1.8026832778623102E-4,0.0018302366401779517,2.0111086980184272E-4,0.010737387514245425,0.0027007658071837638],[0.0014611601990287442,0.0028906994627096766,0.007271281387072199,0.012923152783854155,0.013182992891749122,0.004021426493647134,0.00810787933079224,0.007388338912091691,0.0064002424907183475,0.009189152757272362,0.005398370742298656,0.006330690088065075,0.004207722528248953,4.2936367214449066E-4,0.008733445772310122,0.012124187740245276,0.0070038255393978744,0.01622556881131003,0.003356901707560924,0.014102604713514176,0.011879544206011972,0.011771324224337111,0.010861968083571136,0.009906894750200197,0.01201147864355517,0.010660054272304322,1.0,0.010807113691799507,0.004592820913294578,0.010667329660186324,0.00471721619937863,0.012150960144894175,0.004566011677748781,0.010524842775467207,0.012603311438163345,0.0021686954400722156,8.064565803086333E-4,0.002012202097320087,0.007742709023624787,0.0013045811788626109,0.0028543037046872013,0.0023992775767654475,0.0010827416309857126,0.0062190115708355975,0.010828773683084087,0.0072851028210445005,0.004666010298821265,0.003909667109767221,0.01046583308267827,2.2791309844530751E-4,0.011779056749163914,0.025537302193924916,0.0040794383149872285,0.011687072882399044,0.003942145999223686,0.015318668981702751,0.012168945902488168],[0.002662601152896217,1.7313031335512217E-4,0.002211215395538933,0.0021118813961816503,0.0025644490946856394,0.0032815921923893404,0.005743209264070029,0.0030792838453702403,0.0010522871174965735,0.0018022803649480397,0.0026890149511422583,7.705792356673263E-4,9.763393304230179E-4,0.0017120175535248476,0.003167849263195811,3.691039182463163E-4,0.0016394697775145126,0.007569789003334297,3.915182209050594E-4,0.007435938166763972,0.003128713247112543,0.0032756547021307652,0.0031752556781060913,0.0022345600696677234,0.0029370268881514974,0.0019252381067136675,0.010807113691799507,1.0,3.2436277746622727E-4,0.009693065321644354,0.001964143654917976,3.5288282167804836E-4,0.003329699931488916,0.0023705041338288723,0.002915108699538041,0.001110767155072188,1.435660982534967E-4,6.141885828364015E-4,0.001325773202326009,0.0017650740395000674,0.0029040185666839627,0.00295057686888577,0.0011508572744787235,0.0020595491191873175,9.541359190288925E-4,0.0031098805822904496,4.7167810153846666E-4,0.0027429552130783627,0.002239905613894353,0.002687021469036029,0.0013146967817626934,0.03685716903505303,0.0022938132516833656,0.0030785374959286615,0.002179099961921088,0.008311841205828459,0.0036124364928466785],[1.2600326609277286E-4,1.252579622209035E-4,0.0012998675594846285,4.890554464732082E-4,5.987849752578415E-4,2.94419482393728E-4,0.0035099432762258475,0.0010068127025751345,1.988260289743289E-4,2.613328038479939E-4,4.298901469595271E-5,2.0261676753727785E-4,1.2652445532844355E-4,8.279913255042958E-5,9.263998862668156E-4,1.5242135745389474E-4,1.3382921329912296E-4,0.016192062328943088,1.3796831280309737E-4,0.010116278047715734,1.2625855723090006E-4,2.9142334192652276E-4,8.649250968284976E-4,1.2743338280995099E-4,0.0023838545532042705,1.924934333129251E-5,0.004592820913294578,3.2436277746622727E-4,1.0,0.0012082633116041299,1.2339354479257178E-4,7.723531006530732E-5,0.002174179929866893,1.2343066675534584E-4,1.299018187949598E-4,8.936264381947826E-5,9.59158737073825E-5,1.239896353671833E-4,1.835645057244651E-4,1.9840326092231673E-4,1.2815978466705708E-4,5.1709138029907215E-5,4.491361271854753E-5,2.685527741124596E-4,4.4074322221205107E-5,8.504596153317036E-5,1.275165317055116E-4,1.2173195639257445E-4,6.391447515798342E-5,9.26595989761506E-5,2.8073674193904457E-5,0.026363897533956262,4.039311247006122E-4,5.726221401551835E-4,1.4433161646681584E-4,0.010737188522521092,0.003860296906696099],[0.006360499879530238,0.004010522532363368,0.002162847542908759,0.0022656669259617603,0.008149310558413602,0.004228088968629216,0.00992165791375529,0.006955973393196085,5.095542028222272E-4,0.005767939669325989,0.005676317789495182,0.00895504419605506,0.0018132414416686408,0.0045998294949959025,0.007530208049779219,0.005587479447352002,0.006141797213515348,0.011037431161807276,0.005934481453974293,0.01309986821148326,0.0029775390119676243,0.00723810547366277,0.008804866695363282,0.010512851773606153,0.007554677365156349,3.779467734125512E-4,0.010667329660186324,0.009693065321644354,0.0012082633116041299,1.0,0.008454493699852825,0.0025031543232708793,0.0036415326746139535,0.004721340239295923,0.0012367658532057798,0.0036853152957175873,7.981366218317177E-4,0.0029174746780792314,0.008776478590359191,0.00778500281706941,0.0034976869598781347,0.008304418785679616,0.001640023030375019,0.007351016488016502,0.008807955504963457,0.0014179806328528557,9.214341877292518E-4,0.008587284552888902,0.005382219689462516,0.008922296528291991,0.0026884233802612996,0.04364232793322825,0.0035923776134334402,0.009320143556889747,0.0021191903959874784,0.013639905614042953,0.010578805727919298],[3.091267769447805E-5,4.641515193141406E-5,2.4242415729682485E-4,4.04065618319176E-4,1.91065851767888E-4,5.048829342431684E-4,0.0015389717266694803,1.0134934230940842E-4,1.0318209603142043E-4,2.2799116070955505E-4,1.6411494305002054E-5,3.158860042138962E-4,9.673798615722332E-5,1.4044840567583824E-5,4.242042333413403E-4,1.6448734412231503E-4,6.18559863744256E-5,0.008583013559492578,1.230292431304204E-4,0.0037947677856098637,2.9038163634067053E-5,1.9833241067668305E-4,0.0022167465027422757,2.3016832456782318E-5,0.002226001306641769,1.0996124649462253E-5,0.00471721619937863,0.001964143654917976,1.2339354479257178E-4,0.008454493699852825,1.0,1.8750240412750232E-5,8.639293834766978E-4,3.0191303661925015E-5,7.944203328760918E-5,2.4888732461108936E-5,1.6787416158097546E-5,6.07893440751237E-5,1.8705382366753035E-4,1.0576008441781428E-4,6.354697790827209E-5,1.710055604463418E-5,2.587626887493971E-5,3.5218291555542144E-4,1.892841488893567E-5,1.982241266607322E-5,4.123344658321559E-5,6.19222256006482E-5,1.3412359964592542E-5,2.209749705431265E-5,2.1387221720906328E-5,0.03948499057063374,6.604578148439803E-4,0.001071964546529292,8.019468852463989E-5,0.014310489419899396,0.0011484739439690883],[7.079737684135475E-5,1.1976967237566435E-4,0.0012077829585056341,8.993364897960966E-4,1.020901677305975E-4,9.274026860184516E-4,0.001827399626965434,0.002431496664229884,1.4947819477392483E-4,3.983461359282637E-5,2.5279093018971452E-5,2.481084630804484E-4,6.303981355032062E-5,1.9257233567701145E-5,0.0011131172810415083,2.2669252283047918E-4,1.0274775381160954E-4,0.014988906603693416,5.3865005338412546E-5,0.010224537043265043,3.4532939277990246E-5,1.475679943834107E-4,0.0014850716835594368,2.725716635072799E-5,3.4416604804898864E-4,2.4722958733986746E-5,0.012150960144894175,3.5288282167804836E-4,7.723531006530732E-5,0.0025031543232708793,1.8750240412750232E-5,1.0,5.032836512485177E-4,3.19739668080473E-5,9.229943210974407E-5,2.9927107463871237E-5,1.076084259555396E-5,1.0509325593791374E-4,6.106366996861153E-5,1.9541195001931272E-4,6.997762256048064E-5,2.641732721513748E-5,2.9518781195452857E-5,5.074692289252419E-4,2.7273088911970053E-5,2.7201913751177237E-5,1.1494254193018618E-4,5.870331541786882E-5,1.816955415637887E-5,4.181839179987335E-5,2.3803455728687883E-5,0.01905619979093485,6.545656351514809E-4,0.0010663864257769544,1.1317572187921581E-4,0.010116337290700604,0.0019319352754935237],[0.0014859476937114187,3.737543706705299E-4,0.001408728194713468,0.001384079528850845,0.0015745039531199138,0.0028961992296054184,0.006849487244007334,0.0032040291267412565,0.0017289894777555853,0.00318782902943775,5.680598248406267E-4,4.694414306290672E-4,0.0029502354582145104,0.0013586389473185564,0.0028912411457772567,3.493152633755024E-4,8.172551194871342E-4,0.007485802734454584,6.84902080181145E-4,0.007194067704375387,2.0610177594700645E-4,0.002744047959059881,0.0026080590703046113,0.002192989632325275,0.003263924465300447,0.002425129021360154,0.004566011677748781,0.003329699931488916,0.002174179929866893,0.0036415326746139535,8.639293834766978E-4,5.032836512485177E-4,1.0,0.002327139265008683,0.0021567643180705923,0.0016306137071824798,5.03998158471417E-4,1.4631176563640344E-4,7.20595246271039E-4,0.0022267768847035584,0.002297367286980041,4.7420626515407125E-4,8.206226499721524E-4,0.003234321904313013,0.0025175486139119717,0.0018877031228069399,0.002343508132209199,0.003160808352020159,0.001139453793820012,0.0020997239706399746,0.001561763591877777,0.027656382026553517,0.002984605036091666,0.0028453713286428492,0.0011036275448704864,0.011118404056719496,0.003852314847226774],[5.975827078886519E-5,4.855805001290034E-5,4.2885873285699477E-4,3.499621374523902E-4,9.351685578099528E-5,9.419986207079461E-4,4.949950487069961E-4,6.09030031515562E-5,3.141872664678951E-4,1.7651034480076002E-4,3.1308556984740914E-5,3.18145039189301E-4,7.984922106883303E-5,1.3871053943553786E-5,0.001659058516296313,2.3055991878582252