[[1.0,4.462099118101568E-4,2.0039547290593768E-4,9.560642828909408E-5,0.004291439278744266,0.006666723993480908,0.006982825407574566,1.5876340606943307E-4,1.9260207447109612E-4,0.0011840700201608818,1.601808655124252E-4,4.0430523500253695E-4,1.9862351212490708E-4,1.4003325279847353E-4,1.5520117438004043E-4,4.92936174140677E-4,1.2591234921715508E-4,1.6407210897479856E-4,1.555511556904186E-4,0.001132240134952191,0.002063544513509123,0.0011030326534134471,1.1518735089824863E-4,1.6182213852532898E-4,2.0595773508618397E-4,8.941642485461795E-4,0.008230935430223645,9.595667756037541E-5,1.306684226158546E-4,1.4368050907601892E-4,2.404299586436134E-5,5.009680295035326E-4,1.5696589873138585E-4,6.081329355513344E-4,7.428651707369301E-5,1.2065274164943668E-4,1.442133721597804E-4,4.665908141810907E-5,1.6549923253106403E-4,0.021366764922666447,1.349697105366362E-4],[4.462099118101568E-4,1.0,3.7662007840429427E-4,2.987290792384426E-4,0.0018820895110044614,0.005270963892709459,0.005890357666787102,1.2874603630954348E-4,5.064713124008761E-4,0.001093476187601192,2.2548857061666566E-4,0.0010152236257061614,3.632494875001472E-4,4.9421469360843E-4,1.729593449828636E-4,6.906710381543118E-4,4.761108284515626E-4,5.061904038015051E-4,3.198047684407608E-4,6.902622918613695E-4,0.0034518772196028445,7.131260645893119E-4,3.904129796351869E-4,2.9626822580524714E-4,4.8502253557773455E-4,9.490616323512436E-4,0.0106512226792819,5.247729526158282E-4,5.226589386460888E-4,4.371896859542174E-4,7.212616292069998E-5,0.003054528420371787,2.0979036805302025E-4,0.0018964845093898926,4.2914937648294853E-4,2.1582576454190792E-4,5.194938150250146E-4,4.6297155065961465E-4,2.0633731061334113E-4,0.014811806627319587,4.4015397115272273E-4],[2.0039547290593768E-4,3.7662007840429427E-4,1.0,1.7646599176363126E-4,0.001535762242730735,0.008942932683711234,0.00425444188026956,1.7398220835130958E-4,2.60098604647278E-4,9.219640985971258E-4,2.0066990233995812E-4,4.895771972870692E-4,2.3757155759377007E-4,1.3767026895195695E-4,2.0090763832302243E-4,5.13440339082593E-4,1.4706472861405356E-4,1.9518044049659998E-4,1.882280790124438E-4,0.0015107704046523807,9.93482544932505E-4,2.2428369332077946E-4,2.7932680617789053E-5,1.950857946832271E-4,4.3602669487022045E-4,0.0010865008400314197,0.01036120825609634,2.7090624746892616E-5,6.008053646635332E-5,1.9035307450405992E-4,3.577920893659463E-5,0.003278316120403459,1.870645398349786E-4,6.649560527994822E-4,7.983751165107904E-5,1.5630780371397895E-4,1.2215003626206232E-4,6.843259520834294E-5,2.050695251806781E-4,0.011613572713267187,1.144223578807789E-4],[9.560642828909408E-5,2.987290792384426E-4,1.7646599176363126E-4,1.0,0.0015559066872246475,0.014301771138334309,0.004790973766114824,4.316391424896922E-5,1.1130752449474322E-4,8.240478193380685E-4,8.737471615074707E-5,0.001520080207662114,2.7825777493622805E-4,2.7075246113709962E-5,2.1227577375409688E-5,4.754620411243064E-4,3.410382231702893E-5,1.2264676469876738E-4,1.1491453937310784E-4,1.0003513862757925E-4,0.0015545651635155914,7.146293222043381E-4,3.001682771339786E-5,1.0218912270421473E-4,3.241581256466659E-4,0.0013370684832964312,0.010267132340522199,3.874930980212028E-5,3.203990728249167E-5,9.611922618962796E-5,3.471040909186824E-5,0.0014944570141691915,8.159569064321073E-5,6.307587847900765E-4,1.688500925317216E-5,9.605527168738098E-5,3.368775075155736E-5,3.275256651779425E-5,1.6988224092651805E-4,0.010858802224204935,7.599053005152465E-5],[0.004291439278744266,0.0018820895110044614,0.001535762242730735,0.0015559066872246475,1.0,0.008341640748458114,0.0044839671684649245,0.0037487761013630275,0.001604550337407674,0.004242726248869353,0.0014458538489597597,0.004123169631156006,0.0010064387092015368,0.003950071345470727,3.021497945247464E-4,0.002927275429804033,0.001496579091540566,0.004190901931620298,1.4476810386878532E-4,0.003598587074972735,0.004472751236898853,0.0028204263014252077,0.0026458030006732327,4.897352057071522E-4,0.004157832744912908,0.0026135880466292127,0.010398036401267857,0.0013210244698174552,0.0035557580694409157,0.0017147356366105948,0.0029354865241596425,0.003995032996914,3.227656224123335E-4,0.0028508700735789374,0.0010091082605949851,2.4822696790817857E-4,0.0016593793415275143,0.003150330971602759,0.004096649314069007,0.030031592877798153,4.223846732783699E-4],[0.006666723993480908,0.005270963892709459,0.008942932683711234,0.014301771138334309,0.008341640748458114,1.0,0.010541285091785896,0.01300851150007981,0.0011499025124875554,0.0019090769788456235,0.008600065646774405,0.008610360998669079,0.010362683629805327,0.010963428725973003,0.01502705766590723,0.01020309991901763,0.009283105779981421,0.012096539900636234,0.001998082524553297,0.014834730419415455,0.011585272507982896,0.012640401530913012,0.0038937024977774236,0.014591083276143585,0.0016578024206278102,0.012307269876160057,0.017071095138097698,0.0020531063002414427,0.009739899203189815,0.002735264735095294,0.016288847518473176,0.005313926077375412,0.01598692351198166,0.011556788162899116,0.012460593846245432,0.004326506968188998,0.008973438741207722,0.011591104575302835,0.0066772141426060735,0.020865855045340678,0.007224789404935964],[0.006982825407574566,0.005890357666787102,0.00425444188026956,0.004790973766114824,0.0044839671684649245,0.010541285091785896,1.0,0.0040361864523412805,0.005662843559634738,0.002844731182983796,0.00160990827379378,0.006841689588321533,0.0013284224021067057,0.003789212961396388,0.004797208769083011,0.003570437394466687,0.001037064491689566,0.003984657190099066,0.0037447520977539426,0.006081595616598582,0.005036487332124069,0.006526115441842877,0.003366128358974377,0.001379920387070733,0.004287287542825822,0.0020184829814665546,0.012203682667510419,0.005449781249135464,0.0013247183363855081,0.0020395139923824607,3.730659629462033E-4,0.004114731061953579,0.0059837086416276,0.005277597721577128,0.00650045331744205,4.1959804098681597E-4,0.0030867160362672043,7.679547532094531E-4,0.006868297473413419,0.030121515545953062,0.0021258906704675574],[1.5876340606943307E-4,1.2874603630954348E-4,1.7398220835130958E-4,4.316391424896922E-5,0.0037487761013630275,0.01300851150007981,0.0040361864523412805,1.0,5.8608994972911826E-5,0.0010618423549383145,5.676179711845602E-5,9.138759019899995E-4,2.6465214528406715E-4,2.7332542285573063E-5,1.7515837269175917E-5,3.341247226805306E-4,3.5485126608330736E-5,1.0592062691457765E-4,1.3169657450377866E-4,5.875053353846039E-4,0.0036739922301998133,5.407848722664785E-4,3.807625571763805E-5,1.4456429667664142E-4,1.3714083201686147E-4,5.45059353407211E-4,0.010375649354595246,1.9227902563181884E-5,3.701828811233036E-5,8.68167193891626E-5,2.4267754619975255E-5,8.767398450468213E-4,9.634654580974632E-5,0.0017210432159284013,2.0858834747139147E-5,5.456973262664249E-5,4.232847183337732E-5,5.035516100279946E-5,1.6669997432977447E-4,0.00844479846900299,6.142272629832505E-5],[1.9260207447109612E-4,5.064713124008761E-4,2.60098604647278E-4,1.1130752449474322E-4,0.001604550337407674,0.0011499025124875554,0.005662843559634738,5.8608994972911826E-5,1.0,0.0010544352837391895,2.1320289095337193E-4,0.0014030802669570347,2.779388046680425E-4,2.312579877393782E-4,1.4710617167244084E-4,8.474726496563089E-4,1.729343207395619E-4,1.9873824363847263E-4,2.476315419691899E-4,0.0013500727019008633,0.0012789354393660146,0.0012404932962888997,1.0353367510341783E-4,2.0294788913938398E-4,3.775730756880571E-4,5.810907155446047E-4,0.010711178632522668,3.728989152929772E-5,2.1905704286447877E-4,2.624584748329627E-4,1.844444553913573E-4,0.00383054799582319,1.684548006762812E-4,0.001832714103567755,2.0484833484614302E-4,1.493196125804409E-4,1.011651433296934E-4,1.468498719579103E-4,2.5852164765304876E-4,0.018272449577051455,1.1981853297840335E-4],[0.0011840700201608818,0.001093476187601192,9.219640985971258E-4,8.240478193380685E-4,0.004242726248869353,0.0019090769788456235,0.002844731182983796,0.0010618423549383145,0.0010544352837391895,1.0,0.0015318148743387766,0.0016932121944024476,0.0010125177107887919,8.400491909839458E-5,0.0010632053634418272,0.0011787664766882314,8.608861350471583E-4,5.223701699848449E-4,8.391662300867586E-4,0.0016828375302198617,0.004367389441722583,0.0016830198728459052,0.001054832213363286,0.001260173338981067,0.0012335502186070647,0.0016600028921398321,0.010407069400593003,0.0016378035074639053,2.2957583398376826E-4,4.317050120255932E-4,5.254687061427534E-4,0.003350086347889433,0.0012009350025175421,0.0019166051098070858,8.849903522623057E-4,9.453607790416585E-4,0.001171970108926559,0.001552716794168054,0.0015284195728682657,0.011710163750636077,0.0013527442726035217],[1.601808655124252E-4,2.2548857061666566E-4,2.0066990233995812E-4,8.737471615074707E-5,0.0014458538489597597,0.008600065646774405,0.00160990827379378,5.676179711845602E-5,2.1320289095337193E-4,0.0015318148743387766,1.0,0.0016271670406690986,2.3063768356048665E-4,6.974126977901157E-5,1.47813472930136E-4,6.633757359310773E-4,6.058102242169674E-5,1.642382499819472E-4,1.4648319038826466E-4,4.477050567466778E-4,0.0013715262206085794,8.830902764075438E-4,1.5017771437500016E-4,1.591346094626584E-4,2.4245523957591348E-4,6.911787807987371E-4,0.0018342469231180372,7.248583781776721E-5,1.5080833169068772E-4,1.3784729997414112E-4,6.465617900748506E-5,0.002029013898101522,1.5140681316213765E-4,1.9804758619122048E-4,5.2869398489393174E-5,1.350766389151711E-4,1.1512868563320214E-4,7.483042535389435E-5,1.7311332856023904E-4,0.004030804352580461,1.4533413838910655E-4],[4.0430523500253695E-4,0.0010152236257061614,4.895771972870692E-4,0.001520080207662114,0.004123169631156006,0.008610360998669079,0.006841689588321533,9.138759019899995E-4,0.0014030802669570347,0.0016932121944024476,0.0016271670406690986,1.0,0.0013280173359327028,0.0011048454481920283,0.0012459356728447381,0.001534828195293674,7.018183282841826E-4,2.3838212062960698E-4,0.001234729179245174,0.0016983635351489914,0.0041246707805097415,0.0016978617479649404,0.0011734835409489136,0.0015481897819330833,0.0012822457478537403,0.0016736067042357533,0.007294331569820776,9.431088683494963E-4,4.6242900114883275E-4,3.6106115227385106E-4,3.865259500700682E-4,0.0035256037831815495,0.001565976429907968,0.0017157605919621262,7.967446682789292E-4,0.00106393039919119,9.93122064217757E-4,0.0016401148702693733,0.0011336863557312306,0.025571635002196235,0.0013361918908156938],[1.9862351212490708E-4,3.632494875001472E-4,2.3757155759377007E-4,2.7825777493622805E-4,0.0010064387092015368,0.010362683629805327,0.0013284224021067057,2.6465214528406715E-4,2.779388046680425E-4,0.0010125177107887919,2.3063768356048665E-4,0.0013280173359327028,1.0,1.517441154371755E-4,2.2666711960193372E-4,0.0011287886881594558,6.0181042172383273E-5,2.3474010969218198E-4,2.0533338311385274E-4,0.0016256480337163398,0.004210990400569449,4.811953716807807E-4,1.8272922016295885E-4,2.0203644501997885E-4,3.247166937506308E-4,0.0016581256667525532,0.00538405270118301,3.584595454628534E-5,1.1196024390513897E-4,1.6837647333147203E-4,1.3707819038506102E-4,0.003950133614216066,1.5381157461022364E-4,7.910578420682458E-4,1.0175557787029459E-4,1.2820910903504928E-4,1.3715287998846757E-4,1.400929866396939E-4,1.970231912930796E-4,0.0056661520692335085,1.2484541258163067E-4],[1.4003325279847353E-4,4.9421469360843E-4,1.3767026895195695E-4,2.7075246113709962E-5,0.003950071345470727,0.010963428725973003,0.003789212961396388,2.7332542285573063E-5,2.312579877393782E-4,8.400491909839458E-5,6.974126977901157E-5,0.0011048454481920283,1.517441154371755E-4,1.0,1.5012907077807256E-5,1.472350661461469E-4,2.5632903798281717E-5,1.6476719729153697E-4,7.443109621784678E-5,7.639891569107738E-4,7.5600286496973E-4,4.967746865421307E-4,1.9959513154147067E-5,1.2048263745099531E-4,1.6948109702156615E-4,0.0016383165451563713,0.005183872701865323,1.3692462515335757E-5,1.8913179300050725E-5,8.865022001332337E-5,1.7684191943062226E-5,3.1415327009953395E-4,7.456230420221994E-5,0.0010791739722664786,1.57765265825852E-5,9.447733214988241E-5,2.0986024022747257E-5,2.221008452978804E-5,1.3138833440303976E-4,0.01238370915016494,9.452431494437134E-5],[1.5520117438004043E-4,1.729593449828636E-4,2.0090763832302243E-4,2.1227577375409688E-5,3.021497945247464E-4,0.01502705766590723,0.004797208769083011,1.7515837269175917E-5,1.4710617167244084E-4,0.0010632053634418272,1.47813472930136E-4,0.0012459356728447381,2.2666711960193372E-4,1.5012907077807256E-5,1.0,2.609098672051657E-4,1.4192206032643688E-5,1.389240321237705E-4,9.025020668765217E-5,0.0010375669525139128,0.0037757362510224923,0.001221104034164467,1.6121980330659133E-5,1.2375138295481626E-4,1.847140011961009E-4,3.168494902857468E-5,0.0015185936263223303,1.2934587891273069E-5,2.6151516015067373E-5,4.2829015469843904E-5,1.703591671025894E-5,0.0011545021023219445,1.0927690242525556E-4,2.3717167379677347E-4,1.5044156910728265E-5,4.994242630288132E-5,2.155085431808446E-5,1.8010106695194728E-5,1.808731458996436E-4,0.02103386596633423,3.009710144895994E-5],[4.92936174140677E-4,6.906710381543118E-4,5.13440339082593E-4,4.754620411243064E-4,0.002927275429804033,0.01020309991901763,0.003570437394466687,3.341247226805306E-4,8.474726496563089E-4,0.0011787664766882314,6.633757359310773E-4,0.001534828195293674,0.0011287886881594558,1.472350661461469E-4,2.609098672051657E-4,1.0,7.796694018031962E-4,4.776081131659069E-4,8.664304532632526E-4,0.0015499513425256232,0.003724723199967522,0.0014541079350345713,1.2230305591186274E-4,4.6073373679069135E-4,6.209753715817656E-4,0.001373451345279198,0.0012389649953953696,5.401031740802735E-4,2.7239813213611897E-4,7.518787075021237E-4,8.460014014862928E-4,0.002241565909545375,7.488855601406415E-4,0.0018203845443445724,1.5132316750608162E-4,7.562668832425772E-4,5.62638017961748E-5,7.255541278068065E-4,7.214244031298244E-4,0.03209110045951314,7.880757467453043E-4],[1.2591234921715508E-4,4.761108284515626E-4,1.4706472861405356E-4,3.410382231702893E-5,0.001496579091540566,0.009283105779981421,0.001037064491689566,3.5485126608330736E-5,1.729343207395619E-4,8.608861350471583E-4,6.058102242169674E-5,7.018183282841826E-4,6.0181042172383273E-5,2.5632903798281717E-5,1.4192206032643688E-5,7.796694018031962E-4,1.0,3.606958193954909E-5,5.885093271234416E-5,1.0344172870748858E-4,0.0018928792259289807,7.144834161743536E-4,2.559795376636517E-5,1.1910518622875118E-4,4.006516802535637E-4,8.056885409490205E-4,0.0033446769301792643,2.372382456660604E-5,3.0293622496220426E-5,1.1011806902506713E-4,2.4433134091824024E-5,8.240620536813074E-4,7.355113777349688E-5,9.297791435572384E-4,1.843420525902723E-5,3.333013735972312E-5,2.8386472080245374E-5,3.168121679532396E-5,4.448233789501379E-5,0.026103778333140443,9.541575471126696E-5],[1.6407210897479856E-4,5.061904038015051E-4,1.9518044049659998E-4,1.2264676469876738E-4,0.004190901931620298,0.012096539900636234,0.003984657190099066,1.0592062691457765E-4,1.9873824363847263E-4,5.223701699848449E-4,1.642382499819472E-4,2.3838212062960698E-4,2.3474010969218198E-4,1.6476719729153697E-4,1.389240321237705E-4,4.776081131659069E-4,3.606958193954909E-5,1.0,1.542581677443403E-4,0.0014823599914391037,5.898123007362642E-4,7.982575111994044E-4,1.3555371707359563E-4,1.6042377475504046E-4,3.086518225490076E-4,3.7716431610955784E-4,0.008959720743741066,1.2824927650209478E-4,7.907501081728352E-5,1.3492937767331896E-4,1.5988665503654156E-4,0.0023769451240859465,1.5108311003803965E-4,8.941998555980418E-4,1.0249157584236971E-4,1.1351551871734676E-4,1.6133411090369054E-4,6.288514917977811E-5,1.7696085644636374E-4,0.029995280137475742,1.2024204813757939E-4],[1.555511556904186E-4,3.198047684407608E-4,1.882280790124438E-4,1.1491453937310784E-4,1.4476810386878532E-4,0.001998082524553297,0.0037447520977539426,1.3169657450377866E-4,2.476315419691899E-4,8.391662300867586E-4,1.4648319038826466E-4,0.001234729179245174,2.0533338311385274E-4,7.443109621784678E-5,9.025020668765217E-5,8.664304532632526E-4,5.885093271234416E-5,1.542581677443403E-4,1.0,9.744635755212504E-4,0.003220142663322229,7.838406634378913E-4,7.06534596749215E-5,1.3713158450870568E-4,3.407700552715896E-4,4.8719972708713823E-4,6.155178262450958E-4,7.838459408099895E-5,6.529397496823607E-5,1.3208748273719847E-4,6.362658916480739E-5,0.0034763324452664014,1.406352622551643E-4,2.1788359965518102E-4,6.564302400638607E-5,1.1638500183756532E-4,9.681943979418528E-5,5.320377629191798E-5,1.8367133097597275E-4,0.019421960769778458,1.1885217070431965E-4],[0.001132240134952191,6.902622918613695E-4,0.0015107704046523807,1.0003513862757925E-4,0.003598587074972735,0.014834730419415455,0.006081595616598582,5.875053353846039E-4,0.0013500727019008633,0.0016828375302198617,4.477050567466778E-4,0.0016983635351489914,0.0016256480337163398,7.639891569107738E-4,0.0010375669525139128,0.0015499513425256232,1.0344172870748858E-4,0.0014823599914391037,9.744635755212504E-4,1.0,0.002413767703245852,0.0015670639290320493,2.8130062563129634E-4,1.8579592770022016E-4,0.0012832944767305796,0.00164256787441898,0.009020769436267012,0.0013140253323883,0.0011796147588803625,5.86715437812451E-4,0.0014613840976564515,0.0026111702151604913,0.0013299332839918619,0.0017658979677184791,0.0010122784001213897,3.8317594481596286E-4,0.0014770415776695683,0.0015911336930941402,0.0011878558845412805,0.0027609521731580726,0.0010635402297489412],[0.002063544513509123,0.0034518772196028445,9.93482544932505E-4,0.0015545651635155914,0.004472751236898853,0.011585272507982896,0.005036487332124069,0.0036739922301998133,0.0012789354393660146,0.004367389441722583,0.0013715262206085794,0.0041246707805097415,0.004210990400569449,7.5600286496973E-4,0.0037757362510224923,0.003724723199967522,0.0018928792259289807,5.898123007362642E-4,0.003220142663322229,0.002413767703245852,1.0,0.0031956292056769574,0.0011664835496927473,7.102525481938091E-4,0.003211700256440064,0.004521530016370435,0.004839536929153481,0.002416751589355904,0.0033493447184435115,0.004064781675468083,0.0031766244555410258,0.004479492154612296,0.0029246345297094236,0.003320700263454549,0.0021980615296388365,0.00261273749618159,0.003553629893657552,0.0017957039622842287,0.002452098110480493,0.01472979995242894,0.002033942526245867],[0.0011030326534134471,7.131260645893119E-4,2.2428369332077946E-4,7.146293222043381E-4,0.0028204263014252077,0.012640401530913012,0.006526115441842877,5.407848722664785E-4,0.0012404932962888997,0.0016830198728459052,8.830902764075438E-4,0.0016978617479649404,4.811953716807807E-4,4.967746865421307E-4,0.001221104034164467,0.0014541079350345713,7.144834161743536E-4,7.982575111994044E-4,7.838406634378913E-4,0.0015670639290320493,0.0031956292056769574,1.0,2.483718399796748E-4,4.1432574108025977E-4,9.323171391610014E-4,0.001641980389989041,0.009517459939590174,7.706430251691597E-4,0.0014247778536466869,8.268222850333935E-4,9.10342950315217E-4,0.001968625495228021,0.0014715956958473826,0.0018827782294365534,0.0011400549951979463,3.718978525567291E-4,6.83269901848868E-4,9.489663017462686E-4,8.219309313187889E-4,0.020171463377769674,0.001545078662464381],[1.1518735089824863E-4,3.904129796351869E-4,2.7932680617789053E-5,3.001682771339786E-5,0.0026458030006732327,0.0038937024977774236,0.003366128358974377,3.807625571763805E-5,1.0353367510341783E-4,0.001054832213363286,1.5017771437500016E-4,0.0011734835409489136,1.8272922016295885E-4,1.9959513154147067E-5,1.6121980330659133E-5,1.2230305591186274E-4,2.559795376636517E-5,1.3555371707359563E-4,7.06534596749215E-5,2.8130062563129634E-4,0.0011664835496927473,2.483718399796748E-4,1.0,2.330017475834569E-5,1.1070703842963305E-4,0.001165843133335034,0.0019979040636415035,1.8240481687981123E-5,2.7098396846428952E-5,6.655986091479003E-5,1.950974123581721E-5,1.9660331508333171E-4,1.1767631121133837E-4,3.763774119459861E-4,1.9408728536360357E-5,9.55214410691287E-5,2.4092278047856863E-5,2.2664541094105088E-5,1.2882014565591555E-4,0.026762924422910766,8.282774809053757E-5],[1.6182213852532898E-4,2.9626822580524714E-4,1.950857946832271E-4,1.0218912270421473E-4,4.897352057071522E-4,0.014591083276143585,0.001379920387070733,1.4456429667664142E-4,2.0294788913938398E-4,0.001260173338981067,1.591346094626584E-4,0.0015481897819330833,2.0203644501997885E-4,1.2048263745099531E-4,1.2375138295481626E-4,4.6073373679069135E-4,1.1910518622875118E-4,1.6042377475504046E-4,1.3713158450870568E-4,1.8579592770022016E-4,7.102525481938091E-4,4.1432574108025977E-4,2.330017475834569E-5,1.0,4.3797851278156775E-4,5.673180428738477E-4,0.007495951854898405,1.232604872159642E-4,1.041957723779732E-4,1.4329629047273574E-4,1.1767102761881169E-4,0.0032988617854793215,1.4874838212169372E-4,0.0016315367691244293,1.5486808027952045E-4,1.364645825877236E-4,1.1534245555230367E-4,7.800500548351622E-5,1.735662386190149E-4,0.01759980390744862,1.4257949046138807E-4],[2.0595773508618397E-4,4.8502253557773455E-4,4.3602669487022045E-4,3.241581256466659E-4,0.004157832744912908,0.0016578024206278102,0.004287287542825822,1.3714083201686147E-4,3.775730756880571E-4,0.0012335502186070647,2.4245523957591348E-4,0.0012822457478537403,3.247166937506308E-4,1.6948109702156615E-4,1.847140011961009E-4,6.209753715817656E-4,4.006516802535637E-4,3.086518225490076E-4,3.407700552715896E-4,0.0012832944767305796,0.003211700256440064,9.323171391610014E-4,1.1070703842963305E-4,4.3797851278156775E-4,1.0,0.0011578162466086978,0.007398699829328946,2.497853788519976E-4,4.2937278029833964E-4,1.6539081376398622E-4,2.368605753355458E-4,0.0012192129688506801,1.6056534722339792E-4,0.0015099507541692194,3.248894887290999E-4,1.4251760794358238E-4,1.9679251587749228E-4,3.5401477146060356E-4,4.302714293757852E-4,0.012413943879107048,3.1836085693510654E-4],[8.941642485461795E-4,9.490616323512436E-4,0.0010865008400314197,0.0013370684832964312,0.0026135880466292127,0.012307269876160057,0.0020184829814665546,5.45059353407211E-4,5.810907155446047E-4,0.0016600028921398321,6.911787807987371E-4,0.0016736067042357533,0.0016581256667525532,0.0016383165451563713,3.168494902857468E-5,0.001373451345279198,8.056885409490205E-4,3.7716431610955784E-4,4.8719972708713823E-4,0.00164256787441898,0.004521530016370435,0.001641980389989041,0.001165843133335034,5.673180428738477E-4,0.0011578162466086978,1.0,0.010733236904336627,0.0012075062951064444,6.792782981594699E-4,0.0011648945345410226,7.141240244201813E-4,0.0027815497462965336,7.052816310431714E-4,0.0018689397120794501,2.023094670535004E-4,7.535866516771157E-4,2.2224591557879026E-4,0.0014460750184329615,0.0010668081872965856,0.013034312699486832,7.893733004689992E-4],[0.008230935430223645,0.0106512226792819,0.01036120825609634,0.010267132340522199,0.010398036401267857,0.017071095138097698,0.012203682667510419,0.010375649354595246,0.010711178632522668,0.010407069400593003,0.0018342469231180372,0.007294331569820776,0.00538405270118301,0.005183872701865323,0.0015185936263223303,0.0012389649953953696,0.0033446769301792643,0.008959720743741066,6.155178262450958E-4,0.009020769436267012,0.004839536929153481,0.009517459939590174,0.0019979040636415035,0.007495951854898405,0.007398699829328946,0.010733236904336627,1.0,0.002940450731822284,5.644263440411287E-4,0.006824899240839555,0.003566906370047725,0.008928101096751502,0.008086653587472377,0.011710009468792724,2.3891051943124388E-5,0.0019716440568114937,0.006965252000142936,0.010006810466641494,0.01197773058535102,0.02887599690562844,0.006772862629461076],[9.595667756037541E-5,5.247729526158282E-4,2.7090624746892616E-5,3.874930980212028E-5,0.0013210244698174552,0.0020531063002414427,0.005449781249135464,1.9227902563181884E-5,3.728989152929772E-5,0.0016378035074639053,7.248583781776721E-5,9.431088683494963E-4,3.584595454628534E-5,1.3692462515335757E-5,1.2934587891273069E-5,5.401031740802735E-4,2.372382456660604E-5,1.2824927650209478E-4,7.838459408099895E-5,0.0013140253323883,0.002416751589355904,7.706430251691597E-4,1.8240481687981123E-5,1.232604872159642E-4,2.497853788519976E-4,0.0012075062951064444,0.002940450731822284,1.0,2.2214193415830086E-5,1.3124904570225362E-4,1.5563931579609548E-5,0.00192936997084033,9.088999996322231E-5,0.0015134042999652051,1.3704791248964788E-5,1.801898896793769E-5,2.3307511752839926E-5,2.5182510124159555E-5,1.9090034740455722E-4,0.010352993364874323,2.9042948730452503E-5],[1.306684226158546E-4,5.226589386460888E-4,6.008053646635332E-5,3.203990728249167E-5,0.0035557580694409157,0.009739899203189815,0.0013247183363855081,3.701828811233036E-5,2.1905704286447877E-4,2.2957583398376826E-4,1.5080833169068772E-4,4.6242900114883275E-4,1.1196024390513897E-4,1.8913179300050725E-5,2.6151516015067373E-5,2.7239813213611897E-4,3.0293622496220426E-5,7.907501081728352E-5,6.529397496823607E-5,0.0011796147588803625,0.0033493447184435115,0.0014247778536466869,2.7098396846428952E-5,1.041957723779732E-4,4.2937278029833964E-4,6.792782981594699E-4,5.644263440411287E-4,2.2214193415830086E-5,1.0,4.288053178708667E-5,2.694572321714442E-5,0.0018228283440274182,5.4646852787930745E-5,0.0015520537046947228,2.9271954287219726E-5,5.60310201654498E-5,3.0270851321370552E-5,3.184709003829596E-5,6.222597646542037E-5,0.017000721160104263,6.309651056207255E-5],[1.4368050907601892E-4,4.371896859542174E-4,1.9035307450405992E-4,9.611922618962796E-5,0.0017147356366105948,0.002735264735095294,0.0020395139923824607,8.68167193891626E-5,2.624584748329627E-4,4.317050120255932E-4,1.3784729997414112E-4,3.6106115227385106E-4,1.6837647333147203E-4,8.865022001332337E-5,4.2829015469843904E-5,7.518787075021237E-4,1.1011806902506713E-4,1.3492937767331896E-4,1.3208748273719847E-4,5.86715437812451E-4,0.004064781675468083,8.268222850333935E-4,6.655986091479003E-5,1.4329629047273574E-4,1.6539081376398622E-4,0.0011648945345410226,0.006824899240839555,1.3124904570225362E-4,4.288053178708667E-5,1.0,1.963431259807379E-5,3.6994941532527033E-4,1.3771792439095127E-4,3.5403592530794576E-4,1.1543870059743574E-4,1.2727900578741135E-4,1.1718300658285707E-4,7.15149435437956E-5,1.7573299828748198E-4,0.020700730969053942,1.1110661188028734E-4],[2.404299586436134E-5,7.212616292069998E-5,3.577920893659463E-5,3.471040909186824E-5,0.0029354865241596425,0.016288847518473176,3.730659629462033E-4,2.4267754619975255E-5,1.844444553913573E-4,5.254687061427534E-4,6.465617900748506E-5,3.865259500700682E-4,1.3707819038506102E-4,1.7684191943062226E-5,1.703591671025894E-5,8.460014014862928E-4,2.4433134091824024E-5,1.5988665503654156E-4,6.362658916480739E-5,0.0014613840976564515,0.0031766244555410258,9.10342950315217E-4,1.950974123581721E-5,1.1767102761881169E-4,2.368605753355458E-4,7.141240244201813E-4,0.003566906370047725,1.5563931579609548E-5,2.694572321714442E-5,1.963431259807379E-5,1.0,4.6716135003575283E-4,3.363395004664308E-5,0.001442434389438333,1.684010583172496E-5,4.90065662050755E-5,1.8224031999479486E-5,2.658749156175405E-5,1.730778225445297E-4,0.015520639786022626,7.269155106190588E-5],[5.009680295035326E-4,0.003054528420371787,0.003278316120403459,0.0014944570141691915,0.003995032996914,0.005313926077375412,0.004114731061953579,8.767398450468213E-4,0.00383054799582319,0.003350086347889433,0.002029013898101522,0.0035256037831815495,0.003950133614216066,3.1415327009953395E-4,0.0011545021023219445,0.002241565909545375,8.240620536813074E-4,0.0023769451240859465,0.0034763324452664014,0.0026111702151604913,0.004479492154612296,0.001968625495228021,1.9660331508333171E-4,0.0032988617854793215,0.0012192129688506801,0.0027815497462965336,0.008928101096751502,0.00192936997084033,0.0018228283440274182,3.6994941532527033E-4,4.6716135003575283E-4,1.0,9.708146824606737E-4,0.003795552954875229,0.0031142119757491954,0.0033064064825180147,0.0017011097761351194,0.0032854489907698362,3.461217928144661E-4,0.011602508625617652,6.55403046106416E-4],[1.5696589873138585E-4,2.0979036805302025E-4,1.870645398349786E-4,8.159569064321073E-5,3.227656224123335E-4,0.01598692351198166,0.0059837086416276,9.634654580974632E-5,1.684548006762812E-4,0.0012009350025175421,1.5140681316213765E-4,0.001565976429907968,1.5381157461022364E-4,7.456230420221994E-5,1.0927690242525556E-4,7.488855601406415E-4,7.355113777349688E-5,1.5108311003803965E-4,1.406352622551643E-4,0.0013299332839918619,0.0029246345297094236,0.0014715956958473826,1.1767631121133837E-4,1.4874838212169372E-4,1.6056534722339792E-4,7.052816310431714E-4,0.008086653587472377,9.088999996322231E-5,5.4646852787930745E-5,1.3771792439095127E-4,3.363395004664308E-5,9.708146824606737E-4,1.0,5.97313353079585E-4,1.286253064192863E-4,1.2139962419938965E-4,1.4440167854802528E-4,7.442312699346105E-5,1.7382639452506323E-4,0.00511173054978686,1.2870457420379133E-4],[6.081329355513344E-4,0.0018964845093898926,6.649560527994822E-4,6.307587847900765E-4,0.0028508700735789374,0.011556788162899116,0.005277597721577128,0.0017210432159284013,0.001832714103567755,0.0019166051098070858,1.9804758619122048E-4,0.0017157605919621262,7.910578420682458E-4,0.0010791739722664786,2.3717167379677347E-4,0.0018203845443445724,9.297791435572384E-4,8.941998555980418E-4,2.1788359965518102E-4,0.0017658979677184791,0.003320700263454549,0.0018827782294365534,3.763774119459861E-4,0.0016315367691244293,0.0015099507541692194,0.0018689397120794501,0.011710009468792724,0.0015134042999652051,0.0015520537046947228,3.5403592530794576E-4,0.001442434389438333,0.003795552954875229,5.97313353079585E-4,1.0,9.074504910717842E-4,9.967954848653924E-4,2.8183525083654297E-4,8.873878604233999E-4,5.086201014412113E-4,0.009068250560569924,9.09628786394366E-4],[7.428651707369301E-5,4.2914937648294853E-4,7.983751165107904E-5,1.688500925317216E-5,0.0010091082605949851,0.012460593846245432,0.00650045331744205,2.0858834747139147E-5,2.0484833484614302E-4,8.849903522623057E-4,5.2869398489393174E-5,7.967446682789292E-4,1.0175557787029459E-4,1.57765265825852E-5,1.5044156910728265E-5,1.5132316750608162E-4,1.843420525902723E-5,1.0249157584236971E-4,6.564302400638607E-5,0.0010122784001213897,0.0021980615296388365,0.0011400549951979463,1.9408728536360357E-5,1.5486808027952045E-4,3.248894887290999E-4,2.023094670535004E-4,2.3891051943124388E-5,1.3704791248964788E-5,2.9271954287219726E-5,1.1543870059743574E-4,1.684010583172496E-5,0.0031142119757491954,1.286253064192863E-4,9.074504910717842E-4,1.0,1.0134232578337836E-4,2.8090527052744835E-5,1.6032587798739232E-5,1.3296906783602752E-4,0.023391393504747747,9.829046990318038E-5],[1.2065274164943668E-4,2.1582576454190792E-4,1.5630780371397895E-4,9.605527168738098E-5,2.4822696790817857E-4,0.004326506968188998,4.1959804098681597E-4,5.456973262664249E-5,1.493196125804409E-4,9.453607790416585E-4,1.350766389151711E-4,0.00106393039919119,1.2820910903504928E-4,9.447733214988241E-5,4.994242630288132E-5,7.562668832425772E-4,3.333013735972312E-5,1.1351551871734676E-4,1.1638500183756532E-4,3.8317594481596286E-4,0.00261273749618159,3.718978525567291E-4,9.55214410691287E-5,1.364645825877236E-4,1.4251760794358238E-4,7.535866516771157E-4,0.0019716440568114937,1.801898896793769E-5,5.60310201654498E-5,1.2727900578741135E-4,4.90065662050755E-5,0.0033064064825180147,1.2139962419938965E-4,9.967954848653924E-4,1.0134232578337836E-4,1.0,3.992910737213702E-5,7.05310569010696E-5,1.7454612377180967E-4,0.027807179236872776,1.084059851318413E-4],[1.442133721597804E-4,5.194938150250146E-4,1.2215003626206232E-4,3.368775075155736E-5,0.0016593793415275143,0.008973438741207722,0.0030867160362672043,4.232847183337732E-5,1.011651433296934E-4,0.001171970108926559,1.1512868563320214E-4,9.93122064217757E-4,1.3715287998846757E-4,2.0986024022747257E-5,2.155085431808446E-5,5.62638017961748E-5,2.8386472080245374E-5,1.6133411090369054E-4,9.681943979418528E-5,0.0014770415776695683,0.003553629893657552,6.83269901848868E-4,2.4092278047856863E-5,1.1534245555230367E-4,1.9679251587749228E-4,2.2224591557879026E-4,0.006965252000142936,2.3307511752839926E-5,3.0270851321370552E-5,1.1718300658285707E-4,1.8224031999479486E-5,0.0017011097761351194,1.4440167854802528E-4,2.8183525083654297E-4,2.8090527052744835E-5,3.992910737213702E-5,1.0,3.072475087912026E-5,6.69697582229367E-5,0.020088488094494848,9.001220196391642E-5],[4.665908141810907E-5,4.6297155065961465E-4,6.843259520834294E-5,3.275256651779425E-5,0.003150330971602759,0.011591104575302835,7.679547532094531E-4,5.035516100279946E-5,1.468498719579103E-4,0.001552716794168054,7.483042535389435E-5,0.0016401148702693733,1.400929866396939E-4,2.221008452978804E-5,1.8010106695194728E-5,7.255541278068065E-4,3.168121679532396E-5,6.288514917977811E-5,5.320377629191798E-5,0.0015911336930941402,0.0017957039622842287,9.489663017462686E-4,2.2664541094105088E-5,7.800500548351622E-5,3.5401477146060356E-4,0.0014460750184329615,0.010006810466641494,2.5182510124159555E-5,3.184709003829596E-5,7.15149435437956E-5,2.658749156175405E-5,0.0032854489907698362,7.442312699346105E-5,8.873878604233999E-4,1.6032587798739232E-5,7.05310569010696E-5,3.072475087912026E-5,1.0,1.2800607155349824E-4,0.015779255848621294,4.977451638672058E-5],[1.6549923253106403E-4,2.0633731061334113E-4,2.050695251806781E-4,1.6988224092651805E-4,0.004096649314069007,0.0066772141426060735,0.006868297473413419,1.6669997432977447E-4,2.5852164765304876E-4,0.0015284195728682657,1.7311332856023904E-4,0.0011336863557312306,1.970231912930796E-4,1.3138833440303976E-4,1.808731458996436E-4,7.214244031298244E-4,4.448233789501379E-5,1.7696085644636374E-4,1.8367133097597275E-4,0.0011878558845412805,0.002452098110480493,8.219309313187889E-4,1.2882014565591555E-4,1.735662386190149E-4,4.302714293757852E-4,0.0010668081872965856,0.01197773058535102,1.9090034740455722E-4,6.222597646542037E-5,1.7573299828748198E-4,1.730778225445297E-4,3.461217928144661E-4,1.7382639452506323E-4,5.086201014412113E-4,1.3296906783602752E-4,1.7454612377180967E-4,6.69697582229367E-5,1.2800607155349824E-4,1.0,0.01238489906838765,1.82122713018976E-4],[0.021366764922666447,0.014811806627319587,0.011613572713267187,0.010858802224204935,0.030031592877798153,0.020865855045340678,0.030121515545953062,0.00844479846900299,0.018272449577051455,0.011710163750636077,0.004030804352580461,0.025571635002196235,0.0056661520692335085,0.01238370915016494,0.02103386596633423,0.03209110045951314,0.026103778333140443,0.029995280137475742,0.019421960769778458,0.0027609521731580726,0.01472979995242894,0.020171463377769674,0.026762924422910766,0.01759980390744862,0.012413943879107048,0.013034312699486832,0.02887599690562844,0.010352993364874323,0.017000721160104263,0.020700730969053942,0.015520639786022626,0.011602508625617652,0.00511173054978686,0.009068250560569924,0.023391393504747747,0.027807179236872776,0.020088488094494848,0.015779255848621294,0.01238489906838765,1.0,6.523078279990094E-4],[1.349697105366362E-4,4.4015397115272273E-4,1.144223578807789E-4,7.599053005152465E-5,4.223846732783699E-4,0.007224789404935964,0.0021258906704675574,6.142272629832505E-5,1.1981853297840335E-4,0.0013527442726035217,1.4533413838910655E-4,0.0013361918908156938,1.2484541258163067E-4,9.452431494437134E-5,3.009710144895994E-5,7.880757467453043E-4,9.541575471126696E-5,1.2024204813757939E-4,1.1885217070431965E-4,0.0010635402297489412,0.002033942526245867,0.001545078662464381,8.282774809053757E-5,1.4257949046138807E-4,3.1836085693510654E-4,7.893733004689992E-4,0.006772862629461076,2.9042948730452503E-5,6.309651056207255E-5,1.1110661188028734E-4,7.269155106190588E-5,6.55403046106416E-4,1.2870457420379133E-4,9.09628786394366E-4,9.829046990318038E-5,1.084059851318413E-4,9.001220196391642E-5,4.977451638672058E-5,1.82122713018976E-4,6.523078279990094E-4,1.0]]