[[1.0,0.0012418370228470927,0.007986208806699722,0.001209226055740898,0.001150093162777995,0.001125048220314761,0.007155971463885923,0.041287822580994345,6.811527363236474E-4,0.004111583483237517,8.704346671324321E-4,0.0010052424378152796,3.4701295718366415E-4,3.4694736927234497E-4,0.0016920662499672044,4.423809801387687E-5,0.0015657410957100196,5.941401174327497E-4,3.6215390841127674E-4,6.64997464251949E-4,4.10556063944738E-4,0.0015472349682009172,9.963055139253056E-4,0.008209707135707586,4.8201740500680983E-4,0.006814851026776278,9.808199628826306E-4,8.412135239671972E-4,0.0012075701582623202,0.003392075901521745,2.526662549414955E-4,0.0016822671094508085,0.001251540190848196,0.0011700764847593875,9.83473790906699E-4,4.8778166112890906E-4,0.0011093639490584806,7.49999841640665E-4,0.0011197455685206692,3.5312291842093624E-4,9.525073396233963E-4,7.06139725030819E-4,8.402593350213143E-4,2.3140347866542612E-4,9.062059808256885E-4,1.3749760443005824E-4,0.0010850203836567259,0.001748399275127046,4.906469419810751E-4,0.0011090669465535598,0.0017016530337098093,0.001951576244151705,3.1382791034676165E-4,0.0011380064232995404,0.0011555877992692205,4.96588102702895E-4,0.0012205506955886986,6.634430075068578E-4,5.323362445881893E-4,0.0011181027352961284],[0.0012418370228470927,1.0,0.004911576735614081,0.0012382331913581668,9.114581124009601E-4,0.001189293972752163,0.003677914724427217,0.019438512745637154,8.766042685496379E-4,0.007135326761062273,3.915754730490112E-4,5.024736932604079E-4,0.0010418516976109947,5.904710539058091E-4,0.0013594933158200477,8.407124435088222E-4,0.001388606546084391,8.001634001194514E-4,1.7955559174744626E-4,1.5116335474496325E-4,3.4737610948498937E-4,0.0013710178473995058,0.0010346322045469167,0.004536920103016285,7.232746772228509E-4,0.002628585052940823,0.001185630837514155,0.0010972356056421367,0.001277525849089266,0.002659834040298933,5.239115631887354E-4,0.0013796761263941192,0.001292815461263337,0.0012315287815781186,3.8517703441743006E-4,5.436144122997733E-4,1.306358868847779E-4,1.1740732600247467E-4,0.0010994997685362547,8.380219815390832E-4,9.885684922280485E-4,3.3264660810888744E-4,4.921047336139475E-4,0.0011895140243858965,7.564838170772117E-4,3.531997594121317E-4,2.4354101078098906E-4,0.0016314855223025786,2.756025784673339E-4,0.0010799226274697065,0.004043910688741787,0.0018620403851861583,7.718793601380926E-4,8.067831720000472E-4,2.8346889900975893E-4,0.0010976260177770298,0.0015628906256506163,0.0010231212347982237,7.236222482718237E-4,6.888188484248777E-5],[0.007986208806699722,0.004911576735614081,1.0,0.004084948439904027,0.008053231590892265,0.005427681824021218,0.010263127433412404,0.013663961314721116,0.0052161118463135,0.008951940925187932,0.006281564978624949,0.0022950689207448063,0.004716646235967065,0.006369514630594247,0.006809075728552251,0.005377559389065292,0.005629488455875191,0.00846065071782464,0.005838348391535093,0.009095466074489878,0.008853489081683194,0.00407477618042529,0.009109653748379503,0.009647773069995489,0.005529528831598493,0.00808325370435203,7.987645043689076E-4,0.009253960725281193,0.003267963997561635,0.007549260238009968,0.0034926474169419985,0.007023976360423733,0.0016881605194579452,0.005865834988219363,0.007811026671187358,0.002129422866462768,0.0031648468690350894,0.007891321418554843,0.0034314077791897765,0.0052496063537144835,0.0017653868113127068,0.0018486941377373447,0.0023233108207747497,0.009132978089510784,0.004733075981508002,0.0015206097046383937,0.008926119391280206,0.007653240035686499,0.006176055322672121,0.001839654357696455,0.007717510850460626,0.006745714798525089,0.006916121368163347,0.006558538790959415,0.005352235879796441,0.006186159332034212,0.004430854981030024,0.005175708478841079,4.7201690005015053E-4,0.002202303864262442],[0.001209226055740898,0.0012382331913581668,0.004084948439904027,1.0,9.634140792628244E-4,8.049312700248323E-4,0.0022259587059942068,0.024339456399721553,0.0011912220828894041,0.007057192682191703,6.034593348009006E-4,8.869842190299413E-4,6.528659630897263E-4,5.59478357344321E-4,0.0016895125606791507,8.995053646572792E-5,0.001444124786809726,2.3851447091938262E-4,0.001137456557779865,0.0010898094753208694,0.0011773114470189085,0.0013852604377908415,0.0011153884098513026,0.008532767615503985,9.808030533815255E-4,0.004995857497634731,7.064671517257501E-4,8.563899009845642E-4,0.0013142949611400277,0.004452226582101379,0.0012186542547566407,0.0015368482249279584,0.0012506229981269757,0.0012043989295047058,1.1319696171798526E-4,0.0011548343342860817,8.461163431870074E-4,7.773773763965315E-4,0.001116981251984853,5.813923536470422E-4,5.623342390658251E-4,7.282566602073483E-4,0.0010859914247628763,6.114999266942175E-4,4.0668965036468676E-4,8.288771565887548E-4,3.532547948486835E-4,0.0017474968983597463,6.905005517932156E-4,0.0010941987962272755,0.0020430404125030706,0.0023052104974471367,3.663609898446601E-4,3.6710826246710187E-4,0.0010501762864880443,4.6768593071643466E-4,0.0014342394940150866,0.0010888165847662468,0.0010292600414597442,7.429534694092842E-4],[0.001150093162777995,9.114581124009601E-4,0.008053231590892265,9.634140792628244E-4,1.0,1.7058207538690146E-4,0.002755938315937938,0.0048189889542897425,1.9460055562245005E-4,0.002580406879652783,1.7366862018584645E-4,4.83029108190837E-4,2.65065751421036E-4,1.581524881574906E-4,0.0015156435176009715,8.127350747459791E-5,9.094053222431081E-4,4.054883535027492E-5,4.971048851280524E-5,1.685762922520469E-4,1.6455571785956732E-4,0.0010782061996108927,1.6283469330600993E-4,0.009783088507431953,1.9800853520013175E-4,0.001440652720531788,2.746637574598655E-4,8.544553833437647E-5,5.298190113816629E-4,0.005280795470994867,1.2187528930290706E-4,2.1950100112382953E-4,8.933667082873673E-4,7.776321713048844E-4,1.2548917481218223E-4,1.5304177301771904E-4,1.3141820401549754E-4,9.407767942072807E-5,8.050037961057009E-4,1.7218809859437774E-4,1.392451374183211E-4,1.600712835792172E-4,1.1397208943443639E-4,1.7218532564412383E-4,5.8106307145831246E-5,8.640489039366469E-5,1.8062528717770925E-4,6.429833704545695E-4,1.753683221344609E-4,4.4265305142073474E-4,0.00627433011387401,0.00320597196139538,2.265211095185297E-4,1.6899843768361657E-4,1.7438797581448485E-4,4.2285207542530373E-4,0.0017614244331483893,1.7534320989189329E-4,2.5499125709821537E-4,6.746577844845922E-5],[0.001125048220314761,0.001189293972752163,0.005427681824021218,8.049312700248323E-4,1.7058207538690146E-4,1.0,0.012215615409721966,0.01747281602887394,1.217917250371025E-4,5.944762518966423E-5,4.4995413481983555E-5,3.272869815896177E-4,3.1360315854816616E-4,1.1534791807931424E-4,8.068269212004517E-4,3.195495506783577E-5,0.0014139855515322164,1.662296326690589E-5,1.3473091737839159E-5,7.209714744474921E-5,3.121959403226347E-5,0.001504997886775992,1.8174431301737383E-5,0.009174147747432212,2.027652424794841E-4,0.005258908474971183,5.467137227417419E-4,1.8560297018193062E-5,1.4228798102080734E-4,0.0013233472945986366,2.8257369579512055E-5,0.001365939492828248,4.610255299876644E-4,5.076766658264569E-4,5.687876138445248E-5,1.0905030116967253E-4,1.664852308058132E-5,1.940417764611707E-5,2.57959951634065E-4,6.644206623867936E-5,8.737885520675265E-5,5.14368080615604E-5,1.0009411104386488E-4,7.149017138173722E-5,2.825150397646783E-5,2.035188454305679E-5,1.9404938521506098E-4,9.745532504589325E-4,2.027835213932039E-5,6.396087167787294E-4,0.004561639185880611,5.2080960596551E-4,1.7294604287089444E-4,1.1027619357137085E-4,3.263579043255109E-5,2.479354626505343E-4,9.97059839699503E-4,2.9541070114418897E-5,2.2593537156427959E-4,2.4834438275035685E-5],[0.007155971463885923,0.003677914724427217,0.010263127433412404,0.0022259587059942068,0.002755938315937938,0.012215615409721966,1.0,0.02686769898872192,0.0022647269820805656,0.009836702387801353,0.009025674550382804,0.005903044469100727,0.011366925768188306,0.012687303278563176,0.00716887898669215,0.00662005877864902,0.008898104690320105,0.003101816781304594,0.0026964253800462793,0.011825997537687323,0.012330936938932252,0.0043205581272267425,7.945223530413903E-4,0.012152533511838695,0.0011671923605570515,0.010662442674302811,0.00734424561744666,0.006585991989043503,0.010770911466090532,0.009106754366598427,0.010373685031873471,0.007861596672636223,0.003713701033360826,0.008900487410515436,0.010389015067978184,0.009960757087525019,0.005033408516071829,0.00803224346640627,0.00132226372266572,0.00603330567502256,2.3156890677881884E-4,0.011542719505778664,0.003665337364769657,0.0017767189681968548,0.012485642972225524,0.004795940440554479,0.00337133947828946,0.009003250453975924,0.006527187691089128,0.009075191616628668,0.010294204668459801,0.00428551748751305,0.013464296220656587,0.012850325841334024,0.012925807910965488,0.006778322794997368,0.01088101901989768,0.009293209282351503,0.0024745666719647825,0.013417868330394638],[0.041287822580994345,0.019438512745637154,0.013663961314721116,0.024339456399721553,0.0048189889542897425,0.01747281602887394,0.02686769898872192,1.0,0.02766716031834517,0.0331586163248506,0.023871309716492213,0.0356203324996458,0.001455073390934386,0.041567306284838526,0.04318034273963212,0.001637610809283278,0.02632831262052583,1.6273069681388918E-4,0.0025042506854731626,0.028769772138015456,0.03672220391357596,0.017929293461581192,0.01402129311242741,0.03259043663124346,0.041040022834738475,0.029833103427158954,0.002583613319326227,0.015488104732161919,0.04044964008014614,0.011840479799365757,0.006960969189268805,0.03935054606433146,0.027771893592751132,0.027280136622456326,0.02206444039148354,0.030749018449894455,0.019934079421205068,0.0015177312978118269,0.02963052033785288,0.03274920662950441,0.02901121474493799,0.007633123961121932,0.011050615080119477,0.037190083404437815,0.007977475869303098,0.006962919904472974,0.0161456189654884,0.022626337667233862,0.006535929214559555,0.008349202952849886,0.01777550472797822,0.02833708200353148,0.015414067279067939,0.015398503862836406,0.02964767338448072,0.025685071141947916,0.011328611227133238,0.015914682388016375,0.008113389956023035,0.012952381905227793],[6.811527363236474E-4,8.766042685496379E-4,0.0052161118463135,0.0011912220828894041,1.9460055562245005E-4,1.217917250371025E-4,0.0022647269820805656,0.02766716031834517,1.0,0.0077197927310815135,2.680159979367418E-4,4.8729201460047416E-4,3.1921044552559314E-4,2.4758392543175955E-4,8.097767453645315E-4,8.103064696796675E-5,5.106568867448382E-4,1.902875416407136E-4,6.383622227231617E-5,1.7558056225791554E-4,1.251711565591211E-4,0.0014147674839386777,2.5533479565599066E-4,0.010155167645277753,2.3636081947742748E-4,0.006874063589972901,3.149628206735819E-4,1.7612624877339007E-4,7.035458911359834E-4,0.0033705422116572146,2.527567075433235E-4,4.098276102367782E-4,0.0010892596614674338,4.3245877074929114E-4,2.9959691709071024E-4,1.462674583346794E-4,2.9976320871819307E-5,2.897896460271994E-4,7.903380711968976E-4,2.0504864603112545E-4,1.8805303966608035E-4,2.1195101474087493E-4,1.399197586791E-4,2.928227696280186E-4,3.840064648310041E-5,1.8328561943555463E-4,2.2849992849923633E-4,0.001374884544944461,1.9212410680627162E-4,5.43506616798417E-4,0.005457752656868483,0.0029702908053447817,2.949197180631445E-4,1.6242622751890784E-4,2.835712069350654E-4,3.1355108941662473E-4,9.419271892995386E-4,2.0391256437997146E-4,3.007004473995592E-4,2.5183815629992157E-4],[0.004111583483237517,0.007135326761062273,0.008951940925187932,0.007057192682191703,0.002580406879652783,5.944762518966423E-5,0.009836702387801353,0.0331586163248506,0.0077197927310815135,1.0,0.0015881340864290225,0.004445419405369264,0.005984743087052837,0.003457245489809274,0.007037166433162502,0.0020920307541414025,0.005170860008581028,0.0020973087616371045,0.0034777650832071684,0.0012546363447839917,0.001432546883284704,0.003780372757249837,0.008127225748985039,0.010478553367390534,0.008398904857874945,0.007414131049285427,0.0069577879396509595,0.003329033347272165,0.0036490302545305695,0.00825007202632495,0.008178820289506812,0.0020704123069043936,0.002509077474790523,0.007343685601607403,0.0031934960466907694,0.0037405568355930534,0.00841573190138692,0.005423841688782346,0.0025072152266535997,0.008210227070003151,0.003357114125254943,0.002467650904567226,0.006646754103851146,0.006823192482082958,0.003472088521026772,0.0042992545654128266,5.210779633758817E-4,0.007345642073083206,0.006879809547685037,0.003637074239940083,0.00847141466272489,0.008250520921850727,0.0029365485647708236,0.002369833418542268,0.00417679421427282,0.003873103730086434,0.005172948734218077,0.004243565152047883,0.0060915300092710565,0.002155827526531006],[8.704346671324321E-4,3.915754730490112E-4,0.006281564978624949,6.034593348009006E-4,1.7366862018584645E-4,4.4995413481983555E-5,0.009025674550382804,0.023871309716492213,2.680159979367418E-4,0.0015881340864290225,1.0,4.059807877866326E-4,1.6921021863184127E-4,1.3295390142879128E-4,3.296746932870187E-4,1.1300553073243453E-4,4.007325589739384E-4,1.9081921635567735E-5,4.569454550430378E-5,1.5595500142975027E-4,1.5950958462796746E-4,7.304005023685224E-4,9.789139009415368E-5,0.001274154150612856,1.986040310303986E-4,6.084047548502391E-4,2.542593140003487E-4,6.774387641359757E-5,5.135995855023954E-4,0.002413163160720431,5.7290199520975495E-5,2.2453452787966538E-4,8.243631663529917E-4,3.438230582386842E-4,1.2143233328753575E-4,1.3620774596981912E-4,1.0758396313663834E-4,5.510188330000428E-5,3.796708367733376E-4,1.6613558683762904E-4,1.080461491130991E-4,1.5419587644953514E-4,1.5348193068486066E-4,1.434348374320603E-4,1.0239051276402017E-4,7.0480921746282E-5,1.7486989135147646E-4,0.0013074747918155306,5.2972828644016015E-5,7.582583965155728E-4,0.003849342042791678,0.0026716617293973,1.6712051439861364E-4,1.5128000444037217E-4,1.3913741431153818E-4,3.3567668580804287E-4,0.0013400964324802008,1.5349605783979766E-4,2.4716571240007213E-4,2.994574312719202E-5],[0.0010052424378152796,5.024736932604079E-4,0.0022950689207448063,8.869842190299413E-4,4.83029108190837E-4,3.272869815896177E-4,0.005903044469100727,0.0356203324996458,4.8729201460047416E-4,0.004445419405369264,4.059807877866326E-4,1.0,3.808276216630568E-4,2.3889871141715186E-4,6.048694964555209E-4,3.7095237981487434E-4,5.08939005555036E-4,3.09055069757252E-4,1.368114931391477E-4,3.2962582340261893E-4,2.1372885188534763E-4,0.0013308236335734835,2.3827377121668895E-4,0.002685337961340257,3.189472548348774E-4,5.334916494863009E-4,5.231411918371684E-4,4.3528496121604467E-4,9.715649941032739E-4,0.001109534034385257,4.805289702020553E-5,0.0018941381302915376,0.0011255782598077737,5.026487403715335E-4,4.7003397011982005E-4,4.750789196191444E-4,1.280992935663294E-4,1.249029762520504E-4,7.327397634258965E-4,3.073754613659195E-4,4.580868548832311E-4,2.679859725413634E-4,1.166349557466276E-4,2.6365642934191643E-4,2.900676546023332E-4,4.2303872674604473E-4,2.1407842862581673E-4,7.242915393348305E-4,4.1559193757185965E-4,9.610027112575948E-4,0.005010419402261375,8.994544248521239E-4,4.293906411304064E-4,2.5003345713119296E-4,2.924552032849892E-4,4.61328376782052E-4,9.609769296426212E-4,3.2754070824894384E-4,4.6480711551415534E-4,2.0033278195866587E-4],[3.4701295718366415E-4,0.0010418516976109947,0.004716646235967065,6.528659630897263E-4,2.65065751421036E-4,3.1360315854816616E-4,0.011366925768188306,0.001455073390934386,3.1921044552559314E-4,0.005984743087052837,1.6921021863184127E-4,3.808276216630568E-4,1.0,1.680076550697875E-4,4.5871975634112846E-4,2.6179105966470974E-4,0.0014321984973434286,1.688395583857406E-4,6.049561684100701E-5,2.2044870804512393E-4,1.995095318141809E-4,0.0017605878776326344,1.817842622084176E-5,0.0023467451032214612,3.2804208766327216E-4,0.0017890363346002246,5.409142922522355E-4,1.1295157360871334E-4,0.0012292948956600393,0.0024366707303355066,1.9670654474239848E-4,9.255604608956434E-4,0.0010171150381777128,8.823058932665327E-4,1.5732599363081046E-4,1.6326892619619227E-4,3.1307569828756206E-4,2.3740587228403078E-4,9.401417873659574E-4,3.047610141150045E-4,1.5674435884349767E-4,3.350526308129296E-4,3.2115355517452215E-4,2.0970790380223553E-4,1.2462817171520407E-4,2.3041285626685133E-4,2.9623550208165305E-4,4.533836398779996E-4,6.032962472139239E-5,3.9289221952278E-4,0.004448736636040307,0.0031953280920324193,2.6705505305102883E-4,2.705915327752866E-4,2.331654743135185E-4,3.9210612186194884E-4,9.309897784363504E-4,3.1418997186931504E-4,3.157672617248607E-4,2.9337179193128233E-4],[3.4694736927234497E-4,5.904710539058091E-4,0.006369514630594247,5.59478357344321E-4,1.581524881574906E-4,1.1534791807931424E-4,0.012687303278563176,0.041567306284838526,2.4758392543175955E-4,0.003457245489809274,1.3295390142879128E-4,2.3889871141715186E-4,1.680076550697875E-4,1.0,3.571969671110148E-4,9.328195618478413E-5,0.0013952976095539282,1.0280933585360305E-4,1.0148007810444802E-4,1.3234428028111085E-4,1.2258849046913788E-4,4.232367918722222E-4,1.819947885902346E-5,0.002928463043182931,1.7442078514703197E-4,0.0069722063104763485,2.1665552582095194E-4,1.0047321826576324E-4,0.001033922779695217,0.0036004072246555155,8.511726225457661E-5,7.038871212878649E-4,3.8508218691792105E-4,0.0010465220671868891,1.2078002302439513E-4,1.3239761693352976E-4,9.565779410840869E-5,3.716740038791107E-5,8.692404256689237E-4,1.3610072476906052E-4,1.1818208946902278E-4,1.4790974985896916E-4,1.3039542966810088E-4,1.1770888668784216E-4,1.2560891661770145E-4,1.0931096929000337E-4,1.57159278610301E-4,0.0011046001111600667,6.741407888542037E-5,0.0010026616470840076,0.004856105266381908,0.0026457136889482874,2.1375759566306888E-4,1.3810390593289407E-4,1.25003879783526E-4,2.655040126457369E-4,7.583378838326874E-4,1.33126811869873E-4,1.766909541418611E-4,1.1434608110735019E-4],[0.0016920662499672044,0.0013594933158200477,0.006809075728552251,0.0016895125606791507,0.0015156435176009715,8.068269212004517E-4,0.00716887898669215,0.04318034273963212,8.097767453645315E-4,0.007037166433162502,3.296746932870187E-4,6.048694964555209E-4,4.5871975634112846E-4,3.571969671110148E-4,1.0,0.0016981161266396753,0.0017074674980905096,1.7928653507281133E-4,8.566376114602683E-4,0.0015480799939062055,9.885828827118986E-4,0.0017567102328560713,8.337717738506762E-5,0.005332852420053873,5.349542588605038E-4,0.00571887561184401,7.244675947320773E-4,6.033104427169817E-4,0.001642065560595143,0.004672135620550096,0.0013164509671563251,0.001821004320565458,0.001328812204504024,0.0011976931944169566,1.4432086525291847E-4,2.480536496293954E-4,1.3465050510354273E-4,5.98821026591276E-4,0.001323399799167681,0.0010531421935759478,5.044412496932192E-4,6.242605296026023E-4,0.001475722700929721,0.0011660545190165673,8.407947463405593E-4,4.887183684787221E-4,4.8211996102544345E-4,0.0019976906663929338,0.0017273700557198805,0.0014255283632483408,0.005442961048871665,0.0020799368594808854,0.0012886490818021245,0.0014154315309515288,3.737572632612067E-4,0.0012776455581534122,0.001809625484323221,0.0013979454448584297,0.0016666245652891681,1.652418817696755E-4],[4.423809801387687E-5,8.407124435088222E-4,0.005377559389065292,8.995053646572792E-5,8.127350747459791E-5,3.195495506783577E-5,0.00662005877864902,0.001637610809283278,8.103064696796675E-5,0.0020920307541414025,1.1300553073243453E-4,3.7095237981487434E-4,2.6179105966470974E-4,9.328195618478413E-5,0.0016981161266396753,1.0,0.0013521171144685172,1.9437110905020556E-5,2.087049200117449E-5,8.33248397814035E-5,7.069880592572478E-5,1.5135830701279218E-4,3.215708037233355E-5,0.007348308511217204,6.18484176512923E-5,5.610022452411512E-4,1.6184540470140556E-4,2.679075973586745E-5,3.267360028159211E-4,0.0012544969752229867,3.0483025491963408E-5,7.350128950873542E-4,0.0010878061273420587,2.2934231278885124E-4,1.0466457813069968E-4,1.1528530428032342E-4,2.8828977010483715E-5,2.300085210428689E-5,4.5189065359463055E-4,1.2356556933611478E-4,3.342818730682424E-5,4.1425641452255384E-5,6.717642958659585E-5,1.0116489334951667E-4,3.320256837035384E-5,2.8786346376486204E-5,1.836549407621297E-4,0.001288665844167141,2.961729628148505E-5,4.372741283623003E-4,0.0026823665108096266,0.0011379152102832795,1.2783554639141353E-4,9.384386923883963E-5,8.65839008640594E-5,2.991546988500803E-4,8.6900329066592E-4,4.132958831140087E-5,1.3329785871648545E-4,3.077084005893207E-5],[0.0015657410957100196,0.001388606546084391,0.005629488455875191,0.001444124786809726,9.094053222431081E-4,0.0014139855515322164,0.008898104690320105,0.02632831262052583,5.106568867448382E-4,0.005170860008581028,4.007325589739384E-4,5.08939005555036E-4,0.0014321984973434286,0.0013952976095539282,0.0017074674980905096,0.0013521171144685172,1.0,9.003282568762716E-4,1.2675121279739159E-4,0.0010624473054867687,0.0014032547718983307,0.0016254292199899972,9.367251252800881E-5,0.00394829849748089,4.024498753213251E-4,0.004304592528721986,0.0011649691832996084,2.814592692194576E-4,0.0015088492324777858,0.0029345796104089756,1.6470872196579453E-4,0.0017249254711497544,0.001386282831071096,0.0013858525810170586,0.0012467715141550057,6.48649199878292E-4,3.506423093771296E-4,0.0015071417484803851,0.0016072730479648105,8.150243439386031E-4,3.017536363596417E-4,9.298353571816104E-4,8.769277462183058E-4,4.259363077550808E-4,4.9586733404240776E-5,9.407649258525216E-4,3.6316744769497903E-4,0.0017468318515729147,0.0014855832742000307,0.0015346313031328307,0.0021879154148678383,0.002021855833870227,7.624392775586227E-4,2.809731383536929E-4,7.863290130198964E-4,4.908450036168812E-4,0.0017540007879440862,0.0011313166394477346,0.0012017147816360345,2.6017410575997517E-4],[5.941401174327497E-4,8.001634001194514E-4,0.00846065071782464,2.3851447091938262E-4,4.054883535027492E-5,1.662296326690589E-5,0.003101816781304594,1.6273069681388918E-4,1.902875416407136E-4,0.0020973087616371045,1.9081921635567735E-5,3.09055069757252E-4,1.688395583857406E-4,1.0280933585360305E-4,1.7928653507281133E-4,1.9437110905020556E-5,9.003282568762716E-4,1.0,1.1711741566422147E-5,2.1186259966108075E-5,2.6631913428330067E-5,5.453338488399587E-4,1.1944243504650084E-5,3.9380616458402926E-4,2.135249717393611E-4,0.006109694258218023,2.0942001247085833E-5,1.4318898498151568E-5,6.040776104250834E-4,0.002403238799092664,2.5243448176487013E-5,5.872848766937919E-4,7.05246502232313E-4,6.768724693140094E-4,8.102379090450522E-5,1.1636689641624877E-4,1.54989391144423E-5,1.689992552653031E-5,3.1233305933510257E-4,8.158284470485267E-5,5.113347032392992E-5,8.799116111283667E-5,9.196907922478462E-5,8.796642419913843E-5,1.984320984548972E-5,1.9332346876144125E-5,1.3288751618462005E-4,2.2016370006146957E-4,1.6523196887959157E-5,1.5009916345487239E-4,0.0041057601392097635,0.0025807417729847033,1.0232432255686347E-4,4.0830750515695355E-5,2.6628393062988685E-5,3.780510322580706E-4,5.317939909682754E-5,1.0666957118779973E-4,6.848522640014183E-5,2.479479437259046E-5],[3.6215390841127674E-4,1.7955559174744626E-4,0.005838348391535093,0.001137456557779865,4.971048851280524E-5,1.3473091737839159E-5,0.0026964253800462793,0.0025042506854731626,6.383622227231617E-5,0.0034777650832071684,4.569454550430378E-5,1.368114931391477E-4,6.049561684100701E-5,1.0148007810444802E-4,8.566376114602683E-4,2.087049200117449E-5,1.2675121279739159E-4,1.1711741566422147E-5,1.0,1.2646418444236867E-4,5.74627660800552E-5,0.0012343814978517814,1.0971628974675485E-5,0.0059505586439800645,2.16580873901346E-4,0.0011435894093114924,1.9684217530644536E-4,1.2309289828546893E-5,4.611341864833525E-4,0.005065072319894342,1.9429106054899132E-5,2.924167486945597E-4,4.7895929030317375E-4,0.0011796936760275177,3.3697050091010955E-5,1.0425823403556217E-4,1.4342280534882448E-5,2.1536153172306793E-5,9.735919163401233E-5,1.6795899807014256E-5,1.3894280316848766E-5,3.4235617216145164E-5,1.0465823225802546E-4,8.088745475195419E-5,3.258540805576227E-5,1.1152095736492748E-5,1.2040745087829129E-5,0.0017294642717539306,1.7621932566677445E-5,1.3569032114049158E-4,0.005392976380300344,6.611129099311887E-4,1.1737388539382004E-4,1.3066966373628087E-4,6.471292952543175E-5,3.792633081893712E-4,1.096955121098686E-4,1.2860499118765194E-4,1.0171633603755148E-4,1.659586770057383E-5],[6.64997464251949E-4,1.5116335474496325E-4,0.009095466074489878,0.0010898094753208694,1.685762922520469E-4,7.209714744474921E-5,0.011825997537687323,0.028769772138015456,1.7558056225791554E-4,0.0012546363447839917,1.5595500142975027E-4,3.2962582340261893E-4,2.2044870804512393E-4,1.3234428028111085E-4,0.0015480799939062055,8.33248397814035E-5,0.0010624473054867687,2.1186259966108075E-5,1.2646418444236867E-4,1.0,1.239902213425253E-4,4.2152715600917616E-4,9.989413040474722E-5,0.0018293754337516156,1.8083182441437035E-4,0.004322078755844639,4.1006478205837186E-4,2.593080872297277E-5,1.4673231976835004E-4,0.004489013445341182,3.413288173245014E-5,2.3009004261468908E-4,8.518570928246656E-4,8.162856297714293E-4,1.2722032733160704E-4,1.3552306934339054E-4,3.4613447982012375E-5,2.2930226810730864E-5,5.266127193842895E-4,1.6360483281908317E-4,1.1720712246177117E-4,1.492937822502228E-4,1.2525455423677975E-4,1.3014909634636676E-4,4.417442392180835E-5,5.210599524627206E-5,1.5305859801894176E-4,6.338350809643238E-4,1.0673263231190881E-4,7.944529005397903E-4,0.002657047399677563,3.1448214463399807E-4,1.9250704339354195E-4,1.423387701203438E-4,1.394119206562975E-4,3.8862850273895585E-4,0.0012468472206565418,1.4104579341619168E-4,1.743161902047984E-4,1.1000905464047445E-4],[4.10556063944738E-4,3.4737610948498937E-4,0.008853489081683194,0.0011773114470189085,1.6455571785956732E-4,3.121959403226347E-5,0.012330936938932252,0.03672220391357596,1.251711565591211E-4,0.001432546883284704,1.5950958462796746E-4,2.1372885188534763E-4,1.995095318141809E-4,1.2258849046913788E-4,9.885828827118986E-4,7.069880592572478E-5,0.0014032547718983307,2.6631913428330067E-5,5.74627660800552E-5,1.239902213425253E-4,1.0,1.8097394577043196E-4,7.66565831434575E-5,0.003910552253550689,2.202982742788531E-4,0.003035925544116262,5.586326297900491E-4,8.551968462396674E-5,0.0011350986762311242,7.105095199412805E-4,6.90415375125632E-5,0.0015443620986827185,1.8805266617789184E-4,0.0010174393916077512,1.087187241248332E-4,1.2685804066315233E-4,3.8353641840979776E-5,7.237114998831086E-5,4.819596895906759E-4,1.314439455452202E-4,1.098775881057746E-4,1.20204679093347E-4,1.1183065021217466E-4,1.1247895391695559E-4,1.000307966102557E-4,3.2500425142227016E-5,1.8216738433147746E-4,8.340710180059095E-4,3.0167318097592975E-5,7.521791581291371E-4,0.00504024720030174,0.0026306281929212565,1.527803927873021E-4,1.168882923084746E-4,1.047214885596749E-4,2.6998942722634056E-4,7.187518512550663E-4,1.1507295566989447E-4,2.271442504069752E-4,1.0300441788209113E-4],[0.0015472349682009172,0.0013710178473995058,0.00407477618042529,0.0013852604377908415,0.0010782061996108927,0.001504997886775992,0.0043205581272267425,0.017929293461581192,0.0014147674839386777,0.003780372757249837,7.304005023685224E-4,0.0013308236335734835,0.0017605878776326344,4.232367918722222E-4,0.0017567102328560713,1.5135830701279218E-4,0.0016254292199899972,5.453338488399587E-4,0.0012343814978517814,4.2152715600917616E-4,1.8097394577043196E-4,1.0,8.299164444526077E-4,0.002070193215304226,0.0017218958212454158,0.004215226356207198,0.0015731780438056338,9.89253417319104E-4,0.001458876059538598,0.003123182740919662,7.158881168926911E-4,0.0018431323743163571,0.0015475274569093967,0.0014074143371848179,0.0016211848911773079,0.0011863854178847109,0.001220913349774064,0.0017161421346012689,0.001735856826771538,0.0012154253549022053,9.858546558056877E-4,0.0013049167478981652,0.0010514828834555273,0.0017168369245843301,0.00170618561338443,9.57515378751703E-4,0.0017024992411667776,0.001867558180884325,5.844805949598243E-5,0.001181523582575729,0.002526689074575816,0.003152196036237765,0.0013006625083280946,9.03577667348242E-4,0.001276931275485076,5.243246740402418E-4,0.0018147202574650828,6.15087484644088E-4,0.0014172835267218355,0.0017119946965094466],[9.963055139253056E-4,0.0010346322045469167,0.009109653748379503,0.0011153884098513026,1.6283469330600993E-4,1.8174431301737383E-5,7.945223530413903E-4,0.01402129311242741,2.5533479565599066E-4,0.008127225748985039,9.789139009415368E-5,2.3827377121668895E-4,1.817842622084176E-5,1.819947885902346E-5,8.337717738506762E-5,3.215708037233355E-5,9.367251252800881E-5,1.1944243504650084E-5,1.0971628974675485E-5,9.989413040474722E-5,7.66565831434575E-5,8.299164444526077E-4,1.0,0.008533542600543906,2.171307238299801E-4,0.0033460967392266597,2.0900560041318584E-4,1.210481376228671E-5,0.0013001967405525856,0.002733089960172471,1.9863825593619466E-5,1.0480306444053148E-4,0.0011494829134975743,6.800447161120418E-4,4.168382935198703E-5,3.96886826570772E-5,1.4180425355922173E-5,1.8184254629418693E-5,0.0010199794358512898,6.512472775480355E-5,5.058853716919384E-5,5.0328019393385305E-5,5.1681791149951956E-5,7.979353938434952E-5,2.064457677516939E-5,1.2949382947514673E-5,1.924929922744172E-4,7.09869133343962E-5,1.1510455730571526E-5,7.577642252622087E-4,0.006039938222262863,7.474511730290783E-4,2.1771393267606753E-4,4.2684258724720325E-5,2.4243561718823722E-5,3.565034130358801E-4,7.253295806636872E-4,7.996135201998234E-5,2.629538095675814E-4,2.6197565588994798E-5],[0.008209707135707586,0.004536920103016285,0.009647773069995489,0.008532767615503985,0.009783088507431953,0.009174147747432212,0.012152533511838695,0.03259043663124346,0.010155167645277753,0.010478553367390534,0.001274154150612856,0.002685337961340257,0.0023467451032214612,0.002928463043182931,0.005332852420053873,0.007348308511217204,0.00394829849748089,3.9380616458402926E-4,0.0059505586439800645,0.0018293754337516156,0.003910552253550689,0.002070193215304226,0.008533542600543906,1.0,0.005922397795587091,0.007483517392051368,0.004033240520844669,0.008191631757580323,0.008088876535715364,0.009028316271250642,4.044169791204861E-4,0.004976207627708954,0.008653839521718084,0.007731259667205072,0.003963326172219905,0.009746348982357975,0.00932770376191759,0.0023169977993210316,0.003148807439521564,5.341314083727232E-4,0.005791492494402919,0.009913292575412834,0.0031421513893698295,7.333435000710515E-4,0.0060887743084434435,0.005499871047013255,0.009795228781828326,0.009492984868023547,0.008748826154038967,0.0017556890213119955,0.00978294809181637,0.009700788946705358,0.00352509457345599,0.0010111295694267316,0.0021804440628702274,0.008120073364561501,0.005278126078712945,0.010077000675967637,0.0023724812806380636,0.007202964128928756],[4.8201740500680983E-4,7.232746772228509E-4,0.005529528831598493,9.808030533815255E-4,1.9800853520013175E-4,2.027652424794841E-4,0.0011671923605570515,0.041040022834738475,2.3636081947742748E-4,0.008398904857874945,1.986040310303986E-4,3.189472548348774E-4,3.2804208766327216E-4,1.7442078514703197E-4,5.349542588605038E-4,6.18484176512923E-5,4.024498753213251E-4,2.135249717393611E-4,2.16580873901346E-4,1.8083182441437035E-4,2.202982742788531E-4,0.0017218958212454158,2.171307238299801E-4,0.005922397795587091,1.0,0.0022001350378476007,4.727907037234548E-4,1.6598876175268954E-5,0.0012185509348528248,0.002853575347225042,1.2461928041958742E-4,0.002017236385267802,3.190189705408496E-4,7.443749484626176E-4,1.99547493885298E-4,1.736640553213918E-4,6.078730490514371E-5,6.674269452108178E-5,2.853569029254676E-4,2.126613668121644E-4,1.828999038986356E-4,1.7128693532778965E-4,1.2178685451882024E-4,1.3983231557023054E-4,1.2198397046998286E-4,1.0497607985011886E-4,2.1554669574569657E-4,0.001219691917770555,6.380913943526349E-5,2.3375574474422784E-4,0.006423975362151739,0.0029107602220299657,2.2418965616022922E-4,2.0592172667715993E-4,1.7999483708494818E-4,3.7944374945737743E-4,4.435918470212752E-4,2.060309697152983E-4,2.2196479302171004E-4,3.264789699398485E-5],[0.006814851026776278,0.002628585052940823,0.00808325370435203,0.004995857497634731,0.001440652720531788,0.005258908474971183,0.010662442674302811,0.029833103427158954,0.006874063589972901,0.007414131049285427,6.084047548502391E-4,5.334916494863009E-4,0.0017890363346002246,0.0069722063104763485,0.00571887561184401,5.610022452411512E-4,0.004304592528721986,0.006109694258218023,0.0011435894093114924,0.004322078755844639,0.003035925544116262,0.004215226356207198,0.0033460967392266597,0.007483517392051368,0.0022001350378476007,1.0,0.0028208929637665086,0.002238084639050882,0.003915826798244257,0.006264111669518057,0.004709306788830021,0.0022405297589787473,0.0030345815410202518,0.006602380971341505,0.0066971708992595675,0.001230089460861393,0.0037850756729247734,0.00489663044276926,0.006735337449410161,0.0020900024206862667,0.004064746934521315,0.0030897406136808727,0.004933681953534248,0.003168672250187308,3.6270247206704844E-4,0.004127696571849738,0.005420436241510686,0.0033294182531333483,0.004690339825120194,0.001041303273517952,0.006993518064056794,0.005697391501220241,0.001087677938182585,0.005824146695716895,0.006183910793988448,0.001042182124779638,0.004922202954640131,4.5516688450143305E-4,0.004470048533921285,0.00309664235251293],[9.808199628826306E-4,0.001185630837514155,7.987645043689076E-4,7.064671517257501E-4,2.746637574598655E-4,5.467137227417419E-4,0.00734424561744666,0.002583613319326227,3.149628206735819E-4,0.0069577879396509595,2.542593140003487E-4,5.231411918371684E-4,5.409142922522355E-4,2.1665552582095194E-4,7.244675947320773E-4,1.6184540470140556E-4,0.0011649691832996084,2.0942001247085833E-5,1.9684217530644536E-4,4.1006478205837186E-4,5.586326297900491E-4,0.0015731780438056338,2.0900560041318584E-4,0.004033240520844669,4.727907037234548E-4,0.0028208929637665086,1.0,7.879047001897046E-5,0.001050463892577156,0.0013993367802336285,7.440062208586082E-5,0.0012729260091865356,7.605018495332927E-4,7.489283457432232E-4,6.327365060215897E-4,6.612610448673617E-4,4.099835556854896E-4,6.420930185706581E-4,9.624444601002587E-4,3.9419429849176706E-4,1.6862098450160916E-4,4.5698212420281674E-4,5.272634534178805E-4,2.7820695708192464E-4,1.8437670873258687E-4,5.509842072773498E-4,4.262075852342341E-4,0.0014953916548723968,1.1135979532094842E-4,7.822651882560652E-4,0.005224231795692465,0.003055797086250504,4.7139082116601553E-4,6.27633539972168E-4,4.833169559008711E-4,4.801812705160156E-4,8.924213944931469E-4,3.945692631561826E-4,4.7078216960325363E-4,5.1772937949785635E-5],[8.412135239671972E-4,0.0010972356056421367,0.009253960725281193,8.563899009845642E-4,8.544553833437647E-5,1.8560297018193062E-5,0.006585991989043503,0.015488104732161919,1.7612624877339007E-4,0.003329033347272165,6.774387641359757E-5,4.3528496121604467E-4,1.1295157360871334E-4,1.0047321826576324E-4,6.033104427169817E-4,2.679075973586745E-5,2.814592692194576E-4,1.4318898498151568E-5,1.2309289828546893E-5,2.593080872297277E-5,8.551968462396674E-5,9.89253417319104E-4,1.210481376228671E-5,0.008191631757580323,1.6598876175268954E-5,0.002238084639050882,7.879047001897046E-5,1.0,6.803038174614343E-4,0.0023334996759804324,2.4101573646675963E-5,2.778442108804707E-4,4.2138597207006694E-4,8.76971698999705E-4,7.191670613423588E-5,1.4930853482012826E-5,1.5535822082397784E-5,2.156211659566207E-5,5.251676103807123E-4,5.726284235543716E-5,2.3479559268628814E-5,1.370501643253617E-4,9.72725111603905E-5,8.47203784115709E-5,1.8890779258365382E-5,2.0953462982175178E-5,4.1057495892026576E-5,2.4355253725714528E-4,2.5714048486195373E-5,8.285257907273707E-5,0.003307852955387371,0.0014744859064920502,3.645043389237803E-5,1.1848230743858264E-4,3.3974729955306416E-5,2.2014045854078473E-4,0.001290227316150821,1.308772507692974E-4,1.3146862840652686E-4,2.7621906907472953E-5],[0.0012075701582623202,0.001277525849089266,0.003267963997561635,0.0013142949611400277,5.298190113816629E-4,1.4228798102080734E-4,0.010770911466090532,0.04044964008014614,7.035458911359834E-4,0.0036490302545305695,5.135995855023954E-4,9.715649941032739E-4,0.0012292948956600393,0.001033922779695217,0.001642065560595143,3.267360028159211E-4,0.0015088492324777858,6.040776104250834E-4,4.611341864833525E-4,1.4673231976835004E-4,0.0011350986762311242,0.001458876059538598,0.0013001967405525856,0.008088876535715364,0.0012185509348528248,0.003915826798244257,0.001050463892577156,6.803038174614343E-4,1.0,0.0050076067436916095,6.628680600872432E-4,0.0018327812707705795,0.0013241663064368862,0.0013083151338481734,1.5931471401368216E-4,5.082502580696438E-4,2.1334130543450202E-4,0.0012175173098497721,0.0012976882422726245,4.1692229024212224E-4,0.001289176310959242,8.389082201545694E-4,0.0012774503878766625,0.0010917436507891017,6.506292517167579E-4,0.0010877246236366475,0.0012459504504994494,0.0017653898885022707,2.8765096551370146E-4,0.0012161871086756328,0.00286608238069246,0.002097352049115371,5.279801972705091E-4,6.742628186915497E-4,6.809947654508726E-4,9.914937050920997E-4,0.0016581977526828732,8.38737031005765E-4,4.900672516981161E-4,2.577902154957031E-4],[0.003392075901521745,0.002659834040298933,0.007549260238009968,0.004452226582101379,0.005280795470994867,0.0013233472945986366,0.009106754366598427,0.011840479799365757,0.0033705422116572146,0.00825007202632495,0.002413163160720431,0.001109534034385257,0.0024366707303355066,0.0036004072246555155,0.004672135620550096,0.0012544969752229867,0.0029345796104089756,0.002403238799092664,0.005065072319894342,0.004489013445341182,7.105095199412805E-4,0.003123182740919662,0.002733089960172471,0.009028316271250642,0.002853575347225042,0.006264111669518057,0.0013993367802336285,0.0023334996759804324,0.0050076067436916095,1.0,0.0039059343476280316,0.0021399392534344466,0.0037701550926428256,0.0052364463433464264,0.00466777089630171,0.005493013552656453,0.004411542456146939,0.005524006855807156,0.0024614314242587952,0.0012658896913752013,0.004316597810665048,0.003623093347113827,0.0015013096969652435,0.003427284273655618,0.0019281339350621309,0.003045513949155746,7.070938293935565E-4,0.0036279626369421294,0.0018459831845489393,0.00518311801219892,0.006419619630913132,0.0051130956241972145,0.003824399511538578,0.004096251034936644,0.003607848541911906,0.0033953354959538186,0.0036224636819329344,0.003018989149000403,0.005126609507573415,0.00531890266490053],[2.526662549414955E-4,5.239115631887354E-4,0.0034926474169419985,0.0012186542547566407,1.2187528930290706E-4,2.8257369579512055E-5,0.010373685031873471,0.006960969189268805,2.527567075433235E-4,0.008178820289506812,5.7290199520975495E-5,4.805289702020553E-5,1.9670654474239848E-4,8.511726225457661E-5,0.0013164509671563251,3.0483025491963408E-5,1.6470872196579453E-4,2.5243448176487013E-5,1.9429106054899132E-5,3.413288173245014E-5,6.90415375125632E-5,7.158881168926911E-4,1.9863825593619466E-5,4.044169791204861E-4,1.2461928041958742E-4,0.004709306788830021,7.440062208586082E-5,2.4101573646675963E-5,6.628680600872432E-4,0.0039059343476280316,1.0,0.001308125573144813,8.958087461584865E-4,4.8532437230535655E-4,9.992108542841618E-5,8.079663760073011E-5,2.5079293303970353E-5,2.3386049567862076E-5,6.802880161357773E-4,1.5740720827867638E-4,5.6055198219405256E-5,4.5946145173855715E-5,6.592011671087963E-5,1.0703813372221988E-4,3.372182300803921E-5,2.9270999787400783E-5,1.817446021686856E-4,5.18764984048157E-4,2.821575340683926E-5,2.0085403950946925E-4,0.0032919300534671628,0.0016947113722613348,2.1225138932971424E-4,8.145558470023311E-5,9.640657225922994E-5,1.4146681034839364E-4,0.0010588413276466236,1.2951563515854725E-4,1.7324443459550937E-4,2.9272442895376173E-5],[0.0016822671094508085,0.0013796761263941192,0.007023976360423733,0.0015368482249279584,2.1950100112382953E-4,0.001365939492828248,0.007861596672636223,0.03935054606433146,4.098276102367782E-4,0.0020704123069043936,2.2453452787966538E-4,0.0018941381302915376,9.255604608956434E-4,7.038871212878649E-4,0.001821004320565458,7.350128950873542E-4,0.0017249254711497544,5.872848766937919E-4,2.924167486945597E-4,2.3009004261468908E-4,0.0015443620986827185,0.0018431323743163571,1.0480306444053148E-4,0.004976207627708954,0.002017236385267802,0.0022405297589787473,0.0012729260091865356,2.778442108804707E-4,0.0018327812707705795,0.0021399392534344466,0.001308125573144813,1.0,0.001989320152982375,0.0016872073430608215,3.485120198256558E-4,2.845845763515552E-4,0.002008326560707802,0.0013999544470633873,0.001821756818