[[1.0,6.808900823603253E-4,0.0011339882180582365,0.0024138942891608153,0.0018664422582435418,0.004325087547794853,0.0010409985152183994,0.0020893380542521415,0.001653070427690362,0.0026043578416281936,0.0013812062702749323,0.0029883876734342124,0.0021720370656083186,0.0012926093532469084,0.006816917723606214,0.003017536276108431,0.055269607284486336,0.0013060990924589847,0.0014132970786291115,0.0012142904979283106,5.800913453733195E-4,0.031379703281838485,0.0020359909151805456,4.749818698421576E-4,0.0019477084018722317,0.0020869955197484226,0.0016880350912086839,0.01326865280978967,0.002239844006450184,0.0018005508438643533,0.0011065481258613484,0.0021179804267910476,0.0018783585438409702,0.0016761548220367085,0.0014350971794796252,4.779256224422601E-4,0.0016803458703502274,8.398230512638172E-4,0.01404053716659393,9.205606522045826E-4,0.0017904769850737167,0.006849839928021987,8.281575155863397E-4,3.487794756824821E-4,9.950713171765835E-4,0.002081506795831788,0.001289566233265212,0.0017901196489172192,6.404913509325139E-4,0.003769906129428435,0.001245890251671606,5.018459705656365E-4,0.002243940523507402,0.0015909799855834867,0.0034264304463672143,0.005524463441225776,5.905569576302457E-4,0.001695863565745234,0.002519216954212449,7.577282390733788E-4],[6.808900823603253E-4,1.0,1.858236439578968E-4,2.8440001574413E-4,8.896920160831879E-5,0.006353476089786062,1.2011698115211382E-5,4.39869568801223E-4,1.2150791791325289E-5,0.0019583404073128916,2.5474603230759767E-5,0.015051415290513546,3.830868786468305E-4,1.3348764139714075E-4,0.029379927724432736,0.002247964042520983,0.05587096981463985,1.2387289807715517E-4,1.168406615920365E-4,7.913954825542847E-5,3.4715096383517395E-4,0.052137528379030365,8.108586666981202E-4,9.791808809477328E-5,6.703218910784507E-5,1.0960559704591873E-5,4.536079937927569E-5,0.015287039835386738,0.0014384689978560409,6.228854035409522E-5,2.4627598814364136E-5,3.4236771928712606E-4,8.490439131394565E-4,1.9128795468332854E-4,6.783621807520693E-4,9.568842624272672E-5,0.0014116584259537578,1.2150618432295643E-5,0.012927680447401805,1.6545885698690473E-4,1.3230915932089932E-5,9.646419798621963E-4,1.6395716963258017E-5,1.3157254264466596E-5,1.157008903713811E-5,2.2842666420881734E-4,0.0010544137177763572,4.085485930153818E-4,4.7050250417986916E-5,0.0011817449689473997,6.422412877563516E-4,2.1153283951818187E-5,5.134622255834354E-4,4.634850890192144E-5,0.0022373017720770795,0.006663589942139327,1.4628888456314133E-4,1.2523350452308065E-5,0.002017394844573278,2.7051348941706356E-5],[0.0011339882180582365,1.858236439578968E-4,1.0,0.002488220622803356,9.816557630669023E-4,0.004729288525213998,9.77240063997643E-5,4.385472843590004E-4,9.351735453240114E-5,0.0019388479593319223,6.681064616142602E-5,0.01342726415863162,0.0011695954802201855,4.555487262690338E-4,0.005525340662669958,7.701201828213562E-4,0.060052483048941556,2.3109979157332253E-4,2.0221799354666468E-4,1.1996724435416911E-4,2.2467133608635565E-4,0.03811598217532313,5.216829516202227E-4,1.6508147793961014E-4,1.7102986599927813E-4,1.7269452859453873E-4,2.3701325534710777E-4,0.01057881116050533,5.984898081766397E-4,1.746453091701129E-4,1.4695645004644389E-4,2.793391461396357E-4,7.064605744842834E-4,4.956712415849645E-4,5.006272298011913E-4,1.9551965983434852E-4,0.0012069654760955045,7.177467696814629E-5,0.015947865462877985,1.9302823356995877E-4,4.3346818531476493E-5,0.008023125794365964,5.506360504214775E-5,1.316954451813365E-4,1.0589336111887586E-4,3.2839452759400004E-4,0.0012346234191243015,2.756260850004664E-4,1.5325926978522795E-4,0.0013555396104255823,3.777192698361301E-4,2.0746056393463163E-4,0.002037103720114953,9.92386642861097E-5,0.002364765365358383,0.00449527413115171,1.5037703753673613E-4,6.728976790065601E-5,0.0014732013464929714,1.4915043669529139E-4],[0.0024138942891608153,2.8440001574413E-4,0.002488220622803356,1.0,0.0016872813318601016,0.008258312409816605,0.002194957071687556,0.0018412247163740747,0.003129989223291179,0.0032235468235294893,0.00209468712146073,0.0038030915763192638,0.003059461143029364,0.002822774539243441,0.00902932328934164,0.003290320109630778,0.04592177315511491,0.0032317833927179617,0.0019776773463175204,4.816777279990696E-4,0.0011424672877380173,0.027213691208468102,0.001691790117124487,0.0011386134874104524,0.0010103219128619959,0.001997226001453049,0.0012618102423822453,0.0190923647661412,0.003169441341997205,3.097702837933604E-4,0.0017362800010341211,0.0030219944205530785,0.0028509793107237306,0.002170691431301705,0.0017751134987912965,0.0010145725351104714,0.0020251860322396693,0.002312599878840127,0.01535867933517225,6.720907934396783E-4,0.003034904677384094,0.006087781766170201,0.0023507917380730732,0.0012038855778766923,0.0021924488716842604,0.0030289362769224683,0.0031282565500490352,0.0018809195637913415,2.586609381295486E-4,0.0036512490835862044,0.0011200156784281982,0.0014765925641369159,0.0030910537835457377,0.0010100583637926127,0.003462502866681853,0.004328528841844629,0.00220770251316823,0.0027659843629396635,0.0032065888618447577,0.0019318959624282555],[0.0018664422582435418,8.896920160831879E-5,9.816557630669023E-4,0.0016872813318601016,1.0,0.003553724280468727,1.0836916876618347E-4,0.0011925812778178987,3.0651543322319613E-4,0.001793888221542574,4.3838146603963717E-4,0.0018069786862660244,0.0010983793897464441,0.0010364803021805158,0.016987450328734967,0.001865108082788606,0.009762207150948096,3.6848925626341647E-4,4.138053379212911E-4,8.563811611513867E-4,4.867633390463092E-4,0.0038794200041876916,0.00102130305824616,4.213602723070227E-4,6.696131738023713E-4,1.766572483969255E-4,5.223997573820246E-4,0.02089684658817158,0.0016197660638269606,7.462257196370286E-4,9.265280593985541E-4,9.882880680078328E-4,0.0013723892220412943,0.0012460564555167198,0.0010787284168483468,9.681775534655208E-4,0.0013927425068775653,9.518797477228486E-5,0.005170684493109218,8.938825706613612E-4,6.493677606556763E-4,0.002878477885489239,2.521104776733829E-4,9.37933595645693E-4,3.2713508268445606E-4,8.451391374305315E-4,0.0012467347216496634,0.001130606277225846,2.451881563518174E-4,0.00285446470449014,0.0010517681985673197,4.8202518148851526E-4,0.001344614778423028,3.064315592283809E-4,0.0024673773793860735,0.002551587993776073,1.5342055904440444E-4,5.143193207921019E-4,0.0023185774008651757,6.130758098246323E-4],[0.004325087547794853,0.006353476089786062,0.004729288525213998,0.008258312409816605,0.003553724280468727,1.0,6.104263081710003E-4,0.00937465280721906,0.007731017629823347,0.002899131397025828,0.010260335177459428,0.013192414968706571,0.01044952330640649,0.005782371711866911,0.01813052653685376,0.0038869934055466592,0.08749352699578043,7.362333214746177E-4,0.006646586742616355,0.00900647690064525,0.0021412946438829805,0.028781283871201192,0.009181123745184767,0.009993347714664124,0.005854383668871653,0.008000111782921947,0.010236912483028257,0.021249930305813076,0.006867922575954554,7.623169958243047E-4,0.0017966168078240275,0.00505340529664699,0.0035830535040513208,0.007295157886497325,0.006178290091188089,0.00975354807167549,0.004619747578288094,0.010382817586607392,0.012761857889513433,0.008653906143991072,0.007811876645407852,0.00977862560929251,0.008683373252889955,0.009692919568407924,0.005413850925235089,0.006054795987940583,0.0018373354605513148,0.006262216047542494,0.009915669711412039,0.010193283876594031,0.004436756275860201,0.008924817446967121,0.0028781337482955693,0.005483655482494827,0.003959696751072501,0.008717834013503567,0.004465785920893189,5.645288254516101E-4,0.00852807436277082,0.009776738593568767],[0.0010409985152183994,1.2011698115211382E-5,9.77240063997643E-5,0.002194957071687556,1.0836916876618347E-4,6.104263081710003E-4,1.0,1.304720797578126E-4,1.3288205732645633E-5,0.0020426866483741514,1.3078451009417205E-5,0.010362534132199425,7.390551749874478E-4,5.07570131943983E-4,0.01872967464761002,0.0024196068621007293,0.06664565493566744,9.554533088066927E-5,9.556431512730734E-5,8.959255507403278E-5,3.7870273062330065E-4,0.02320019852315626,7.456950956798536E-4,8.117787370423271E-5,1.046344007703488E-4,1.262025233429757E-5,1.26828247718471E-4,0.0043319033804244,1.8726175933516024E-4,9.855254666876778E-5,2.3728957923138863E-5,7.815921443308708E-4,0.0013042679007157336,0.0011075835598284534,4.821716801289881E-4,1.3514999864297535E-4,0.0012340080156830967,1.2791831563306514E-5,0.005550540350692371,1.0002162535782201E-4,1.6554397481766906E-5,0.0067012047962209265,1.9428743043601482E-5,1.3286911943578743E-5,1.3042295828459958E-5,9.454825033398987E-5,5.739240445930917E-4,1.512544003446662E-4,6.57379952419024E-5,0.0037271192838583384,9.21078778428351E-4,1.2371925758825476E-4,0.001520915974331575,9.546452852303395E-5,0.002669651793410956,0.005190729767075369,1.2690063327836312E-4,1.2886581980063643E-5,2.366314918491388E-4,2.0231879612413435E-5],[0.0020893380542521415,4.39869568801223E-4,4.385472843590004E-4,0.0018412247163740747,0.0011925812778178987,0.00937465280721906,1.304720797578126E-4,1.0,1.810729422869463E-4,0.002465808735113409,1.564152242306979E-4,0.015063733870720146,0.0013711382662677954,0.0011165269376639253,0.01320208325494912,0.0025154331224840685,0.028018053831404623,0.0011213003537418223,8.91638653180241E-4,8.226717769036447E-4,9.199711406070374E-4,0.048586037160550724,0.001206699427828427,2.731105027771931E-4,8.930174681403962E-4,4.569297138416385E-4,7.76528248566263E-4,0.02022019375049678,0.001504960449557332,2.965058869621869E-4,4.767962258585753E-4,0.0011832408364263647,0.0014968165099470757,0.0014928889545785342,0.0013872176166770335,0.0013025208596398308,0.001484447705990805,0.0012874331754896171,0.009460898287037148,9.442937072407873E-4,2.991319909582038E-4,0.0016118874836325914,2.8887244730662877E-4,0.0013930863430723704,4.034950638854281E-4,5.509557704999233E-4,0.0013901443918319914,0.0012956140074287814,6.583283074155697E-4,0.0036890127902165165,0.0013382390984320238,6.742392208039777E-4,0.0017055686093091597,2.141420520486338E-4,0.003246775754464221,0.006012707207234597,7.843325425839225E-4,7.728313316461442E-4,0.0024852936411614507,0.0012721736508360944],[0.001653070427690362,1.2150791791325289E-5,9.351735453240114E-5,0.003129989223291179,3.0651543322319613E-4,0.007731017629823347,1.3288205732645633E-5,1.810729422869463E-4,1.0,0.0013451455632143973,5.438654312397218E-5,0.016229567697778325,1.9411524326945058E-4,1.6352339906280228E-4,0.005121506527861756,0.0010491414236738956,0.017963621384120238,2.3037747305182436E-4,1.0873771237176124E-4,6.75248766499596E-5,4.1628053606189354E-4,9.326106531001692E-4,6.240767423403216E-4,2.860575882038692E-5,1.4311043290186345E-4,1.7155314833962385E-5,2.204440675861408E-4,0.004633106119844324,6.329607245546388E-5,6.446984509523745E-5,1.6128035065295115E-5,4.202469400803338E-4,5.446597957498644E-4,9.590819564838925E-4,0.0010704216067116456,6.19476759115313E-5,0.0011337299738335823,1.3528965948886457E-5,0.011522796138304625,1.83193952886907E-4,1.4891954391065415E-5,0.001557067167974599,1.6351875236898713E-5,1.342368466432641E-5,1.376886492688826E-5,1.4650357096331146E-4,6.175060185859215E-4,9.26555040036297E-5,5.36529388470518E-5,0.002472962981839505,4.682935937619529E-4,7.934651678064436E-5,0.0016721584356278664,7.655735011181877E-5,0.0020181370716341736,0.0026904441526053773,6.128252614931196E-5,1.3758526532898808E-5,9.6142433821393E-4,1.6230205834906965E-5],[0.0026043578416281936,0.0019583404073128916,0.0019388479593319223,0.0032235468235294893,0.001793888221542574,0.002899131397025828,0.0020426866483741514,0.002465808735113409,0.0013451455632143973,1.0,0.002032389120172616,0.008605954252773497,0.0016017572659324866,0.002616264181669301,0.02425570158429941,0.0032680909853102414,0.0763422293656981,0.0018406772046043942,0.0015227843679043603,5.043720313700624E-4,0.0024037451353389515,0.054403015399896885,0.002010078009692209,9.142231335867687E-4,0.0013183506950480595,6.78488132095399E-4,0.0026575334705237876,0.012669001267596007,0.0024429232206114285,0.0024731509482021847,0.0010373049647197275,0.0013163998880494055,0.0017698783745179166,0.0018014480795713742,0.0014176209153646054,0.0014581901513197903,0.0023605328285130596,6.872341724796545E-4,0.009917873890693433,0.001554650523395792,0.0010798058655101578,0.0034334215972792914,0.0024332566237065213,2.095142464216753E-5,2.1193656413596748E-4,0.00265958290340403,0.0020763489200092567,0.0023899277357948443,0.0014346066003378098,0.0033702196605717894,0.002505451398584461,0.0019187345624255552,0.0022362422550797414,0.0017425980472557869,0.003496242683031364,0.004743727344208455,0.0026276860442676366,0.0017327943111786338,0.00276690763363815,4.610221695049333E-4],[0.0013812062702749323,2.5474603230759767E-5,6.681064616142602E-5,0.00209468712146073,4.3838146603963717E-4,0.010260335177459428,1.3078451009417205E-5,1.564152242306979E-4,5.438654312397218E-5,0.002032389120172616,1.0,0.00589757853322632,9.113837051817784E-4,1.3598942070913625E-4,0.01792388620773911,0.0024353347144018002,0.0762656283160124,1.4456950605003872E-4,1.4807677448737714E-4,9.356340926816516E-5,3.11182704163519E-4,0.007315068796584277,7.830021470172459E-4,6.815576867644426E-5,5.771925285666069E-5,2.7065425414905213E-5,2.391663037167062E-4,0.013738103586094005,7.816242663495965E-4,5.69418574649201E-5,3.487057123036009E-5,5.695722158934818E-4,0.0013384969349857848,4.7290374406058083E-4,8.809904114149942E-4,7.168226807454693E-5,6.16292185196823E-4,1.9658011285195652E-5,1.1327503401889618E-4,1.474249014855427E-4,4.487372563806494E-5,0.006565628479879619,5.425204951408566E-5,1.707816731641154E-5,4.18451828943971E-5,1.867020626195908E-4,2.6763282940962823E-4,1.922203392483286E-4,1.0435002240304437E-4,0.004151643909787862,4.566984897931383E-4,1.809275657011733E-4,8.119265549272426E-5,9.333706980444257E-5,9.85967271886334E-4,0.004276572463532142,9.378584743411049E-5,2.8655191543474626E-5,6.59136890182571E-4,5.319023679324225E-5],[0.0029883876734342124,0.015051415290513546,0.01342726415863162,0.0038030915763192638,0.0018069786862660244,0.013192414968706571,0.010362534132199425,0.015063733870720146,0.016229567697778325,0.008605954252773497,0.00589757853322632,1.0,0.009580915571459759,0.00567824570961455,0.025948094352761082,0.00640342191150506,0.06869336180533922,0.0057748554625346405,0.002229702046965031,8.822118288816931E-4,0.007842316781004638,0.0508444107787556,0.015649436856862837,0.0031072209640834753,0.014726757383591846,0.009053894427293483,0.01515690098321333,0.01887187170744798,0.004523511959811943,2.5787176862571143E-4,0.005633290962117834,0.017398463869296738,0.010547573792842138,0.007542009156875969,0.011363123701602345,2.0400730778769835E-4,0.010353478083132913,0.00957103586358931,0.018518518518518517,0.009713559859853992,0.009861789543137283,0.012225037610504606,0.013057831631559326,0.004682396900236374,0.011637195072177578,0.011553804513299556,0.011025593722856402,0.0024915156257217545,0.016442396822049628,0.010791919743391352,0.00627897520081889,7.252903560678487E-4,0.009595701160378714,0.0071900217200690395,0.016732928541657432,0.017225899654131904,0.01790944978669507,0.014897469523984552,0.014860553269585953,0.0020578085431916453],[0.0021720370656083186,3.830868786468305E-4,0.0011695954802201855,0.003059461143029364,0.0010983793897464441,0.01044952330640649,7.390551749874478E-4,0.0013711382662677954,1.9411524326945058E-4,0.0016017572659324866,9.113837051817784E-4,0.009580915571459759,1.0,0.0010917160166808615,0.0027555881697018175,0.001716560390997707,0.062430330039569285,7.084562470690422E-4,9.226862486194812E-4,4.3868096494155114E-4,5.400681646855506E-4,0.03826172931018077,0.001079886532323996,9.356922862258397E-4,8.296958684451054E-4,0.0010922630178648981,6.574188699379447E-4,0.00612412871754965,0.0014119082766166381,6.531076751675424E-4,1.6546572453848607E-4,9.665432536696074E-4,0.0014448015910161576,0.0014800753548304703,0.0012147416841357334,6.674427524004532E-4,0.0013528570397768368,4.0378226579602445E-4,0.0069101235066452585,4.0070698851911966E-4,3.929148220050173E-4,0.00202113860160988,3.5955664034540856E-4,0.0010864573730477644,4.6378658127309345E-5,8.53309162587084E-4,0.00125476618022655,0.0012239902080783353,1.4487018853984857E-4,0.001308616671565891,0.0011439629462695275,9.723519276605762E-4,0.002164334454030802,8.564753946096327E-4,0.00220668440868314,0.006868909249489035,3.394566737633148E-4,1.284748706750493E-4,0.002242286762211446,5.769566888402797E-4],[0.0012926093532469084,1.3348764139714075E-4,4.555487262690338E-4,0.002822774539243441,0.0010364803021805158,0.005782371711866911,5.07570131943983E-4,0.0011165269376639253,1.6352339906280228E-4,0.002616264181669301,1.3598942070913625E-4,0.00567824570961455,0.0010917160166808615,1.0,0.019590367606858144,0.002079565565519549,0.07822285952333675,4.6615473148404704E-4,4.4556451507845777E-4,5.112006443594486E-4,5.427568804689188E-4,0.05824816324316862,0.0010315307362205495,8.162307490980656E-4,3.365482031725427E-4,2.733061745569762E-4,8.858634450079807E-4,0.01208859317045422,0.0010712253953679282,9.141737277012513E-4,8.559772949398724E-4,0.0010253330067022605,0.0014490661355210251,0.001231133463723921,0.0010699640374710897,9.352930156527387E-4,0.0014552298439051083,3.6677318663503174E-4,0.01390672488096125,2.545743438218202E-4,5.789836533971124E-4,0.0032514175509568725,2.1897456675390865E-4,8.25734939958466E-4,6.771463266448368E-5,7.850089001518459E-4,0.0011319034746675796,0.0011938514083655572,7.989590098998129E-4,0.0041622821794274015,0.0010791229126271664,9.940174981290847E-4,0.0021643016721569963,2.610344297965982E-4,0.003033530253438211,0.0043430143717413435,4.771982841215064E-4,3.264276090497673E-4,0.0026008258522333566,3.1978686967973065E-4],[0.006816917723606214,0.029379927724432736,0.005525340662669958,0.00902932328934164,0.016987450328734967,0.01813052653685376,0.01872967464761002,0.01320208325494912,0.005121506527861756,0.02425570158429941,0.01792388620773911,0.025948094352761082,0.0027555881697018175,0.019590367606858144,1.0,0.010923924144687059,0.03494258395745183,0.015666565412753037,0.011638082398099008,0.02533434959508439,0.004579929782619896,0.06220454793511953,0.00981797409025071,0.013838623179437595,0.020452011268796172,0.013446703574959981,0.010406234168522826,0.027510856673531568,0.022211865089108676,0.026615802809720854,0.027865378533811207,0.004283976117136387,0.024623881319718904,0.020699821006794173,0.00189343934815696,0.011790064811914618,0.029195971729018975,0.013630329714852845,0.02403153887413351,0.022079112085937606,0.0012213473414068416,0.017602729748338083,0.02294480387539893,0.010183926115018662,0.007866767738601121,0.029285477805264488,0.012564853383183573,0.00132345086511779,0.02657519735332869,0.01909072354579167,0.01223063367899931,0.012809389515476735,0.004902449157894411,0.014109067159232814,0.02039495619438824,0.01632348238003318,0.029010957860321037,0.0017376754034241972,0.020352064075350545,0.02352943685123942],[0.003017536276108431,0.002247964042520983,7.701201828213562E-4,0.003290320109630778,0.001865108082788606,0.0038869934055466592,0.0024196068621007293,0.0025154331224840685,0.0010491414236738956,0.0032680909853102414,0.0024353347144018002,0.00640342191150506,0.001716560390997707,0.002079565565519549,0.010923924144687059,1.0,0.039283312851406016,0.0014011738558546477,0.0012475316652846723,2.7458759640343284E-4,0.0012965217415164436,0.01822861131860467,0.0013132736808872543,0.0013791614638057196,6.592970159967924E-4,0.002674566136552873,0.0020292746637844148,0.018581888518990848,0.0020074134847002435,0.0015752537743272583,0.0021943796587899768,0.002471853452023562,0.0026530695768313683,0.002946184756320307,0.0024055619522553463,4.188998175289121E-4,0.0017858820485317363,0.0013365570680338983,0.012073489846305114,0.001382984575662277,0.00205242104507004,0.008061349578173727,0.0032104639787695305,0.0026056667725052633,0.0018687262269168922,0.001542787399423943,0.002430632918531115,0.0016014807239435455,0.0017219229296234152,0.003682414338818297,0.0018634202900953162,0.002625214846888454,0.0023368527322134656,0.0018301539286324922,0.003554880278118343,0.006173812949148862,0.0021786036904098247,0.0031320426549028865,0.003200473600712349,0.0012698783188515915],[0.055269607284486336,0.05587096981463985,0.060052483048941556,0.04592177315511491,0.009762207150948096,0.08749352699578043,0.06664565493566744,0.028018053831404623,0.017963621384120238,0.0763422293656981,0.0762656283160124,0.06869336180533922,0.062430330039569285,0.07822285952333675,0.03494258395745183,0.039283312851406016,1.0,0.08121625126655799,0.04679782031086586,0.013938708775617387,0.07119286226428885,0.0822178621984339,0.06656999090673647,0.01266859554947774,0.05240208124645732,0.07967310933022162,0.012828986214456847,0.03106388410970442,0.014509254402191715,0.09066771195261464,0.034042205754139084,0.0058662252294169985,0.0698545576973213,0.07036812523455416,0.06314482557692734,0.0017629169766590145,0.02221418277339217,0.07429868689170219,0.07746319409419247,0.08472695464131853,0.03743520221080975,0.025624012297857733,0.04548867118307003,0.08485235901983368,0.038036540606483434,0.024641546974082256,0.02673784125396523,0.020170422365777506,0.02843904249588535,0.0755673216189155,0.04789351791305011,0.014914346293758811,0.046686428616765696,0.01276572872522617,0.08767483722731485,0.09056450703288543,0.027494477550802473,0.04548557430920093,0.07355700825998786,0.0809193598555539],[0.0013060990924589847,1.2387289807715517E-4,2.3109979157332253E-4,0.0032317833927179617,3.6848925626341647E-4,7.362333214746177E-4,9.554533088066927E-5,0.0011213003537418223,2.3037747305182436E-4,0.0018406772046043942,1.4456950605003872E-4,0.0057748554625346405,7.084562470690422E-4,4.6615473148404704E-4,0.015666565412753037,0.0014011738558546477,0.08121625126655799,1.0,2.0747408425860522E-4,1.0949233614154541E-4,3.1373558402794367E-4,0.033874228192365435,6.731315359962523E-4,1.3475938845996765E-4,1.5355505764381115E-4,1.2943511303311229E-4,2.511929922293254E-4,0.00667361252196602,0.0010309387088526481,2.3433383069084403E-4,2.2127167912941453E-4,3.8548361866913393E-4,0.0013055596756982855,0.0010468087451356775,8.116489050159403E-4,1.9885716181129744E-4,8.722160296160664E-4,5.5184272442075626E-5,0.009807726090257181,2.1375385699467072E-4,1.4238064617088929E-4,0.008630316118919467,9.762206482280124E-5,1.742518501087054E-4,2.8923579963651208E-5,2.6863633334538845E-4,8.26946744568763E-4,0.0011654546367929216,1.8597393373659442E-4,0.003044230444687286,5.253481475723643E-4,2.3715059587266373E-4,7.308680270133683E-4,1.6034632441521964E-4,0.0031826073658287705,0.0011682117929624762,1.963985078570705E-4,1.4096353555892983E-4,0.0013518767103200906,2.3677378355495675E-4],[0.0014132970786291115,1.168406615920365E-4,2.0221799354666468E-4,0.0019776773463175204,4.138053379212911E-4,0.006646586742616355,9.556431512730734E-5,8.91638653180241E-4,1.0873771237176124E-4,0.0015227843679043603,1.4807677448737714E-4,0.002229702046965031,9.226862486194812E-4,4.4556451507845777E-4,0.011638082398099008,0.0012475316652846723,0.04679782031086586,2.0747408425860522E-4,1.0,1.543245647424535E-4,2.885530842941558E-4,0.055998340209397444,2.999353588662329E-4,1.411472796205196E-4,1.493610944162371E-4,1.469294519371769E-4,2.5264540788495337E-4,0.015202313156369197,7.723825718999548E-4,1.4220273940128512E-4,8.324141918591044E-5,7.674595882456747E-4,8.677698037701516E-4,6.532169493280143E-4,2.9755337682309653E-4,1.8328143170758636E-4,8.700213513899314E-4,6.101348810838777E-5,0.0040625027004777305,1.8008854644765033E-4,4.4922813875148246E-5,0.0063311462339837405,1.1562173716242615E-4,1.288729072123887E-4,1.3013885079124336E-4,2.503307521410892E-4,0.0012055748449796692,0.0011424494200645734,1.469331808930735E-4,0.001200491225397328,0.0010173644333610191,1.7923474491060974E-4,0.0017088441633701214,1.0656107402761782E-4,2.3825047175693833E-4,0.00269175410139211,1.6603321420058977E-4,1.7612530617000055E-4,0.0014592581603984662,3.8628524139594984E-5],[0.0012142904979283106,7.913954825542847E-5,1.1996724435416911E-4,4.816777279990696E-4,8.563811611513867E-4,0.00900647690064525,8.959255507403278E-5,8.226717769036447E-4,6.75248766499596E-5,5.043720313700624E-4,9.356340926816516E-5,8.822118288816931E-4,4.3868096494155114E-4,5.112006443594486E-4,0.02533434959508439,2.7458759640343284E-4,0.013938708775617387,1.0949233614154541E-4,1.543245647424535E-4,1.0,2.7522030603679596E-4,0.031032833744862685,1.9566862740850018E-4,1.255582780528216E-4,1.3781016771187408E-4,3.404671171009038E-5,1.918620976256421E-4,0.019050176768280126,4.72019234001813E-4,1.1091719484586718E-4,4.509113782295928E-5,4.0063059965133116E-4,8.336732834796076E-4,8.189091513103333E-4,8.256480104472918E-4,1.692218091738034E-4,6.948811574170358E-4,9.976348575635219E-5,0.003057086144053933,1.5671634544081264E-4,7.61190745453008E-5,4.6149013181654173E-4,9.9189383974819E-5,7.654340753925285E-5,4.909183181043761E-5,2.451880389883475E-4,7.968059555423995E-4,9.016188315451826E-4,1.0850195372148846E-4,0.003092181141787148,7.666650410373351E-4,1.4332052309170117E-4,3.571720545824972E-4,1.0416722483363628E-4,1.556866308420992E-4,0.005596389330320699,1.2430586847531842E-4,3.631399366615004E-5,0.0025052378827869334,9.347298732953627E-5],[5.800913453733195E-4,3.4715096383517395E-4,2.2467133608635565E-4,0.0011424672877380173,4.867633390463092E-4,0.0021412946438829805,3.7870273062330065E-4,9.199711406070374E-4,4.1628053606189354E-4,0.0024037451353389515,3.11182704163519E-4,0.007842316781004638,5.400681646855506E-4,5.427568804689188E-4,0.004579929782619896,0.0012965217415164436,0.07119286226428885,3.1373558402794367E-4,2.885530842941558E-4,2.7522030603679596E-4,1.0,0.028162268195158095,7.52624804421992E-4,3.3131131893347787E-4,3.7869704943290243E-4,2.908050159123985E-4,2.6694990555533E-4,0.008441189488982707,0.0016669575098355758,3.405169898450248E-4,4.1058883526931425E-5,6.295114988438285E-4,0.00136651845204271,0.0014533262853261258,5.827419687875839E-4,3.6622498536126335E-4,0.0014040966694417942,2.9809927779029356E-5,0.0057303974469014255,3.643129120984844E-4,2.9740282948083606E-4,0.008411817115072774,4.1866274424795676E-4,4.1506489723159624E-4,2.5418173068920238E-5,3.810133816209732E-4,0.001251983323653265,8.64419788697559E-4,4.3751316606010826E-4,0.001894742929806268,6.685911151432929E-4,3.5989327090738747E-4,0.0019585980333417545,2.074160622726905E-4,0.00259871532184022,0.0034959267731319915,2.791904250243421E-4,3.7101082805731403E-4,0.0021333261348850958,4.11848376883445E-4],[0.031379703281838485,0.052137528379030365,0.03811598217532313,0.027213691208468102,0.0038794200041876916,0.028781283871201192,0.02320019852315626,0.048586037160550724,9.326106531001692E-4,0.054403015399896885,0.007315068796584277,0.0508444107787556,0.03826172931018077,0.05824816324316862,0.06220454793511953,0.01822861131860467,0.0822178621984339,0.033874228192365435,0.055998340209397444,0.031032833744862685,0.028162268195158095,1.0,0.018149171395810633,0.018219576524504753,0.054439224009531814,0.02515501769107858,0.03240509341826504,0.022322264754501796,0.007694128515640331,0.008642022718545138,0.00936933348255505,0.028563437697647156,0.020679377027271333,0.027385782202738698,0.06005359443346992,0.038700104978242854,0.005488765415720386,0.014528298278395853,0.0360838568190015,0.002585496677730191,0.045871706796856135,0.04235939444010948,0.05972612204838766,0.023260528870292313,0.022541275300954886,0.04353036326286874,0.012298065820967296,0.04687254966095352,0.01708305312771027,0.017077261434842533,0.045348334176540155,0.007617907561631328,0.030238987250662666,0.04575431037969203,0.028500426552829954,0.02721718314158216,0.034085103435219345,0.0014372196124863485,0.050922331708771994,0.042661683979013175],[0.0020359909151805456,8.108586666981202E-4,5.216829516202227E-4,0.001691790117124487,0.00102130305824616,0.009181123745184767,7.456950956798536E-4,0.001206699427828427,6.240767423403216E-4,0.002010078009692209,7.830021470172459E-4,0.015649436856862837,0.001079886532323996,0.0010315307362205495,0.00981797409025071,0.0013132736808872543,0.06656999090673647,6.731315359962523E-4,2.999353588662329E-4,1.9566862740850018E-4,7.52624804421992E-4,0.018149171395810633,1.0,9.262782157000678E-4,3.219660290101348E-4,2.1832676764660677E-5,9.727751314605495E-4,0.017115774640839524,0.0010386768164701334,5.888559464104445E-4,9.569595165086046E-4,9.90887763915508E-4,0.0011672621519712599,0.0010681868876836389,0.0010091955789510133,7.02144692877801E-4,0.0012551804153450882,2.3256318084427397E-4,0.014043373111080379,4.3615175977996357E-4,8.940886973525417E-4,0.006505554363189769,2.9246789354272834E-4,5.875758679118624E-4,2.9392165735972553E-5,5.180977898168657E-4,0.0011020166692461625,0.001061799638387722,6.665749220619362E-4,0.002991960599126025,0.001027730773277465,2.170895175209759E-4,0.0017359799077444557,1.1244990875851268E-4,0.0034161629860212732,0.005949741909739521,4.445385395335903E-4,1.0106359902137351E-4,0.0019615354422180503,4.0945111594261176E-4],[4.749818698421576E-4,9.791808809477328E-5,1.6508147793961014E-4,0.0011386134874104524,4.213602723070227E-4,0.009993347714664124,8.117787370423271E-5,2.731105027771931E-4,2.860575882038692E-5,9.142231335867687E-4,6.815576867644426E-5,0.0031072209640834753,9.356922862258397E-4,8.162307490980656E-4,0.013838623179437595,0.0013791614638057196,0.01266859554947774,1.3475938845996765E-4,1.411472796205196E-4,1.255582780528216E-4,3.3131131893347787E-4,0.018219576524504753,9.262782157000678E-4,1.0,1.4300186389925256E-4,4.956168061249415E-5,1.980695151257231E-4,0.019933198488991517,0.001393789447186128,1.3164442172450516E-4,1.1060686305544291E-4,2.1602300370368853E-4,7.761247500805251E-4,0.001009751816354646,7.555862060637425E-4,1.6280535829096113E-4,4.907775900381225E-4,4.602674472731165E-5,0.003791196985930114,1.8339046668528684E-4,5.814135278476116E-5,4.4441600705096116E-4,6.683866008521045E-5,1.9552152674146503E-5,4.986660482430541E-5,2.080385317587075E-4,9.783605223171493E-4,3.633959080859419E-4,1.1789230593348895E-4,0.002021309382809086,2.1053806402801596E-4,1.5074494655255494E-4,4.240492986378969E-4,1.2003655121218728E-4,8.315792311556182E-4,6.932710475293739E-4,1.4082102590326785E-4,5.273388435274158E-5,5.85404330631577E-4,1.1409516805253918E-4],[0.0019477084018722317,6.703218910784507E-5,1.7102986599927813E-4,0.0010103219128619959,6.696131738023713E-4,0.005854383668871653,1.046344007703488E-4,8.930174681403962E-4,1.4311043290186345E-4,0.0013183506950480595,5.771925285666069E-5,0.014726757383591846,8.296958684451054E-4,3.365482031725427E-4,0.020452011268796172,6.592970159967924E-4,0.05240208124645732,1.5355505764381115E-4,1.493610944162371E-4,1.3781016771187408E-4,3.7869704943290243E-4,0.054439224009531814,3.219660290101348E-4,1.4300186389925256E-4,1.0,8.271390353497944E-5,1.9490814005658497E-4,0.0011212410029025274,8.274838999258808E-4,1.298518386141933E-4,5.0358650241798355E-5,3.8583785886701184E-4,8.156192476549414E-4,0.0013390083870728226,8.10596405748643E-4,1.8367117193516798E-4,9.679513990901001E-4,8.269928295207672E-5,0.013032263939262457,1.6220357865356883E-4,1.263149480684701E-4,0.002497493894605599,7.177580005320727E-5,9.552224805044294E-5,6.942756237962239E-5,2.6727662438241924E-4,4.908619749075325E-4,6.34775086711509E-4,1.396486380348208E-4,7.566898932459131E-4,2.537631041393171E-4,1.6117674730113522E-4,0.0020381125645428273,1.1919100325000076E-4,0.0019004105661447105,0.002532728572794776,1.4651394156247293E-4,1.0039290468210548E-4,0.0021202330632715074,5.65625698305336E-5],[0.0020869955197484226,1.0960559704591873E-5,1.7269452859453873E-4,0.001997226001453049,1.766572483969255E-4,0.008000111782921947,1.262025233429757E-5,4.569297138416385E-4,1.7155314833962385E-5,6.78488132095399E-4,2.7065425414905213E-5,0.009053894427293483,0.0010922630178648981,2.733061745569762E-4,0.013446703574959981,0.002674566136552873,0.07967310933022162,1.2943511303311229E-4,1.469294519371769E-4,3.404671171009038E-5,2.908050159123985E-4,0.02515501769107858,2.1832676764660677E-5,4.956168061249415E-5,8.271390353497944E-5,1.0,9.389813085037851E-5,0.020024374715325314,0.0015909338317395656,8.695294773558552E-5,2.9603194491216888E-5,7.756343622541245E-4,0.0014800468473655738,0.0011725694941620774,8.360469175430076E-4,2.9436614545839073E-5,2.165052998331216E-4,1.569639499730362E-5,0.016930048030286495,1.4131527721803223E-4,1.7414537906706735E-5,0.0013768538873210451,2.1029664920629564E-5,1.4624938224274053E-5,1.6725992046445083E-5,3.1688541648324946E-4,0.0011294709041422479,5.937694401038406E-5,2.8961051743634814E-5,8.121260364553067E-4,3.9903050728978096E-4,3.99640420205804E-5,0.00202116769348703,9.073813166994967E-5,5.630907361040046E-4,0.003972298258074955,9.042413429519087E-5,1.4488051774467264E-5,0.0012863846568435182,2.2828202377199745E-5],[0.0016880350912086839,4.536079937927569E-5,2.3701325534710777E-4,0.0012618102423822453,5.223997573820246E-4,0.010236912483028257,1.26828247718471E-4,7.76528248566263E-4,2.204440675861408E-4,0.0026575334705237876,2.391663037167062E-4,0.01515690098321333,6.574188699379447E-4,8.858634450079807E-4,0.010406234168522826,0.0020292746637844148,0.012828986214456847,2.511929922293254E-4,2.5264540788495337E-4,1.918620976256421E-4,2.6694990555533E-4,0.03240509341826504,9.727751314605495E-4,1.980695151257231E-4,1.9490814005658497E-4,9.389813085037851E-5,1.0,0.009842917178206331,7.022314762358297E-4,2.120188175125586E-4,1.2106910267672223E-4,5.590232885086091E-4,9.371035078740307E-4,0.0013775065888201746,7.81453396815274E-4,2.0061780632143992E-4,0.0013808006851760962,1.3472237834359274E-4,0.002269926240543887,2.452821490160472E-4,6.70237119062162E-5,0.005188377730116924,2.2471341960996567E-4,1.3721563106580461E-5,2.2669633095413744E-4,3.49268466062465E-4,0.0011798161568534534,7.871666896780736E-4,2.3018772742363703E-4,0.002246064817932162,6.610203384808879E-4,2.099050693000493E-4,9.469720763671458E-4,2.5336511962731047E-4,0.0029163779417685927,0.007055676184845062,2.2945581699434E-4,1.885889459779509E-4,0.0015249878957819532,3.2190150906971776E-5],[0.01326865280978967,0.015287039835386738,0.01057881116050533,0.0190923647661412,0.02089684658817158,0.021249930305813076,0.0043319033804244,0.02022019375049678,0.004633106119844324,0.012669001267596007,0.013738103586094005,0.01887187170744798,0.00612412871754965,0.01208859317045422,0.027510856673531568,0.018581888518990848,0.03106388410970442,0.00667361252196602,0.015202313156369197,0.019050176768280126,0.008441189488982707,0.022322264754501796,0.017115774640839524,0.019933198488991517,0.0011212410029025274,0.020024374715325314,0.009842917178206331,1.0,0.009923265548156836,0.006584157479331896,0.016318399264220337,0.009411816818951773,0.018609877796951526,0.00674991752986741,0.0187293388350766,0.021339704525238805,0.01779093561843188,0.012561219543892742,0.019899877513314453,9.55132167487647E-4,0.009253685373720684,0.014477923001545937,0.013458079039324071,0.016006081980113634,0.014879184098032109,0.0212865256284906,0.0020827139821771,0.0013726093106434332,0.00778991655862953,0.02103838265212933,0.014007848823874923,0.016247503533702343,0.01883494194052276,0.020224809541828582,0.0042738479693968014,0.014470028371359278,0.004868550263547828,0.005031910938253723,0.02061976362581984,0.013189840177043681],[0.002239844006450184,0.0014384689978560409,5.984898081766397E-4,0.003169441341997205,0.0016197660638269606,0.006867922575954554,1.8726175933516024E-4,0.001504960449557332,6.329607245546388E-5,0.0024429232206114285,7.816242663495965E-4,0.004523511959811943,0.0014119082766166381,0.0010712253953679282,0.022211865089108676,0.0020074134847002435,0.014509254402191715,0.0010309387088526481,7.723825718999548E-4,4.72019234001813E-4,0.0016669575098355758,0.007694128515640331,0.0010386768164701334,0.001393789447186128,8.274838999258808E-4,0.0015909338317395656,7.022314762358297E-4,0.009923265548156836,1.0,4.0961656190816324E-4,0.0014603452614970543,0.0012555016431095253,0.0016255465700991912,0.0016188238185332019,0.0015243420645717955,0.0014133647415612062,0.0016508307910020601,1.230731931678915E-4,0.017415731465458467,4.5961981582288525E-4,2.0975450018198312E-5,0.006267283383129068,0.0011540289044512015,9.996400867950724E-4,2.476730341303431E-4,0.001499580911061597,0.0015999090864785852,0.001475559000200875,8.137704601545344E-4,0.0039784598048234286,0.0014584840224300848,4.7077621397306627E-4,0.0021067377423166955,0.0015540557252892516,0.002473684626495589,0.0068020153942795585,6.637027701698094E-4,0.001067613607695485,0.002632697955211788,7.403181157017514E-4],[0.0018005508438643533,6.228854035409522E-5,1.746453091701129E-4,3.097702837933604E-4,7.462257196370286E-4,7.623169958243047E-4,9.855254666876778E-5,2.965058869621869E-4,6.446984509523745E-5,0.0024731509482021847,5.69418574649201E-5,2.5787176862571143E-4,6.531076751675424E-4,9.141737277012513E-4,0.026615802809720854,0.0015752537743272583,0.09066771195261464,2.3433383069084403E-4,1.4220273940128512E-4,1.1091719484586718E-4,3.405169898450248E-4,0.008642022718545138,5.888559464104445E-4,1.3164442172450516E-4,1.298518386141933E-4,8.695294773558552E-5,2.120188175125586E-4,0.006584157479331896,4.0961656190816324E-4,1.0,1.0536904651370818E-4,5.332950946155078E-4,0.001198005210183915,7.639847273336935E-4,6.20152057771694E-4,1.558863870420559E-4,0.0013096743584053198,6.112712989760534E-5,0.002718772843424133,1.6205102720897815E-4,7.131937959511897E-5,0.00383481002241647,7.341306123774499E-5,5.3203154556115544E-5,6.41594806307928E-5,2.2454687898937472E-4,6.348199633437077E-4,1.5537543551574526E-4,1.1375161654549732E-4,0.003120164401111046,2.239703688606435E-4,1.5588952222179276E-4,0.0020966071378972478,9.766987336342736E-5,0.002936439234812344,0.0017593580844233177,1.3376365762533807E-4,2.856639327386887E-5,0.0020691748633079733,6.265624497268948E-5],[0.0011065481258613484,2.4627598814364136E-5,1.4695645004644389E-4,0.0017362800010341211,9.265280593985541E-4,0.0017966168078240275,2.3728957923138863E-5,4.767962258585753E-4,1.6128035065295115E-5,0.0010373049647197275,3.487057123036009E-5,0.005633290962117834,1.6546572453848607E-4,8.559772949398724E-4,0.027865378533811207,0.0021943796587899768,0.034042205754139084,2.2127167912941453E-4,8.324141918591044E-5,4.509113782295928E-5,4.1058883526931425E-5,0.00936933348255505,9.569595165086046E-4,1.1060686305544291E-4,5.0358650241798355E-5,2.9603194491216888E-5,1.2106910267672223E-4,0.016318399264220337,0.0014603452614970543,1.0536904651370818E-4,1.0,2.987809171483383E-4,0.00116220531718019,2.965067431749381E-4,7.398628354610549E-4,9.821503076352578E-5,0.0010450813052733732,2.3842195141474926E-5,0.017482465034227925,3.0902036866582185E-5,2.0920113115655124E-5,0.0010998056160614166,2.650334795141208E-5,1.4243497175553235E-5,2.881106107003757E-5,2.0684458562251066E-4,4.0696243439258654E-4,7.795929096409436E-4,4.8989468732479535E-5,0.0010815311765912218,8.386877266833993E-4,1.9769427396052155E-4,6.022327691544911E-4,7.215712473284481E-5,0.0016516849056292045,0.002321185530607955,5.244077954116425E-5,2.2062709243490845E-5,0.0015311384677956345,3.050360842337239E-5],[0.0021179804267910476,3.4236771928712606E-4,2.793391461396357E-4,0.0030219944205530785,9.882880680078328E-4,0.00505340529664699,7.815921443308708E-4,0.0011832408364263647,4.202469400803338E-4,0.0013163998880494055,5.695722158934818E-4,0.017398463869296738,9.665432536696074E-4,0.0010253330067022605,0.004283976117136387,0.002471853452023562,0.0058662252294169985,3.8548361866913393E-4,7.674595882456747E-4,4.0063059965133116E-4,6.295114988438285E-4,0.028563437697647156,9.90887763915508E-4,2.1602300370368853E-4,3.8583785886701184E-4,7.756343622541245E-4,5.590232885086091E-4,0.009411816818951773,0.0012555016431095253,5.332950946155078E-4,2.987809171483383E-4,1.0,0.001019115770449599,0.0014181847552619657,9.794219370958324E-4,4.333173068558501E-4,0.0012072107706186483,4.576017800454045E-4,0.011295840219664245,2.7268813928425003E-4,6.363312682442491E-5,0.005236771144899491,2.836110856159769E-5,2.0845607837126378E-4,5.848364472747839E-4,8.203299767976897E-4,0.0010307331506904552,0.0011577188042815