[[1.0,1.3824692092952382E-4,0.004241099981977404,1.656725803464775E-4,0.0031765253377588213,4.7510331320199656E-4,3.3743231586879664E-4,1.9995289414842732E-4,1.859805979302797E-4,1.1432815923362395E-4,9.76534371535691E-5,1.345653475066634E-4,9.14249929072636E-5,1.3853222302416602E-4,1.418500285136904E-4,1.8557771941714096E-4,1.6034979896178964E-4,3.0832262178913047E-4,6.246243840524972E-5,2.1561009591434892E-4,4.4700032876549624E-4,8.492019378861845E-5,0.004213360688914935,0.004158921233211234,9.315924233994541E-4,1.8216130259639417E-4,0.040253491534999936,1.3018531212392938E-4,6.988650165163335E-5,1.4617077911719122E-4,0.006780521691854844,1.5442571144260082E-4,4.6845543952083296E-5,5.108114048154146E-4,4.256269591437824E-5,1.4185603375825183E-4,6.240812798158458E-4,0.002108453076444124,0.01814846721358782,4.854937236490372E-4,1.2790072539628857E-4,0.0011800069729040463,0.001786583119001273,1.2173707293730432E-5,1.232914510035838E-4,1.4847568457809331E-4,1.3493232343687907E-4,1.4899422467292312E-4,0.0141283710420234,1.2526848941333722E-4,2.6866176804920877E-4,7.987422186759185E-4,2.499768949844471E-4,0.0026416874593635188],[1.3824692092952382E-4,1.0,0.005319956198677519,1.4650215189732443E-4,0.0011740543960264763,0.001826356760315511,0.0010880159838407115,1.469094722148652E-4,1.4289773280850632E-4,1.3004444084971863E-4,7.275421276696492E-5,1.3296747972522594E-4,9.064848166821115E-5,1.2523821554678375E-4,1.1132289569300212E-4,3.7923075246790356E-4,1.5507576453932656E-4,3.6155858757908554E-4,5.8891826507604255E-5,1.4580568379520516E-4,4.992792615075356E-4,3.900763421760843E-5,0.0023636930500995873,0.004378041323014964,9.523845348728249E-4,1.5197481052343006E-4,0.024927220425477608,1.2994016325271922E-4,4.434534923579897E-5,5.788068964899519E-5,0.005099946642259978,2.203110568762604E-4,7.451362903833437E-5,4.767354510231043E-4,5.99964653560191E-5,1.1084192406585982E-4,9.370445059877558E-4,0.0017477689259382339,0.019025649582659773,3.544031878760838E-4,1.2861072242904465E-4,0.0012636976523914397,0.0018400853600707744,1.983280605008646E-5,1.1324960314765576E-4,1.4363738939934652E-4,1.3518497113486192E-4,1.7130295516492463E-4,0.01602637392148845,1.2837576012292932E-4,2.37178706793881E-4,0.0013247120683660568,2.7546020643543395E-4,0.004418127329663531],[0.004241099981977404,0.005319956198677519,1.0,0.031321615663755416,0.016150945439420222,0.024363940974041744,0.019932304633771814,0.022864863424913274,7.31224097190017E-4,0.012038137453222672,0.014065934775830301,0.03468291040143871,0.021717963833209796,0.01197041514928937,6.046149985665982E-4,0.0029114494197476533,0.009975742763683015,0.018108809150917705,0.01583798625355332,0.012996197908966096,0.016311140381062034,0.01621148496780377,0.029395350178905873,0.017833836298131883,0.018738066896736048,0.0026370866265247655,0.03731644899836319,0.03026923886517034,0.010759478063679963,0.015000175732220447,0.026229946542257226,0.0036505928001067576,0.018645717166148733,0.031224818746539172,0.017950395814040815,0.014056258150355725,0.018356356983486023,0.008368776715439188,0.03150215929204557,0.017342890326025102,0.0027694927411916442,0.008768950572201277,0.02013428590536735,3.074985556731658E-4,3.4881193665158163E-4,0.029447323237397013,0.011376976961509263,0.0038529408243630457,0.02865209445049357,0.0027447192030804752,0.02478293564128078,0.011377623360675219,0.01939232480961458,0.01649986168599118],[1.656725803464775E-4,1.4650215189732443E-4,0.031321615663755416,1.0,0.0026202334504938285,8.808226387299212E-4,5.80204529757529E-4,2.2079683723135655E-4,3.020126524642378E-4,1.1342653763973654E-4,6.111075370043701E-5,2.049663469551094E-4,1.691066638944904E-4,2.1734540235911396E-4,1.256674050549857E-4,9.201468649311772E-4,2.0977005055227617E-4,7.571422450745843E-4,1.574756901743482E-4,2.2050099772322776E-4,5.366797173927951E-4,7.422542420067665E-5,0.004482832324255085,0.012579699741822884,8.398018037145164E-4,2.0588755004349784E-4,0.026149516840443324,1.9345996948392027E-4,5.6599839362020445E-5,1.8264844139100007E-4,0.0011116095296146663,2.2790604865455374E-4,1.214680214454038E-4,4.743115738256654E-4,1.8790335524443714E-4,1.5959528098337056E-4,9.427621320584664E-4,0.003994452437077025,6.468041392017302E-4,2.945391053009548E-4,2.0106576109977663E-4,0.0018904138221609642,4.933286605519264E-4,1.0070249806581241E-4,1.4743115368116613E-4,2.1473764698564323E-4,1.7477173736912534E-4,1.984709999794066E-4,0.01275150468345712,1.2633120657216807E-4,2.861551493166816E-4,0.001374537524003621,2.358625202823102E-4,3.066136609706534E-4],[0.0031765253377588213,0.0011740543960264763,0.016150945439420222,0.0026202334504938285,1.0,0.004640070302673663,0.0015150709409015525,0.002568137986362762,0.0016649042071187287,4.933379474181075E-4,0.0012058644313207197,0.0024323135623073536,0.001201498767627138,0.0024678522297462125,0.002680910362182401,0.0019243331832805516,0.0031280806592651265,0.0021331412883889805,0.0017540168270672662,0.0020239655259344834,0.0029316911672275315,0.0019899441714248383,0.004428548631775239,0.014636576601705469,0.0011904412586741335,0.001365731376519764,0.032855403044996165,0.0031623995083392533,6.220774072176993E-5,0.0012453546557721481,0.005927699620126884,0.0023164190252654196,0.0010517035150504174,0.0022020364597073955,0.0014089744316502363,9.993296203328705E-4,0.002939015254056111,0.0036713868968903823,0.005206486778731344,0.0014366722458152212,0.0013247610333601985,0.002656452844995133,0.002291862592257386,3.4682340941178725E-4,9.617195429529969E-4,0.00254930951587548,0.001595598497634685,7.12567466565681E-4,0.011232072101151808,0.003226913211359443,6.484137517435199E-4,0.0028432012751754884,0.002008329749734163,0.003525643976217691],[4.7510331320199656E-4,0.001826356760315511,0.024363940974041744,8.808226387299212E-4,0.004640070302673663,1.0,0.002666789139627818,5.865816289038922E-4,0.002262281827482846,0.002412820400289326,0.004110673879508741,0.0038139634333115677,2.1487957154252664E-4,9.61279749143057E-4,0.0033210791473714143,0.0012917379444773015,0.005708041283440548,0.0032463156516334326,0.0011149789913041995,0.005447727473511904,0.001402321538190099,4.920847178731383E-4,0.005532613598401922,0.012345220767620438,0.0012005614506287198,3.806704814846526E-4,0.007902297044689312,0.005022488027315436,0.003387222012516816,7.76664114165079E-4,0.006177607367416479,0.00546066015649452,0.005307859437598673,0.004731270863828268,0.0014627027263026495,0.0030663245435710263,0.004967557494324993,0.005723014083070124,0.006182243399737423,0.00202495639481401,4.909668484783978E-4,0.004572722055180527,0.004601173862359158,0.002534862987409317,0.003436836248628335,0.005440589389350055,0.004985348486771974,0.0010619905414912033,0.02052794083515895,0.0032247863358979,0.0026045335216353196,0.005782216722785619,0.003265770081660031,0.0059110736624810156],[3.3743231586879664E-4,0.0010880159838407115,0.019932304633771814,5.80204529757529E-4,0.0015150709409015525,0.002666789139627818,1.0,0.0011036270007393904,8.798258609598811E-4,0.0012767044396935435,8.450237414842584E-4,1.225765345586322E-4,0.0012077304666143168,3.6067500705959724E-4,2.9932224042048997E-4,0.0011663875692535888,5.547155378969944E-4,0.0012921119028985776,2.6157368394409604E-4,8.277705253050037E-4,0.0012023982782701434,0.0011437492468418331,0.0019092943514283948,0.001832096230849841,0.0012516215687516478,0.0012676566815651028,0.02651273101569332,8.554673157571595E-4,6.825107120698521E-4,9.567712151308915E-5,0.005604779473932052,0.0011560441537144185,0.0012300087359489766,9.926654515133814E-4,3.0209114930276817E-4,5.286489855842365E-4,0.0012599246241777246,0.0035670162009870153,0.013640572955371091,9.826060817140947E-4,0.00102500267759168,0.0013214401398891028,0.0016649726193460944,2.186799133295946E-4,8.407323977472741E-4,4.439879703137103E-4,0.0011919258710158464,0.0010671655217837548,0.007723432429948724,5.935295550080062E-4,6.573531087646022E-4,0.0013972303173753486,0.001282161785144522,0.00328912235168897],[1.9995289414842732E-4,1.469094722148652E-4,0.022864863424913274,2.2079683723135655E-4,0.002568137986362762,5.865816289038922E-4,0.0011036270007393904,1.0,2.4354441344534735E-4,1.3869133247109997E-4,1.3103652942970926E-4,1.9669203846035935E-4,1.0673073107682651E-4,2.1365701531519864E-4,1.1575743215607659E-4,7.957629987782916E-4,1.8932621385216327E-4,9.477048821751563E-4,2.1101734219342784E-4,2.180135758498833E-4,2.925744803052625E-4,2.0432477489026738E-4,0.0019385479269729928,0.015513854720879712,4.843584702469659E-4,2.026962185514005E-4,0.031225701414919812,1.517802551706453E-4,1.6906838453565993E-4,7.762766204287223E-5,7.27215869440798E-4,2.4391264517592475E-4,1.1053917520196538E-4,3.7273655042178717E-4,2.0360405607074722E-4,2.1387677573305488E-4,6.270989099789109E-4,0.0021473111441204927,0.0028380163483244986,3.8578133105465973E-4,1.7980674565934088E-4,7.716488511331446E-4,4.2611044999520435E-4,1.2191205224455037E-4,2.067544260334417E-4,1.8471632466009045E-4,1.5686510348266385E-4,1.9617566086217245E-4,0.015698401409365258,2.172288257151916E-4,2.7722176968420767E-4,4.359525114624288E-4,2.723854404479176E-4,0.0015480058583321043],[1.859805979302797E-4,1.4289773280850632E-4,7.31224097190017E-4,3.020126524642378E-4,0.0016649042071187287,0.002262281827482846,8.798258609598811E-4,2.4354441344534735E-4,1.0,1.8526111080405667E-4,2.984422399799782E-4,2.863926655475886E-4,2.4120240827387433E-4,2.1358747548802932E-4,2.1023530528438167E-4,3.289647939639404E-4,2.9048387239683936E-4,6.59055672252359E-4,1.0141439632505497E-4,2.798511388307262E-4,8.421967292838577E-4,7.446185302929174E-5,0.0017548782675032852,0.008172508821520492,7.893252828583197E-4,2.3971650552124168E-4,0.014023851983720335,1.613273064197092E-4,3.008741090156704E-4,2.1617418297611236E-4,0.002347219671144,2.635478794828818E-4,9.143093678086376E-5,3.716370624456399E-4,2.126442700631526E-4,1.7618692801103677E-4,8.384997748629736E-4,0.0025938925623907247,0.018472849857230095,4.5428714642118566E-4,1.2935704034675299E-4,5.066857001294197E-4,3.211509046642739E-4,1.076893622910876E-4,1.0691336963330114E-4,1.9049297839236295E-4,2.367646168962549E-4,2.518198574787647E-4,0.01137790704311582,2.668312788297882E-4,3.029988514055028E-4,6.405757143903883E-4,3.036586589804775E-4,0.003037515498041772],[1.1432815923362395E-4,1.3004444084971863E-4,0.012038137453222672,1.1342653763973654E-4,4.933379474181075E-4,0.002412820400289326,0.0012767044396935435,1.3869133247109997E-4,1.8526111080405667E-4,1.0,3.3583847522002984E-5,1.132819260288455E-4,1.0479699289622988E-4,1.1531695188414919E-4,1.0400702358700878E-4,2.878249951033969E-4,1.3851861500085636E-4,0.0011696683916432638,5.906665871045203E-5,1.181744843786852E-4,9.810649347240738E-4,8.597246923097886E-5,0.001257181537642145,6.247225845781204E-4,3.8769457047746085E-4,1.6309588106514243E-4,0.0017962219402911852,1.2979314777874688E-4,6.946258261231685E-5,1.044867981216701E-4,0.004413321538336404,1.6271119688740266E-4,1.0048518820354349E-4,4.077251598454843E-4,1.061851345886244E-4,1.1128961635342076E-4,9.441961474471363E-4,0.002989278354673276,0.007321283753008708,3.943334120583826E-4,1.088477497817814E-4,0.0018754859389171889,0.0017006751135035206,3.1943815309498404E-5,1.0392183567017521E-4,1.4460009281991903E-4,1.1303127970816361E-4,1.5284553696352614E-4,0.01603581814243314,1.1956543400715947E-4,1.6780079594692687E-4,5.745850233828674E-4,2.5987345701065234E-4,0.002491088150441308],[9.76534371535691E-5,7.275421276696492E-5,0.014065934775830301,6.111075370043701E-5,0.0012058644313207197,0.004110673879508741,8.450237414842584E-4,1.3103652942970926E-4,2.984422399799782E-4,3.3583847522002984E-5,1.0,8.90436185628475E-5,6.937705491834236E-5,2.6530780813197375E-5,1.0125149630084302E-4,6.098487397416437E-4,7.000020516372614E-5,1.3290953368773478E-4,3.413583363121014E-5,7.903431764289914E-5,2.118686960433559E-4,1.990230137987797E-5,0.0020028482586745603,0.0014298569072239656,0.0010340990543012676,5.0001131822713164E-5,0.0016341197932743785,6.519182401695618E-5,1.0305044366871891E-5,3.0067847060648215E-5,0.005509242597940724,6.739565181376178E-5,1.3388655522436767E-5,4.3796059158773425E-4,1.0589612757600622E-5,7.685742826535731E-5,4.7394344854338E-4,0.0015475382392446072,0.013647163367820958,2.739344334142958E-4,7.063871449188315E-5,1.2164214434857434E-4,3.521514310851115E-5,1.0637206102874832E-5,1.5815115975875767E-5,5.4612420552799716E-5,1.2664699664016315E-4,6.315881811558707E-5,0.020776723448109935,1.2142565081509136E-4,2.56613694884259E-4,4.928001026565042E-4,3.139340763329951E-4,0.003928036594602531],[1.345653475066634E-4,1.3296747972522594E-4,0.03468291040143871,2.049663469551094E-4,0.0024323135623073536,0.0038139634333115677,1.225765345586322E-4,1.9669203846035935E-4,2.863926655475886E-4,1.132819260288455E-4,8.90436185628475E-5,1.0,1.1611005733897806E-4,1.186940286387686E-4,1.0630691002727495E-4,8.284235533562914E-4,1.36710802875414E-4,0.0011370467101271468,5.395295872601332E-5,1.5501719352424806E-4,5.677252314103289E-4,9.454962794995123E-5,0.0025917497223940838,0.00588283192532242,8.553459757291075E-4,1.1971498688109284E-4,0.03420617461937318,1.2655578176524356E-4,2.774075844118412E-5,4.050519479515675E-5,0.004580645297933221,1.8656930110955735E-4,6.391368056385669E-5,2.3181392443953687E-4,2.3051975855124365E-5,1.056557425290882E-4,2.2825961027563122E-4,0.00381672370834707,0.01444253548566898,2.9453715908782623E-4,1.0789409393804907E-4,0.0012678876265076304,0.0016013062629865544,5.030047158793644E-5,3.88116670603218E-5,1.2576449185097883E-4,1.3136529315310128E-4,1.7220617776212435E-4,0.0044423120759824975,1.2207693203555525E-4,2.914838244118153E-4,6.201843283439564E-4,3.093291622084316E-4,0.0040921661061784735],[9.14249929072636E-5,9.064848166821115E-5,0.021717963833209796,1.691066638944904E-4,0.001201498767627138,2.1487957154252664E-4,0.0012077304666143168,1.0673073107682651E-4,2.4120240827387433E-4,1.0479699289622988E-4,6.937705491834236E-5,1.1611005733897806E-4,1.0,1.2144074071509973E-4,1.0197353414872787E-4,3.337204238046321E-4,8.575535083949909E-5,8.970215298418393E-4,8.294323398404467E-5,1.7625079129788925E-4,1.445777541744299E-4,6.296678060263977E-5,0.0035437402607026835,0.002851185898547422,4.1744264120902177E-4,1.598774900483515E-4,0.025288993872423195,9.002204739526511E-5,1.820626430170018E-5,7.8576588279192E-5,7.600840461442717E-4,1.6265897115901411E-4,3.0441778375916424E-5,5.403287859728051E-4,7.351429498975886E-5,1.0115508258509525E-4,3.898839430720427E-4,0.0038111171465915385,0.009156883573976203,4.402966238486575E-4,8.473541611681496E-5,0.001747854124742257,3.906257808169645E-4,7.659840321962995E-5,8.20432607405495E-5,1.481182639590551E-4,1.2503157897251333E-4,1.3146334462208793E-4,0.0017516057043522025,1.224898746749769E-4,1.8876101684575224E-4,2.8266630181609544E-4,1.7588825561505478E-4,5.962102399422565E-4],[1.3853222302416602E-4,1.2523821554678375E-4,0.01197041514928937,2.1734540235911396E-4,0.0024678522297462125,9.61279749143057E-4,3.6067500705959724E-4,2.1365701531519864E-4,2.1358747548802932E-4,1.1531695188414919E-4,2.6530780813197375E-5,1.186940286387686E-4,1.2144074071509973E-4,1.0,1.1385237823572472E-4,8.559977729668321E-4,1.3157399186157262E-4,1.9583768497175263E-4,1.228227819915179E-4,2.1390776423451714E-4,3.6642033212606765E-4,6.96878808396375E-5,1.870791987231903E-4,0.013326633865764126,8.741098725539923E-4,1.5256468169427636E-4,0.014997656793466143,1.2879081113487413E-4,6.325817112090794E-5,8.733202355587159E-5,0.004195331307240669,2.4275050840650715E-4,1.0343621913178004E-4,5.452204581737521E-4,2.189845451459988E-5,1.2292335200895634E-4,7.423222071650684E-4,0.0027941843234802295,0.021585419269906946,2.3243191850749647E-4,1.2156543583358613E-4,0.0011296362316275314,0.0016804196485245217,5.1220820955950126E-5,8.710039323353805E-5,1.3072045673782299E-4,1.3009328111731534E-4,1.3110040296177196E-4,0.003421144415753972,1.245353227536869E-4,2.826235801660233E-4,4.5943115231491735E-4,2.4753311652827594E-4,0.0021175582084431315],[1.418500285136904E-4,1.1132289569300212E-4,6.046149985665982E-4,1.256674050549857E-4,0.002680910362182401,0.0033210791473714143,2.9932224042048997E-4,1.1575743215607659E-4,2.1023530528438167E-4,1.0400702358700878E-4,1.0125149630084302E-4,1.0630691002727495E-4,1.0197353414872787E-4,1.1385237823572472E-4,1.0,0.0010669004522358356,1.4001186817834987E-4,0.0013573392748702118,6.210740986907952E-5,2.0551792276278166E-4,9.042924259692939E-4,5.4864127271654E-5,0.0021428028678981115,0.002518208015245939,4.8365028978756435E-4,1.7435349272158053E-4,0.04054726191779962,1.0358902502556765E-4,2.8864116957650935E-5,5.960421205420928E-5,0.0038315805240037534,1.3056052201250624E-4,8.631033311528902E-5,1.277810955755017E-4,7.74826904266317E-5,1.0276775745491938E-4,7.301485499173771E-4,0.003761735911958674,0.020087458942102634,3.9227973646887524E-4,1.0597654674225216E-4,0.0018992322797458526,0.0016917798498454566,8.652273679964981E-5,3.803981068298572E-5,1.306658202250246E-4,1.0523681296862874E-4,1.0232812199133878E-4,6.499219498257219E-4,1.0962560179064968E-4,2.243515721228082E-4,0.0012126395534427345,2.8223906610498373E-4,0.00224507140122229],[1.8557771941714096E-4,3.7923075246790356E-4,0.0029114494197476533,9.201468649311772E-4,0.0019243331832805516,0.0012917379444773015,0.0011663875692535888,7.957629987782916E-4,3.289647939639404E-4,2.878249951033969E-4,6.098487397416437E-4,8.284235533562914E-4,3.337204238046321E-4,8.559977729668321E-4,0.0010669004522358356,1.0,9.197945411503561E-4,0.0011820819072434457,0.0010269398720510572,0.001088068878908743,0.0011479554804704384,3.7102737807964486E-4,0.002355536711299771,0.007444164418023925,0.001174663220040474,3.395902285762204E-4,0.03227931638406254,7.905781030284235E-4,1.5739711627547843E-4,3.7414225180817245E-4,0.005798406175444783,0.0010688006554121225,0.0010904870279102048,0.0010177415321385988,8.867074747159951E-4,2.618030986904484E-4,0.0011391912806073218,0.003605789233372063,0.009117796946180624,5.493581436326305E-4,0.0010969304494958844,0.0013361321595667707,0.0018395069959982074,8.766263047067268E-4,1.3083073231362897E-4,5.958952124717459E-4,5.488225997238298E-4,3.4370312403776736E-4,0.005450939776779716,7.228573284548288E-4,7.817286229310148E-4,0.0012285843587328351,8.639298219017919E-4,0.003055816557782907],[1.6034979896178964E-4,1.5507576453932656E-4,0.009975742763683015,2.0977005055227617E-4,0.0031280806592651265,0.005708041283440548,5.547155378969944E-4,1.8932621385216327E-4,2.9048387239683936E-4,1.3851861500085636E-4,7.000020516372614E-5,1.36710802875414E-4,8.575535083949909E-5,1.3157399186157262E-4,1.4001186817834987E-4,9.197945411503561E-4,1.0,8.045588528091475E-4,5.1848331445235375E-5,1.8560690470236695E-4,9.051302453022393E-4,4.853158237330556E-5,0.0012387453662518907,0.0026397005834318263,6.776724389990931E-4,1.8062630635285243E-4,0.03578404700559133,1.5954042189148763E-4,1.6184957452103889E-4,1.50393368994982E-4,0.006718339695278973,2.3014339519189124E-4,1.7185925555764694E-4,1.9054073025000232E-4,6.062085520854801E-5,1.538064014506089E-4,9.713883254128879E-4,0.0015521247162116744,0.009327323257336644,3.648126172761365E-4,1.5097217632996864E-4,0.0014869057087942357,0.0017983770854130099,1.1426413501138288E-4,1.4609570779774183E-4,1.65078124018741E-4,1.7531444424707325E-4,1.8130403259410295E-4,0.009960551339938298,1.5966828960878928E-4,2.668495637799366E-4,3.337352162521795E-4,3.0078914767549584E-4,0.0035619887158227855],[3.0832262178913047E-4,3.6155858757908554E-4,0.018108809150917705,7.571422450745843E-4,0.0021331412883889805,0.0032463156516334326,0.0012921119028985776,9.477048821751563E-4,6.59055672252359E-4,0.0011696683916432638,1.3290953368773478E-4,0.0011370467101271468,8.970215298418393E-4,1.9583768497175263E-4,0.0013573392748702118,0.0011820819072434457,8.045588528091475E-4,1.0,0.00107342158841465,7.366748291677416E-4,0.001261567702304676,0.0012036768049331137,0.0019926942888563387,0.014133641179363433,0.001184854714013067,0.0011922823237261694,0.03551790298100882,5.348167275477842E-4,6.74285697175298E-4,6.841273301665046E-4,0.005685774824709495,8.297624205574221E-4,4.1097494099039665E-4,0.0013895345190230374,6.236614650202469E-4,2.8974081232422647E-4,0.001381638813447573,0.002405466642403262,0.015545437182704716,8.880085461155842E-4,6.832980689127334E-4,0.0014232064005152028,0.0017629929504650093,5.220212952550326E-4,5.46492008671564E-5,2.7033381521601003E-4,0.0011955903428617195,0.0013151848570240423,0.0017744470994295889,2.8849142152419834E-4,6.470946329201178E-4,0.0014082110746678424,0.0011471459744546173,0.004384873974583167],[6.246243840524972E-5,5.8891826507604255E-5,0.01583798625355332,1.574756901743482E-4,0.0017540168270672662,0.0011149789913041995,2.6157368394409604E-4,2.1101734219342784E-4,1.0141439632505497E-4,5.906665871045203E-5,3.413583363121014E-5,5.395295872601332E-5,8.294323398404467E-5,1.228227819915179E-4,6.210740986907952E-5,0.0010269398720510572,5.1848331445235375E-5,0.00107342158841465,1.0,6.758585580025528E-5,5.491050327191823E-4,4.777604010560552E-5,0.0021769385044606722,0.01225197093447409,7.63890355782723E-4,1.7114421705808003E-4,0.03705970793188767,9.94334363074863E-5,2.2198161709604854E-5,4.7242129319549683E-5,0.0030980881238478995,2.492633512086203E-4,3.783342307304898E-5,1.288259266189287E-4,4.213790457926991E-5,5.8203501677714336E-5,8.595319461126353E-4,0.001406763147540495,0.01991918015891573,2.5662553285643857E-4,6.15250516686602E-5,0.0011929077749410853,0.0011058006570785052,3.686009893916724E-5,4.591316989843223E-5,1.2185999295791905E-4,1.265160944313459E-4,1.0502698082842776E-4,0.00396794137901006,8.888863308162489E-5,2.6070552186962165E-4,7.921321512311332E-4,2.3798366034304193E-4,0.004224491482249545],[2.1561009591434892E-4,1.4580568379520516E-4,0.012996197908966096,2.2050099772322776E-4,0.0020239655259344834,0.005447727473511904,8.277705253050037E-4,2.180135758498833E-4,2.798511388307262E-4,1.181744843786852E-4,7.903431764289914E-5,1.5501719352424806E-4,1.7625079129788925E-4,2.1390776423451714E-4,2.0551792276278166E-4,0.001088068878908743,1.8560690470236695E-4,7.366748291677416E-4,6.758585580025528E-5,1.0,6.826671158060575E-4,2.0873384004445843E-4,0.0033320323713634105,0.011912023693971057,4.085524030498451E-4,1.8699971705144006E-4,0.017542691881976918,1.4663432940634514E-4,1.4409675029639318E-4,1.2800519420382917E-4,0.0019040964207791505,2.2967982573036423E-4,1.4365999788171332E-4,3.1730422188319245E-4,1.2820971711874457E-4,1.1946357026994638E-4,9.098465580533712E-4,6.66220285513675E-4,0.0182693740606197,2.2652939926728926E-4,1.1496012642505655E-4,5.999385045032644E-4,0.0010142420303278549,1.8581261899966168E-4,5.649725848176236E-5,1.7021362952300887E-4,1.4012861957622485E-4,2.1179629011364713E-4,0.012275669046343871,1.5808408620219023E-4,2.865893321997444E-4,6.338176045879061E-4,2.8364632395427034E-4,0.0037868082235356184],[4.4700032876549624E-4,4.992792615075356E-4,0.016311140381062034,5.366797173927951E-4,0.0029316911672275315,0.001402321538190099,0.0012023982782701434,2.925744803052625E-4,8.421967292838577E-4,9.810649347240738E-4,2.118686960433559E-4,5.677252314103289E-4,1.445777541744299E-4,3.6642033212606765E-4,9.042924259692939E-4,0.0011479554804704384,9.051302453022393E-4,0.001261567702304676,5.491050327191823E-4,6.826671158060575E-4,1.0,2.273910678796409E-4,0.004201481534016116,0.005886385865521034,0.001106863038805837,3.3271307461245976E-4,0.0025139342845517,7.631443303573153E-4,2.7237456548372693E-4,4.421929791593095E-4,0.0022342292572280955,9.118878337305877E-4,1.8406077832631455E-4,0.0010158157536611775,4.6556357127101823E-4,5.145829039162386E-4,0.0010747568109497553,0.0024108507101960035,0.01914933643269838,6.73278494895843E-4,1.2372855278495958E-4,0.0019023890451503487,0.0012269468639090862,0.0010616727209952774,8.135040226211705E-4,9.927306642285498E-4,4.2658236333235043E-4,4.5081561015113505E-4,0.0166443954040765,7.927357219545204E-4,3.3446327600994945E-4,0.001221498254428428,5.750473376685493E-4,0.0031454097680495923],[8.492019378861845E-5,3.900763421760843E-5,0.01621148496780377,7.422542420067665E-5,0.0019899441714248383,4.920847178731383E-4,0.0011437492468418331,2.0432477489026738E-4,7.446185302929174E-5,8.597246923097886E-5,1.990230137987797E-5,9.454962794995123E-5,6.296678060263977E-5,6.96878808396375E-5,5.4864127271654E-5,3.7102737807964486E-4,4.853158237330556E-5,0.0012036768049331137,4.777604010560552E-5,2.0873384004445843E-4,2.273910678796409E-4,1.0,3.6675991328684104E-4,0.010219616411782812,5.760078882733516E-4,9.515316698933355E-5,0.023162590923603177,9.160799411059487E-5,1.2487324834786613E-5,3.794291808031343E-5,0.004315582479441024,3.861238980436405E-5,1.4737557837550349E-5,3.189885214142373E-4,1.4098718471216462E-5,4.609707962293675E-5,6.742054284133372E-4,0.0011434598395114288,0.0013311543246771968,1.394539768843206E-4,5.4305463728245436E-5,2.4424764651073677E-4,6.219706619933789E-4,2.4736405418022553E-5,3.2879538036462336E-5,1.1557305699108819E-4,7.214367198444342E-5,1.6312379744111904E-4,0.0012174677718156334,6.144530694279665E-5,1.1411752150606925E-4,2.947569378450095E-4,1.0576996329007889E-4,0.0022229503789165405],[0.004213360688914935,0.0023636930500995873,0.029395350178905873,0.004482832324255085,0.004428548631775239,0.005532613598401922,0.0019092943514283948,0.0019385479269729928,0.0017548782675032852,0.001257181537642145,0.0020028482586745603,0.0025917497223940838,0.0035437402607026835,1.870791987231903E-4,0.0021428028678981115,0.002355536711299771,0.0012387453662518907,0.0019926942888563387,0.0021769385044606722,0.0033320323713634105,0.004201481534016116,3.6675991328684104E-4,1.0,0.009845292867733633,0.003489299218631417,0.001063318721889576,0.017993349128298603,0.0028085150315092927,0.004129821424486247,0.002430713856141482,0.006492709135205451,0.0015923987903304717,0.003320267164389235,0.003687058281138105,0.001132924242282672,3.747028960042519E-4,0.003204844776097046,0.00405634595264989,0.011070523681762597,0.0040282856560184864,0.004255574841420119,0.002307671465645122,0.004299014923522958,0.004312600981772416,0.003084675101863405,0.0036498506465623133,9.354230306308259E-4,0.0028369842610362467,0.016755144729864228,0.0021972610749991304,3.4182614165457483E-4,0.0025353471737531727,3.679787088139418E-4,0.004485202096565299],[0.004158921233211234,0.004378041323014964,0.017833836298131883,0.012579699741822884,0.014636576601705469,0.012345220767620438,0.001832096230849841,0.015513854720879712,0.008172508821520492,6.247225845781204E-4,0.0014298569072239656,0.00588283192532242,0.002851185898547422,0.013326633865764126,0.002518208015245939,0.007444164418023925,0.0026397005834318263,0.014133641179363433,0.01225197093447409,0.011912023693971057,0.005886385865521034,0.010219616411782812,0.009845292867733633,1.0,0.0051512864807180415,0.013768416333080971,0.01956108335150037,0.011683547634850333,0.0132045370477922,0.015428013978033233,0.015259645409321853,8.100430125173287E-4,0.006950977684784849,0.004218258889509859,4.855990222651879E-4,0.0013026056691918947,0.012634859914992287,0.012137021913513034,0.01761970062217738,0.01565755563245886,0.013627633889464362,0.014890240810802816,0.012278710262387289,0.010330973960735537,0.0027925250302695583,0.0017762829755673534,0.00618422587595598,0.007312522160083903,0.01992813623221724,0.008484454344638223,0.002630114305114696,0.008084331580007426,0.014158809406971286,0.009911198983733972],[9.315924233994541E-4,9.523845348728249E-4,0.018738066896736048,8.398018037145164E-4,0.0011904412586741335,0.0012005614506287198,0.0012516215687516478,4.843584702469659E-4,7.893252828583197E-4,3.8769457047746085E-4,0.0010340990543012676,8.553459757291075E-4,4.1744264120902177E-4,8.741098725539923E-4,4.8365028978756435E-4,0.001174663220040474,6.776724389990931E-4,0.001184854714013067,7.63890355782723E-4,4.085524030498451E-4,0.001106863038805837,5.760078882733516E-4,0.003489299218631417,0.0051512864807180415,1.0,0.0010786956743086642,0.03343410111739676,7.956754486265528E-4,9.448108102306933E-4,0.001174263476445776,0.006230159517696556,6.265081793414699E-4,9.78919405719481E-4,9.004720870419199E-4,5.581212611485572E-4,0.0010224254218782012,0.0011068128261890826,0.0036926846500376894,0.016024371091098118,5.337110465442671E-4,3.9741772312432063E-4,0.0011946090003224262,0.0013512804186673482,4.618358532703116E-4,6.466120170216307E-4,6.204247542525197E-4,3.309865936748892E-4,9.205185171511975E-4,0.017376134451153095,7.984162625412935E-4,9.005192059767578E-4,0.00121218749373495,6.550680883715041E-4,0.002836328079250154],[1.8216130259639417E-4,1.5197481052343006E-4,0.0026370866265247655,2.0588755004349784E-4,0.001365731376519764,3.806704814846526E-4,0.0012676566815651028,2.026962185514005E-4,2.3971650552124168E-4,1.6309588106514243E-4,5.0001131822713164E-5,1.1971498688109284E-4,1.598774900483515E-4,1.5256468169427636E-4,1.7435349272158053E-4,3.395902285762204E-4,1.8062630635285243E-4,0.0011922823237261694,1.7114421705808003E-4,1.8699971705144006E-4,3.3271307461245976E-4,9.515316698933355E-5,0.001063318721889576,0.013768416333080971,0.0010786956743086642,1.0,0.003240553942867136,1.3384406960611654E-4,1.4693805055657842E-5,1.732416347184178E-4,0.0028919576809151417,1.9222974474259635E-4,2.226876713515852E-5,2.0502590240633605E-4,1.402227484904511E-4,1.16405816811032E-4,6.706941881670435E-4,2.3973712802521148E-4,0.02111480519107856,3.12851279054931E-4,1.7117175458327018E-4,0.0014521501897258185,4.512348623017217E-4,3.200063350419978E-5,5.36636833939875E-5,1.6227424101616927E-4,1.5466108853169803E-4,1.853249248505884E-4,0.00821377832235482,1.2722984131635794E-4,2.8711978563859765E-4,5.835258045702324E-4,1.8971556530880137E-4,0.002733178512174841],[0.040253491534999936,0.024927220425477608,0.03731644899836319,0.026149516840443324,0.032855403044996165,0.007902297044689312,0.02651273101569332,0.031225701414919812,0.014023851983720335,0.0017962219402911852,0.0016341197932743785,0.03420617461937318,0.025288993872423195,0.014997656793466143,0.04054726191779962,0.03227931638406254,0.03578404700559133,0.03551790298100882,0.03705970793188767,0.017542691881976918,0.0025139342845517,0.023162590923603177,0.017993349128298603,0.01956108335150037,0.03343410111739676,0.003240553942867136,1.0,0.040248872952114295,0.0030416417574853256,0.018096669957159184,0.04109295357676253,0.02794040026879538,0.027401801430495195,0.0012263080112873592,0.01585687513421145,0.0018740066088032464,0.036141938478596015,0.019172066621952418,0.0341541272343122,0.0031152358993659836,0.016538552313347128,0.03161183576727249,0.031051901399545112,0.03636283980676107,0.023438070575259224,0.0033348058705436907,0.011528990456784554,0.01685692078411075,0.03957266811557536,0.021702781655734117,0.03255432727824581,0.020556428819280676,0.006932986929316949,0.016855086566137687],[1.3018531212392938E-4,1.2994016325271922E-4,0.03026923886517034,1.9345996948392027E-4,0.0031623995083392533,0.005022488027315436,8.554673157571595E-4,1.517802551706453E-4,1.613273064197092E-4,1.2979314777874688E-4,6.519182401695618E-5,1.2655578176524356E-4,9.002204739526511E-5,1.2879081113487413E-4,1.0358902502556765E-4,7.905781030284235E-4,1.5954042189148763E-4,5.348167275477842E-4,9.94334363074863E-5,1.4663432940634514E-4,7.631443303573153E-4,9.160799411059487E-5,0.0028085150315092927,0.011683547634850333,7.956754486265528E-4,1.3384406960611654E-4,0.040248872952114295,1.0,5.790652230284095E-5,1.2447281989513565E-4,0.003404688992421065,2.2813617670936438E-4,1.2160965887243124E-4,3.416435639764738E-4,6.171825227001137E-5,1.1287062502551012E-4,6.02499856223383E-4,0.003434938491650598,0.016375556572959447,4.057333512651872E-4,1.1188232469826316E-4,0.0018074908635482246,0.0015692365528079115,8.260688576823583E-5,7.466591881074184E-5,1.4155713311901375E-4,1.328690466738704E-4,1.5555973287126234E-4,0.0037989272724894517,1.2589781017118495E-4,2.714522938680789E-4,8.825471371908463E-4,2.094692078860539E-4,0.004344601953374287],[6.988650165163335E-5,4.434534923579897E-5,0.010759478063679963,5.6599839362020445E-5,6.220774072176993E-5,0.003387222012516816,6.825107120698521E-4,1.6906838453565993E-4,3.008741090156704E-4,6.946258261231685E-5,1.0305044366871891E-5,2.774075844118412E-5,1.820626430170018E-5,6.325817112090794E-5,2.8864116957650935E-5,1.5739711627547843E-4,1.6184957452103889E-4,6.74285697175298E-4,2.2198161709604854E-5,1.4409675029639318E-4,2.7237456548372693E-4,1.2487324834786613E-5,0.004129821424486247,0.0132045370477922,9.448108102306933E-4,1.4693805055657842E-5,0.0030416417574853256,5.790652230284095E-5,1.0,2.2558400446228386E-5,0.005784893125857118,4.239159829538687E-5,1.24179505562984E-5,5.075283425289575E-4,1.0420803142809306E-5,5.8575612040696275E-5,1.9423359512036806E-4,0.0032068338186001834,0.01370116357443523,2.2919379008600092E-4,2.961438588315068E-5,6.575224168620851E-4,0.0012889110629028784,1.047764126106082E-5,1.7742051301881882E-5,1.0256638669607178E-4,1.2111733687711285E-4,1.4694226178878849E-4,0.00654226686120839,1.1748795679444765E-4,1.878596982173597E-4,2.1075711512164142E-4,2.5767921446961423E-5,0.001638121595820982],[1.4617077911719122E-4,5.788068964899519E-5,0.015000175732220447,1.8264844139100007E-4,0.0012453546557721481,7.76664114165079E-4,9.567712151308915E-5,7.762766204287223E-5,2.1617418297611236E-4,1.044867981216701E-4,3.0067847060648215E-5,4.050519479515675E-5,7.8576588279192E-5,8.733202355587159E-5,5.960421205420928E-5,3.7414225180817245E-4,1.50393368994982E-4,6.841273301665046E-4,4.7242129319549683E-5,1.2800519420382917E-4,4.421929791593095E-4,3.794291808031343E-5,0.002430713856141482,0.015428013978033233,0.001174263476445776,1.732416347184178E-4,0.018096669957159184,1.2447281989513565E-4,2.2558400446228386E-5,1.0,0.005399516395176569,2.3078870274399212E-4,3.512259026133508E-5,2.4769314329716233E-4,2.5261338922456195E-5,8.144296417013957E-5,2.9559611643232946E-4,0.001273891475268397,0.0065593622482564215,3.0519772983317285E-4,6.3559951228463E-5,0.0017550764540249068,0.0018336373500953934,3.0183407220087063E-5,3.809657635704656E-5,8.286219144190148E-5,4.0482549188481925E-5,3.9075380981736055E-5,0.002945703721023492,1.0664486321750582E-4,1.1041115628945299E-4,5.333466382595529E-5,3.0456754137847455E-4,0.002847355834500279],[0.006780521691854844,0.005099946642259978,0.026229946542257226,0.0011116095296146663,0.005927699620126884,0.006177607367416479,0.005604779473932052,7.27215869440798E-4,0.002347219671144,0.004413321538336404,0.005509242597940724,0.004580645297933221,7.600840461442717E-4,0.004195331307240669,0.0038315805240037534,0.005798406175444783,0.006718339695278973,0.005685774824709495,0.0030980881238478995,0.0019040964207791505,0.0022342292572280955,0.004315582479441024,0.006492709135205451,0.015259645409321853,0.006230159517696556,0.0028919576809151417,0.04109295357676253,0.003404688992421065,0.005784893125857118,0.005399516395176569,1.0,0.003547465866525546,0.003932242137328586,0.004051636774690002,0.005404052320035925,7.166212830807501E-4,0.002225612361103335,0.006360925763828134,0.01476922347755373,0.0035204662809814272,0.00374646759761425,0.006254371536510956,0.003930075687410354,0.006276819315671248,0.003065492432794547,7.094527865437492E-4,0.001848076811554467,3.4081562151920097E-4,0.016281344097185225,0.006259541502765454,0.0015426161043204775,0.005083091534453375,0.0025085603470525707,0.005639346457927923],[1.5442571144260082E-4,2.203110568762604E-4,0.0036505928001067576,2.2790604865455374E-4,0.0023164190252654196,0.00546066015649452,0.0011560441537144185,2.4391264517592475E-4,2.635478794828818E-4,1.6271119688740266E-4,6.739565181376178E-5,1.8656930110955735E-4,1.6265897115901411E-4,2.4275050840650715E-4,1.3056052201250624E-4,0.0010688006554121225,2.3014339519189124E-4,8.297624205574221E-4,2.492633512086203E-4,2.2967982573036423E-4,9.118878337305877E-4,3.861238980436405E-5,0.0015923987903304717,8.100430125173287E-4,6.265081793414699E-4,1.9222974474259635E-4,0.02794040026879538,2.2813617670936438E-4,4.239159829538687E-5,2.3078870274399212E-4,0.003547465866525546,1.0,1.7865890817943557E-4,4.730766322561283E-4,1.3457766546349042E-4,2.0295574599885004E-4,5.19879018216616E-4,0.003744573186708783,0.021184897768742,3.081805957936125E-4,1.6585142122449797E-4,0.001155435989182003,0.001178814008578035,1.847971099386614E-4,1.0273956361946853E-4,1.5983266904324165E-4,1.4835786123754802E-4,2.0925965368275855E-4,0.011139530597126865,1.4263748226182933E-4,2.9578320633038456E-4,0.0012998486840585122,2.7264456782748897E-4,0.0034332319249322507],[4.6845543952083296E-5,7.451362903833437E-5,0.018645717166148733,1.214680214454038E-4,0.0010517035150504174,0.005307859437598673,0.0012300087359489766,1.1053917520196538E-4,9.143093678086376E-5,1.0048518820354349E-4,1.3388655522436767E-5,6.391368056385669E-5,3.0441778375916424E-5,1.0343621913178004E-4,8.631033311528902E-5,0.0010904870279102048,1.7185925555764694E-4,4.1097494099039665E-4,3.783342307304898E-5,1.4365999788171332E-4,1.8406077832631455E-4,1.4737557837550349E-5,0.003320267164389235,0.006950977684784849,9.78919405719481E-4,2.226876713515852E-5,0.027401801430495195,1.2160965887243124E-4,1.24179505562984E-5,3.512259026133508E-5,0.003932242137328586,1.7865890817943557E-4,1.0,1.0325970110721571E-4,1.2212477755132313E-5,2.2491791584868046E-5,6.644520991776683E-4,0.0016692875988886995,0.013702021573417739,3.5527874565092755E-4,9.737478640916918E-5,9.451255626281769E-4,0.0013274524959604238,1.1429961416731225E-5,2.1803598769869442E-5,7.157185127971304E-5,1.3179307760375977E-4,3.621461735492906E-5,0.001205922957450317,5.918948122301614E-5,1.4648230260775927E-4,6.224634797334016E-4,2.3622098044463033E-4,0.00304384193524923],[5.108114048154146E-4,4.767354510231043E-4,0.031224818746539172,4.743115738256654E-4,0.0022020364597073955,0.004731270863828268,9.926654515133814E-4,3.7273655042178717E-4,3.716370624456399E-4,4.077251598454843E-4,4.3796059158773425E-4,2.3181392443953687E-4,5.403287859728051E-4,5.452204581737521E-4,1.277810955755017E-4,0.0010177415321385988,1.9054073025000232E-4,0.0013895345190230374,1.288259266189287E-4,3.1730422188319245E-4,0.0010158157536611775,3.189885214142373E-4,0.003687058281138105,0.004218258889509859,9.004720870419199E-4,2.0502590240633605E-4,0.0012263080112873592,3.416435639764738E-4,5.075283425289575E-4,2.4769314329716233E-4,0.004051636774690002,4.730766322561283E-4,1.0325970110721571E-4,1.0,2.268760328928879E-4,2.1042318423944879E-4,7.064464115749958E-4,0.001462756954695478,0.02034130710591864,6.041415126561336E-4,3.2342086856521394E-4,0.0016016715995767318,0.001839445646693678,4.145588935716341E-4,5.098125822755906E-4,6.072446802550084E-4,6.26982691520644E-4,6.028731999174284E-4,0.0012291208465431615,2.1444755993364767E-4,3.2312414593783055E-4,8.576441798543691E-4,3.9448173049278824E-4,0.0015098017448016156],[4.256269591437824E-5,5.99964653560191E-5,0.017950395814040815,1.8790335524443714E-4,0.0014089744316502363,0.0014627027263026495,3.0209114930276817E-4,2.0360405607074722E-4,2.126442700631526E-4,1.061851345886244E-4,1.0589612757600622E-5,2.3051975855124365E-5,7.351429498975886E-5,2.189845451459988E-5,7.74826904266317E-5,8.867074747159951E-4,6.062085520854801E-5,6.236614650202469E-4,4.213790457926991E-5,1.2820971711874457E-4,4.6556357127101823E-4,1.4098718471216462E-5,0.001132924242282672,4.855990222651879E-4,5.581212611485572E-4,1.402227484904511E-4,0.01585687513421145,6.171825227001137E-5,1.0420803142809306E-5,2.5261338922456195E-5,0.005404052320035925,1.3457766546349042E-4,1.2212477755132313E-5,2.268760328928879E-4,1.0,6.005251349550106E-5,3.0083658078983253E-4,0.0017087515137513,0.0066832626893116665,2.293519170816967E-4,2.980524354953494E-5,6.910444256089225E-4,1.5469989627174565E-4,1.051100865678808E-5,1.1236901367962678E-5,5.0515732135517034E-5,4.86718128174652E-5,5.682700409767061E-5,0.01435435948460738,6.135606251980814E-5,2.633058953383263E-4,0.0012328484740091327,1.7531610692039454E-4,0.0021425033264437987],[1.4185603375825183E-4,1.1084192406585982E-4,0.014056258150355725,1.5959528098337056E-4,9.993296203328705E-4,0.0030663245435710263,5.286489855842365E-4,2.1387677573305488E-4,1.7618692801103677E-4,1.1128961635342076E-4,