[[1.0,0.003359922294546501,0.012900286432219202,0.008387636844761681,0.004660471752757495,0.0052202137050397735,0.008460263079366035,0.05285788724996421,0.00610760432905157,0.006044598206513387,0.009195566560171061,0.0065001219771283715,0.0025236016240223385,0.007100471245135407,0.02041424923870797,0.03996608325715689,0.007425103630238133,0.0010374862072202633,0.00731043013463671,0.02541715239718428,0.02754123200286198,0.0011012682535642055,0.0023729934773047048,0.003095693037879306,0.001791985353750463,0.007030625424423821,0.005679747319118773,0.007365831382506892,0.003697163494852314,0.003964164757595623,0.005001299783260602,0.005562879627549937,0.008228031761382147,0.03325362025108032,0.003257625478604914,0.005502692197427135,0.008605979777641515,0.0071135018244753495,0.005926475609808118,0.006224273904385935,0.0029689927445205717,7.290744601072163E-4,0.007871704883417312,9.369001868918835E-4,0.0050311199400258815,0.001122043931565981,0.0028266571588061447,0.003851611943565101,0.005275293381066133,0.003537000409457591,0.003726761636245168,0.007388939529741765,0.006787761802036359,0.009998675503691917,0.0010602545367364975,0.0013360898734977227,0.013622618587858914],[0.003359922294546501,1.0,0.002948711986285269,0.00564733829567324,3.8615115646426255E-5,6.792383688612719E-5,0.013202255875185134,0.04081758563088666,0.0030147937460137473,2.3763664433621378E-4,0.001563864996633607,8.354040041867118E-5,5.548161170395711E-4,1.5220473852612905E-4,0.022207031193005676,0.009762140311523717,3.099733548974774E-5,1.2853952872253964E-5,1.4542755083100502E-4,0.014621520249592311,0.026898656961780194,2.9775536134037324E-5,0.0014031901891879007,2.5135621132146656E-4,1.0488803551388773E-4,1.5031127087336132E-4,4.809075692947916E-5,0.0016019788628574322,7.35276055195579E-5,1.6988898707037106E-4,2.018314566429264E-5,4.7731073349286796E-5,0.002009355582770498,0.010925653767335838,1.4490576907818582E-4,0.0014701741411352206,0.005405286546759154,8.326215004379544E-5,0.003646418586273421,1.8199764998996624E-5,3.595796376623566E-5,7.194584413286349E-5,0.0012494234734322916,1.5066846970324851E-5,2.2999236823670078E-5,1.0790458751128666E-5,1.2798407093785275E-5,0.0015792157165567529,5.357424826192822E-5,5.5453108900878535E-5,6.434468596580965E-4,0.0013700282821584558,6.465851857991342E-5,0.008855589583757555,1.6122468733228127E-5,5.339973081103053E-4,0.005451846654031825],[0.012900286432219202,0.002948711986285269,1.0,0.015102513150859607,0.01243468632859723,0.016197619879553225,0.019809143110872292,0.031507447951694606,0.02330175094281015,0.01200368578631438,0.021499219253980427,0.009895789944468101,0.012997784986541694,0.005777071763032865,0.02719219755016199,0.03320391796490574,0.0176163766736577,0.00908094406553733,0.01699524626247394,0.025627701438583336,0.023951828735002692,0.007682412038971584,0.012643740985961854,0.0043211336817338694,0.020018516818273723,0.004947651419858263,0.005416405591198148,0.003991572230607074,0.0026152099661507703,0.021853517582084075,0.018479065231821364,0.008611783863581158,0.01489716186720107,0.03546791119964138,0.005029666810534872,0.020170505648438575,0.023809523809523808,0.01119623448868167,0.01324670819050175,0.014509015593987921,0.012503842055465422,0.00901404700731023,0.018976713629600746,0.016937746309007035,0.017044503383509796,0.020574793991913788,8.625448229334118E-4,0.009420850815859642,0.013526223292325092,0.0213785390005743,0.010224422138953297,0.015996388128024765,0.015071423289248945,0.018905867969184396,0.020424130992831635,0.013525830579144547,0.020168888437657427],[0.008387636844761681,0.00564733829567324,0.015102513150859607,1.0,0.0015809872400149737,0.0033531644086081127,0.010751759749168123,0.05598819235624593,0.007437392968610719,0.002673481997747287,0.011150610938150677,0.008281099445348843,0.002637042997117211,0.004266149678272294,0.023297352162448482,0.013737398516973212,0.003368231364206224,0.0018946424519467712,0.008058632233521129,0.016675315838893083,0.0396572134360434,0.001260953115979474,0.004813000613181806,0.00670288497875812,6.052404337011451E-4,0.007444436311403398,0.006855732918766493,0.009848959718140548,0.0077325826611335845,0.008633797601493187,0.0027314095522231008,0.0067913821348482015,0.010726080087352308,0.030865787379070683,0.0013436643541761646,0.006847880145101873,0.017859583108239367,0.004392660881688765,0.0043813202317024525,0.002829330732115978,0.009032642889488964,0.005610748953221931,0.007168130545672436,0.009501257463348763,4.837756460212836E-4,0.007860096431601503,0.007626909214226239,0.003302836328768488,0.0034995217475457287,0.005523775603129894,0.00956590569602842,0.008104663753995408,0.006127140572083318,0.011574096387654508,0.009383764701489297,0.00989650797238913,0.012898653606622554],[0.004660471752757495,3.8615115646426255E-5,0.01243468632859723,0.0015809872400149737,1.0,9.933305142308223E-5,0.0052643374059893715,0.04736060736710881,0.0037010481319938397,2.1986678174291935E-4,0.007322925490033722,5.3825438375699016E-5,8.8381662937755E-4,3.353448397282189E-4,0.00962408932866273,0.023649113807988845,4.003350351417211E-5,3.650714995252898E-5,1.578100233816501E-4,0.008216120837416824,0.035961309049244515,3.7587738663270806E-5,0.0010391348648682596,0.0010783417754096358,9.296867796971419E-5,8.122553712864876E-5,8.086797144269545E-5,7.057371863067426E-4,9.35713543767359E-5,3.899828675343058E-5,1.7173323379615293E-4,9.999494125383969E-5,0.01222215166711906,0.005668521015376374,1.586445519582396E-4,0.003177372020967055,0.01978998525802751,1.16652103706186E-4,0.0022697178450327205,2.3921866472384483E-5,2.4405137631579966E-4,4.291908269513071E-4,0.0010167841811592295,3.1611058702123484E-5,6.393129280737533E-5,3.4165462127012224E-5,2.9709031991327173E-5,0.001135303320663401,6.083551670425937E-5,5.2100937449858354E-5,2.638470067857073E-4,0.001344812430665486,4.5209935931788634E-5,0.003942657358109659,3.1860090448329114E-5,6.221898625614095E-4,1.4835661082571844E-4],[0.0052202137050397735,6.792383688612719E-5,0.016197619879553225,0.0033531644086081127,9.933305142308223E-5,1.0,0.017889823986181247,0.04724172428356262,0.002056386395035563,1.6404678063488084E-4,0.005208494868981035,1.1007632562301631E-4,8.846952232513945E-4,1.697898377531278E-4,0.022206203513189065,0.023352973221000047,1.1113648031917299E-4,8.562454930250427E-5,1.2941541807356933E-4,0.015963169139896562,0.035076866723355436,5.001277903891706E-5,0.001424496487443558,6.953413194126317E-4,1.4012558630390463E-4,1.5384310939576377E-4,1.2224259166691826E-4,0.0014710480152776567,1.1773153654559016E-4,2.2152186761616286E-4,1.5396635006004409E-4,1.1693360213208398E-4,0.00400758712610381,0.024561151625557137,1.448679089140367E-4,0.0021867645338801665,0.022776449723989543,1.1758541477080672E-4,0.002744980521721367,3.639569218820604E-5,2.6435271196232105E-4,3.022418834123571E-4,0.001193253527146525,4.1199063858757105E-5,1.1938906795162754E-4,4.422779077977637E-5,3.9941738389474E-5,6.597000052454704E-4,1.294310158744169E-4,1.1493701919347273E-4,5.008396266374922E-4,0.0014783816493660526,1.0402314784982992E-4,0.005673627912444854,6.326328574695224E-5,7.608758040860558E-4,0.010247849866382462],[0.008460263079366035,0.013202255875185134,0.019809143110872292,0.010751759749168123,0.0052643374059893715,0.017889823986181247,1.0,0.033167600288114704,0.014688441433101624,0.01775170429644488,0.017296087346179777,0.017171983725039947,0.009827668464228997,0.004227267013243419,0.023041586106675716,0.02119462469775602,0.004519139826245434,0.00907196347470993,0.01098162148593529,0.019893574465226833,0.025979276605692655,0.0013781905221069,0.008569368859457418,0.008499499347244664,0.001741013710719897,0.006746719277407614,0.01675284679321794,0.011110402583740355,0.013896388625249384,0.018198051011705706,0.01662873109370625,0.001473309146908371,0.01510562609696622,0.03414651939654691,0.00787084433058924,0.008784732330966574,0.022739336462955537,0.014583285445958178,0.016175814206542037,0.010937454122201023,0.008282185046780214,6.206076651288694E-4,0.0186156211526992,0.004146459230130588,0.0030548924154030284,0.007893383143787316,0.010896108893959363,0.003066292540641013,0.011252353299629037,0.01212482448012327,0.015110522131290447,0.004704744987982226,0.005512424190534186,0.018052506846764373,3.0884753274636585E-4,0.0062134266680485975,0.01831511683902608],[0.05285788724996421,0.04081758563088666,0.031507447951694606,0.05598819235624593,0.04736060736710881,0.04724172428356262,0.033167600288114704,1.0,0.0428935530524638,0.01660010038495208,0.05357457636916735,0.0016823706805696298,0.0502010353244577,0.024585147939608643,0.031583617953663455,0.06969354681922374,0.008280756315507906,0.03885076328057831,0.009744615852062261,0.05145881694772206,0.06587698641823872,0.06556464062232148,0.007118160824336622,0.06305605749177882,0.030625693491489064,0.05149538121191552,0.04716214457216646,0.04327227200220654,0.059500475809451,0.04948046318054179,0.053358025965845185,0.07053141601501749,0.051700085997121684,0.05562621990428592,0.06661093623030757,0.02504541988843039,0.02921293054629599,0.00398109747932818,0.011479259117859825,0.04700314622190441,0.041398378763388255,0.04990382250876102,0.04975579188140627,0.006027501089022502,0.05793325275966637,0.018270990804370623,0.05842796737668611,0.031989379977387954,0.06703114861980666,0.023566753192603165,0.035030987395723495,0.0371835889719734,0.008245643416591638,0.05428630128269703,0.016790330337770616,0.04707555258464804,0.03693914786499587],[0.00610760432905157,0.0030147937460137473,0.02330175094281015,0.007437392968610719,0.0037010481319938397,0.002056386395035563,0.014688441433101624,0.0428935530524638,1.0,0.0012552180294624449,0.008575403674861207,3.8968751496143807E-4,0.0028289503621417396,0.0033467164480031324,0.021062318355855588,0.029394412176673667,0.001449367003071212,0.003127089308422311,0.004177250715851259,0.008397295386063156,0.013099744015186522,0.0037735093896919224,0.0031291465610490924,0.0016376520704535344,0.0019004092979153409,0.003876180985548768,0.0017473454846648098,0.004109822875867705,0.0013309251349265091,8.716318313998003E-4,7.749749148746222E-4,0.0025621356146542373,0.006523422132331754,0.03198251850872888,0.0010787173984613012,0.00462580347302154,0.01891788726632238,0.00276023810334317,0.004036260002427268,0.004040863133530377,0.002241287162796124,0.0035285671799880247,0.004519724642883147,0.003777416275893766,0.003714636437545443,6.315654875778054E-4,0.0030528368087797005,0.0032328965424780246,0.002898361261910002,0.0036257015331354167,0.002543035527482521,0.0036954767820607903,0.0025980530973912803,0.005407891492797093,6.198688552014588E-4,0.0012831922713657522,0.009567976513376868],[0.006044598206513387,2.3763664433621378E-4,0.01200368578631438,0.002673481997747287,2.1986678174291935E-4,1.6404678063488084E-4,0.01775170429644488,0.01660010038495208,0.0012552180294624449,1.0,0.007865012266884592,2.834839461315386E-4,9.071890071749647E-4,3.316173914514901E-4,6.958341597642117E-4,0.02704261146701238,3.0475429273816885E-4,2.0509708289424085E-4,2.814496583419058E-4,0.01096138012899228,0.022366647119430927,7.189254523461944E-5,4.268291911194208E-4,5.628409560413227E-4,1.84183950888258E-4,3.032199233274489E-4,1.3170994978459736E-4,7.534614364989728E-4,2.3824931353144774E-4,2.6088705291567836E-4,2.861449332485813E-4,2.482921290839648E-4,0.006560326653251928,0.026842161874931065,2.803489369184503E-4,0.0038747842879343045,0.009958264537683946,2.594765127455265E-4,5.079274450862079E-4,3.0095963898752316E-4,2.856007394284896E-4,3.1899571873949796E-4,9.601952406572453E-4,2.0568519473185704E-4,1.3967227458859126E-4,2.0648313491268238E-4,2.3002156133685936E-4,0.0013316734613199898,2.890457386170739E-4,2.060731699014838E-4,0.0010050352255925711,3.4546593288895097E-4,1.5403256432476245E-4,0.005287318588175588,2.7835886206147237E-4,3.957925306538193E-4,0.005376512469344374],[0.009195566560171061,0.001563864996633607,0.021499219253980427,0.011150610938150677,0.007322925490033722,0.005208494868981035,0.017296087346179777,0.05357457636916735,0.008575403674861207,0.007865012266884592,1.0,0.008370760938441028,0.005025484579807434,0.005005108625588031,0.02353539054110099,0.017996337988164957,3.318820594579846E-4,0.0017249029957134298,0.01181307243790173,0.02085318328258176,0.02456584059785376,0.00813635330999712,0.00312371148887881,0.001869956253311331,0.003278408950752822,0.005106352103295673,0.003210595181011302,0.009748099652592903,8.357170494944596E-4,0.003457112951186339,0.010823112169032752,0.009017567225178862,0.01248258411516558,0.026651520116032237,0.0053130670485813675,0.005606965413014088,0.018125514424964732,0.005436128476846322,0.0077377432059734085,0.0011225605509679725,0.00208483543648256,0.004517568024966349,0.006241091707916996,0.007153128300580892,0.012046551685273658,0.0050243034965042795,0.008251738979090279,0.010020703776888585,0.0016577745946219527,0.002482442392541219,0.00768615807701825,0.008822681962427727,8.229147281453586E-4,0.012754478687055768,0.009769942011575846,0.006765174879264697,0.015137719842347262],[0.0065001219771283715,8.354040041867118E-5,0.009895789944468101,0.008281099445348843,5.3825438375699016E-5,1.1007632562301631E-4,0.017171983725039947,0.0016823706805696298,3.8968751496143807E-4,2.834839461315386E-4,0.008370760938441028,1.0,4.774817124896232E-4,2.2246300639099407E-4,0.023863444850399654,0.00709187665805675,1.0704145978808321E-4,4.907080129429788E-5,1.680343999676684E-4,0.01806191713051585,0.014419141555806094,9.734057662774536E-5,0.0011005434894015595,1.4627807108909366E-4,1.2357941104524772E-4,1.1366442167645131E-4,1.1030838585522635E-4,4.3811197484179277E-4,1.0904310854786925E-4,2.3134137310444044E-4,1.621248679474677E-4,1.0737749113795905E-4,0.0109764463714207,0.03763358566179762,1.4808654928696223E-4,0.0035443763044111644,9.315930045381926E-4,1.0927401809277989E-4,0.0037209059703650436,8.609718565895906E-5,2.6880647034285864E-4,3.6434962989283324E-4,0.0037412696366053047,3.8341624379401064E-5,1.0403748227015601E-4,2.581619025815645E-5,9.566062576739172E-5,0.0014932011146042564,1.1316289096958148E-4,1.0769585488926599E-4,2.8903777241864946E-4,2.1160028890087747E-4,1.045312218319281E-4,0.00444604078128281,1.0520371389778196E-4,5.615618332397626E-4,0.007354656141447369],[0.0025236016240223385,5.548161170395711E-4,0.012997784986541694,0.002637042997117211,8.8381662937755E-4,8.846952232513945E-4,0.009827668464228997,0.0502010353244577,0.0028289503621417396,9.071890071749647E-4,0.005025484579807434,4.774817124896232E-4,1.0,7.689170634327044E-4,0.029197665766271048,0.0017799713029625634,7.600108684143474E-4,7.544246987272194E-4,6.241955702854877E-4,0.002502268787218168,0.013301051977153477,0.0010081602703422067,0.001463337419505997,0.001154551931478666,4.316848931513735E-4,3.2011465088756187E-4,0.0010299588822018965,0.001555536885172174,6.421028527734298E-4,7.646755381770161E-4,5.589206890127778E-4,3.414769946079142E-4,0.007331815376825962,0.0033271379051782084,7.82467871625293E-4,0.0038434156462285197,0.0026033471877468933,5.253406336113224E-4,0.0014180233742618635,5.939435698756784E-4,5.318925764307197E-4,8.696917870387595E-4,0.00374722959765626,0.0010352772136201346,7.635914483697627E-4,7.761047674772193E-4,1.3745711245379593E-4,0.0017521627266261974,9.248528819996822E-4,7.934234708377058E-4,0.0010859841168077335,0.0012396635554394395,6.777783114848125E-4,0.010784043632237155,8.144034982969545E-4,7.941864715192122E-4,0.015752328768475345],[0.007100471245135407,1.5220473852612905E-4,0.005777071763032865,0.004266149678272294,3.353448397282189E-4,1.697898377531278E-4,0.004227267013243419,0.024585147939608643,0.0033467164480031324,3.316173914514901E-4,0.005005108625588031,2.2246300639099407E-4,7.689170634327044E-4,1.0,0.023631577983714406,0.01225536885888868,3.204258034014573E-4,3.21427710139732E-4,1.9653622220527697E-4,0.01900066314403617,0.008960508225986796,3.069275973487019E-4,7.254996633801456E-4,7.676903332940848E-4,3.2156556140030667E-4,3.432419644723728E-4,2.6601340624903105E-4,0.0017002129802384245,2.4042824128035002E-4,2.740444480327804E-4,2.7940712795340765E-4,2.3952882541232752E-4,0.007720641959568991,0.0044496518935274836,3.407588529606996E-4,0.0032694733628141686,0.003606215362406594,3.3884548169438083E-4,0.0016404773445206867,2.9842342590310036E-4,3.5824691708312824E-4,4.16371972315941E-4,9.378108301867512E-4,1.3041696660492968E-4,2.0635797431912473E-4,3.6102368502696026E-4,7.608775937611177E-5,3.813298236105631E-4,2.775077499228342E-4,3.376583839276345E-4,7.778397739520017E-4,4.996016945424535E-4,1.1901982295275788E-4,0.00921151008539614,3.260609385710273E-4,6.878485821103636E-4,0.002499377443729841],[0.02041424923870797,0.022207031193005676,0.02719219755016199,0.023297352162448482,0.00962408932866273,0.022206203513189065,0.023041586106675716,0.031583617953663455,0.021062318355855588,6.958341597642117E-4,0.02353539054110099,0.023863444850399654,0.029197665766271048,0.023631577983714406,1.0,0.03547252263293826,0.007743499216013769,0.015547232058705498,0.01344002527453084,0.02883060200629857,0.03531887918324758,0.008491869691580212,0.015514298679353179,0.010774681584236901,0.017761713799920167,0.007988700489633233,0.010603342682197817,0.019338535034519377,0.007827312196888108,0.007021997736271397,0.018450725935126432,0.004681693098847105,0.01656540851559772,0.035315372801635624,0.014481604767639803,0.010916420669422819,0.028811542341091022,0.01752677867627722,0.012727522519534908,0.012320002597832965,0.00834595231630271,0.020268566675136903,0.011922377726213289,1.7638327822418873E-4,0.004650822838520211,0.024073975623794805,0.014152301422744873,0.028987051301905962,0.023120802655609566,0.026835877772215154,0.005274151817294683,0.018252964236175045,0.014091779225899955,0.018801167302135914,0.02604314996760018,0.017758094050399503,0.026943937109867196],[0.03996608325715689,0.009762140311523717,0.03320391796490574,0.013737398516973212,0.023649113807988845,0.023352973221000047,0.02119462469775602,0.06969354681922374,0.029394412176673667,0.02704261146701238,0.017996337988164957,0.00709187665805675,0.0017799713029625634,0.01225536885888868,0.03547252263293826,1.0,0.023254784322105215,0.020016903733431058,0.017222696389099873,0.03635624936760934,0.04,0.005119782976097916,0.013880151967894817,0.022022802553200493,0.028653584968213117,0.009202164510042393,0.016460286682921186,0.03020175062966948,0.026172260934995164,0.016942268957264046,0.037991675089201565,0.013102193967921236,0.01540573585194999,0.041944006066979234,0.03833519030048467,0.026564151642986065,0.025556280333590295,0.03312783705855228,0.01743797136448347,0.025951997266887315,0.015997892534557495,0.003997047231589147,0.019492571913614642,0.01938492426155091,0.01025832113308426,0.03813815274714909,0.01753311575766136,0.008756283125006514,0.013966258542019286,0.020790629685587557,0.01775641056020746,0.026994395986663703,0.008680870428163828,0.02867418773484603,0.031633643321715046,0.03104541968630509,0.020180382430210166],[0.007425103630238133,3.099733548974774E-5,0.0176163766736577,0.003368231364206224,4.003350351417211E-5,1.1113648031917299E-4,0.004519139826245434,0.008280756315507906,0.001449367003071212,3.0475429273816885E-4,3.318820594579846E-4,1.0704145978808321E-4,7.600108684143474E-4,3.204258034014573E-4,0.007743499216013769,0.023254784322105215,1.0,7.151506233369751E-5,1.0968541533659344E-4,0.019560326187888343,0.025864910438725696,1.0657257878436848E-4,0.0011415335772558286,9.253538641738716E-4,1.2061289401645729E-4,1.2597797785305516E-4,1.1748425670742162E-4,1.2108941281807111E-4,1.0986844465986294E-4,2.5388681200490216E-4,1.94905604962735E-4,1.0597546303017486E-4,0.006874729748672095,0.012050430078950895,1.091344310462995E-4,0.0030370845374689762,0.01492871722017374,1.1285648029871629E-4,3.2860923100966235E-4,9.6382409909986E-5,1.5388262855419523E-4,4.09126151584562E-4,2.7621066982011944E-4,1.0403735717358537E-4,1.0344411771097265E-4,5.0558142599957E-5,7.83295403375754E-5,0.0018171183500246089,1.2428883245356836E-4,1.0743299204038038E-4,6.528825583156203E-4,3.6210256925915685E-4,1.0647397526471088E-4,0.01157776772639528,1.0240084506113393E-4,4.873346626021516E-4,0.01258344941995202],[0.0010374862072202633,1.2853952872253964E-5,0.00908094406553733,0.0018946424519467712,3.650714995252898E-5,8.562454930250427E-5,0.00907196347470993,0.03885076328057831,0.003127089308422311,2.0509708289424085E-4,0.0017249029957134298,4.907080129429788E-5,7.544246987272194E-4,3.21427710139732E-4,0.015547232058705498,0.020016903733431058,7.151506233369751E-5,1.0,3.0411599262241366E-5,0.026295369971183785,0.024070156394818142,3.072633497239906E-5,7.377869455071083E-4,8.83480578319704E-4,1.3330653017250873E-4,1.0209066528957588E-4,2.4752408988129855E-5,2.3355906165897382E-4,1.119322728354235E-4,1.0073823755597077E-4,6.472146804109211E-5,7.424280812391087E-5,0.004865602917850265,0.04360592642992673,1.4200807209733998E-4,0.0029787810611358835,0.017160537249837255,7.323798503789339E-5,0.0015819209477007836,1.703625473669168E-5,2.307688601465722E-4,3.2512618403600943E-4,9.384235783596149E-4,1.637493662566481E-5,5.70783698205882E-5,1.0680257075056393E-5,1.4550797777061717E-5,0.0010262287309536556,7.343087205567041E-5,4.9041603729974935E-5,9.811135903820553E-4,0.0010333621111858616,7.995559270575128E-5,0.00836021293242271,1.6582578647520072E-5,5.932531853383287E-4,0.012203888186301593],[0.00731043013463671,1.4542755083100502E-4,0.01699524626247394,0.008058632233521129,1.578100233816501E-4,1.2941541807356933E-4,0.01098162148593529,0.009744615852062261,0.004177250715851259,2.814496583419058E-4,0.01181307243790173,1.680343999676684E-4,6.241955702854877E-4,1.9653622220527697E-4,0.01344002527453084,0.017222696389099873,1.0968541533659344E-4,3.0411599262241366E-5,1.0,0.004831544146766714,0.028277697633588346,8.631289692555895E-5,9.739529770775666E-4,0.0011525304450008202,1.5621127107209415E-4,1.5592393003460034E-4,1.5492494257718028E-4,2.0164549055553296E-4,1.3499335262028855E-4,2.005816185795894E-4,1.983768609542627E-4,1.2969051794217866E-4,4.3719103856648385E-4,0.0225273358458152,1.6819969829572708E-4,0.0038395609206192107,0.01667593970409234,1.514925805882958E-4,0.0025639601041040003,4.009578836967167E-5,1.8823426547305382E-4,3.034899499470499E-4,0.0026743653644781024,4.6099536681074466E-5,1.1856384289355389E-4,5.731957088864071E-5,1.2228634552440739E-4,0.001649955929222813,1.4495876840212347E-4,1.1948063350882288E-4,0.0010127141998115146,0.0013999616737950858,1.2547874736863052E-4,0.0031416913381494193,1.5842456735491218E-4,4.137848448800504E-4,0.00690069126909796],[0.02541715239718428,0.014621520249592311,0.025627701438583336,0.016675315838893083,0.008216120837416824,0.015963169139896562,0.019893574465226833,0.05145881694772206,0.008397295386063156,0.01096138012899228,0.02085318328258176,0.01806191713051585,0.002502268787218168,0.01900066314403617,0.02883060200629857,0.03635624936760934,0.019560326187888343,0.026295369971183785,0.004831544146766714,1.0,0.03942000320805029,0.0157407032776806,0.017197968835637373,0.026303136248103848,0.018496428390889053,0.019384751650045374,0.0033900495666276203,0.026386222615559618,0.023078415973536676,0.0125423142492949,0.005816945295634875,0.014055208083895397,0.02612339929115834,0.03330109035567351,0.0014523333296182013,0.02591970440403946,0.026347244047385733,0.008577198998264954,0.02733536741891359,0.016378122888313702,0.0011134565385831872,0.01811799411933403,0.006406656601753835,0.017915718039296872,0.0073781941211153446,0.0167791813367494,0.022495668655368527,0.007033236545667386,0.020280276989943426,0.010374194810999769,0.018750656826657046,0.02528712987266252,0.012257541539926569,0.019671389185008003,0.02775569699164742,0.007128768628533426,0.021823746263850384],[0.02754123200286198,0.026898656961780194,0.023951828735002692,0.0396572134360434,0.035961309049244515,0.035076866723355436,0.025979276605692655,0.06587698641823872,0.013099744015186522,0.022366647119430927,0.02456584059785376,0.014419141555806094,0.013301051977153477,0.008960508225986796,0.03531887918324758,0.04,0.025864910438725696,0.024070156394818142,0.028277697633588346,0.03942000320805029,1.0,0.03535507842964725,0.018001109408956373,0.037951484217706735,0.027177420157338646,0.03090827088765887,0.015010503509631566,0.032306059483711076,0.03736108800018623,0.001476376742759205,0.03840319030003141,0.005791414802882862,0.017356004002451395,0.04507798303754167,0.02211181695711976,0.038224650726584694,0.02669733521542169,0.0016181114078609854,0.015046136872463978,0.009811221344553797,0.03579273595062706,0.015821671171303127,0.02681756292446212,0.0095240598236924,0.026519970448871926,0.012717787395348307,0.010281399302380187,0.02022696424414372,0.0031725077048584925,0.005751152395763152,0.026985318719122808,0.010769014475604109,0.03357753543500523,0.014625573849144112,0.0390717807406893,0.03701526521436876,0.017445430064445405],[0.0011012682535642055,2.9775536134037324E-5,0.007682412038971584,0.001260953115979474,3.7587738663270806E-5,5.001277903891706E-5,0.0013781905221069,0.06556464062232148,0.0037735093896919224,7.189254523461944E-5,0.00813635330999712,9.734057662774536E-5,0.0010081602703422067,3.069275973487019E-4,0.008491869691580212,0.005119782976097916,1.0657257878436848E-4,3.072633497239906E-5,8.631289692555895E-5,0.0157407032776806,0.03535507842964725,1.0,0.0015561660588304604,9.037357424018275E-4,1.1134072858416517E-4,7.67556038510672E-5,1.0613884329942937E-4,0.0016298784312546546,1.0769322831612687E-4,1.9868944501286789E-4,1.9317356347779336E-4,7.500054764889019E-5,0.0035628771940472703,5.402558171847914E-4,5.219057296097596E-5,2.3906961907408698E-4,0.012078438119623412,1.0934044582930791E-4,0.001211459129504303,2.419276741377456E-5,1.7741660512753297E-4,4.1735366330400187E-4,0.004697661439157723,2.7733114360449916E-5,9.963932172849066E-5,1.680068100078969E-5,1.556707022440428E-5,7.33628780474534E-4,8.589392410980154E-5,5.5373537641952544E-5,0.0010343538721225563,6.784225470528143E-4,5.173627777632772E-5,9.232142774200361E-4,3.25196273186129E-5,6.79061415512364E-4,0.012239680358580182],[0.0023729934773047048,0.0014031901891879007,0.012643740985961854,0.004813000613181806,0.0010391348648682596,0.001424496487443558,0.008569368859457418,0.007118160824336622,0.0031291465610490924,4.268291911194208E-4,0.00312371148887881,0.0011005434894015595,0.001463337419505997,7.254996633801456E-4,0.015514298679353179,0.013880151967894817,0.0011415335772558286,7.377869455071083E-4,9.739529770775666E-4,0.017197968835637373,0.018001109408956373,0.0015561660588304604,1.0,0.0015030896097001202,0.001014829590710227,6.449731488825779E-4,9.080116852345006E-4,0.0017315109664507717,0.0011624516483249984,0.0014593500753740545,0.0013607120852182483,0.0013262234004069475,0.010107148642956022,0.027937343469987875,9.86558008506558E-4,0.002702388143286682,0.007952591715030646,2.568829078193817E-4,0.003658325160504636,5.815103496107846E-4,3.043377266746342E-4,0.001468247934064119,0.002326764835314198,1.889860080447488E-4,8.088514860797304E-4,8.173162150129573E-4,9.883457660630251E-4,0.0018371673884073475,5.408619602369231E-4,0.001034816294511093,0.0012340706181439784,0.0015611825259277267,0.0015599149979546375,0.0020922361213520017,1.663287206224361E-4,8.969125035298868E-4,0.014230860083578555],[0.003095693037879306,2.5135621132146656E-4,0.0043211336817338694,0.00670288497875812,0.0010783417754096358,6.953413194126317E-4,0.008499499347244664,0.06305605749177882,0.0016376520704535344,5.628409560413227E-4,0.001869956253311331,1.4627807108909366E-4,0.001154551931478666,7.676903332940848E-4,0.010774681584236901,0.022022802553200493,9.253538641738716E-4,8.83480578319704E-4,0.0011525304450008202,0.026303136248103848,0.037951484217706735,9.037357424018275E-4,0.0015030896097001202,1.0,8.65880307283267E-4,2.529177671325671E-4,6.763940588037046E-4,0.0016299679627231893,5.146451101003237E-4,0.0010372079769907065,5.212847176510232E-4,7.0703389636399E-4,0.006768905834634401,0.003948213423133523,2.459348968200737E-4,0.0038021745353891694,0.010415273900099517,3.25433400499286E-4,0.001826752986160059,7.759611301944917E-5,9.348273220800933E-4,0.0010379010253385359,0.004369700313557764,6.098806335266973E-4,2.4430113211702624E-4,2.0937819396370073E-4,3.6882860595977094E-4,0.0013821732216268633,3.1066174688512823E-4,3.737430283267513E-4,0.0011581204344907727,0.0012478114882440096,0.0011384740450232772,0.012651060424342745,9.955103565338342E-4,0.0011444111251456691,0.011907394253231084],[0.001791985353750463,1.0488803551388773E-4,0.020018516818273723,6.052404337011451E-4,9.296867796971419E-5,1.4012558630390463E-4,0.001741013710719897,0.030625693491489064,0.0019004092979153409,1.84183950888258E-4,0.003278408950752822,1.2357941104524772E-4,4.316848931513735E-4,3.2156556140030667E-4,0.017761713799920167,0.028653584968213117,1.2061289401645729E-4,1.3330653017250873E-4,1.5621127107209415E-4,0.018496428390889053,0.027177420157338646,1.1134072858416517E-4,0.001014829590710227,8.65880307283267E-4,1.0,1.4604826620112163E-4,1.3647770608589087E-4,0.0014890654832183082,1.2141324799816963E-4,1.888670334125776E-4,1.47450814118753E-4,1.3939112156578868E-4,3.0027519003737214E-4,0.0386514374438052,1.5472547671306622E-4,9.140636537466513E-4,0.010140020312771666,1.3233587213211633E-4,0.003212659444150141,9.37583239060683E-5,2.0587376083147277E-4,1.7872270178982924E-4,0.004936098854865402,9.931679075602575E-5,1.2059245925771786E-4,8.562536432647301E-5,1.2447645186880967E-4,0.001329500158739968,1.4013842546512414E-4,1.1935684467874753E-4,2.976717175504548E-4,0.0014016056360155028,1.398201194969054E-4,0.003686771643102354,1.2434002607379657E-4,4.7658316469141105E-4,0.005427174091628853],[0.007030625424423821,1.5031127087336132E-4,0.004947651419858263,0.007444436311403398,8.122553712864876E-5,1.5384310939576377E-4,0.006746719277407614,0.05149538121191552,0.003876180985548768,3.032199233274489E-4,0.005106352103295673,1.1366442167645131E-4,3.2011465088756187E-4,3.432419644723728E-4,0.007988700489633233,0.009202164510042393,1.2597797785305516E-4,1.0209066528957588E-4,1.5592393003460034E-4,0.019384751650045374,0.03090827088765887,7.67556038510672E-5,6.449731488825779E-4,2.529177671325671E-4,1.4604826620112163E-4,1.0,1.3221868318679154E-4,0.0010579589362618642,1.359423625296902E-4,2.3112604635917863E-4,1.8243548244919073E-4,1.3490059385115778E-4,9.020154613005298E-4,7.003949099880484E-4,1.5627019370851754E-4,0.004071974397597163,0.01713351586585443,1.396164922212305E-4,2.3982064838323162E-4,9.126388067650409E-5,1.5688358342344524E-4,3.2930834040061E-4,0.002533908703302493,4.6194566936775594E-5,1.0797835028516629E-4,7.71966498813528E-5,8.779400080341851E-5,1.9990505777850583E-4,1.4780972114133466E-4,1.2489775705003158E-4,0.0010956712244819336,6.44731100477711E-4,1.2606019160325935E-4,0.011551403751895324,3.876606480569586E-5,6.726348714188923E-4,0.010390435224184511],[0.005679747319118773,4.809075692947916E-5,0.005416405591198148,0.006855732918766493,8.086797144269545E-5,1.2224259166691826E-4,0.01675284679321794,0.04716214457216646,0.0017473454846648098,1.3170994978459736E-4,0.003210595181011302,1.1030838585522635E-4,0.0010299588822018965,2.6601340624903105E-4,0.010603342682197817,0.016460286682921186,1.1748425670742162E-4,2.4752408988129855E-5,1.5492494257718028E-4,0.0033900495666276203,0.015010503509631566,1.0613884329942937E-4,9.080116852345006E-4,6.763940588037046E-4,1.3647770608589087E-4,1.3221868318679154E-4,1.0,0.001230762734700018,1.1752001292643705E-4,2.5793403206723507E-4,1.2781648995558286E-4,1.2140912775393763E-4,0.001683302425227063,9.207645539706344E-4,1.3418423956258554E-4,4.848049197523214E-4,0.006314205372717232,1.2549582300656016E-4,4.4365047339813425E-4,8.33906375223285E-5,1.30597147002223E-4,3.194584489140283E-4,7.895265037828943E-4,4.6986453604119246E-5,1.2217636618496637E-4,1.7298030925497727E-5,3.775378670767162E-5,0.0019327946873654736,1.316227872731918E-4,1.1356594918299063E-4,9.71711288489585E-4,5.14333241060424E-4,1.1064138816131516E-4,0.004926366616165149,1.0777548405744094E-4,7.510372165545478E-4,0.010046369126969138],[0.007365831382506892,0.0016019788628574322,0.003991572230607074,0.009848959718140548,7.057371863067426E-4,0.0014710480152776567,0.011110402583740355,0.04327227200220654,0.004109822875867705,7.534614364989728E-4,0.009748099652592903,4.3811197484179277E-4,0.001555536885172174,0.0017002129802384245,0.019338535034519377,0.03020175062966948,1.2108941281807111E-4,2.3355906165897382E-4,2.0164549055553296E-4,0.026386222615559618,0.032306059483711076,0.0016298784312546546,0.0017315109664507717,0.0016299679627231893,0.0014890654832183082,0.0010579589362618642,0.001230762734700018,1.0,0.001472643729252708,0.0015742034266308395,0.0011011493448465177,0.0010419615515426103,0.008476159583958752,0.007353667204210253,0.0015630841440471169,0.0037633267453161517,0.019599016549527143,4.5497636181897246E-4,0.003448168875855288,9.225706974046625E-4,4.843242693535495E-4,7.934300117898788E-4,0.002899025445655925,1.3224170863082994E-4,3.2974476766449966E-4,9.368002120826223E-4,0.001500217064171364,0.0018135321035842456,7.574924021090733E-4,0.0016146891590327374,0.001389988429091852,0.0016145740852988452,7.739408760018076E-4,0.005751711181908777,0.0011497972628592109,0.0010566063952342209,0.0028529159472536984],[0.003697163494852314,7.35276055195579E-5,0.0026152099661507703,0.0077325826611335845,9.35713543767359E-5,1.1773153654559016E-4,0.013896388625249384,0.059500475809451,0.0013309251349265091,2.3824931353144774E-4,8.357170494944596E-4,1.0904310854786925E-4,6.421028527734298E-4,2.4042824128035002E-4,0.007827312196888108,0.026172260934995164,1.0986844465986294E-4,1.119322728354235E-4,1.3499335262028855E-4,0.023078415973536676,0.03736108800018623,1.0769322831612687E-4,0.0011624516483249984,5.146451101003237E-4,1.2141324799816963E-4,1.359423625296902E-4,1.1752001292643705E-4,0.001472643729252708,1.0,1.2253607188142504E-4,1.2509190853454471E-4,1.0705292821606115E-4,0.007345700515752658,0.04173643731562139,1.402466059677416E-4,0.002730786452888918,0.006692953086399754,1.1537816691663089E-4,9.554672777165146E-4,1.0090965382193173E-4,1.4105860175487754E-4,2.792582898531031E-4,0.002540214069545315,2.264997785755952E-5,1.1175158145553232E-4,5.519754132014344E-5,6.650122047487583E-5,6.121371092922903E-4,1.3562911970128882E-4,1.1244194509378282E-4,7.72675754636911E-4,3.5821276681841725E-4,1.0834008719559362E-4,0.012005348195286685,3.569262542342348E-5,6.122247871861284E-4,0.017162906200315475],[0.003964164757595623,1.6988898707037106E-4,0.021853517582084075,0.008633797601493187,3.899828675343058E-5,2.2152186761616286E-4,0.018198051011705706,0.04948046318054179,8.716318313998003E-4,2.6088705291567836E-4,0.003457112951186339,2.3134137310444044E-4,7.646755381770161E-4,2.740444480327804E-4,0.007021997736271397,0.016942268957264046,2.5388681200490216E-4,1.0073823755597077E-4,2.005816185795894E-4,0.0125423142492949,0.001476376742759205,1.9868944501286789E-4,0.0014593500753740545,0.0010372079769907065,1.888670334125776E-4,2.3112604635917863E-4,2.5793403206723507E-4,0.0015742034266308395,1.2253607188142504E-4,1.0,2.084982577880245E-4,1.480329793098938E-4,0.004728600162811109,0.009820115215731211,2.0021230862843245E-4,0.003446933179937972,0.006852124937798545,1.9740988131280448E-4,0.0023381772567931005,9.974083294187741E-5,2.691315555865513E-4,3.1587254382768175E-4,0.00210627416273445,6.432592066308974E-5,2.346925541978191E-4,2.3320090256881548E-4,2.3351960019449836E-4,0.0018350238990805482,1.8441144259927631E-4,2.2717378005521086E-4,0.0010466029402312318,3.1851776355986165E-4,1.9601344829574556E-4,0.0032514330367421226,1.1419727580276899E-4,7.193354332211142E-4,0.012219892439141681],[0.005001299783260602,2.018314566429264E-5,0.018479065231821364,0.0027314095522231008,1.7173323379615293E-4,1.5396635006004409E-4,0.01662873109370625,0.053358025965845185,7.749749148746222E-4,2.861449332485813E-4,0.010823112169032752,1.621248679474677E-4,5.589206890127778E-4,2.7940712795340765E-4,0.018450725935126432,0.037991675089201565,1.94905604962735E-4,6.472146804109211E-5,1.983768609542627E-4,0.005816945295634875,0.03840319030003141,1.9317356347779336E-4,0.0013607120852182483,5.212847176510232E-4,1.47450814118753E-4,1.8243548244919073E-4,1.2781648995558286E-4,0.0011011493448465177,1.2509190853454471E-4,2.084982577880245E-4,1.0,1.2641323323652143E-4,0.007953098049371284,0.009885936583681738,1.65121492350799E-4,0.002721083910267136,0.021500543812123945,1.6891278035175377E-4,8.967249832550642E-4,1.4796060450370717E-4,2.323260413751005E-4,3.6362904174836645E-4,0.0023382862241274538,1.1588100958362056E-4,1.8390600307525415E-4,2.177006541546035E-5,1.1532030037173003E-4,0.0014256583492464642,1.9786342094747496E-4,1.9405568814853108E-4,3.1209089804459756E-4,7.872777008698937E-4,1.1257763705555524E-4,0.0031466137618396503,1.1817039688853435E-4,6.769060635862308E-4,0.011166642390341259],[0.005562879627549937,4.7731073349286796E-5,0.008611783863581158,0.0067913821348482015,9.999494125383969E-5,1.1693360213208398E-4,0.001473309146908371,0.07053141601501749,0.0025621356146542373,2.482921290839648E-4,0.009017567225178862,1.0737749113795905E-4,3.414769946079142E-4,2.3952882541232752E-4,0.004681693098847105,0.013102193967921236,1.0597546303017486E-4,7.424280812391087E-5,1.2969051794217866E-4,0.014055208083895397,0.005791414802882862,7.500054764889019E-5,0.0013262234004069475,7.0703389636399E-4,1.3939112156578868E-4,1.3490059385115778E-4,1.2140912775393763E-4,0.0010419615515426103,1.0705292821606115E-4,1.480329793098938E-4,1.2641323323652143E-4,1.0,7.870166214619149E-4,0.02236379186587084,1.1066558036597717E-4,3.8084506487214877E-4,0.010144276474461962,1.1591185153695568E-4,8.680328553740818E-4,7.664057942578391E-5,2.3456522542483725E-4,2.4874753570029777E-4,0.002664573058654784,8.827286466877057E-5,1.0243588930727375E-4,9.957067549516058E-5,2.936772163003585E-5,0.0011870408309869684,1.1802276039264298E-4,1.075831936414199E-4,4.7951032865310185E-4,0.0011984361008651652,1.0347542629415489E-4,0.011784320735454943,6.938209155853654E-5,7.520926121815629E-4,6.904638280875239E-4],[0.008228031761382147,0.002009355582770498,0.01489716186720107,0.010726080087352308,0.01222215166711906,0.00400758712610381,0.01510562609696622,0.051700085997121684,0.006523422132331754,0.006560326653251928,0.01248258411516558,0.0109764463714207,0.007331815376825962,0.007720641959568991,0.01656540851559772,0.01540573585194999,0.006874729748672095,0.004865602917850265,4.3719103856648385E-4,0.02612339929115834,0.017356004002451395,0.0035628771940472703,0.010107148642956022,0.006768905834634401,3.0027519003737214E-4,9.020154613005298E-4,0.001683302425227063,0.008476159583958752,0.007345700515752658,0.004728600162811109,0.007953098049371284,7.870166214619149E-4,1.0,0.031592798435830786,0.0032248159303553533,0.005545643338728024,0.022002822065153957,0.005348500074030282,0.008875065102843535,0.008169844319607536,2.805700249490936E-4,0.005762681744145472,0.008004544855094848,0.0043547015680273134,0.010663306671715675,0.006680283970542499,0.00867690765572891,0.006549052887479466,7.578987390547365E-4,0.0085819466334358,0.0014609574922904848,0.009835839200680346,0.01101864404361351,0.012475154177704464,0.00594192474419839,0.008334563046390997,0.012655316782938403],[0.03325362025108032,0.010925653767335838,0.03546791119964138,0.030865787379070683,0.005668521015376374,0.024561151625557137,0.03414651939654691,0.05562621990428592,0.03198251850872888,0.026842161874931065,0.026651520116032237,0.03763358566179762,0.0033271379051782084,0.0044496518935274836,0.035315372801635624,0.041944006066979234,0.012050430078950895,0.04360592642992673,0.0225273358458152,0.03330109035567351,0.04507798303754167,5.402558171847914E-4,0.027937343469987875,0.003948213423133523,0.0386514374438052,7.003949099880484E-4,9.207645539706344E-4,0.007353667204210253,0.04173643731562139,0.009820115215731211,0.009885936583681738,0.02236379186587084,0.031592798435830786,1.0,0.01753793100055442,0.006527540689688218,0.03851246227812888,0.0118286363276748,0.008437358467384333,0.013