[[1.0,2.8701604812206612E-5,0.0015548144532044896,0.005815208788564936,0.010213130803104169,4.345893683968943E-5,0.0018678788135282108,0.002426090682818273,0.006218313005936494,4.148231974527788E-4,4.4577659130378455E-5,1.9275345896209545E-4,0.0011900817707601755,1.943271537965854E-4,2.9394264791028575E-4,4.6999626682460816E-5,0.009237423765202153,1.2055662526963312E-4,5.617837078507168E-5,0.007214616271395851,2.988798373193018E-5,0.0011504572346808777,1.6740046282040798E-4,6.639559565108712E-5,0.0015663099615930215,3.5185546587980026E-5,5.010603702515965E-5,6.797696800243774E-4,7.151783753045893E-5,4.611362752271046E-5,0.014348249813683038,0.0027286645881691683,4.144040994248272E-5,0.002435982126906114,0.001141446174204996,0.0046433376616476655,0.0014452955828440429,1.2927036814724055E-5,0.007953982459053157,0.001045666126915102,1.1471942139963486E-4,0.003144380155227459,4.573743437191488E-4,1.9773235921525898E-5,0.027442701325095964,5.545829087534218E-5],[2.8701604812206612E-5,1.0,5.722328996017992E-4,0.013766593159141785,0.007920911279020754,1.6951177242435065E-5,1.6957801210757998E-4,3.4407897400670927E-4,0.0012873323499780934,0.0033949084704610302,5.308830163621307E-5,0.0017019934896136742,0.007519779137513048,7.576937161158184E-5,5.602732677119757E-4,4.9338189127864886E-5,0.004013483089885631,4.334143324190003E-5,2.220625235606772E-4,7.910132921223574E-4,1.1312420728178604E-5,9.367710637896601E-4,1.746524026149477E-5,3.821529353393259E-5,0.0010297164626247594,1.157336009213534E-5,9.13009706866548E-5,1.5817714222734145E-5,1.8858898239998786E-4,1.1156076709823854E-4,1.7237480485802177E-4,0.0019644341230760044,1.096641328652685E-5,5.78442532088599E-4,6.943901635004833E-4,0.002215566409478969,1.9666314546355472E-4,1.1306919288414209E-5,0.0015197512756630377,0.001228707888272825,1.904753816932809E-4,0.0053262564694004245,3.952321235051707E-4,1.4850886694136486E-5,0.03245825550973415,4.2153456297509706E-5],[0.0015548144532044896,5.722328996017992E-4,1.0,0.004391599453529203,0.009814782121608906,0.0014146253695886356,0.002129066134246387,0.0020136303390146494,0.005049404414598996,0.005006635307060652,9.269030462574056E-4,0.0020853243756554537,0.009893295724641874,3.904890181322759E-4,0.00153694554785275,6.961558322714968E-4,0.00790743459142256,3.1023742451800744E-4,0.0015260910137149342,0.004710873613753825,7.052545317006545E-4,0.0012496773023300245,3.3339442679453476E-4,1.823805422294938E-4,0.0018367883121911126,6.884807111806144E-4,7.18338682893238E-4,0.0014850990223271392,0.0013409440717206894,0.0010557434217290402,0.0035084213694385356,0.01696699868888575,5.981371869529083E-4,0.00396791776101073,0.001761392685248652,0.002881580208910206,0.0015874703675667161,0.0013109991692485624,0.010025639888388508,0.0016541039185233573,0.0011142112753188256,0.00823401220279415,0.001031858047480558,4.3154497672765694E-4,0.08006296866174828,4.1591121270805043E-4],[0.005815208788564936,0.013766593159141785,0.004391599453529203,1.0,0.017681358260465643,0.0166713991907107,0.0026922152588569285,0.008748622077401895,0.01859888572831107,0.016920842356193642,4.133860329418517E-4,0.01676053728883522,0.013622228907052763,0.018166566726805958,0.0030563337302188295,0.01439877139254106,0.014711157327711128,0.012350853451509776,0.010322774077375488,0.018291907279576136,0.016625542556486014,0.012345369571004237,0.017989028222398784,0.002520284832717959,0.003338601631042659,0.003267950133654616,0.017013767706488946,0.010157157106074132,0.0014209191934692975,0.0050360153620018855,0.01850530525556282,0.017730289217002947,8.910792221412324E-4,0.010932298879755458,0.013089064622805065,0.017350686963256135,0.011796140994953446,0.003681864855301541,0.01560157421524901,0.006572153788345642,0.0025506843118469984,0.01692965225797365,0.01163737260232051,0.015628984173601115,0.02406783175986917,0.014099939999094162],[0.010213130803104169,0.007920911279020754,0.009814782121608906,0.017681358260465643,1.0,0.009768855180498469,0.006596867999852589,0.011760711686736073,0.013978711631397958,0.01267132446637706,0.004905189729828144,0.004869107484109885,0.012361202893618388,0.00987247363196755,0.005334061371659435,0.003943430015156979,0.010375856238680176,0.011499979328162728,0.012592633783132585,0.013773489989054657,0.011269743189975936,0.008167145104571548,0.010457340094392151,0.0029737682626850225,0.011342014546637566,0.010226327463541143,0.011720651379906213,0.004026824219698795,0.011197690806506207,0.007025663904803443,0.014008378758019857,0.014016057187076545,0.00997031229584815,0.007040299617242434,0.010800172078317544,0.007448365678566963,0.0024154214824297013,0.005699572399278265,0.012001654016687784,0.0026132926806807823,0.011762353340540009,0.011636146655708923,0.007533970423577283,0.0030942035216934443,0.07606492442686909,0.00695112860669617],[4.345893683968943E-5,1.6951177242435065E-5,0.0014146253695886356,0.0166713991907107,0.009768855180498469,1.0,3.721476592301075E-4,4.3555453181916536E-4,0.018815696871431923,0.003747955899554527,5.425040115786195E-5,0.001944804825432685,0.00519294246627376,9.25736954185791E-5,9.656820189900268E-4,8.286182044351994E-5,0.004779449926411808,1.1505590395034703E-4,2.1722987617122684E-4,0.013079938215933735,3.958333125034797E-5,4.272608321222997E-4,1.4530697752494082E-4,6.705934246177119E-5,9.177584728834222E-4,3.307182243969072E-5,1.2588580287356798E-4,9.439408452264282E-4,1.9970510014554835E-4,1.3128675461175887E-4,0.003919173567143231,0.014285727585255276,3.398961570098235E-5,0.002637819865903764,0.0018410259706255262,0.004705662567955561,0.0012108988833866823,1.4366330130509654E-5,0.006010024261756912,4.4947282183438496E-4,1.3491441395320307E-4,0.010736314636895524,2.7404983145274016E-4,2.5126219432029682E-5,0.022893757598917493,1.177135281659342E-4],[0.0018678788135282108,1.6957801210757998E-4,0.002129066134246387,0.0026922152588569285,0.006596867999852589,3.721476592301075E-4,1.0,0.002591330042972624,0.007572312863419568,0.002703286671887026,8.924068412075747E-4,0.0023630759989677432,0.008401515785201,0.002388563960044815,0.0014365872824211351,0.0014029520834761462,0.009289507656780842,0.0010888688129317594,0.0015073681356187437,0.01030084078681126,0.0024369214278820587,0.0022711586576059832,0.002202354642293132,4.2697866017858937E-4,0.0019690208553790364,0.0011316215569099719,0.0017853328323034832,0.001252423899272855,0.0013022837280183956,6.930103797450662E-4,0.007181358943277228,0.0044426189459488095,2.5801450944822215E-4,0.00477717254128192,0.0025616421342605222,0.004373802369800325,0.0018490669583120594,4.1588995279133765E-4,0.004615017744365381,0.0018772134210569347,0.0019776944109979877,0.010145539488974828,0.002016597120255223,0.002463034870485424,0.04985915179415342,0.001883865701458295],[0.002426090682818273,3.4407897400670927E-4,0.0020136303390146494,0.008748622077401895,0.011760711686736073,4.3555453181916536E-4,0.002591330042972624,1.0,0.009370777496043002,0.005082666413569855,0.002298173786610199,0.002169360847961394,0.004595697307563112,8.516073176984487E-4,0.002304261168477646,0.0020987376629163696,0.006472946478743543,0.00204100111127304,4.8439352136053884E-4,0.012510516244601647,0.0019779262615629146,0.0021479322657068623,0.0015424628611647962,0.0017976334734561904,0.0021140241989169102,1.607115321536954E-4,0.002137145996129882,0.0015406686569485017,0.0011697182732027358,0.00245257099719757,0.008075551535740019,0.006750516095477426,7.9683211354274E-4,0.0049572009276821725,0.0024535877182471242,0.004839008106962896,0.0023917930389893054,0.0017455423629673845,0.004445840219237915,0.0024649548396402134,4.4537643821494457E-4,0.002612118832119216,0.001297725159522621,0.0021099561980141026,0.033358902161869035,8.528461891553028E-4],[0.006218313005936494,0.0012873323499780934,0.005049404414598996,0.01859888572831107,0.013978711631397958,0.018815696871431923,0.007572312863419568,0.009370777496043002,1.0,0.012417218577628321,0.005249135779622133,0.015673829279113205,0.018536178399826738,0.007046495544564561,0.0019399458717619218,0.008270314520773155,0.010125602116231317,0.016926696444299217,0.004468682259626655,0.017206277112755596,9.426920503117186E-4,0.003466058217409604,0.0010131369626301956,0.011346955523309067,0.012611484561685505,0.015531859266101816,0.015590623899939968,0.010393242685138134,0.0023564340509071476,0.015596969603558185,0.018800865209941526,0.017762307776119184,0.012660150524671041,0.007563362415806281,0.008366780744208827,0.009522159844449155,0.01568545238818102,0.018439226512167475,0.013927193266761903,0.011707068881971545,0.013865127079701604,0.016149168942363706,0.003933403157697635,0.017202534017744443,0.04057401972667754,0.0075694013900175],[4.148231974527788E-4,0.0033949084704610302,0.005006635307060652,0.016920842356193642,0.01267132446637706,0.003747955899554527,0.002703286671887026,0.005082666413569855,0.012417218577628321,1.0,0.0015108185583727104,0.0035511696866410212,0.00819541692807431,0.004020145515353062,0.004300165360832295,0.005460331042284695,0.007000201320992672,7.003044880966812E-4,0.0065766625908175134,0.010165561771391529,1.655185132749802E-4,0.001759258610112149,0.0040092901964477404,0.0018142854773462174,0.0032411574531108394,9.415630330608539E-5,0.006305532399532347,0.006281605677661517,5.056761064835656E-4,0.005232819120793298,0.011828215548454929,0.014758300545214006,0.0012724386259631037,0.006685372515240732,0.006314786813954189,0.00517673956265279,0.004341212361329539,7.548044409827893E-5,0.006908062835085724,0.0036365551108639795,0.004384594656759944,0.01020348388740636,0.005824942391186319,0.002016082297979527,0.06376948444401512,0.004632963718410874],[4.4577659130378455E-5,5.308830163621307E-5,9.269030462574056E-4,4.133860329418517E-4,0.004905189729828144,5.425040115786195E-5,8.924068412075747E-4,0.002298173786610199,0.005249135779622133,0.0015108185583727104,1.0,0.00121667656355665,0.0025297120868008624,1.831737895879044E-4,0.0011917880655043876,8.494157489766779E-5,0.0054355806208101045,1.3223762676436285E-4,1.9463863180402025E-4,0.01585117567498553,4.434699575043203E-5,9.881455217761932E-4,1.273231707812151E-4,1.2742271011944884E-4,0.0014992852604639982,1.7580756348141725E-5,8.244683316461459E-5,2.5631539411234E-4,2.569278711597178E-4,1.1740316447654042E-4,0.013268730007974095,0.005704218875086833,2.057881155127046E-5,8.759805436789618E-4,5.743457566568966E-5,0.0033489170697134215,4.032367212561536E-4,1.834960054822616E-5,0.007249663967731708,4.1880638120667384E-4,1.532104379103604E-4,0.009360598849147469,9.174600993899762E-5,5.3227633493037904E-5,0.06237228851263515,1.3060890035038539E-4],[1.9275345896209545E-4,0.0017019934896136742,0.0020853243756554537,0.01676053728883522,0.004869107484109885,0.001944804825432685,0.0023630759989677432,0.002169360847961394,0.015673829279113205,0.0035511696866410212,0.00121667656355665,1.0,0.003540186434787901,0.0017374592446271413,0.0019499788348148767,4.885612210330679E-4,0.0046624325777807375,1.8784734017108785E-4,9.291527577353101E-4,0.01540416656235124,0.0012249035089514078,0.0015268403302391587,2.0567722881826813E-4,0.0020167448982744522,0.0020683451917363595,0.0019406676692341916,0.0015511449372850178,0.0018435969910690075,0.0010642817101232985,0.0018870739245553973,0.00634765931857836,0.007123108083387971,2.8938448961166404E-4,0.004166448602698919,0.0019804588607293633,0.0021498414183764715,0.0020163254453218022,8.095304302398981E-4,0.005083585346483302,0.0018465844676992245,0.0019093749776752816,0.010534912745783285,4.8644062622862114E-4,0.0013785556500357761,0.00583104928138782,7.910953360349257E-4],[0.0011900817707601755,0.007519779137513048,0.009893295724641874,0.013622228907052763,0.012361202893618388,0.00519294246627376,0.008401515785201,0.004595697307563112,0.018536178399826738,0.00819541692807431,0.0025297120868008624,0.003540186434787901,1.0,0.006979310274438537,0.00855453267734781,0.005454915719215836,0.01045719929917075,0.0023357640706811707,6.157896959190332E-4,0.01687330828600539,0.008643321752062158,0.010361945304479245,0.003497584395427916,0.011489150646206614,0.002037861089586122,0.010123786956565317,0.005109811772986719,0.01048280223464684,0.01067524199382637,0.010952320677401046,0.012496274802580982,0.015031093533285404,0.009193334838471559,0.005976955476352021,0.004619404238751205,0.0061974389447487085,0.006906122395393465,0.011485673336482519,0.010720494710062397,0.0113025088554899,0.007532484869821809,0.011732448867769947,0.001956725826821436,0.003207883565765505,0.0807773334225756,0.00481108897334641],[1.943271537965854E-4,7.576937161158184E-5,3.904890181322759E-4,0.018166566726805958,0.00987247363196755,9.25736954185791E-5,0.002388563960044815,8.516073176984487E-4,0.007046495544564561,0.004020145515353062,1.831737895879044E-4,0.0017374592446271413,0.006979310274438537,1.0,6.779331279752907E-4,2.4748302702080595E-4,0.00688200432235731,2.3587439093161175E-4,2.4072182738139652E-4,0.01575413609283753,1.669901396246905E-4,7.060122948604082E-4,2.467103007023689E-4,2.2030389224354487E-4,9.933464264533427E-4,2.0396736696653137E-4,2.183679803901188E-4,2.8329281137720483E-4,3.9220818180225826E-4,1.5474918042173577E-4,5.128691094852387E-4,0.011536009693020408,2.4543755643403176E-4,0.00242516828819323,0.0014553588490415713,0.004141202195300777,8.907871151635795E-4,9.758226889913306E-5,0.008382897594845897,0.0011518697228186802,2.1782668244485333E-4,0.003947528414747793,4.5369433084369785E-4,1.1392479894466843E-4,4.0493595182526285E-4,2.0847276405150768E-4],[2.9394264791028575E-4,5.602732677119757E-4,0.00153694554785275,0.0030563337302188295,0.005334061371659435,9.656820189900268E-4,0.0014365872824211351,0.002304261168477646,0.0019399458717619218,0.004300165360832295,0.0011917880655043876,0.0019499788348148767,0.00855453267734781,6.779331279752907E-4,1.0,0.0013153201233952999,0.0016946813001795988,8.090562611555687E-4,0.0013564775225314478,0.011228113771850545,1.0073507753919166E-4,0.0012476970827378087,2.9432399535688516E-4,6.993583318521121E-4,0.0016223064993815715,4.333264318918541E-4,0.001028902711010006,0.0012648314923810612,7.098967914978503E-4,3.362496828609466E-4,0.014700824155948923,0.017197068126614503,6.027502488091248E-4,0.001730430079485534,0.0018107586373986339,0.0037143196038826377,0.001389057828121328,0.0010059906600315722,0.0023775742160081076,0.001478328461168545,3.971572592668513E-4,0.005938914913138849,5.047142059131026E-4,0.001044660613627349,0.043800293036105935,8.90936808446321E-4],[4.6999626682460816E-5,4.9338189127864886E-5,6.961558322714968E-4,0.01439877139254106,0.003943430015156979,8.286182044351994E-5,0.0014029520834761462,0.0020987376629163696,0.008270314520773155,0.005460331042284695,8.494157489766779E-5,4.885612210330679E-4,0.005454915719215836,2.4748302702080595E-4,0.0013153201233952999,1.0,0.002222666824118632,1.208509623023986E-4,1.882411287830809E-4,0.014557131639088644,9.483777079930825E-5,0.0011131589993388534,1.3197985232716098E-4,1.2782736346124803E-4,6.499410912695679E-4,8.06533356490956E-5,1.1680217133248155E-4,6.599501141521813E-4,3.9294449007303597E-4,1.1290731482650419E-4,0.007346259753694967,0.01687417131066125,2.4667417271717863E-5,0.003773422776314967,8.820120731904152E-4,0.00420320084480718,0.0013355451182420106,9.885439016837498E-5,0.0031060456897892773,7.286833311476083E-4,2.001682607396356E-4,0.008593192879791748,3.6915248544332956E-4,3.1673484014992595E-5,0.04305461987851737,1.3240017585225598E-4],[0.009237423765202153,0.004013483089885631,0.00790743459142256,0.014711157327711128,0.010375856238680176,0.004779449926411808,0.009289507656780842,0.006472946478743543,0.010125602116231317,0.007000201320992672,0.0054355806208101045,0.0046624325777807375,0.01045719929917075,0.00688200432235731,0.0016946813001795988,0.002222666824118632,1.0,0.002447340600239215,0.004809197041434024,0.013575857519580257,0.005834948707605897,0.006237943329810669,0.0018196290109289805,0.004226772952381521,0.009133434786938384,0.006535057932075762,0.005861737651419046,0.005665451196886408,0.009751273512338298,0.0026959953002488545,0.010814399286230741,0.014434800745050519,0.009599610649797344,0.009598999104158894,0.006128858132741367,0.009326537687621204,0.00955066274322905,0.004147676633303009,0.010420864047550493,0.007216382192983423,8.011393659202944E-4,0.010294716426601694,0.00554790028647038,0.0016211399696479925,0.03368885593576619,0.0016740598300704385],[1.2055662526963312E-4,4.334143324190003E-5,3.1023742451800744E-4,0.012350853451509776,0.011499979328162728,1.1505590395034703E-4,0.0010888688129317594,0.00204100111127304,0.016926696444299217,7.003044880966812E-4,1.3223762676436285E-4,1.8784734017108785E-4,0.0023357640706811707,2.3587439093161175E-4,8.090562611555687E-4,1.208509623023986E-4,0.002447340600239215,1.0,1.8722965403874026E-4,0.0159976264417398,2.9019419616085393E-5,7.838306647024145E-4,1.6819443398906662E-4,1.4775545336700438E-4,5.113690685446522E-4,1.2308523128575193E-4,1.4227484833199933E-4,1.7614846231194735E-4,2.936071544210119E-4,1.4281220697074396E-4,0.007846260234238536,0.014941945362828609,1.3827403127804331E-5,0.0032489167121977133,4.777968713457777E-4,0.0032244207404119075,2.5864553432469414E-4,7.269566091753276E-5,0.010389961559485903,7.968410176901315E-4,1.9207644233205316E-4,0.0016208512002749795,4.171030826931148E-4,4.3954827519186685E-5,0.03403979710085701,1.3909932083924417E-4],[5.617837078507168E-5,2.220625235606772E-4,0.0015260910137149342,0.010322774077375488,0.012592633783132585,2.1722987617122684E-4,0.0015073681356187437,4.8439352136053884E-4,0.004468682259626655,0.0065766625908175134,1.9463863180402025E-4,9.291527577353101E-4,6.157896959190332E-4,2.4072182738139652E-4,0.0013564775225314478,1.882411287830809E-4,0.004809197041434024,1.8722965403874026E-4,1.0,0.014561372041614963,2.2892318793556605E-4,0.0012311586977698508,2.15274139571785E-4,1.5573114048960803E-4,0.0015227186248804462,1.228341182926581E-4,2.0029641140328772E-4,3.126064519714851E-4,3.2654965747272885E-4,1.8947657597368604E-4,0.007977503153478388,0.009934240991907707,4.911123934045113E-5,0.001101296417799393,5.088615579906065E-4,0.004464490140847656,5.663420624276227E-4,1.580878687092763E-4,0.0014388086803448763,8.039716021463765E-4,2.096386163135888E-4,0.005391330695351359,3.0739518073615284E-4,1.2131026073858479E-4,0.08226349948153162,1.5069809950349355E-4],[0.007214616271395851,7.910132921223574E-4,0.004710873613753825,0.018291907279576136,0.013773489989054657,0.013079938215933735,0.01030084078681126,0.012510516244601647,0.017206277112755596,0.010165561771391529,0.01585117567498553,0.01540416656235124,0.01687330828600539,0.01575413609283753,0.011228113771850545,0.014557131639088644,0.013575857519580257,0.0159976264417398,0.014561372041614963,1.0,0.0056568649018558965,0.012332907159087917,0.0021778267427550505,0.006341592010397074,0.0052541515194109495,0.008162394725197008,0.007370990342862434,0.012569336093275617,0.002131132895848413,0.016396114883030388,0.014801275755616291,0.017449336919700898,0.008679521424424557,0.00886504042604063,0.00272452835718001,0.006936294049029162,0.011110946741028038,0.0074626752362607724,0.015267096892638292,0.01516759071663273,0.002027627771420133,0.011493652037824426,0.012412146394885028,0.0015649021121553431,0.05001408122282397,0.015814154185619527],[2.988798373193018E-5,1.1312420728178604E-5,7.052545317006545E-4,0.016625542556486014,0.011269743189975936,3.958333125034797E-5,0.0024369214278820587,0.0019779262615629146,9.426920503117186E-4,1.655185132749802E-4,4.434699575043203E-5,0.0012249035089514078,0.008643321752062158,1.669901396246905E-4,1.0073507753919166E-4,9.483777079930825E-5,0.005834948707605897,2.9019419616085393E-5,2.2892318793556605E-4,0.0056568649018558965,1.0,6.867356118520422E-4,4.977703707570072E-5,7.733957625748295E-5,0.0013690875559170862,1.0587166430623412E-5,7.374382296061124E-5,4.507142199099313E-5,2.773079206007283E-4,3.942953692645335E-5,0.011466968868748395,0.012998158261732827,1.0484898867956726E-5,0.004831456152280854,0.0015725486077930795,6.771868711991589E-4,2.4023161040625282E-4,1.0451601871313322E-5,0.009857081016819983,6.867842561327887E-4,1.5518093234148374E-4,0.010944324163505072,1.660143262729797E-4,1.5802581190116116E-5,0.04404332554780936,9.723155770716684E-5],[0.0011504572346808777,9.367710637896601E-4,0.0012496773023300245,0.012345369571004237,0.008167145104571548,4.272608321222997E-4,0.0022711586576059832,0.0021479322657068623,0.003466058217409604,0.001759258610112149,9.881455217761932E-4,0.0015268403302391587,0.010361945304479245,7.060122948604082E-4,0.0012476970827378087,0.0011131589993388534,0.006237943329810669,7.838306647024145E-4,0.0012311586977698508,0.012332907159087917,6.867356118520422E-4,1.0,6.051103493148868E-4,5.825828798046017E-4,0.0013990942472298909,1.8407414186833863E-5,5.376420044493154E-4,0.0011697270113490206,7.841394100141657E-4,3.4093656855384286E-4,0.004877120557823339,0.015154252210489917,9.795252379209544E-4,0.002597610963883959,0.0012671281745268673,0.0014265791760107824,0.0015364295521499173,2.590265269608793E-4,0.002931434510387495,0.0016132990253466852,3.411957189825677E-4,0.010092381243197506,8.621096520616954E-4,0.0011584238841795254,0.018839616943712355,2.1527952088981023E-4],[1.6740046282040798E-4,1.746524026149477E-5,3.3339442679453476E-4,0.017989028222398784,0.010457340094392151,1.4530697752494082E-4,0.002202354642293132,0.0015424628611647962,0.0010131369626301956,0.0040092901964477404,1.273231707812151E-4,2.0567722881826813E-4,0.003497584395427916,2.467103007023689E-4,2.9432399535688516E-4,1.3197985232716098E-4,0.0018196290109289805,1.6819443398906662E-4,2.15274139571785E-4,0.0021778267427550505,4.977703707570072E-5,6.051103493148868E-4,1.0,1.529010952407549E-4,0.0010462939813281832,6.48352069937007E-5,1.728409163544883E-4,8.308543685232684E-4,3.3259300813644416E-4,1.7842968255146882E-4,0.009256546355179805,0.012124795576701241,1.115651831550449E-4,0.0012783327312974665,6.866762163065146E-4,4.182695409717192E-4,2.6941218312696917E-4,3.2787402228544325E-5,0.0014594508328470328,6.061008307923406E-4,1.9562516800016114E-4,2.942887648354303E-4,1.8951257254485657E-4,4.832380434007209E-5,0.0644394491683185,1.4781072028059286E-4],[6.639559565108712E-5,3.821529353393259E-5,1.823805422294938E-4,0.002520284832717959,0.0029737682626850225,6.705934246177119E-5,4.2697866017858937E-4,0.0017976334734561904,0.011346955523309067,0.0018142854773462174,1.2742271011944884E-4,0.0020167448982744522,0.011489150646206614,2.2030389224354487E-4,6.993583318521121E-4,1.2782736346124803E-4,0.004226772952381521,1.4775545336700438E-4,1.5573114048960803E-4,0.006341592010397074,7.733957625748295E-5,5.825828798046017E-4,1.529010952407549E-4,1.0,0.0011090669607372197,6.616937225838897E-5,1.618772160842589E-4,7.784212095007875E-4,3.9495736405224184E-4,1.5077966609679133E-4,0.014020872466782765,0.016739396107460013,1.1563006537874482E-4,7.310226327942862E-4,2.9837889303168915E-4,0.003645963583209145,0.0015912346028342957,1.1489710956494544E-5,0.010506737216267128,5.131081537891624E-4,1.6361170221978617E-4,0.007125741803417525,2.399941668622014E-4,1.1172712685856298E-4,0.030844097627607158,1.474549000958221E-4],[0.0015663099615930215,0.0010297164626247594,0.0018367883121911126,0.003338601631042659,0.011342014546637566,9.177584728834222E-4,0.0019690208553790364,0.0021140241989169102,0.012611484561685505,0.0032411574531108394,0.0014992852604639982,0.0020683451917363595,0.002037861089586122,9.933464264533427E-4,0.0016223064993815715,6.499410912695679E-4,0.009133434786938384,5.113690685446522E-4,0.0015227186248804462,0.0052541515194109495,0.0013690875559170862,0.0013990942472298909,0.0010462939813281832,0.0011090669607372197,1.0,8.3036988724818E-4,9.958254652254993E-4,0.0017075878030194161,4.795331416043515E-4,6.730091512285026E-4,0.0076553207062812646,0.0116558901468592,0.001203829034427495,0.002504793716964822,0.0018995173628078763,0.004105732290671348,0.001686826951263785,0.001532222684581699,0.002290795485422857,0.0017654148352464023,0.001247000714697013,0.002400924269309804,0.0017134966426635223,0.0015021844486487585,0.011854849421072107,0.0014631471864073324],[3.5185546587980026E-5,1.157336009213534E-5,6.884807111806144E-4,0.003267950133654616,0.010226327463541143,3.307182243969072E-5,0.0011316215569099719,1.607115321536954E-4,0.015531859266101816,9.415630330608539E-5,1.7580756348141725E-5,0.0019406676692341916,0.010123786956565317,2.0396736696653137E-4,4.333264318918541E-4,8.06533356490956E-5,0.006535057932075762,1.2308523128575193E-4,1.228341182926581E-4,0.008162394725197008,1.0587166430623412E-5,1.8407414186833863E-5,6.48352069937007E-5,6.616937225838897E-5,8.3036988724818E-4,1.0,1.2766371774598924E-4,7.835784165107255E-4,2.2829498734115223E-4,1.3917272348142322E-4,0.004809268191321592,0.0010089879247036264,1.1538215977034868E-5,0.0037821016488028907,0.0011285263435407253,0.004461743038700374,6.14905411632522E-4,1.0742056576727468E-5,0.009322584701831334,5.654629218603752E-4,1.806357706058716E-4,0.0025818992472092825,1.5606101602146826E-4,1.7154551560485973E-5,0.045168251939568534,3.2668277134461565E-5],[5.010603702515965E-5,9.13009706866548E-5,7.18338682893238E-4,0.017013767706488946,0.011720651379906213,1.2588580287356798E-4,0.0017853328323034832,0.002137145996129882,0.015590623899939968,0.006305532399532347,8.244683316461459E-5,0.0015511449372850178,0.005109811772986719,2.183679803901188E-4,0.001028902711010006,1.1680217133248155E-4,0.005861737651419046,1.4227484833199933E-4,2.0029641140328772E-4,0.007370990342862434,7.374382296061124E-5,5.376420044493154E-4,1.728409163544883E-4,1.618772160842589E-4,9.958254652254993E-4,1.2766371774598924E-4,1.0,7.811346479166365E-4,2.96512946121212E-4,1.492779759803293E-4,0.01163819145197363,0.016724137997709287,1.568033772117691E-4,0.0010751199043345025,0.0016171014540082077,0.0013809793547821835,0.0013602424159244756,1.241455968863701E-4,0.006813427774618163,0.0016799747670748644,2.014786287962186E-4,0.0016182507866422883,1.810498087832478E-4,4.967369168869842E-5,0.04087829433505311,1.558233257363883E-4],[6.797696800243774E-4,1.5817714222734145E-5,0.0014850990223271392,0.010157157106074132,0.004026824219698795,9.439408452264282E-4,0.001252423899272855,0.0015406686569485017,0.010393242685138134,0.006281605677661517,2.5631539411234E-4,0.0018435969910690075,0.01048280223464684,2.8329281137720483E-4,0.0012648314923810612,6.599501141521813E-4,0.005665451196886408,1.7614846231194735E-4,3.126064519714851E-4,0.012569336093275617,4.507142199099313E-5,0.0011697270113490206,8.308543685232684E-4,7.784212095007875E-4,0.0017075878030194161,7.835784165107255E-4,7.811346479166365E-4,1.0,8.934285952114974E-4,1.961503245168084E-4,0.001384269608110747,0.005667601564366878,6.114412736557518E-4,0.003473130579052402,0.0018073344711381995,0.0029336465596504864,0.001500736753241924,8.485931709645965E-4,0.00701733374128281,0.001303839733635517,0.0010084950883064501,0.004592680932355469,8.216136339786702E-4,5.144466112669311E-4,0.00935109045678129,9.51338232323659E-4],[7.151783753045893E-5,1.8858898239998786E-4,0.0013409440717206894,0.0014209191934692975,0.011197690806506207,1.9970510014554835E-4,0.0013022837280183956,0.0011697182732027358,0.0023564340509071476,5.056761064835656E-4,2.569278711597178E-4,0.0010642817101232985,0.01067524199382637,3.9220818180225826E-4,7.098967914978503E-4,3.9294449007303597E-4,0.009751273512338298,2.936071544210119E-4,3.2654965747272885E-4,0.002131132895848413,2.773079206007283E-4,7.841394100141657E-4,3.3259300813644416E-4,3.9495736405224184E-4,4.795331416043515E-4,2.2829498734115223E-4,2.96512946121212E-4,8.934285952114974E-4,1.0,1.728940921334658E-4,0.007532919618361089,0.0035336508669411236,4.25104933373962E-4,0.0026749077438743764,7.256340984665812E-4,0.0012102568401139249,0.0012249588384335769,3.6519928129611555E-4,0.00625517525460424,6.503913949872968E-4,3.307978787313884E-4,0.0034002457876050754,4.549689632527443E-4,4.2921765441045776E-4,0.0034854079441927594,1.9049459059250666E-4],[4.611362752271046E-5,1.1156076709823854E-4,0.0010557434217290402,0.0050360153620018855,0.007025663904803443,1.3128675461175887E-4,6.930103797450662E-4,0.00245257099719757,0.015596969603558185,0.005232819120793298,1.1740316447654042E-4,0.0018870739245553973,0.010952320677401046,1.5474918042173577E-4,3.362496828609466E-4,1.1290731482650419E-4,0.0026959953002488545,1.4281220697074396E-4,1.8947657597368604E-4,0.016396114883030388,3.942953692645335E-5,3.4093656855384286E-4,1.7842968255146882E-4,1.5077966609679133E-4,6.730091512285026E-4,1.3917272348142322E-4,1.492779759803293E-4,1.961503245168084E-4,1.728940921334658E-4,1.0,0.006036507191233549,0.010064503850884117,1.4681278283873027E-5,0.004337866577944864,0.0018345120386058925,9.021748241520799E-4,1.851527735983485E-4,8.419881957860978E-5,0.003545632144554116,0.0016095726704205419,1.5764132057821619E-4,0.009561333425434061,1.5769383599165186E-4,4.3122969062110665E-5,0.054394337124212586,1.46004609112543E-4],[0.014348249813683038,1.7237480485802177E-4,0.0035084213694385356,0.01850530525556282,0.014008378758019857,0.003919173567143231,0.007181358943277228,0.008075551535740019,0.018800865209941526,0.011828215548454929,0.013268730007974095,0.00634765931857836,0.012496274802580982,5.128691094852387E-4,0.014700824155948923,0.007346259753694967,0.010814399286230741,0.007846260234238536,0.007977503153478388,0.014801275755616291,0.011466968868748395,0.004877120557823339,0.009256546355179805,0.014020872466782765,0.0076553207062812646,0.004809268191321592,0.01163819145197363,0.001384269608110747,0.007532919618361089,0.006036507191233549,1.0,0.01582107162721123,0.002234931174878554,0.0063374757879323266,0.0075022514907816945,0.00939431902322606,0.011123945351620465,0.014007262053185114,0.013124762704047032,0.010346518378029808,0.0041786978883983075,0.012768277162350624,0.009958329185136875,4.235502803764459E-4,0.03510378251598803,0.014302975981117258],[0.0027286645881691683,0.0019644341230760044,0.01696699868888575,0.017730289217002947,0.014016057187076545,0.014285727585255276,0.0044426189459488095,0.006750516095477426,0.017762307776119184,0.014758300545214006,0.005704218875086833,0.007123108083387971,0.015031093533285404,0.011536009693020408,0.017197068126614503,0.01687417131066125,0.014434800745050519,0.014941945362828609,0.009934240991907707,0.017449336919700898,0.012998158261732827,0.015154252210489917,0.012124795576701241,0.016739396107460013,0.0116558901468592,0.0010089879247036264,0.016724137997709287,0.005667601564366878,0.0035336508669411236,0.010064503850884117,0.01582107162721123,1.0,0.0011138135906303597,0.006172709114537621,0.012421466675942242,0.010040158552517298,0.010892669437199022,0.01753228715762595,0.014178126162071399,0.008897999661765996,0.007028374120584377,0.016458497616686642,0.013903294216468113,0.015275318101130213,0.022200856801608267,0.008998958733561158],[4.144040994248272E-5,1.096641328652685E-5,5.981371869529083E-4,8.910792221412324E-4,0.00997031229584815,3.398961570098235E-5,2.5801450944822215E-4,7.9683211354274E-4,0.012660150524671041,0.0012724386259631037,2.057881155127046E-5,2.8938448961166404E-4,0.009193334838471559,2.4543755643403176E-4,6.027502488091248E-4,2.4667417271717863E-5,0.009599610649797344,1.3827403127804331E-5,4.911123934045113E-5,0.008679521424424557,1.0484898867956726E-5,9.795252379209544E-4,1.115651831550449E-4,1.1563006537874482E-4,0.001203829034427495,1.1538215977034868E-5,1.568033772117691E-4,6.114412736557518E-4,4.25104933373962E-4,1.4681278283873027E-5,0.002234931174878554,0.0011138135906303597,1.0,2.005146304909133E-4,5.996329244582288E-4,0.0023081614718754146,8.188295185909324E-4,1.045449804281719E-5,0.0062140935975829835,0.0014023877854322131,1.289388775802879E-4,0.0012009759139135988,1.0036520084818496E-4,1.6919611445493174E-5,0.009358084060428717,1.031975741969077E-4],[0.002435982126906114,5.78442532088599E-4,0.00396791776101073,0.010932298879755458,0.007040299617242434,0.002637819865903764,0.00477717254128192,0.0049572009276821725,0.007563362415806281,0.006685372515240732,8.759805436789618E-4,0.004166448602698919,0.005976955476352021,0.00242516828819323,0.001730430079485534,0.003773422776314967,0.009598999104158894,0.0032489167121977133,0.001101296417799393,0.00886504042604063,0.004831456152280854,0.002597610963883959,0.0012783327312974665,7.310226327942862E-4,0.002504793716964822,0.0037821016488028907,0.0010751199043345025,0.003473130579052402,0.0026749077438743764,0.004337866577944864,0.0063374757879323266,0.006172709114537621,2.005146304909133E-4,1.0,0.005225921528634979,0.005209992700689436,0.0026586660671043707,0.0025632879653124403,0.009341955111475527,0.002438704882371509,0.0044748016466178275,0.009168897548684739,0.00173389365066462,0.0010448952413112005,0.04060604570090446,0.005118666022156503],[0.001141446174204996,6.943901635004833E-4,0.001761392685248652,0.013089064622805065,0.010800172078317544,0.0018410259706255262,0.0025616421342605222,0.0024535877182471242,0.008366780744208827,0.006314786813954189,5.743457566568966E-5,0.0019804588607293633,0.004619404238751205,0.0014553588490415713,0.0018107586373986339,8.820120731904152E-4,0.006128858132741367,4.777968713457777E-4,5.088615579906065E-4,0.00272452835718001,0.0015725486077930795,0.0012671281745268673,6.866762163065146E-4,2.9837889303168915E-4,0.0018995173628078763,0.0011285263435407253,0.0016171014540082077,0.0018073344711381995,7.256340984665812E-4,0.0018345120386058925,0.0075022514907816945,0.012421466675942242,5.996329244582288E-4,0.005225921528634979,1.0,0.0028620818556279845,0.0017072961390294798,6.430318121915748E-4,0.0069041238651503445,0.0018686250638773154,0.001268089662530674,0.007179727615051788,0.001776809503319486,3.369668678137978E-4,0.04183204391926522,0.001353640653391128],[0.0046433376616476655,0.002215566409478969,0.002881580208910206,0.017350686963256135,0.007448365678566963,0.004705662567955561,0.004373802369800325,0.004839008106962896,0.009522159844449155,0.00517673956265279,0.0033489170697134215,0.0021498414183764715,0.0061974389447487085,0.004141202195300777,0.0037143196038826377,0.00420320084480718,0.009326537687621204,0.0032244207404119075,0.004464490140847656,0.006936294049029162,6.771868711991589E-4,0.0014265791760107824,4.182695409717192E-4,0.003645963583209145,0.004105732290671348,0.004461743038700374,0.0013809793547821835,0.0029336465596504864,0.0012102568401139249,9.021748241520799E-4,0.00939431902322606,0.010040158552517298,0.0023081614718754146,0.005209992700689436,0.0028620818556279845,1.0,0.004009249140509354,0.0044476193341519595,0.0074493665954789194,0.0031503946541610517,0.0022636057036034625,0.009394271994772902,0.002358833876393617,0.001905128986940594,0.03751542788664159,0.0016637671449447734],[0.0014452955828440429,1.9666314546355472E-4,0.0015874703675667161,0.011796140994953446,0.0024154214824297013,0.0012108988833866823,0.0018490669583120594,0.0023917930389893054,0.01568545238818102,0.004341212361329539,4.032367212561536E-4,0.0020163254453218022,0.006906122395393465,8.907871151635795E-4,0.001389057828121328,0.0013355451182420106,0.00955066274322905,2.5864553432469414E-4,5.663420624276227E-4,0.011110946741028038,2.4023161040625282E-4,0.0015364295521499173,2.6941218312696917E-4,0.0015912346028342957,0.001686826951263785,6.14905411632522E-4,0.0013602424159244756,0.001500736753241924,0.0012249588384335769,1.851527735983485E-4,0.011123945351620465,0.010892669437199022,8.188295185909324E-4,0.0026586660671043707,0.0017072961390294798,0.004009249140509354,1.0,0.0011909118217366392,0.007328605285109686,0.0016160874709545202,0.001555146091711254,0.0041826979864772115,0.0015924774989866885,2.0490990599386714E-4,0.05062402918276302,0.0012461865441726742],[1.2927036814724055E-5,1.1306919288414209E-5,0.0013109991692485624,0.003681864855301541,0.005699572399278265,1.4366330130509654E-5,4.1588995279133765E-4,0.0017455423629673845,0.018439226512167475,7.548044409827893E-5,1.834960054822616E-5,8.095304302398981E-4,0.011485673336482519,9.758226889913306E-5,0.0010059906600315722,9.885439016837498E-5,0.004147676633303009,7.269566091753276E-5,1.580878687092763E-4,0.0074626752362607724,1.0451601871313322E-5,2.590265269608793E-4,3.2787402228544325E-5,1.1489710956494544E-5,0.001532222684581699,1.0742056576727468E-5,1.241455968863701E-4,8.485931709645965E-4,3.6519928129611555E-4,8.419881957860978E-5,0.014007262053185114,0.01753228715762595,1.045449804281719E-5,0.0025632879653124403,6.430318121915748E-4,0.0044476193341519595,0.0011909118217366392,1.0,9.671521957315777E-4,7.647405778458397E-4,9.609675879224157E-5,0.006820388044307461,1.7752443490409348E-4,1.321600753504891E-5,0.057943657831950206,1.7914347359836094E-5],[0.007953982459053157,0.0015197512756630377,0.010025639888388508,0.01560157421524901,0.012001654016687784,0.006010024261756912,0.004615017744365381,0.004445840219237915,0.013927193266761903,0.006908062835085724,0.007249663967731708,0.005083585346483302,0.010720494710062397,0.008382897594845897,0.0023775742160081076,0.0031060456897892773,0.010420864047550493,0.010389961559485903,0.0014388086803448763,0.015267096892638292,0.009857081016819983,0.002931434510387495,0.0014594508328470328,0.010506737216267128,0.002290795485422857,0.009322584701831334,0.006813427774618163,0.00701733374128281,0.00625517525460424,0.003545632144554116,0.013124762704047032,0.014178126162071399,0.0062140935975829835,0.009341955111475527,0.0069041238651503445,0.0074493665954789194,0.007328605285109686,9.671521957315777E-4,1.0,0.0036219745007894585,0.005480853205929408,0.01074478123647447,0.009103895101505345,0.0063663321640611064,0.026602551061074488,0.0037330521531084475],[0.001045666126915102,0.001228707888272825,0.0016541039185233573,0.006572153788345642,0.0026132926806807823,4.4947282183438496E-4,0.0018772134210569347,0.0024649548396402134,0.011707068881971545,0.0036365551108639795,4.1880638120667384E-4,0.0018465844676992245,0.0113025088554899,0.0011518697228186802,0.001478328461168545,7.286833311476083E-4,0.007216382192983423,7.968410176901315E-4,8.039716021463765E-4,0.01516759071663273,6.867842561327887E-4,0.0016132990253466852,6.061008307923406E-4,5.131081537891624E-4,0.0017654148352464023,5.654629218603752E-4,0.0016799747670748644,0.001303839733635517,6.503913949872968E-4,0.0016095726704205419,0.010346518378029808,0.008897999661765996,0.0014023877854322131,0.002438704882371509,0.0018686250638773154,0.0031503946541610517,0.0016160874709545202,7.647405778458397E-4,0.0036219745007894585,1.0,0.0011788929062940658,0.006157870606114235,8.040643528834299E-4,0.0010151686966689683,0.010245528184002518,0.001538765808273953],[1.1471942139963486E-4,1.904753816932809E-4,0.0011142112753188256,0.0025506843118469984,0.011762353340540009,1.3491441395320307E-4,0.0019776944109979877,4.4537643821494457E-4,0.013865127079701604,0.004384594656759944,1.532104379103604E-4,0.0019093749776752816,0.007532484869821809,2.1782668244485333E-4,3.971572592668513E-4,2.001682607396356E-4,8.011393659202944E-4,1.9207644233205316E-4,2.096386163135888E-4,0.002027627771420133,1.5518093234148374E-4,3.411957189825677E-4,1.9562516800016114E-4,1.6361170221978617E-4,0.001247000714697013,1.806357706058716E-4,2.014786287962186E-4,0.0010084950883064501,3.307978787313884E-4,1.5764132057821619E-4,0.0041786978883983075,0.007028374120584377,1.289388775802879E-4,0.0044748016466178275,0.001268089662530674,0.0022636057036034625,0.001555146091711254,9.609675879224157E-5,0.005480853205929408,0.0011788929062940658,1.0,0.009039778308104054,3.545037310699987E-4,6.358635156315565E-5,0.006911649949103733,1.9377388565141625E-4],[0.003144380155227459,0.0053262564694004245,0.00823401220279415,0.01692965225797365,0.011636146655708923,0.010736314636895524,0.010145539488974828,0.002612118832119216,0.016149168942363706,0.01020348388740636,0.009360598849147469,0.010534912745783285,0.011732448867769947,0.003947528414747793,0.005938914913138849,0.008593192879791748,0.010294716426601694,0.0016208512002749795,0.005391330695351359,0.011493652037824426,0.010944324163505072,0.010092381243197506,2.942887648354303E-4,0.007125741803417525,0.002400924269309804,0.0025818992472092