[[1.0, 0.8176878361363663, 0.0614932213260071, 0.9547498398309924, 0.5179352150296795, 0.2915554719283393, 0.8410992141743915, 0.1232969692626732, 0.7066641033085846, 0.7100974896479727, 0.5799081840089699, 0.3358140174166897, 0.20046098490401154, 0.3259667532901518, 0.006872872629281046, 0.22600028901385394, 0.7885597877838607, 0.13643444061347254, 0.20410795531177817, 0.3744928194046685, 0.5941199107300094, 0.3600088183694753, 0.2135064620708398, 0.3119788303790427, 0.6499813526323779, 0.6941987731516431, 0.44365563486037307, 0.6181866208515014, 0.18829787288039845, 0.07285716404568687, 0.6693010814325463, 0.3473289981519124, 0.25288421681717277, 0.9458271536240775, 0.7737042531729246], [0.8176878361363663, 1.0, 0.9754254090934009, 0.9201412070862995, 0.5861256179995769, 0.631001177905343, 0.8402286245129731, 0.3504263541086018, 0.9542429336592063, 0.8087257706274401, 0.46558722419425835, 0.524518810119489, 0.9121333263813806, 0.6953144083662047, 0.5444908228357975, 0.9845220571921871, 0.0925181310795129, 0.08210789106471827, 0.8238101573251612, 0.7413252100612884, 0.6008676474914634, 0.5889484763624937, 0.43541950887008296, 0.09879534962833592, 0.7994746315837182, 0.9495074788758658, 0.01335820099563323, 0.12954819623547453, 0.7736596187027677, 0.4519926892517867, 0.37507580301142507, 0.05584734167604988, 0.21138165566631262, 0.2116880883097607, 0.6458682687383824], [0.0614932213260071, 0.9754254090934009, 1.0, 0.10358156227914561, 0.27534607697269875, 0.18327031405008665, 0.048473606473007025, 0.709783623961239, 0.20291754410659957, 0.28516513144279565, 0.35372551678799, 0.7057680563023312, 0.9021585192027685, 0.024280708623722558, 0.12219003191244915, 0.4109971113966685, 0.5850435188091212, 0.2822314208297829, 0.9458484447904504, 0.7501310741016344, 0.8058678847036451, 0.7141842241437122, 0.5286612042611549, 0.505002802279421, 0.4502345152390367, 0.7816011096373698, 0.8002664403215507, 0.9563826121177558, 0.36805860799713697, 0.11611847324770719, 0.497937630377267, 0.6473356103385995, 0.11191973516620368, 0.559736608115678, 0.2963330472017931], [0.9547498398309924, 0.9201412070862995, 0.10358156227914561, 1.0, 0.19769290892113667, 0.20323190236572386, 0.4204326689667175, 0.08711043192601842, 0.9475987456520116, 0.9751267520690412, 0.01312555915135949, 0.6059662226048891, 0.7255463942308807, 0.3364558443411392, 0.9021689296557053, 0.16637436621469348, 0.8189223296448106, 0.6610308058331843, 0.3339296994162061, 0.7832669715444368, 0.8914824698953804, 0.6813960773257012, 0.9132210650687047, 0.08801624828110566, 0.017336022419116248, 0.8859085396549873, 0.439577812097372, 0.8809614949694151, 0.7487132162778133, 0.9304887152700005, 0.9678769866544314, 0.4885440061649323, 0.9989676358630518, 0.9368583281054808, 0.5057229567171084], [0.5179352150296795, 0.5861256179995769, 0.27534607697269875, 0.19769290892113667, 1.0, 0.25619517444292295, 0.31052676114287947, 0.9627729043759792, 0.6901733959932365, 0.9194070704253354, 0.4923554022357528, 0.5268519317013418, 0.9440809766989529, 0.3017718921328548, 0.29283265464404895, 0.928702671898858, 0.7192348996732055, 0.6211874037292968, 0.8869623870434411, 0.24000503938703888, 0.2680685569681418, 0.6332607408894041, 0.366450515738994, 0.779977223134872, 0.9276015024477251, 0.9934709211004893, 0.28598336961851667, 0.3177013336612653, 0.150451586299713, 0.12739876774955994, 0.3008629107399885, 0.669502776296428, 0.21271688863180716, 0.9323875546330005, 0.770623251879879], [0.2915554719283393, 0.631001177905343, 0.18327031405008665, 0.20323190236572386, 0.25619517444292295, 1.0, 0.4814968077027738, 0.8917370753198067, 0.37893778690791335, 0.8250534574752931, 0.5150603032868671, 0.46083821043497, 0.6301506077801391, 0.1571180585622589, 0.4968463301835543, 0.832649439919814, 0.23654008087880896, 0.7321684871364657, 0.3673414078543602, 0.8939926688391827, 0.676999502285153, 0.08463082078738937, 0.9361600516766558, 0.2714629068045292, 0.9945774928940497, 0.27456361793210315, 0.012348734276587447, 0.9664826662560123, 0.37155617887946724, 0.4246114790874438, 0.24310324880582268, 0.22131676538388168, 0.7030434646474298, 0.0665776767706796, 0.7415088533235501], [0.8410992141743915, 0.8402286245129731, 0.048473606473007025, 0.4204326689667175, 0.31052676114287947, 0.4814968077027738, 1.0, 0.7142972696013629, 0.07757514549270306, 0.44318879543199186, 0.39249409581950034, 0.992847129205117, 0.19806061196897673, 0.45190898763571874, 0.2932349042626221, 0.7629927319995911, 0.9721534322438796, 0.5172442011185802, 0.24858329125872414, 0.9364085310939714, 0.917396413017105, 0.448217274665772, 0.42044395560968695, 0.21973951033916383, 0.6090303213011798, 0.00024423158461273076, 0.108247066103064, 0.6554164094661981, 0.33175664965584095, 0.29119459509641876, 0.4811734057986129, 0.10295146127710886, 0.6811087121331248, 0.25487697035408485, 0.5832060671103803], [0.1232969692626732, 0.3504263541086018, 0.709783623961239, 0.08711043192601842, 0.9627729043759792, 0.8917370753198067, 0.7142972696013629, 1.0, 0.7977085708051485, 0.7475814106438576, 0.45789330108855364, 0.7138539237303158, 0.8556319329632563, 0.3659504887005961, 0.602137478507016, 0.40000500764994185, 0.45731168067043937, 0.197718981002177, 0.6761498995642123, 0.6773861429539851, 0.11043380313979945, 0.4290004558156305, 0.9466659469660585, 0.8952831259848036, 0.24334098128885961, 0.21876957358777016, 0.11589253748553208, 0.44391099170004866, 0.13539179908106957, 0.9518241353807754, 0.37324654996402495, 0.1544034452283306, 0.8886121129607794, 0.17031582495645026, 0.8984106249601501], [0.7066641033085846, 0.9542429336592063, 0.20291754410659957, 0.9475987456520116, 0.6901733959932365, 0.37893778690791335, 0.07757514549270306, 0.7977085708051485, 1.0, 0.28260443241036304, 0.21777834827892184, 0.8738889965695589, 0.3314071442280192, 0.26883955757549416, 0.40777109108941856, 0.45288760224544156, 0.8410333697096936, 0.7121719375964387, 0.4845384225838102, 0.0754127793709023, 0.9957575450514473, 0.2335659180015608, 0.05442354233675606, 0.23966953133939917, 0.3578948807275599, 0.45189800191588136, 0.9940243841566581, 0.1872763182378685, 0.07407042909654904, 0.5415260435473791, 0.7220503899630372, 0.50663040062623, 0.1843489380167973, 0.5947717098817812, 0.18669915905336554], [0.7100974896479727, 0.8087257706274401, 0.28516513144279565, 0.9751267520690412, 0.9194070704253354, 0.8250534574752931, 0.44318879543199186, 0.7475814106438576, 0.28260443241036304, 1.0, 0.13512910580381476, 0.7080368140003676, 0.4999646873577672, 0.8432616617399692, 0.020751090464659505, 0.9789991934746264, 0.9127029307614551, 0.12347437497260316, 0.04435919823085166, 0.1602324566256409, 0.9681813495539745, 0.7744226772706435, 0.8018317806221092, 0.6892320328194456, 0.13928875664884266, 0.8223358010911059, 0.2155208920894045, 0.7129652777575938, 0.8232291925218536, 0.5527318804413976, 0.6604785385389688, 0.5684151021286574, 0.4927976281462546, 0.3228326082014771, 0.8069247742450277], [0.5799081840089699, 0.46558722419425835, 0.35372551678799, 0.01312555915135949, 0.4923554022357528, 0.5150603032868671, 0.39249409581950034, 0.45789330108855364, 0.21777834827892184, 0.13512910580381476, 1.0, 0.8385017370826171, 0.20577987345622528, 0.9045320561417278, 0.8210690553125719, 0.053242410263090845, 0.18812804186596443, 0.5865059895154313, 0.5773185446793186, 0.5678657449231642, 0.5915413571539528, 0.9788366408933897, 0.06327447585300916, 0.9136479966819916, 0.9960776367784896, 0.3981805605429086, 0.3745756205828139, 0.6680437416581063, 0.7025831631793744, 0.8547100690357932, 0.2429296579884429, 0.7556363429233345, 0.502764908850445, 0.36391370953026314, 0.061102585460004466], [0.3358140174166897, 0.524518810119489, 0.7057680563023312, 0.6059662226048891, 0.5268519317013418, 0.46083821043497, 0.992847129205117, 0.7138539237303158, 0.8738889965695589, 0.7080368140003676, 0.8385017370826171, 1.0, 0.3729178807732638, 0.6072715928730988, 0.41284484860790527, 0.9826033287177629, 0.024984362316860298, 0.9412647876194772, 0.42597024875240574, 0.6864316003734455, 0.4153325272216669, 0.37461724782403105, 0.40819638496165833, 0.07692022256158082, 0.630046751499614, 0.9541994038182811, 0.42192867514765087, 0.2505287742500205, 0.7298214500631772, 0.14472354394818276, 0.49237148975175193, 0.3383630366756373, 0.6835089154005675, 0.07532623820400319, 0.01710124226146914], [0.20046098490401154, 0.9121333263813806, 0.9021585192027685, 0.7255463942308807, 0.9440809766989529, 0.6301506077801391, 0.19806061196897673, 0.8556319329632563, 0.3314071442280192, 0.4999646873577672, 0.20577987345622528, 0.3729178807732638, 1.0, 0.3699588637264625, 0.06445347738215002, 0.5992409112138614, 0.8215966082816342, 0.7697003684398592, 0.4582092435288261, 0.024461006853930156, 0.8468404747940982, 0.9332825920834008, 0.2721305349469031, 0.5910691238721938, 0.6603117974182533, 0.6378761900064657, 0.15892978089841325, 0.8443652099603965, 0.21197298251139574, 0.4389681886591984, 0.05553751935722895, 0.760864197791565, 0.5266797956480763, 0.41760157059705416, 0.28656341145172204], [0.3259667532901518, 0.6953144083662047, 0.024280708623722558, 0.3364558443411392, 0.3017718921328548, 0.1571180585622589, 0.45190898763571874, 0.3659504887005961, 0.26883955757549416, 0.8432616617399692, 0.9045320561417278, 0.6072715928730988, 0.3699588637264625, 1.0, 0.06528416391310399, 0.048697247981951186, 0.9181207717033587, 0.5805360384680506, 0.838678993597309, 0.7516940830197323, 0.11351387446172934, 0.11112071163175152, 0.23905899708007639, 0.8772483382541959, 0.8892470075959303, 0.30773251282504877, 0.9066991689247418, 0.4952312502788737, 0.6485231384257617, 0.49582672620074586, 0.17120525234077566, 0.2251762374980787, 0.666669287445576, 0.6764648893101318, 0.6664430312932877], [0.006872872629281046, 0.5444908228357975, 0.12219003191244915, 0.9021689296557053, 0.29283265464404895, 0.4968463301835543, 0.2932349042626221, 0.602137478507016, 0.40777109108941856, 0.020751090464659505, 0.8210690553125719, 0.41284484860790527, 0.06445347738215002, 0.06528416391310399, 1.0, 0.45936501010626263, 0.38850232259191897, 0.5765361302394887, 0.462359286461682, 0.6929465287099386, 0.12294859295251848, 0.36142400843285316, 0.2013818864004786, 0.7230024682218696, 0.5973089023938795, 0.6687572310102429, 0.028462728787499003, 0.872473097985604, 0.17851633986354198, 0.6372271313923314, 0.08553855830957446, 0.12542133778237885, 0.33818457161256843, 0.22954908896075676, 0.15831778379005623], [0.22600028901385394, 0.9845220571921871, 0.4109971113966685, 0.16637436621469348, 0.928702671898858, 0.832649439919814, 0.7629927319995911, 0.40000500764994185, 0.45288760224544156, 0.9789991934746264, 0.053242410263090845, 0.9826033287177629, 0.5992409112138614, 0.048697247981951186, 0.45936501010626263, 1.0, 0.04752105930785089, 0.9404898034408796, 0.4625141973249475, 0.37541695821386767, 0.4569828542899478, 0.27279360391177776, 0.3291453224015961, 0.599048011445653, 0.6575689214505265, 0.0520211382914324, 0.5843134482033637, 0.755859882441396, 0.33629326934546333, 0.6490740186051757, 0.48075164775759294, 0.19428672030476213, 0.8725648219132233, 0.06303978675380228, 0.191438267417962], [0.7885597877838607, 0.0925181310795129, 0.5850435188091212, 0.8189223296448106, 0.7192348996732055, 0.23654008087880896, 0.9721534322438796, 0.45731168067043937, 0.8410333697096936, 0.9127029307614551, 0.18812804186596443, 0.024984362316860298, 0.8215966082816342, 0.9181207717033587, 0.38850232259191897, 0.04752105930785089, 1.0, 0.7375841572360733, 0.3947198375908546, 0.5897049924937712, 0.1038719526699724, 0.7048079495279468, 0.69702336362171, 0.050049879589218915, 0.5171913973969073, 0.5941663564545066, 0.45415308169436974, 0.0109342885887167, 0.5361443351507913, 0.6381196111618901, 0.2673006216060271, 0.03190455238157741, 0.4578577544797018, 0.18146922314733438, 6.944095483396584e-05], [0.13643444061347254, 0.08210789106471827, 0.2822314208297829, 0.6610308058331843, 0.6211874037292968, 0.7321684871364657, 0.5172442011185802, 0.197718981002177, 0.7121719375964387, 0.12347437497260316, 0.5865059895154313, 0.9412647876194772, 0.7697003684398592, 0.5805360384680506, 0.5765361302394887, 0.9404898034408796, 0.7375841572360733, 1.0, 0.7844375428372095, 0.6221907451994984, 0.13309809016230556, 0.25874906442390055, 0.06535806502692221, 0.7217606163293134, 0.47430939527406635, 0.39048505475835216, 0.4576575425143765, 0.6136393784994868, 0.33487708863232035, 0.32748180420154716, 0.7869229630026459, 0.49347737678709747, 0.887876474111785, 0.781278628405927, 0.30163177568554156], [0.20410795531177817, 0.8238101573251612, 0.9458484447904504, 0.3339296994162061, 0.8869623870434411, 0.3673414078543602, 0.24858329125872414, 0.6761498995642123, 0.4845384225838102, 0.04435919823085166, 0.5773185446793186, 0.42597024875240574, 0.4582092435288261, 0.838678993597309, 0.462359286461682, 0.4625141973249475, 0.3947198375908546, 0.7844375428372095, 1.0, 0.24962009781516215, 0.654865779086437, 0.529083734934076, 0.013405508469709893, 0.1737673006678523, 0.8221480444728101, 0.7168620407735758, 0.118719600411762, 0.11595733753410153, 0.19206248433352702, 0.3149300229036076, 0.25112324392801133, 0.7371938272410968, 0.3434874650931554, 0.08578976154552354, 0.9462169375990322], [0.3744928194046685, 0.7413252100612884, 0.7501310741016344, 0.7832669715444368, 0.24000503938703888, 0.8939926688391827, 0.9364085310939714, 0.6773861429539851, 0.0754127793709023, 0.1602324566256409, 0.5678657449231642, 0.6864316003734455, 0.024461006853930156, 0.7516940830197323, 0.6929465287099386, 0.37541695821386767, 0.5897049924937712, 0.6221907451994984, 0.24962009781516215, 1.0, 0.3741972052805551, 0.823718907796433, 0.6489126865277993, 0.5573919096323539, 0.434571769211036, 0.5034579697105137, 0.007667765467084919, 0.9949830388080335, 0.5435434225765398, 0.2298772977144692, 0.769139104087034, 0.9373689394891004, 0.9291490240383707, 0.2730309297383038, 0.7184375826618814], [0.5941199107300094, 0.6008676474914634, 0.8058678847036451, 0.8914824698953804, 0.2680685569681418, 0.676999502285153, 0.917396413017105, 0.11043380313979945, 0.9957575450514473, 0.9681813495539745, 0.5915413571539528, 0.4153325272216669, 0.8468404747940982, 0.11351387446172934, 0.12294859295251848, 0.4569828542899478, 0.1038719526699724, 0.13309809016230556, 0.654865779086437, 0.3741972052805551, 1.0, 0.6134135502208595, 0.7479826901894069, 0.2370829102139348, 0.9917390335315988, 0.7444755663909847, 0.9408796537577239, 0.720823989196969, 0.4283566343284928, 0.9167062884381085, 0.30447140105998627, 0.5178782128689172, 0.30063934599022923, 0.5800129305397927, 0.8746531122821977], [0.3600088183694753, 0.5889484763624937, 0.7141842241437122, 0.6813960773257012, 0.6332607408894041, 0.08463082078738937, 0.448217274665772, 0.4290004558156305, 0.2335659180015608, 0.7744226772706435, 0.9788366408933897, 0.37461724782403105, 0.9332825920834008, 0.11112071163175152, 0.36142400843285316, 0.27279360391177776, 0.7048079495279468, 0.25874906442390055, 0.529083734934076, 0.823718907796433, 0.6134135502208595, 1.0, 0.5235878043276551, 0.7825543559261341, 0.9975290308966979, 0.22636593937499272, 0.7810521970544096, 0.3626137591489692, 0.6572780416771233, 0.1538218237680774, 0.49269449155098344, 0.5140298998450806, 0.6617001752368032, 0.22371730718338134, 0.20374929728899693], [0.2135064620708398, 0.43541950887008296, 0.5286612042611549, 0.9132210650687047, 0.366450515738994, 0.9361600516766558, 0.42044395560968695, 0.9466659469660585, 0.05442354233675606, 0.8018317806221092, 0.06327447585300916, 0.40819638496165833, 0.2721305349469031, 0.23905899708007639, 0.2013818864004786, 0.3291453224015961, 0.69702336362171, 0.06535806502692221, 0.013405508469709893, 0.6489126865277993, 0.7479826901894069, 0.5235878043276551, 1.0, 0.18506604492101664, 0.9896632393367828, 0.8257927050795975, 0.8483324628109978, 0.5882123440260526, 0.407952566850885, 0.36263540061702926, 0.482507903076293, 0.6103283637921328, 0.410507289862058, 0.36382270167148667, 0.5919778306211222], [0.3119788303790427, 0.09879534962833592, 0.505002802279421, 0.08801624828110566, 0.779977223134872, 0.2714629068045292, 0.21973951033916383, 0.8952831259848036, 0.23966953133939917, 0.6892320328194456, 0.9136479966819916, 0.07692022256158082, 0.5910691238721938, 0.8772483382541959, 0.7230024682218696, 0.599048011445653, 0.050049879589218915, 0.7217606163293134, 0.1737673006678523, 0.5573919096323539, 0.2370829102139348, 0.7825543559261341, 0.18506604492101664, 1.0, 0.18442470564307234, 0.7341606765831987, 0.5173262644388976, 0.7279193088162761, 0.9061612700546752, 0.46806572622297893, 0.5644621346878408, 0.33625500381917717, 0.9252941587696603, 0.7979076262322263, 0.673015864244979], [0.6499813526323779, 0.7994746315837182, 0.4502345152390367, 0.017336022419116248, 0.9276015024477251, 0.9945774928940497, 0.6090303213011798, 0.24334098128885961, 0.3578948807275599, 0.13928875664884266, 0.9960776367784896, 0.630046751499614, 0.6603117974182533, 0.8892470075959303, 0.5973089023938795, 0.6575689214505265, 0.5171913973969073, 0.47430939527406635, 0.8221480444728101, 0.434571769211036, 0.9917390335315988, 0.9975290308966979, 0.9896632393367828, 0.18442470564307234, 1.0, 0.9895358329482411, 0.313848776325913, 0.05095471572977239, 0.6599319020473207, 0.07584245887403074, 0.3662787701850647, 0.13442838290442038, 0.6188313816858524, 0.9084319871543395, 0.5547962048882522], [0.6941987731516431, 0.9495074788758658, 0.7816011096373698, 0.8859085396549873, 0.9934709211004893, 0.27456361793210315, 0.00024423158461273076, 0.21876957358777016, 0.45189800191588136, 0.8223358010911059, 0.3981805605429086, 0.9541994038182811, 0.6378761900064657, 0.30773251282504877, 0.6687572310102429, 0.0520211382914324, 0.5941663564545066, 0.39048505475835216, 0.7168620407735758, 0.5034579697105137, 0.7444755663909847, 0.22636593937499272, 0.8257927050795975, 0.7341606765831987, 0.9895358329482411, 1.0, 0.8176902761961974, 0.5369420738674509, 0.6391815519859047, 0.6482004458509606, 0.22213164292539578, 0.9840607370995026, 0.23414869266247162, 0.9552698192896674, 0.8937510268830202], [0.44365563486037307, 0.01335820099563323, 0.8002664403215507, 0.439577812097372, 0.28598336961851667, 0.012348734276587447, 0.108247066103064, 0.11589253748553208, 0.9940243841566581, 0.2155208920894045, 0.3745756205828139, 0.42192867514765087, 0.15892978089841325, 0.9066991689247418, 0.028462728787499003, 0.5843134482033637, 0.45415308169436974, 0.4576575425143765, 0.118719600411762, 0.007667765467084919, 0.9408796537577239, 0.7810521970544096, 0.8483324628109978, 0.5173262644388976, 0.313848776325913, 0.8176902761961974, 1.0, 0.6922557830254249, 0.3463524495866832, 0.09714326476077995, 0.8540470870562381, 0.31472842144580027, 0.567310478239978, 0.470702179117393, 0.3036338422887326], [0.6181866208515014, 0.12954819623547453, 0.9563826121177558, 0.8809614949694151, 0.3177013336612653, 0.9664826662560123, 0.6554164094661981, 0.44391099170004866, 0.1872763182378685, 0.7129652777575938, 0.6680437416581063, 0.2505287742500205, 0.8443652099603965, 0.4952312502788737, 0.872473097985604, 0.755859882441396, 0.0109342885887167, 0.6136393784994868, 0.11595733753410153, 0.9949830388080335, 0.720823989196969, 0.3626137591489692, 0.5882123440260526, 0.7279193088162761, 0.05095471572977239, 0.5369420738674509, 0.6922557830254249, 1.0, 0.18868622906254817, 0.15574087027121286, 0.09404374807669691, 0.49922932450659274, 0.9121272814514506, 0.6463674031989787, 0.8272028169130813], [0.18829787288039845, 0.7736596187027677, 0.36805860799713697, 0.7487132162778133, 0.150451586299713, 0.37155617887946724, 0.33175664965584095, 0.13539179908106957, 0.07407042909654904, 0.8232291925218536, 0.7025831631793744, 0.7298214500631772, 0.21197298251139574, 0.6485231384257617, 0.17851633986354198, 0.33629326934546333, 0.5361443351507913, 0.33487708863232035, 0.19206248433352702, 0.5435434225765398, 0.4283566343284928, 0.6572780416771233, 0.407952566850885, 0.9061612700546752, 0.6599319020473207, 0.6391815519859047, 0.3463524495866832, 0.18868622906254817, 1.0, 0.06766087425099176, 0.4139949182796945, 0.23028640954209978, 0.44155004704027256, 0.6463076863955425, 0.10635760994497823], [0.07285716404568687, 0.4519926892517867, 0.11611847324770719, 0.9304887152700005, 0.12739876774955994, 0.4246114790874438, 0.29119459509641876, 0.9518241353807754, 0.5415260435473791, 0.5527318804413976, 0.8547100690357932, 0.14472354394818276, 0.4389681886591984, 0.49582672620074586, 0.6372271313923314, 0.6490740186051757, 0.6381196111618901, 0.32748180420154716, 0.3149300229036076, 0.2298772977144692, 0.9167062884381085, 0.1538218237680774, 0.36263540061702926, 0.46806572622297893, 0.07584245887403074, 0.6482004458509606, 0.09714326476077995, 0.15574087027121286, 0.06766087425099176, 1.0, 0.32902392281606496, 0.47933048100460574, 0.66012518706454, 0.06919007609458916, 6.050209077845814e-05], [0.6693010814325463, 0.37507580301142507, 0.497937630377267, 0.9678769866544314, 0.3008629107399885, 0.24310324880582268, 0.4811734057986129, 0.37324654996402495, 0.7220503899630372, 0.6604785385389688, 0.2429296579884429, 0.49237148975175193, 0.05553751935722895, 0.17120525234077566, 0.08553855830957446, 0.48075164775759294, 0.2673006216060271, 0.7869229630026459, 0.25112324392801133, 0.769139104087034, 0.30447140105998627, 0.49269449155098344, 0.482507903076293, 0.5644621346878408, 0.3662787701850647, 0.22213164292539578, 0.8540470870562381, 0.09404374807669691, 0.4139949182796945, 0.32902392281606496, 1.0, 0.7461966874402688, 0.8250298062356115, 0.3444950179339231, 0.15160178318558337], [0.3473289981519124, 0.05584734167604988, 0.6473356103385995, 0.4885440061649323, 0.669502776296428, 0.22131676538388168, 0.10295146127710886, 0.1544034452283306, 0.50663040062623, 0.5684151021286574, 0.7556363429233345, 0.3383630366756373, 0.760864197791565, 0.2251762374980787, 0.12542133778237885, 0.19428672030476213, 0.03190455238157741, 0.49347737678709747, 0.7371938272410968, 0.9373689394891004, 0.5178782128689172, 0.5140298998450806, 0.6103283637921328, 0.33625500381917717, 0.13442838290442038, 0.9840607370995026, 0.31472842144580027, 0.49922932450659274, 0.23028640954209978, 0.47933048100460574, 0.7461966874402688, 1.0, 0.8312821603028594, 0.41767746369548975, 0.5703654722724057], [0.25288421681717277, 0.21138165566631262, 0.11191973516620368, 0.9989676358630518, 0.21271688863180716, 0.7030434646474298, 0.6811087121331248, 0.8886121129607794, 0.1843489380167973, 0.4927976281462546, 0.502764908850445, 0.6835089154005675, 0.5266797956480763, 0.666669287445576, 0.33818457161256843, 0.8725648219132233, 0.4578577544797018, 0.887876474111785, 0.3434874650931554, 0.9291490240383707, 0.30063934599022923, 0.6617001752368032, 0.410507289862058, 0.9252941587696603, 0.6188313816858524, 0.23414869266247162, 0.567310478239978, 0.9121272814514506, 0.44155004704027256, 0.66012518706454, 0.8250298062356115, 0.8312821603028594, 1.0, 0.572804900165899, 0.13067907170983584], [0.9458271536240775, 0.2116880883097607, 0.559736608115678, 0.9368583281054808, 0.9323875546330005, 0.0665776767706796, 0.25487697035408485, 0.17031582495645026, 0.5947717098817812, 0.3228326082014771, 0.36391370953026314, 0.07532623820400319, 0.41760157059705416, 0.6764648893101318, 0.22954908896075676, 0.06303978675380228, 0.18146922314733438, 0.781278628405927, 0.08578976154552354, 0.2730309297383038, 0.5800129305397927, 0.22371730718338134, 0.36382270167148667, 0.7979076262322263, 0.9084319871543395, 0.9552698192896674, 0.470702179117393, 0.6463674031989787, 0.6463076863955425, 0.06919007609458916, 0.3444950179339231, 0.41767746369548975, 0.572804900165899, 1.0, 0.8300892382035809], [0.7737042531729246, 0.6458682687383824, 0.2963330472017931, 0.5057229567171084, 0.770623251879879, 0.7415088533235501, 0.5832060671103803, 0.8984106249601501, 0.18669915905336554, 0.8069247742450277, 0.061102585460004466, 0.01710124226146914, 0.28656341145172204, 0.6664430312932877, 0.15831778379005623, 0.191438267417962, 6.944095483396584e-05, 0.30163177568554156, 0.9462169375990322, 0.7184375826618814, 0.8746531122821977, 0.20374929728899693, 0.5919778306211222, 0.673015864244979, 0.5547962048882522, 0.8937510268830202, 0.3036338422887326, 0.8272028169130813, 0.10635760994497823, 6.050209077845814e-05, 0.15160178318558337, 0.5703654722724057, 0.13067907170983584, 0.8300892382035809, 1.0]]