[[1.0,0.0011040287404500797,2.956049627963882E-4,2.2213056672617027E-4,2.8264847624329646E-4,0.0015884403495782904,2.353959559760884E-4,0.06582676936913279,0.0014844978801716855,3.033140752481036E-4,8.490757513596684E-4,3.4587867936346044E-4,2.3529626602299524E-4,8.361592264470934E-4,3.5638875109004077E-4,0.024422215174446253,1.8386371963508154E-4,1.803156962486155E-4,2.8806709212155185E-4,6.948704672776839E-5,5.0833501161750736E-5,7.554108420082118E-4,0.0038934810124647487,0.001507567858453315,0.011663311231027635,2.677257125532122E-4,0.0011426900549325173,0.001103107619021196,5.694902061909858E-4,1.8683676077737755E-4,2.211236920243001E-4,1.784816995023854E-4,0.0014833926856113167,1.9386255531222797E-4,3.4313766037178935E-4,3.641537292011068E-4,0.021622985732564836,2.3170167583021672E-4,0.0018171131404197932,1.298279717780489E-4,3.979458864568853E-4,2.849986776885235E-4,3.3515670589410356E-4],[0.0011040287404500797,1.0,5.528553057926685E-4,3.755572271177173E-4,0.0015885049585177037,0.002224274556750764,4.885506403812721E-4,0.0352247652671614,0.02113076165725845,0.002137121810342509,0.0016184696650093898,0.0012589733457074514,0.0013922779786880387,0.0015448489587634852,0.0015684948750485422,0.01502694051411386,9.857229345249616E-4,0.0011048061545601813,7.369146161148074E-4,0.0014842726858952239,0.0013751317833893583,0.0015751866796761252,0.0016507052185130195,0.001593858426408176,0.004158530227313727,6.513944520044668E-4,0.0016713406914424158,0.0016801611016797715,0.0014815971353671737,3.440326507736573E-4,8.401692689609852E-4,0.0016041592562879546,0.0036815816817625134,9.933678130558136E-4,7.192535435030474E-4,6.739475825162252E-4,0.00937713275241173,0.0014935427085653442,0.0020543247804031568,0.0013968002452375838,9.473515358531913E-4,0.0013475421469738558,0.0015850290040458816],[2.956049627963882E-4,5.528553057926685E-4,1.0,4.6877084067911844E-5,3.0784727697916387E-4,0.002402637848138025,2.9034607394755443E-4,0.04493503070728468,0.004566438378741914,0.0017843479792177027,9.721865074874137E-4,3.4765492562017147E-4,2.780749656473874E-4,7.666779602098627E-4,4.036851555811845E-4,0.016285622734913206,2.349128242689228E-4,1.990300454254104E-4,3.18695773019672E-4,5.7189502763923895E-5,7.146930474796332E-5,6.443197602853388E-4,0.002636751091894137,5.637449934614074E-4,0.0035386870434316216,7.971340876315417E-5,5.083218343455803E-4,0.0013924271086361928,4.410262519141302E-4,2.509745067900542E-4,2.1167657303384715E-4,3.039976224390849E-4,0.00404162427461805,2.502170864384154E-4,5.23252247423344E-4,3.9024664157638064E-4,0.018363411166898734,3.2705528663564857E-4,0.0028066161168331227,1.0549165892610548E-4,4.031720058768963E-4,3.3589684062937294E-4,3.477306469839651E-4],[2.2213056672617027E-4,3.755572271177173E-4,4.6877084067911844E-5,1.0,2.349765498351421E-4,6.52211959218284E-5,2.9515154842130313E-5,0.05119021740548739,0.010425457821480993,1.8525726070200778E-4,0.0010334098343232575,1.4877439354212083E-4,1.440524728716658E-5,6.284046857805009E-4,2.2749921243667563E-4,0.017336046342547727,1.4566667374926929E-5,2.7772474570802528E-5,5.292425526550099E-5,1.2144431457267425E-5,1.413109603918679E-5,3.480648216852233E-4,0.0030573219074465354,9.208641554518049E-4,0.006221454077466037,1.133572314614519E-5,0.0019327392547436185,0.0014148819870351713,8.291580472406548E-4,1.1060312902160554E-4,1.1049345827386983E-4,9.710910897247561E-5,0.003535443822671005,1.2208257529234748E-5,3.9423597719853986E-4,4.478916375096732E-4,0.00730503414525616,1.2348816551222059E-5,0.0020098765484920763,1.190684070769199E-5,1.2562708914752116E-4,9.32225488045492E-5,2.2991004647668944E-4],[2.8264847624329646E-4,0.0015885049585177037,3.0784727697916387E-4,2.349765498351421E-4,1.0,3.877708942890776E-4,2.850474794091384E-4,0.08536995605408051,0.005232546707759268,0.0016939057641464632,9.921364270425667E-4,2.897714722129158E-4,1.4565948017571898E-4,3.120343423275378E-4,2.9614498632527815E-4,0.009102099216641592,1.0793751937011286E-4,1.8206653400592367E-4,2.9304686350110947E-4,2.5732073922221606E-4,2.0666737132774018E-5,5.459650145683719E-4,0.005508676972774573,8.986777064278612E-4,0.016014922936131874,9.07716839216666E-5,0.0016325837278966151,0.0010878734918948671,4.522274546225881E-4,1.9280181314131295E-4,1.379512252807544E-4,1.642693916412904E-4,0.003350296954543988,9.516031427965066E-5,5.128028356201617E-4,4.1833137486654913E-4,0.002103381439810194,2.748140721893521E-4,6.659376937122466E-4,5.641794882049248E-5,3.349499742342543E-4,2.8877901670550636E-4,3.3584242649543086E-4],[0.0015884403495782904,0.002224274556750764,0.002402637848138025,6.52211959218284E-5,3.877708942890776E-4,1.0,0.0021904547440841004,0.022717041122666645,0.02112293802276218,0.0025592764372537823,0.0019147824275948116,0.0018842840422923146,0.0013408117005223562,0.0018221578720974602,0.0010483169006551764,0.012523277573879107,0.001716173424482239,5.962524517714914E-4,3.461819512544578E-4,9.026277712872064E-4,0.0011474077345940451,0.0014934669043762101,0.0035713677332255634,0.002382062869459592,0.008202850890676341,0.0016794317230391276,0.002394139614860679,0.002343495279535427,0.0016025617525889722,0.0015379083873846462,0.0014920027567225077,0.0021029684494202824,0.003603915019445635,9.29458404884257E-4,0.0020496962643037813,0.001801862662035887,0.011861071909974662,0.0012992832831460982,0.002467264720607686,1.4901093477624278E-4,0.0021118785813428673,0.0013328808867904426,0.0013186528715435316],[2.353959559760884E-4,4.885506403812721E-4,2.9034607394755443E-4,2.9515154842130313E-5,2.850474794091384E-4,0.0021904547440841004,1.0,0.03949443098496408,0.004111602082839247,0.0024598701482627244,1.4312101461630137E-4,2.2766591949227217E-4,3.986434521801189E-5,6.911065227712828E-4,1.8066949075724428E-4,0.02465956033393146,2.635346922470039E-5,5.90151958215984E-5,1.0513839004608775E-4,2.1311165399783476E-5,1.3893274266765587E-5,9.828621001050116E-5,0.0021833813016052324,3.5965873141044643E-4,0.011260444290777771,3.787841011986636E-5,0.0020196964732183747,3.8392355838555355E-4,6.528172042595713E-4,7.006222244959577E-5,4.7010761571697204E-5,9.895282507493974E-5,0.0025484079251045224,3.1265740821748164E-5,4.7491300273911534E-4,2.2045820768695074E-4,0.0029923049746672535,3.62086639733566E-5,5.15350250630753E-4,2.6749760186711167E-5,3.684222551994923E-4,4.429999284857372E-5,3.279683343075211E-4],[0.06582676936913279,0.0352247652671614,0.04493503070728468,0.05119021740548739,0.08536995605408051,0.022717041122666645,0.03949443098496408,1.0,0.02366300366810656,0.034814307527412026,0.030245356082652716,0.05858257308964602,0.060638668436895776,0.01756683718727362,0.05336261585355238,0.04284893076567141,0.015191617026281024,0.02785356898993925,0.06446754512867832,0.07152813266276956,0.007503049233061417,0.02458123174052745,0.08090086570215987,0.041376502818410224,0.08278551955618885,0.02346047508765139,0.08353778572793441,0.028451468583000336,0.024881784238333014,0.0585771682696356,0.06283334955515739,0.061859459983537646,0.07425745027608506,0.03770873028406375,0.02110358975641224,0.051594364247185276,0.046321381700703546,0.018727420442568754,0.01684116914684084,0.042489804230757,0.07393944990241208,0.007108333297381011,0.03878379431782771],[0.0014844978801716855,0.02113076165725845,0.004566438378741914,0.010425457821480993,0.005232546707759268,0.02112293802276218,0.004111602082839247,0.02366300366810656,1.0,0.011750684459227076,0.01663483591645512,8.99556004551102E-4,0.020128777225478834,0.021191659560194795,0.009662398919451743,0.024412375785296245,0.005999897385937566,0.004798377108333656,0.021067236802678135,0.019705700044712487,0.01739725324053753,0.017756463036056446,0.008699119968115584,0.014067291759272437,0.022197487509315564,0.00810593357584915,0.004755136109888812,0.007060742643148284,0.0025289969373283594,0.019059204947604453,0.008445310254997349,0.008430086997236325,0.01724665206118462,0.019115441430223767,0.011645718046285764,0.0179501956960451,0.023122974271221574,0.0017573401811489917,0.016967000219936912,0.0065544624689420255,0.007160538284786969,0.01433195650425787,0.004845738554837323],[3.033140752481036E-4,0.002137121810342509,0.0017843479792177027,1.8525726070200778E-4,0.0016939057641464632,0.0025592764372537823,0.0024598701482627244,0.034814307527412026,0.011750684459227076,1.0,0.0018792523872538506,3.9321094220366634E-4,0.0021133363900605858,0.0012545799385707272,0.001335522927707393,0.018504578292914492,0.0012380750550857345,0.0015295860862797567,0.00278352623409155,0.0024787844309802198,3.67133230079267E-4,0.0016899389024876274,0.005007459304645814,0.0018048445945804056,0.012134892723656036,0.0025720096197212106,0.0026934509274011012,0.0025321229111243747,0.002048784997053541,0.002001265216186311,0.002308371597177369,0.002549702179686391,0.0037840799424180547,0.0012111540878940463,0.0017643901995567873,0.002721778392646757,0.00326886479206362,0.002680059787373106,0.0030478325697153403,4.895779971175291E-4,7.550999993553384E-4,4.991552065760996E-4,0.0018084272059987628],[8.490757513596684E-4,0.0016184696650093898,9.721865074874137E-4,0.0010334098343232575,9.921364270425667E-4,0.0019147824275948116,1.4312101461630137E-4,0.030245356082652716,0.01663483591645512,0.0018792523872538506,1.0,0.0011707429244013578,7.620584716522484E-4,0.0011226421776344248,0.0010034045435845578,0.01003313623994587,4.076152661273118E-4,6.343879977429149E-4,6.176779019113564E-4,1.467863862200865E-4,0.0012832240572847018,0.0014804294668664098,0.002368159243359336,0.0015394146342753664,0.00951577912224864,2.4397566509929422E-4,0.0018538246608778182,0.0022036478618817634,0.001363381203792367,0.0011166876283461172,0.001330851275244656,7.203507824431194E-4,0.001933141440946287,9.209642313408934E-4,0.0012931992801955027,9.561625861459519E-4,0.015191230528345761,1.7841860334233503E-4,0.002746411299774384,0.0010816889486260487,5.875540073240096E-4,0.0012011867307937974,5.081753955899413E-4],[3.4587867936346044E-4,0.0012589733457074514,3.4765492562017147E-4,1.4877439354212083E-4,2.897714722129158E-4,0.0018842840422923146,2.2766591949227217E-4,0.05858257308964602,8.99556004551102E-4,3.9321094220366634E-4,0.0011707429244013578,1.0,2.3316446825631277E-4,7.338585594146563E-4,3.7051685220819365E-4,0.025524262049195105,2.8577506606196714E-4,2.449686611515289E-4,3.400341243452441E-4,7.299791913050924E-5,2.9753706418113267E-5,0.0012585674967337311,0.0019384289761372653,0.0013244436055301462,5.774916808417122E-4,1.6587837582989571E-4,0.00112244706805092,6.928339339054594E-4,6.482930741880111E-4,3.4383628940524904E-4,2.278384354213293E-4,1.3893717710385404E-4,0.00186342276442028,1.983560828748494E-5,5.941390658096117E-4,3.838053030956725E-4,0.01611724314224541,8.218307923906062E-5,0.002781094546342922,8.213240797240508E-5,3.8712921283587664E-4,3.274902068184993E-4,3.523895873542773E-4],[2.3529626602299524E-4,0.0013922779786880387,2.780749656473874E-4,1.440524728716658E-5,1.4565948017571898E-4,0.0013408117005223562,3.986434521801189E-5,0.060638668436895776,0.020128777225478834,0.0021133363900605858,7.620584716522484E-4,2.3316446825631277E-4,1.0,0.0010725300567657392,4.1273778505246687E-4,0.02230070927372933,1.6240596520047117E-5,1.475942743970058E-4,6.367058362507097E-5,1.1740750707527249E-5,1.296166963057041E-5,3.731309424237154E-5,0.005264977818118675,1.481103984456699E-4,0.01304804339400658,1.1528238783309591E-5,1.804002435968869E-4,6.885353977252378E-4,5.7030702266880615E-5,1.291006961976809E-4,6.307059660877096E-5,3.750177158900184E-5,0.003618966218654919,1.2534944047765738E-5,3.9208390332236844E-5,1.57673057919738E-4,0.023818479267134034,1.288179074413963E-5,8.39737987643541E-4,1.2560565914593456E-5,1.8954682970240974E-4,2.572635301323209E-4,8.400860914974467E-5],[8.361592264470934E-4,0.0015448489587634852,7.666779602098627E-4,6.284046857805009E-4,3.120343423275378E-4,0.0018221578720974602,6.911065227712828E-4,0.01756683718727362,0.021191659560194795,0.0012545799385707272,0.0011226421776344248,7.338585594146563E-4,0.0010725300567657392,1.0,0.0010352320144740132,0.01085866715368178,0.0010586623688012679,2.6416905796793327E-4,3.9368851709365045E-4,2.3093550998608075E-4,0.0010393676137214524,0.001322746662626642,0.0026544515414920733,0.0014579688091326767,0.019112022163139675,2.506442817157292E-5,0.0011925690330176406,0.0011878898312003572,9.225024763566656E-4,8.308776422571129E-4,7.587806587384059E-4,6.68246489993707E-4,0.002423471585448003,5.370055884132624E-4,7.234960877585959E-4,7.662509503558563E-4,0.016487256795284885,5.311464396802279E-4,0.0022552634325849127,3.444503579882944E-4,8.426042021599002E-4,3.783021676041653E-4,8.171030699261491E-4],[3.5638875109004077E-4,0.0015684948750485422,4.036851555811845E-4,2.2749921243667563E-4,2.9614498632527815E-4,0.0010483169006551764,1.8066949075724428E-4,0.05336261585355238,0.009662398919451743,0.001335522927707393,0.0010034045435845578,3.7051685220819365E-4,4.1273778505246687E-4,0.0010352320144740132,1.0,0.004872872826911923,1.7791952663965754E-4,3.397580436854522E-4,3.6586741549791166E-4,2.500809020876866E-4,1.219040916687217E-4,0.0013222122726068747,0.0035940335299091773,9.432250968060985E-4,0.008332187912510504,2.990951040375492E-4,0.0014810251467767244,0.002312947284422488,7.605661080109657E-4,1.76296885071277E-4,3.9061634527326505E-4,2.2434645198542695E-4,0.0039980879264135466,9.619336532335598E-5,4.888136140403018E-4,4.232944394327207E-4,0.010675205296613529,3.606873706626399E-4,0.0026102671696775427,2.780484852026526E-4,4.447056427766368E-4,3.310341959962695E-4,3.917697853720185E-4],[0.024422215174446253,0.01502694051411386,0.016285622734913206,0.017336046342547727,0.009102099216641592,0.012523277573879107,0.02465956033393146,0.04284893076567141,0.024412375785296245,0.018504578292914492,0.01003313623994587,0.025524262049195105,0.02230070927372933,0.01085866715368178,0.004872872826911923,1.0,0.012320685883936049,0.010621285626535748,0.011474990139070995,0.020081916560791325,0.004760650675373066,0.005632392609906262,0.016354123429887377,0.024969003792384203,0.02651597990565989,0.003128660184576109,0.01565642341255717,0.021441377420607352,0.015054173875171656,0.025035424776109497,0.026155931713697664,0.009801575383107351,0.011656039809471842,0.01633564719858277,0.01873692740029005,0.017683217543714352,0.029888234480661142,0.013722131621653465,0.01471390171534357,0.01914376726464843,0.015686532967631867,0.002580691556567696,0.015544555638461004],[1.8386371963508154E-4,9.857229345249616E-4,2.349128242689228E-4,1.4566667374926929E-5,1.0793751937011286E-4,0.001716173424482239,2.635346922470039E-5,0.015191617026281024,0.005999897385937566,0.0012380750550857345,4.076152661273118E-4,2.8577506606196714E-4,1.6240596520047117E-5,0.0010586623688012679,1.7791952663965754E-4,0.012320685883936049,1.0,5.982670478718614E-5,1.7030595385728847E-4,1.95381729124614E-5,1.795185378102181E-5,9.091194694241717E-4,0.003873796727382012,7.505784379615774E-4,0.01644748129848654,1.465589908403211E-5,7.247299503987616E-4,0.0010245160912878597,1.1095657992266581E-4,9.211026685203905E-5,7.726664593834628E-5,7.545273696802009E-5,0.0026923782369490585,2.020943953868742E-5,1.6684911470049186E-4,4.642652817841555E-4,0.01845410028533883,1.9738887290974624E-5,0.0018697834796811588,1.7034376436298274E-5,1.8638249989951357E-4,6.294158256971796E-5,1.243299795907854E-4],[1.803156962486155E-4,0.0011048061545601813,1.990300454254104E-4,2.7772474570802528E-5,1.8206653400592367E-4,5.962524517714914E-4,5.90151958215984E-5,0.02785356898993925,0.004798377108333656,0.0015295860862797567,6.343879977429149E-4,2.449686611515289E-4,1.475942743970058E-4,2.6416905796793327E-4,3.397580436854522E-4,0.010621285626535748,5.982670478718614E-5,1.0,1.83738014640976E-4,1.6175153567334538E-4,1.2783289608211184E-4,0.0012023847839174758,0.0026229794565502023,6.469663207255899E-4,0.009609801946260368,4.45727663005529E-5,3.3151482880027487E-4,7.376090754259098E-4,5.849738602975936E-4,1.6164559048409662E-4,1.6735753787607802E-4,1.6158607584415455E-4,0.002932709830060388,2.2956455824051242E-5,6.14148228560362E-4,3.9970159681450594E-4,0.012409431813910984,1.3953674702489115E-5,0.0029019732064566204,1.3046396783993806E-4,2.771594654814541E-4,1.9208041516569996E-4,2.970770238648804E-4],[2.8806709212155185E-4,7.369146161148074E-4,3.18695773019672E-4,5.292425526550099E-5,2.9304686350110947E-4,3.461819512544578E-4,1.0513839004608775E-4,0.06446754512867832,0.021067236802678135,0.00278352623409155,6.176779019113564E-4,3.400341243452441E-4,6.367058362507097E-5,3.9368851709365045E-4,3.6586741549791166E-4,0.011474990139070995,1.7030595385728847E-4,1.83738014640976E-4,1.0,2.734140626584621E-4,1.3247913216776484E-4,3.4614547462508334E-4,0.004974034049021027,6.737806214163038E-4,0.00814487577385308,2.808672992158936E-4,7.337786604474047E-4,0.0010436997646805324,6.12466559615009E-4,2.773770275366767E-4,2.3908243083282018E-4,2.532733319099932E-4,0.0017958571249270588,1.93020363290628E-4,5.128649831574605E-4,4.547546130749156E-4,0.014512577244137091,2.107222102059801E-5,0.0026227451465011984,2.6263914705900507E-5,4.242657556922185E-4,2.9127487172631516E-4,3.2705539163351504E-4],[6.948704672776839E-5,0.0014842726858952239,5.7189502763923895E-5,1.2144431457267425E-5,2.5732073922221606E-4,9.026277712872064E-4,2.1311165399783476E-5,0.07152813266276956,0.019705700044712487,0.0024787844309802198,1.467863862200865E-4,7.299791913050924E-5,1.1740750707527249E-5,2.3093550998608075E-4,2.500809020876866E-4,0.020081916560791325,1.95381729124614E-5,1.6175153567334538E-4,2.734140626584621E-4,1.0,1.1769612957403456E-5,9.388255176979387E-4,0.004890960374407086,8.530257009710912E-5,0.005937304389259762,1.1223870423540615E-5,1.2550240687831185E-4,0.0019878806556186592,3.42892785561994E-4,9.886995622257075E-5,4.8012848866366623E-5,3.499974012210258E-5,0.0029324350681743483,1.1568782510861624E-5,1.4010562477329656E-4,4.4173708134068277E-4,0.0025497443819810146,1.1486152662685043E-5,0.0029944242313073998,1.094481435272963E-5,1.1032899442896747E-4,1.1557200887671638E-4,2.7622858080482714E-4],[5.0833501161750736E-5,0.0013751317833893583,7.146930474796332E-5,1.413109603918679E-5,2.0666737132774018E-5,0.0011474077345940451,1.3893274266765587E-5,0.007503049233061417,0.01739725324053753,3.67133230079267E-4,0.0012832240572847018,2.9753706418113267E-5,1.296166963057041E-5,0.0010393676137214524,1.219040916687217E-4,0.004760650675373066,1.795185378102181E-5,1.2783289608211184E-4,1.3247913216776484E-4,1.1769612957403456E-5,1.0,1.557621866562317E-4,9.477269845456696E-4,0.0010492851309633594,0.0145438350637075,1.1988523578273315E-5,2.641280900982662E-4,1.814911671791013E-4,6.510380835165758E-4,6.707287739119157E-5,4.047554964769391E-5,8.997090056276503E-5,0.001772010172952974,1.294516156216826E-5,5.740777113705126E-4,4.6726386407511033E-4,0.006366678728557216,1.219734943412626E-5,0.0011603101751547942,1.1332927174219956E-5,2.0147542615070848E-4,7.917394633291823E-5,1.622429450380185E-4],[7.554108420082118E-4,0.0015751866796761252,6.443197602853388E-4,3.480648216852233E-4,5.459650145683719E-4,0.0014934669043762101,9.828621001050116E-5,0.02458123174052745,0.017756463036056446,0.0016899389024876274,0.0014804294668664098,0.0012585674967337311,3.731309424237154E-5,0.001322746662626642,0.0013222122726068747,0.005632392609906262,9.091194694241717E-4,0.0012023847839174758,3.4614547462508334E-4,9.388255176979387E-4,1.557621866562317E-4,1.0,0.004096571785975332,0.0015252109462154963,0.019250418411240516,1.649830914324658E-4,0.0019274614519340643,0.0017917255714735782,0.0013824133727595145,4.616269461018847E-4,8.895800809393382E-4,0.0010176746233972024,0.00347399095889085,6.876668490777726E-4,0.0014409324714140296,6.672210212461321E-4,0.015910080413956966,7.037374342468952E-4,0.003005010550815243,5.6809672959830484E-5,0.0011579420750596563,0.001226713835810838,0.0011684266505933428],[0.0038934810124647487,0.0016507052185130195,0.002636751091894137,0.0030573219074465354,0.005508676972774573,0.0035713677332255634,0.0021833813016052324,0.08090086570215987,0.008699119968115584,0.005007459304645814,0.002368159243359336,0.0019384289761372653,0.005264977818118675,0.0026544515414920733,0.0035940335299091773,0.016354123429887377,0.003873796727382012,0.0026229794565502023,0.004974034049021027,0.004890960374407086,9.477269845456696E-4,0.004096571785975332,1.0,0.003946837000253265,0.02018219136976093,0.0014620686587572729,0.004776128038836508,0.0026337177103003847,0.0045040976707762005,0.002356622736739651,0.0028742766344263242,0.00453094271099675,0.004824205879073339,0.0035265015506349686,0.002599701334422831,0.0011068377265732634,0.024252137334922423,4.5357380783709645E-4,0.003813792200340272,0.0018405079693769673,0.003918099206989791,0.002685630463734073,0.004772987628502298],[0.001507567858453315,0.001593858426408176,5.637449934614074E-4,9.208641554518049E-4,8.986777064278612E-4,0.002382062869459592,3.5965873141044643E-4,0.041376502818410224,0.014067291759272437,0.0018048445945804056,0.0015394146342753664,0.0013244436055301462,1.481103984456699E-4,0.0014579688091326767,9.432250968060985E-4,0.024969003792384203,7.505784379615774E-4,6.469663207255899E-4,6.737806214163038E-4,8.530257009710912E-5,0.0010492851309633594,0.0015252109462154963,0.003946837000253265,1.0,0.007704849141043298,0.001055226114786725,0.0015717160627585305,0.0018870125309350828,0.0015180942493434942,0.0015439305190289103,0.0011430667721216222,0.0012061313808557036,0.0028512684162304443,6.140471225826571E-4,6.464823681335897E-4,6.286392059302202E-4,0.023419750021601845,0.0011066641120180928,0.002110626706256714,6.272638507951296E-4,0.001062207061469527,9.1218250077309E-4,0.0011125002375493081],[0.011663311231027635,0.004158530227313727,0.0035386870434316216,0.006221454077466037,0.016014922936131874,0.008202850890676341,0.011260444290777771,0.08278551955618885,0.022197487509315564,0.012134892723656036,0.00951577912224864,5.774916808417122E-4,0.01304804339400658,0.019112022163139675,0.008332187912510504,0.02651597990565989,0.01644748129848654,0.009609801946260368,0.00814487577385308,0.005937304389259762,0.0145438350637075,0.019250418411240516,0.02018219136976093,0.007704849141043298,1.0,0.011514862249513166,0.007558346151238635,0.009537162402991257,0.009853906412887668,0.0010999545892691974,0.007569323174535458,0.0073464172011382285,0.018379584073683737,0.016738604403447346,0.012403270629052488,0.009226743369573463,0.021384248426069476,0.019479871995144008,0.007608939313525948,0.012031145905605226,0.01204890124917813,0.012209548083971013,0.013692373123520408],[2.677257125532122E-4,6.513944520044668E-4,7.971340876315417E-5,1.133572314614519E-5,9.07716839216666E-5,0.0016794317230391276,3.787841011986636E-5,0.02346047508765139,0.00810593357584915,0.0025720096197212106,2.4397566509929422E-4,1.6587837582989571E-4,1.1528238783309591E-5,2.506442817157292E-5,2.990951040375492E-4,0.003128660184576109,1.465589908403211E-5,4.45727663005529E-5,2.808672992158936E-4,1.1223870423540615E-5,1.1988523578273315E-5,1.649830914324658E-4,0.0014620686587572729,0.001055226114786725,0.011514862249513166,1.0,0.0015055412488845829,1.7370796410599835E-4,8.21220611755185E-4,2.631139265760211E-5,1.2104394924527567E-4,5.443267690854249E-5,0.001449336122176375,1.131955757780879E-5,4.5211384940838626E-4,8.372018709003569E-5,0.014918242390305878,1.1284307068166061E-5,1.0575712266132986E-4,1.0921701283976903E-5,1.1407035017567992E-5,2.141068802446631E-4,2.707638624382584E-5],[0.0011426900549325173,0.0016713406914424158,5.083218343455803E-4,0.0019327392547436185,0.0016325837278966151,0.002394139614860679,0.0020196964732183747,0.08353778572793441,0.004755136109888812,0.0026934509274011012,0.0018538246608778182,0.00112244706805092,1.804002435968869E-4,0.0011925690330176406,0.0014810251467767244,0.01565642341255717,7.247299503987616E-4,3.3151482880027487E-4,7.337786604474047E-4,1.2550240687831185E-4,2.641280900982662E-4,0.0019274614519340643,0.004776128038836508,0.0015717160627585305,0.007558346151238635,0.0015055412488845829,1.0,0.002224019653479667,0.0020762290916463803,3.654963485154617E-4,0.0015236550064522854,1.3057232992200144E-4,0.0033375275281415087,0.0014810327506294032,0.002121242345448219,0.00179914215284573,0.017101747203190323,0.0013887783396270199,0.002472235222890436,0.0017168709867820394,0.0018153233528240232,0.0016720578542866985,0.001203862151539439],[0.001103107619021196,0.0016801611016797715,0.0013924271086361928,0.0014148819870351713,0.0010878734918948671,0.002343495279535427,3.8392355838555355E-4,0.028451468583000336,0.007060742643148284,0.0025321229111243747,0.0022036478618817634,6.928339339054594E-4,6.885353977252378E-4,0.0011878898312003572,0.002312947284422488,0.021441377420607352,0.0010245160912878597,7.376090754259098E-4,0.0010436997646805324,0.0019878806556186592,1.814911671791013E-4,0.0017917255714735782,0.0026337177103003847,0.0018870125309350828,0.009537162402991257,1.7370796410599835E-4,0.002224019653479667,1.0,0.0010022421538300142,7.051045170367112E-4,4.842608583626117E-4,0.0013483325418488304,0.0034001082552335,0.001238492939193833,0.0016031351746669696,0.002227542383011842,0.006927417167600534,4.611081276982438E-4,0.002654318910350407,0.002121110321031155,5.800133369845565E-4,0.0014366232694478934,0.0016491489572292091],[5.694902061909858E-4,0.0014815971353671737,4.410262519141302E-4,8.291580472406548E-4,4.522274546225881E-4,0.0016025617525889722,6.528172042595713E-4,0.024881784238333014,0.0025289969373283594,0.002048784997053541,0.001363381203792367,6.482930741880111E-4,5.7030702266880615E-5,9.225024763566656E-4,7.605661080109657E-4,0.015054173875171656,1.1095657992266581E-4,5.849738602975936E-4,6.12466559615009E-4,3.42892785561994E-4,6.510380835165758E-4,0.0013824133727595145,0.0045040976707762005,0.0015180942493434942,0.009853906412887668,8.21220611755185E-4,0.0020762290916463803,0.0010022421538300142,1.0,6.11829636396857E-4,3.717343624122906E-4,4.2915879945375007E-4,0.003488804996062686,8.090300802329515E-4,8.055209687478548E-4,4.826761980270159E-4,0.021671029070163522,3.6654367109720856E-4,0.0011073728290918758,4.6561807652610446E-4,7.01850640352625E-4,6.416904680312987E-4,6.074644951230969E-4],[1.8683676077737755E-4,3.440326507736573E-4,2.509745067900542E-4,1.1060312902160554E-4,1.9280181314131295E-4,0.0015379083873846462,7.006222244959577E-5,0.0585771682696356,0.019059204947604453,0.002001265216186311,0.0011166876283461172,3.4383628940524904E-4,1.291006961976809E-4,8.308776422571129E-4,1.76296885071277E-4,0.025035424776109497,9.211026685203905E-5,1.6164559048409662E-4,2.773770275366767E-4,9.886995622257075E-5,6.707287739119157E-5,4.616269461018847E-4,0.002356622736739651,0.0015439305190289103,0.0010999545892691974,2.631139265760211E-5,3.654963485154617E-4,7.051045170367112E-4,6.11829636396857E-4,1.0,1.3785932414502427E-4,1.248359046729756E-4,3.54781457358768E-4,9.865573689575172E-5,4.8815162780116146E-4,4.161771112484266E-4,0.02489639915379016,7.269439816368893E-5,5.051485117183754E-4,5.2908646996689394E-5,4.0832903247388374E-4,2.656661744517018E-4,3.419875543974304E-4],[2.211236920243001E-4,8.401692689609852E-4,2.1167657303384715E-4,1.1049345827386983E-4,1.379512252807544E-4,0.0014920027567225077,4.7010761571697204E-5,0.06283334955515739,0.008445310254997349,0.002308371597177369,0.001330851275244656,2.278384354213293E-4,6.307059660877096E-5,7.587806587384059E-4,3.9061634527326505E-4,0.026155931713697664,7.726664593834628E-5,1.6735753787607802E-4,2.3908243083282018E-4,4.8012848866366623E-5,4.047554964769391E-5,8.895800809393382E-4,0.0028742766344263242,0.0011430667721216222,0.007569323174535458,1.2104394924527567E-4,0.0015236550064522854,4.842608583626117E-4,3.717343624122906E-4,1.3785932414502427E-4,1.0,1.309176002452625E-4,0.0021099824859701116,2.608437604767703E-5,1.6995850535406085E-4,2.1975798403991905E-4,0.0234634046062662,6.462041336789567E-5,3.081898079110836E-4,1.6366065555422892E-5,3.5094298404129813E-4,1.493060786444261E-4,2.715902301009569E-4],[1.784816995023854E-4,0.0016041592562879546,3.039976224390849E-4,9.710910897247561E-5,1.642693916412904E-4,0.0021029684494202824,9.895282507493974E-5,0.061859459983537646,0.008430086997236325,0.002549702179686391,7.203507824431194E-4,1.3893717710385404E-4,3.750177158900184E-5,6.68246489993707E-4,2.2434645198542695E-4,0.009801575383107351,7.545273696802009E-5,1.6158607584415455E-4,2.532733319099932E-4,3.499974012210258E-5,8.997090056276503E-5,0.0010176746233972024,0.00453094271099675,0.0012061313808557036,0.0073464172011382285,5.443267690854249E-5,1.3057232992200144E-4,0.0013483325418488304,4.2915879945375007E-4,1.248359046729756E-4,1.309176002452625E-4,1.0,1.4811352068315781E-4,2.1963776279406126E-5,1.79931807461786E-4,3.486059127707483E-4,0.02040792773221188,6.380092317890824E-5,0.0019047755962016972,6.0084033768062785E-5,1.8983519671569708E-4,2.619735964674645E-4,1.6149295533924262E-4],[0.0014833926856113167,0.0036815816817625134,0.00404162427461805,0.003535443822671005,0.003350296954543988,0.003603915019445635,0.0025484079251045224,0.07425745027608506,0.01724665206118462,0.0037840799424180547,0.001933141440946287,0.00186342276442028,0.003618966218654919,0.002423471585448003,0.0039980879264135466,0.011656039809471842,0.0026923782369490585,0.002932709830060388,0.0017958571249270588,0.0029324350681743483,0.001772010172952974,0.00347399095889085,0.004824205879073339,0.0028512684162304443,0.018379584073683737,0.001449336122176375,0.0033375275281415087,0.0034001082552335,0.003488804996062686,3.54781457358768E-4,0.0021099824859701116,1.4811352068315781E-4,1.0,1.9366487311266674E-4,0.0030714299086681595,0.0019774670217631535,0.008121278846625047,0.002297500906828265,0.0032420468314289077,0.002310235726855992,0.0018021966270412464,7.279720627489137E-4,0.0028322827863080944],[1.9386255531222797E-4,9.933678130558136E-4,2.502170864384154E-4,1.2208257529234748E-5,9.516031427965066E-5,9.29458404884257E-4,3.1265740821748164E-5,0.03770873028406375,0.019115441430223767,0.0012111540878940463,9.209642313408934E-4,1.983560828748494E-5,1.2534944047765738E-5,5.370055884132624E-4,9.619336532335598E-5,0.01633564719858277,2.020943953868742E-5,2.2956455824051242E-5,1.93020363290628E-4,1.1568782510861624E-5,1.294516156216826E-5,6.876668490777726E-4,0.0035265015506349686,6.140471225826571E-4,0.016738604403447346,1.131955757780879E-5,0.0014810327506294032,0.001238492939193833,8.090300802329515E-4,9.865573689575172E-5,2.608437604767703E-5,2.1963776279406126E-5,1.9366487311266674E-4,1.0,1.975887019293451E-5,1.9526396332929428E-4,0.017833784968007298,1.1795605853368635E-5,0.002765452397495043,1.1624109137687317E-5,9.843078329162631E-5,5.7155386538173015E-5,2.6053770325339793E-4],[3.4313766037178935E-4,7.192535435030474E-4,5.23252247423344E-4,3.9423597719853986E-4,5.128028356201617E-4,0.0020496962643037813,4.7491300273911534E-4,0.02110358975641224,0.011645718046285764,0.0017643901995567873,0.0012931992801955027,5.941390658096117E-4,3.9208390332236844E-5,7.234960877585959E-4,4.888136140403018E-4,0.01873692740029005,1.6684911470049186E-4,6.14148228560362E-4,5.128649831574605E-4,1.4010562477329656E-4,5.740777113705126E-4,0.0014409324714140296,0.002599701334422831,6.464823681335897E-4,0.012403270629052488,4.5211384940838626E-4,0.002121242345448219,0.0016031351746669696,8.055209687478548E-4,4.8815162780116146E-4,1.6995850535406085E-4,1.79931807461786E-4,0.0030714299086681595,1.975887019293451E-5,1.0,5.001546761350062E-4,0.0015831396098573182,6.206754692416571E-4,0.002909640390215418,3.8321664767936345E-4,5.742088906956705E-4,3.6203286218115994E-4,5.83562983337586E-4],[3.641537292011068E-4,6.739475825162252E-4,3.9024664157638064E-4,4.478916375096732E-4,4.1833137486654913E-4,0.001801862662035887,2.2045820768695074E-4,0.051594364247185276,0.0179501956960451,0.002721778392646757,9.561625861459519E-4,3.838053030956725E-4,1.57673057919738E-4,7.662509503558563E-4,4.232944394327207E-4,0.017683217543714352,4.642652817841555E-4,3.9970159681450594E-4,4.547546130749156E-4,4.4173708134068277E-4,4.6726386407511033E-4,6.672210212461321E-4,0.0011068377265732634,6.286392059302202E-4,0.009226743369573463,8.372018709003569E-5,0.00179914215284573,0.002227542383011842,4.826761980270159E-4,4.161771112484266E-4,2.1975798403991905E-4,3.486059127707483E-4,0.0019774670217631535,1.9526396332929428E-4,5.001546761350062E-4,1.0,0.020690513923027863,3.163874778325465E-4,0.0012827981238316176,3.366509130211342E-4,4.5038407998693636E-4,3.641753605336358E-4,4.48818978513766E-4],[0.021622985732564836,0.00937713275241173,0.018363411166898734,0.00730503414525616,0.002103381439810194,0.011861071909974662,0.0029923049746672535,0.046321381700703546,0.023122974271221574,0.00326886479206362,0.015191230528345761,0.01611724314224541,0.023818479267134034,0.016487256795284885,0.010675205296613529,0.029888234480661142,0.01845410028533883,0.012409431813910984,0.014512577244137091,0.0025497443819810146,0.006366678728557216,0.015910080413956966,0.024252137334922423,0.023419750021601845,0.021384248426069476,0.014918242390305878,0.017101747203190323,0.006927417167600534,0.021671029070163522,0.02489639915379016,0.0234634046062662,0.02040792773221188,0.008121278846625047,0.017833784968007298,0.0015831396098573182,0.020690513923027863,1.0,0.007971243078701987,0.0031301743650073554,0.003968640863403158,0.005484623206587592,0.005434882638224512,0.018119623648121315],[2.3170167583021672E-4,0.0014935427085653442,3.2705528663564857E-4,1.2348816551222059E-5,2.748140721893521E-4,0.0012992832831460982,3.62086639733566E-5,0.018727420442568754,0.0017573401811489917,0.002680059787373106,1.7841860334233503E-4,8.218307923906062E-5,1.288179074413963E-5,5.311464396802279E-4,3.606873706626399E-4,0.013722131621653465,1.9738887290974624E-5,1.3953674702489115E-5,2.107222102059801E-5,1.1486152662685043E-5,1.219734943412626E-5,7.037374342468952E-4,4.5357380783709645E-4,0.0011066641120180928,0.019479871995144008,1.1284307068166061E-5,0.0013887783396270199,4.611081276982438E-4,3.6654367109720856E-4,7.269439816368893E-5,6.462041336789567E-5,6.380092317890824E-5,0.002297500906828265,1.1795605853368635E-5,6.206754692416571E-4,3.163874778325465E-4,0.007971243078701987,1.0,0.001213508799067309,1.1001344373344282E-5,3.0351050222650566E-4,2.249028155866605E-4,1.9739460933190464E-4],[0.0018171131404197932,0.0020543247804031568,0.0028066161168331227,0.0020098765484920763,6.659376937122466E-4,0.002467264720607686,5.15350250630753E-4,0.01684116914684084,0.016967000219936912,0.0030478325697153403,0.002746411299774384,0.002781094546342922,8.39737987643541E-4,0.0022552634325849127,0.0026102671696775427,0.01471390171534357,0.0018697834796811588,0.0029019732064566204,0.0026227451465011984,0.0029944242313073998,0.0011603101751547942,0.003005010550815243,0.003813792200340272,0.002110626706256714,0.007608939313525948,1.0575712266132986E-4,0.002472235222890436,0.002654318910350407,0.0011073728290918758,5.051485117183754E-4,3.081898079110836E-4,0.0019047755962016972,0.0032420468314289077,0.002765452397495043,0.002909640390215418,0.0012827981238316176,0.0031301743650073554,0.001213508799067309,1.0,0.0029229778023978008,0.0026711965828708564,0.0014915961226476333,0.0022510997986444877],[1.298279717780489E-4,0.0013968002452375838,1.0549165892610548E-4,1.190684070769199E-5,5.641794882049248E-5,1.4901093477624278E-4,2.6749760186711167E-5,0.042489804230757,0.0065544624689420255,4.895779971175291E-4,0.0010816889486260487,8.213240797240508E-5,1.2560565914593456E-5,3.444503579882944E-4,2.780484852026526E-4,0.01914376726464843,1.7034376436298274E-5,1.3046396783993806E-4,2.6263914705900507E-5,1.094481435272963E-5,1.1332927174219956E-5,5.6809672959830484E-5,0.0018405079693769673,6.272638507951296E-4,0.012031145905605226,1.0921701283976903E-5,0.0017168709867820394,0.002121110321031155,4.6561807652610446E-4,5.2908646996689394E-5,1.6366065555422892E-5,6.0084033768062785E-5,0.002310235726855992,1.1624109137687317E-5,3.8321664767936345E-4,3.366509130211342E-4,0.003968640863403158,1.1001344373344282E-5,0.0029229778023978008,1.0,1.852395161356881E-4,1.9270574133810103E-4,3.299886405973215E-4],[3.979458864568853E-4,9.473515358531913E-4,4.031720058768963E-4,1.2562708914752116E-4,3.349499742342543E-4,0.0021118785813428673,3.684222551994923E-4,0.07393944990241208,0.007160538284786969,7.550999993553384E-4,5.875540073240096E-4,3.8712921283587664E-4,1.8954682970240974E-4,8.426042021599002E-4,4.447056427766368E-4,0.015686532967631867,1.8638249989951357E-4,2.771594654814541E-4,4.242657556922185E-4,1.1032899442896747E-4,2.0147542615070848E-4,0.0011579420750596563,0.003918099206989791,0.001062207061469527,0.01204890124917813,1.1407035017567992E-5,0.0018153233528240232,5.800133369845565E-4,7.01850640352625E-4,4.0832903247388374E-4,3.5094298404129813E-4,1.8983519671569708E-4,0.0018021966270412464,9.843078329162631E-5,5.742088906956705E-4,4.5038407998693636E-4,0.005484623206587592,3.0351050222650566E-4,0.0026711965828708564,1.852395161356881E-4,1.0,3.4035029942961994E-4,3.785849323166157E-4],[2.849986776885235E-4,0.0013475421469738558,3.3589684062937294E-4,9.32225488045492E-5,2.8877901670550636E-4,0.0013328808867904426,4.429999284857372E-5,0.007108333297381011,0.01433195650425787,4.991552065760996E-4,0.0012011867307937974,3.274902068184993E-4,2.572635301323209E-4,3.783021676041653E-4,3.310341959962695E-4,0.002580691556567696,6.294158256971796E-5,1.9208041516569996E-4,2.9127487172631516E-4,1.1557200887671638E-4,7.917394633291823E-5,0.001226713835810838,0.002685630463734073,9.1218250077309E-4,0.012209548083971013,2.141068802446631E-4,0.0016720578542866985,0.0014366232694478934,6.416904680312987E-4,2.656661744517018E-4,1.493060786444261E-4,2.619735964674645E-4,7.279720627489137E-4,5.7155386538173015E-5,3.6203286218115994E-4,3.641753605336358E-4,0.005434882638224512,2.249028155866605E-4,0.0014915961226476333,1.9270574133810103E-4,3.4035029942961994E-4,1.0,2.9268082907002815E-4],[3.3515670589410356E-4,0.0015850290040458816,3.477306469839651E-4,2.2991004647668944E-4,3.3584242649543086E-4,0.0013186528715435316,3.279683343075211E-4,0.03878379431782771,0.004845738554837323,0.0018084272059987628,5.081753955899413E-4,3.523895873542773E-4,8.400860914974467E-5,8.171030699261491E-4,3.917697853720185E-4,0.015544555638461004,1.243299795907854E-4,2.970770238648804E-4,3.2705539163351504E-4,2.7622858080482714E-4,1.622429450380185E-4,0.0011684266505933428,0.004772987628502298,0.0011125002375493081,0.013692373123520408,2.707638624382584E-5,0.001203862151539439,0.0016491489572292091,6.074644951230969E-4,3.419875543974304E-4,2.715902301009569E-4,1.6149295533924262E-4,0.0028322827863080944,2.6053770325339793E-4,5.83562983337586E-4,4.48818978513766E-4,0.018119623648121315,1.9739460933190464E-4,0.0022510997986444877,3.299886405973215E-4,3.785849323166157E-4,2.9268082907002815E-4,1.0]]