[[1.0,9.721470929402261E-4,0.001054261187510448,7.36389355323689E-4,8.398553044408684E-4,0.0011760002421514822,0.001081213323213557,0.0019190837610343439,5.207778514077512E-4,0.001453924078204845,8.755793589636852E-4,2.0215938079969127E-4,0.0011317000840451526,3.306171795489169E-4,6.882216822064272E-4,0.0011793424502805256,7.347527056878419E-4,0.0017371587117007772,0.010779464084607587,8.711589574644089E-4,0.002160342304926697,0.02167563697108672,6.151118122938049E-4,9.548506374420113E-4,0.0017345095380159711,0.0012178752044717481,0.0014754938878299242,1.5352739149223862E-4,0.0011296786766046665,2.3327008802638823E-4,0.001551750106135038,0.007294329140775513,0.0031693575858717364,0.0012453066095675191,0.0013976787991688282,0.0011281961909020987,0.003495207852416138,9.465367739366073E-4,0.0011500542859919844,0.0011298413667598728,5.077111534777046E-4,8.33494888143286E-4,0.0023704362241197072,6.886987593092194E-4,9.86614828519027E-4,3.2127007756830087E-4,0.0012289134812649772,4.8386440736049953E-4,8.363458217525696E-4,3.8393413957119743E-4,7.146092789898003E-4,6.553407150516834E-4,9.180740227444968E-4],[9.721470929402261E-4,1.0,4.1388633420052487E-4,8.498246960798533E-5,6.755003549259651E-5,5.039107876225909E-4,5.3527555265253635E-5,0.0038157117356156416,7.612505706655063E-5,8.790209243800607E-4,2.662595137436469E-4,3.1662629727384844E-5,5.251854695063712E-4,2.2774177795554476E-5,5.592234752537713E-5,3.657180857963803E-4,2.499349686126097E-5,1.0539724059072472E-4,0.0023959505120077816,1.0929350778065093E-4,4.512898523322411E-4,0.00998965806221299,3.755769596176622E-5,1.9900631462059192E-5,0.0010292008410333852,0.0033406735087455545,0.0021348022948283188,3.591539376462024E-5,8.356263684041838E-4,2.6219792754165062E-5,4.298631430802739E-4,0.018804928776725766,0.01218723585917517,0.001650235598178603,2.6140163389361346E-4,7.997684517967139E-4,0.0051147334752010215,7.092439370290048E-4,1.509034493113834E-4,3.9334299205034457E-4,8.10726437416872E-5,9.080216120373611E-5,6.780828645833109E-4,1.5906372956851495E-4,1.8999780811031566E-5,1.350317162719292E-4,6.544873850610894E-5,3.598145327557274E-5,2.866663742420582E-5,2.8380129056760893E-5,2.9203024949905472E-5,4.285836785905206E-4,8.926942739533587E-5],[0.001054261187510448,4.1388633420052487E-4,1.0,6.144870102631194E-4,1.9563496199534873E-4,8.74062456376033E-4,4.8543018171099436E-4,0.00895821923649227,5.414202975538346E-4,6.363170098364465E-4,5.638290924974675E-4,4.499932429319099E-4,6.692014189334589E-4,3.7225122463496876E-4,6.216540817616494E-4,0.0011793060031604725,1.9447986510832664E-4,0.002534033731766854,0.008617833467362229,4.808607495973893E-4,0.0029552136114815684,0.015316293639840209,2.3216069288046332E-4,4.100631603041606E-4,0.0013399802068801325,8.374146056072196E-4,0.001223009697240885,6.250202058101087E-4,7.12007648240156E-4,3.797855400187052E-4,0.0015746113834279496,0.0014367561660497653,0.002264973455125263,0.001727545273715288,6.930653704893894E-4,7.238759702669423E-4,0.003789983292243863,7.543405740182877E-4,0.0010617966823891344,5.555654710305506E-4,3.8163900897740565E-4,6.266168751419218E-4,0.0019450779781562582,3.9055399587991247E-4,1.9141854943011813E-4,1.8966672234788304E-4,7.461761618936386E-4,3.869347537628113E-4,1.833100869550139E-4,4.987379642076278E-4,2.5395235728696504E-4,6.273593992207132E-4,3.5001776800050574E-4],[7.36389355323689E-4,8.498246960798533E-5,6.144870102631194E-4,1.0,1.5042022480915378E-4,8.907826162789446E-4,1.207248142030391E-4,1.4884696533765704E-4,1.2500575139831022E-4,0.002287937033915737,1.1509904264858375E-4,6.339978373833285E-5,2.564570906808462E-4,8.85449580057411E-5,1.5310796085971537E-4,7.91164784317575E-4,6.773573154114662E-5,0.0018129561732360235,0.00476215628832196,1.229027776413338E-4,7.388660183290029E-4,0.00558669414597239,1.2351270036332977E-4,9.806836445014137E-5,5.533635393748209E-4,0.0020010420814020723,3.589464394473359E-4,1.104970996743916E-4,8.506878115263554E-4,1.1019772780525714E-4,0.0011284277154495566,0.003837535119404725,0.006431142527725153,0.0012558797009558373,0.0010098660162820379,8.095233470019556E-4,0.002784666436658967,2.010685811356027E-4,9.426473563095318E-4,4.708269187268032E-4,1.4671198560791427E-4,1.2447667504811218E-4,7.706298090531911E-4,1.6337557801089766E-4,7.197503136440828E-5,1.3818555600273884E-4,0.0013247861195596381,1.9384201938738022E-4,8.214797558741342E-5,1.0734956728666799E-4,1.252699779641394E-4,4.3106780794355964E-4,1.7821604046954566E-4],[8.398553044408684E-4,6.755003549259651E-5,1.9563496199534873E-4,1.5042022480915378E-4,1.0,6.839592288854673E-4,1.5385371866012232E-4,0.00899854042389635,1.2939851769986808E-4,0.0015710953300951578,3.0553602659796734E-4,1.2136413923879012E-4,8.275547461945268E-4,8.909438837394948E-5,1.7560635673663575E-4,7.276562270187828E-4,1.0313212289405594E-4,0.0019161226924727529,0.010869538417233374,1.4808503472672806E-4,0.0027259204390158976,0.018694237475609898,1.6411842612555071E-4,1.4841808098790176E-4,7.360616530053279E-4,5.412385519666308E-4,4.392759751113338E-4,1.3852112992846584E-4,8.28091442271057E-4,1.4408961952334308E-4,0.0012427697308459694,0.016412491147346542,0.009677395514008797,0.0013387509738833835,0.0013909991247324273,5.029812574247443E-4,0.003212009042675218,4.07117298772152E-4,6.137877375815013E-4,3.0822806475204044E-4,1.5617158505644774E-4,1.5549716771956048E-4,0.0020912460784618453,1.7491051654997322E-4,6.660569889163196E-5,1.6087073667634E-4,7.386303567338498E-4,1.762564654677128E-4,1.22270666965264E-4,1.2668699212651006E-4,1.3256146939477604E-4,3.699699697930926E-4,1.7984223136344364E-4],[0.0011760002421514822,5.039107876225909E-4,8.74062456376033E-4,8.907826162789446E-4,6.839592288854673E-4,1.0,7.409440627435799E-4,0.010185325116925763,8.759810053300181E-4,0.0021426720079692203,9.337570054369118E-4,4.6533036147534257E-4,0.0011815819008446713,0.0011378418769759312,9.642593019202278E-4,0.0012285227566902611,0.0010316247851492398,0.0022705819120085865,0.01010312593619887,8.628707884026216E-4,0.00221375261435583,0.027361806750514094,0.00108647668472769,1.6207528118111146E-4,0.0016547072393802108,0.0025681532700910148,0.0028861431335863493,5.786214644704594E-4,0.001110965812299672,1.2330299353619672E-4,0.0014249583805782862,0.005779183803557281,0.007933350004280922,0.0014741133433427095,0.0012241544345854127,0.0011053021896920917,0.006441801248390884,0.001106810667311884,0.001191255523182272,0.0010782838684238424,4.514987592017679E-4,7.092927615983763E-4,0.001962525840694962,9.103240041523888E-4,0.0010256977342689704,3.0861857561807825E-4,0.001224047824862531,2.2855493992580863E-4,2.0498266173126113E-4,0.0010199772129185084,3.811914951192594E-4,0.001199708663807321,8.862179344892268E-4],[0.001081213323213557,5.3527555265253635E-5,4.8543018171099436E-4,1.207248142030391E-4,1.5385371866012232E-4,7.409440627435799E-4,1.0,0.010826370259051369,1.4283956976593755E-4,6.1603145335272E-4,4.3548346484167087E-4,1.2888186870801252E-4,9.217099287268765E-4,8.609652686950043E-5,1.742785327097677E-4,7.023828229850347E-4,7.073587493673048E-5,0.0019404384374113208,0.010549241625978867,1.3783803973760862E-4,0.0015270881318516043,0.007762595611381318,1.740696034435242E-4,1.1400181297490134E-4,0.0018264138153173764,0.0014383041627495572,0.001086495065084219,1.3531170154972125E-4,9.320520960235505E-4,1.3073586024359732E-4,8.866825515431988E-4,0.009475942987317352,0.010876839287319253,0.0010930529040151658,6.51288803150165E-4,5.027665715232248E-4,0.00616448909360248,6.803754474530058E-4,1.837791452301043E-4,2.4203827726640005E-4,1.9374561447051483E-4,1.5646183144809022E-4,0.0014297299604492002,1.6653763112539765E-4,1.177171891847559E-4,1.6040084269815865E-4,3.0436274120414317E-4,2.037470048970961E-4,6.682094117247992E-5,1.2353642530085377E-4,1.334065150900122E-4,4.341634345016957E-4,1.6001513916292877E-4],[0.0019190837610343439,0.0038157117356156416,0.00895821923649227,1.4884696533765704E-4,0.00899854042389635,0.010185325116925763,0.010826370259051369,1.0,0.008760037935863715,0.00661411828155997,0.009858184487089541,0.010039327120466294,0.0049227415927302585,0.007995852831793868,0.011364388900049177,0.002629078538753611,0.008659087210604247,0.005555013336439412,0.011633749610897153,0.010639739058104218,0.006794711271964855,0.021061864412418904,0.0035488207358190392,0.0020227195859167176,0.011022000485270219,0.003627014555020863,0.005773612922684776,0.010834914462279875,0.0059643198497821605,0.002647385655227778,0.008839810145869171,0.023647315925622102,0.012699360833379235,0.01071920424094314,0.0023328007845165558,0.008123948305413983,0.00730631780976785,0.0018372614717454307,0.007879707621036769,0.01064454684115397,0.002386272388668197,0.0070284409829608095,0.007197560055762813,0.0028316583296720864,0.004105343391332912,0.00315729930262289,0.0072530799221818395,0.009771257175647651,0.0032023836502152957,0.0011009608562002474,0.007702361956626356,0.0030062462887893377,0.01254335605861027],[5.207778514077512E-4,7.612505706655063E-5,5.414202975538346E-4,1.2500575139831022E-4,1.2939851769986808E-4,8.759810053300181E-4,1.4283956976593755E-4,0.008760037935863715,1.0,0.001588476815537824,1.5967854536679923E-4,8.273590992967959E-5,3.877588466671556E-4,4.5264010564200535E-5,1.3918403607776414E-4,0.0012169239229130287,1.040209446258766E-4,0.00245275329981013,0.008630209770111457,1.3500052556903906E-4,0.002928301887477742,0.0248325587396194,1.7236804186443285E-4,3.256609290553649E-5,4.143976335789519E-4,0.0010901961196181876,0.0011480651609353748,1.1747949082039845E-4,5.398266129188066E-4,1.1240623888141181E-4,0.0011127839354794175,0.01678695948667157,0.008733042449430028,9.937843933985474E-4,3.974193896544706E-4,2.4057806593970362E-4,0.004415041194514928,1.3524925485240645E-4,7.689942676144917E-4,2.1325448817299922E-4,1.6988155747678943E-4,1.4384228968285695E-4,4.925041557189288E-4,1.5141364239042878E-4,4.659579357714093E-5,1.471266718273387E-4,9.395348677528295E-4,1.3450321446203375E-4,4.052449866636636E-5,1.1598378691418124E-4,1.2819403120401963E-4,2.534410986269135E-4,1.7946746730728385E-4],[0.001453924078204845,8.790209243800607E-4,6.363170098364465E-4,0.002287937033915737,0.0015710953300951578,0.0021426720079692203,6.1603145335272E-4,0.00661411828155997,0.001588476815537824,1.0,0.0022828335121138667,9.307134669366091E-4,0.002121432480199611,0.0011322341059637094,2.913725103167496E-4,0.0017256718891595546,0.001862636293956417,0.0025684701399723135,0.0026275576347531936,0.002186243125889109,0.0028836857005159304,0.02227359393971558,4.5037513947417595E-4,8.458488129450386E-4,0.001861442588895816,0.00315311098137967,0.0028328397150165717,9.57538825219789E-4,0.0017803990778140306,0.0016599680494884497,0.0022465834895448794,0.0046518633515407,0.005651670473487382,0.002082907749802071,0.002019838780440735,0.00204068222923128,0.005989484619719849,0.0020675028287993552,0.002242283169908623,0.001849587738322498,0.0020543569355062825,9.532671998914054E-4,0.0025151959549871263,0.0022304980230222243,4.8490462597249327E-4,3.428716800341098E-4,0.0022397295991008555,0.0019190716997668053,0.0015535465561269757,0.001589595167113246,0.0011436313204127014,0.0014849427276093503,0.0013312456582281033],[8.755793589636852E-4,2.662595137436469E-4,5.638290924974675E-4,1.1509904264858375E-4,3.0553602659796734E-4,9.337570054369118E-4,4.3548346484167087E-4,0.009858184487089541,1.5967854536679923E-4,0.0022828335121138667,1.0,1.7161524197346897E-4,5.410152198016073E-4,6.658414364081188E-5,2.113104058441409E-4,6.121594094362104E-4,4.445724297988368E-4,0.0017428372411179044,0.0033932550304420802,1.4958693254215163E-4,0.0017741341489760814,0.012141516207438224,4.370448593895277E-4,3.889320591713825E-4,9.638589018059167E-4,0.002368647228732216,6.036710184940502E-4,2.0516887812019227E-4,8.994909842381714E-4,2.7375759770080466E-4,6.779840340410463E-4,0.013024410735086322,0.0028987447843544095,8.354679270213749E-4,6.924312565967238E-4,8.545424431087112E-4,0.004632239788992666,5.503428600209665E-4,8.63998913966015E-4,4.612003040050605E-4,3.3746135225529573E-4,3.8599772276149086E-4,0.0012047397833383862,2.66215203893528E-4,4.0475653136388246E-4,3.602399838605907E-4,0.0011873812482008639,4.1195361900673487E-4,3.308937408547761E-4,4.469157371458334E-4,3.680429077395191E-4,5.069055404580738E-4,2.3405236809347364E-4],[2.0215938079969127E-4,3.1662629727384844E-5,4.499932429319099E-4,6.339978373833285E-5,1.2136413923879012E-4,4.6533036147534257E-4,1.2888186870801252E-4,0.010039327120466294,8.273590992967959E-5,9.307134669366091E-4,1.7161524197346897E-4,1.0,6.407298102951314E-4,4.799549296311916E-5,1.4851169025347259E-4,8.684450961711879E-4,3.795337576697161E-5,0.0025324921701933754,0.0030432126053807343,8.513448774081506E-5,0.0012816702016294837,9.972172362136805E-4,1.9221770738527122E-4,3.737632341591088E-5,9.83785754174357E-5,0.00290408979043969,0.002153788688244252,8.413016461583683E-5,0.001033535290432502,5.869669437361329E-5,8.259185111675512E-4,0.0023288532993587584,8.352551960585015E-4,1.1461661461611777E-4,0.0011046925668046442,4.170943340504058E-4,5.315603413477913E-4,7.022959220559612E-4,1.9835195976859092E-4,4.5760960952947327E-4,1.9652285399841522E-4,6.125815010645755E-5,0.002347264474276042,7.137956283457504E-5,1.7584309340932013E-5,5.569749011957311E-5,0.00142983772111872,2.0056230207173787E-4,3.9585741355112486E-5,7.849347957167435E-5,9.186314433183113E-5,4.56840511427038E-4,1.5872620639797858E-4],[0.0011317000840451526,5.251854695063712E-4,6.692014189334589E-4,2.564570906808462E-4,8.275547461945268E-4,0.0011815819008446713,9.217099287268765E-4,0.0049227415927302585,3.877588466671556E-4,0.002121432480199611,5.410152198016073E-4,6.407298102951314E-4,1.0,6.036487191496116E-5,9.473974650563027E-4,0.0012276671850305371,4.3828066443297233E-4,0.0010041514706448946,0.004348546416628423,6.289572193920983E-4,0.0019979844916539185,0.014571793640542586,6.799730578194553E-4,5.296938414868404E-4,0.00175563115773693,0.0024125011342028785,0.00182032065975448,6.558327318134899E-4,9.699556224211708E-4,5.849675798411788E-4,0.0015669899893617704,0.01730243574439772,0.002553182653761183,0.0016416776734500917,0.0010285980862044385,0.0010114408473445562,0.0021880607484036055,9.66893996211072E-4,0.0010588477747910522,6.158624985830321E-4,8.261794503712698E-4,4.247494038913687E-4,0.0026242704576340645,3.04675931686731E-4,4.905332499598534E-4,7.249595004977079E-4,9.840615961429326E-4,3.349287587696876E-4,3.931994087016135E-4,9.06959613892514E-4,2.3058802357973804E-4,8.149623400011551E-4,7.666026606584506E-4],[3.306171795489169E-4,2.2774177795554476E-5,3.7225122463496876E-4,8.85449580057411E-5,8.909438837394948E-5,0.0011378418769759312,8.609652686950043E-5,0.007995852831793868,4.5264010564200535E-5,0.0011322341059637094,6.658414364081188E-5,4.799549296311916E-5,6.036487191496116E-5,1.0,9.70618058916272E-5,5.502060497646343E-4,2.421341296480711E-5,0.0018802399673535628,0.009054264501048528,9.737708969071511E-5,0.0025725326699084275,0.02553905444463455,1.1727891050509989E-4,1.97238563070593E-5,6.99682625131524E-4,0.0017878768534744696,0.0019174443490704522,2.3692411281587776E-5,8.004431709795192E-4,1.0423025135410811E-4,4.630288486458592E-4,0.004913569358237642,0.009708713161255562,0.0012970186608909594,5.768765427722453E-5,9.926460387396478E-4,0.005552533122891701,3.638203283721895E-4,2.674820438609756E-4,9.066079308347307E-5,1.2995223903730928E-4,1.0817619486091639E-4,0.0013392350896342974,1.2389407100180767E-4,1.1685047078311963E-5,6.0796039456038465E-5,0.0010996403249705726,1.9660081668170822E-4,2.3501003372259605E-5,5.1515897938052036E-5,5.442436955649022E-5,3.83781516764542E-4,1.5836129173502734E-4],[6.882216822064272E-4,5.592234752537713E-5,6.216540817616494E-4,1.5310796085971537E-4,1.7560635673663575E-4,9.642593019202278E-4,1.742785327097677E-4,0.011364388900049177,1.3918403607776414E-4,2.913725103167496E-4,2.113104058441409E-4,1.4851169025347259E-4,9.473974650563027E-4,9.70618058916272E-5,1.0,5.797005539234395E-4,1.483983584615915E-4,0.0020885478987435584,0.009624865883275786,1.6395097036553684E-4,7.457288744535647E-4,0.01953828996224215,1.8574819213972558E-4,1.5971045782142265E-4,0.0012757094042290212,0.0030926845096861558,3.7744718388453644E-4,1.4233037123959603E-4,1.7895496751611832E-4,1.7383251852914466E-4,2.565229300728338E-4,0.021040511499764103,0.0055099093676658694,4.934319371653209E-4,0.0010026781905358747,5.103298872778277E-4,0.004591360172990645,1.7984362822489973E-4,4.0196559794271385E-4,4.7919527177110114E-4,1.8542795455497375E-4,1.5916361897896688E-4,0.001693344767552013,1.9511349487484438E-4,1.584208867529618E-5,1.6777259389316024E-4,0.0014548833658389014,2.0190748893011583E-4,1.4534723302816755E-4,1.1046485161424114E-4,1.7380991896832172E-4,2.766884616353689E-4,1.8911933382312874E-4],[0.0011793424502805256,3.657180857963803E-4,0.0011793060031604725,7.91164784317575E-4,7.276562270187828E-4,0.0012285227566902611,7.023828229850347E-4,0.002629078538753611,0.0012169239229130287,0.0017256718891595546,6.121594094362104E-4,8.684450961711879E-4,0.0012276671850305371,5.502060497646343E-4,5.797005539234395E-4,1.0,3.0217863376503655E-4,0.0013781597061938722,0.009845096277139871,0.0012409354310877574,0.002887799183864293,0.02609478626210401,3.036208785322777E-4,3.2588187872192246E-4,0.0017604641789110064,0.0034377344666705585,0.001680808671011477,0.0011811185678155761,0.0011945458264377056,4.97928942130049E-4,0.0013027337040777379,0.00669717835566765,0.011378516318713163,0.001500698559582035,0.0013470776430093408,0.0012150656014932497,0.0021785643087803607,0.0010726738438562168,0.0011835320913118061,7.423953852819958E-4,7.05264401304081E-4,3.263141538860969E-4,0.0019825416089002765,8.387391779336308E-4,3.7326088191814755E-4,6.218463957239279E-4,0.001405686610188602,7.370465012439728E-4,5.041396903408309E-5,0.0010860735307375892,7.464902477411059E-4,0.0010609161731066868,2.984132313943663E-4],[7.347527056878419E-4,2.499349686126097E-5,1.9447986510832664E-4,6.773573154114662E-5,1.0313212289405594E-4,0.0010316247851492398,7.073587493673048E-5,0.008659087210604247,1.040209446258766E-4,0.001862636293956417,4.445724297988368E-4,3.795337576697161E-5,4.3828066443297233E-4,2.421341296480711E-5,1.483983584615915E-4,3.0217863376503655E-4,1.0,0.0019577046511685303,0.007674734817831816,8.179775743391321E-5,0.002415786839809855,0.0034196353254481917,8.872631879844404E-5,2.0380205414268723E-5,5.374375182936053E-4,0.002015162365555223,0.001308574609789261,1.0582469169178284E-4,1.8175457338746572E-4,6.502460040753498E-5,2.7503621844362672E-5,0.018921794263193275,9.924246987125837E-4,0.0015456392984164848,0.0013547044592666503,1.5973151780048338E-4,0.00639874564733446,8.059398635291116E-5,1.3970530538195576E-4,3.6169957225970625E-4,1.1522939971347402E-4,1.56329123519956E-4,0.0023571006028232544,6.426787321062532E-5,1.345845921363097E-5,1.1260554101751168E-4,1.4407831194528713E-4,7.904778652232804E-5,3.0256191522878225E-5,5.125807747150551E-5,4.9269299826640903E-5,3.574080355225131E-4,1.1312428246031882E-4],[0.0017371587117007772,1.0539724059072472E-4,0.002534033731766854,0.0018129561732360235,0.0019161226924727529,0.0022705819120085865,0.0019404384374113208,0.005555013336439412,0.00245275329981013,0.0025684701399723135,0.0017428372411179044,0.0025324921701933754,0.0010041514706448946,0.0018802399673535628,0.0020885478987435584,0.0013781597061938722,0.0019577046511685303,1.0,0.0026303421226535843,0.0012783239295631728,0.002621731154312483,0.017993132920593978,0.001543295642895837,0.0017100822569670185,0.0025064309806902612,0.0034935220169593838,0.0029783276311668373,0.002483022270916503,0.001427495571729119,7.388815120357908E-4,0.0020801703465121537,0.012065584892578914,0.00946492256838519,0.001965346927430472,0.0022939634339358044,0.002455469341290446,0.004584449916883088,0.0016338589936375895,0.001984437818376126,0.0014065370334553238,0.0017386770266960422,0.0017408153748245485,0.002652164747829993,6.752653236302289E-4,7.617523010671204E-4,0.0012244729988597622,0.002193349605503363,0.0013065724735814655,0.0010924965610463841,0.00157964695899205,0.0011784396144657022,0.001975372865778156,0.0021220813367189414],[0.010779464084607587,0.0023959505120077816,0.008617833467362229,0.00476215628832196,0.010869538417233374,0.01010312593619887,0.010549241625978867,0.011633749610897153,0.008630209770111457,0.0026275576347531936,0.0033932550304420802,0.0030432126053807343,0.004348546416628423,0.009054264501048528,0.009624865883275786,0.009845096277139871,0.007674734817831816,0.0026303421226535843,1.0,0.01125714906733492,0.006027359458930854,0.014308552119719908,0.0067298456780924025,0.0041534583786006045,0.011011134206848893,0.00997268467217692,0.00608414322342735,0.003510174694085073,0.00498579855397683,0.006716382116348037,0.0027330829341231846,0.020553713855223324,0.011806047998216761,0.0097825028985654,0.007869845288385496,0.005327480308429845,0.011070183346792224,0.00980673592044843,0.007622510485400353,0.008564254108630008,0.0046953371861096875,9.500458312417453E-4,0.0044078736220276565,0.0048778369434150474,0.009636635118447095,0.0033115418934576914,0.002059758007474789,0.00127202602347743,0.0066266727421002355,3.6241026912604715E-4,0.004451470012401524,0.005882574163028604,0.004370673439541681],[8.711589574644089E-4,1.0929350778065093E-4,4.808607495973893E-4,1.229027776413338E-4,1.4808503472672806E-4,8.628707884026216E-4,1.3783803973760862E-4,0.010639739058104218,1.3500052556903906E-4,0.002186243125889109,1.4958693254215163E-4,8.513448774081506E-5,6.289572193920983E-4,9.737708969071511E-5,1.6395097036553684E-4,0.0012409354310877574,8.179775743391321E-5,0.0012783239295631728,0.01125714906733492,1.0,7.40808860055003E-4,0.012778322470578618,1.3896790660724418E-4,9.308890325072136E-5,0.0017077893285839605,0.0026288643116544348,0.0020787990104785253,1.1604610005822397E-4,1.4299399725907502E-4,1.215685257988665E-4,0.0018089636862482549,0.02518041777769333,0.007054149262288821,2.483749884806401E-4,8.331413960809197E-4,4.915794139990184E-4,0.0027046993039532164,1.459889975560703E-4,0.0010744305974277127,4.8046804091789186E-4,1.5597735950693045E-4,1.388015138365334E-4,0.002189487290350497,1.9719100735733907E-4,1.243634195556105E-4,1.5510865936117755E-4,5.58561489861297E-4,1.4676303972929917E-4,4.56300560035242E-5,1.236769764053796E-4,1.3315953832550913E-4,3.0334353762070726E-4,1.8675903211426187E-4],[0.002160342304926697,4.512898523322411E-4,0.0029552136114815684,7.388660183290029E-4,0.0027259204390158976,0.00221375261435583,0.0015270881318516043,0.006794711271964855,0.002928301887477742,0.0028836857005159304,0.0017741341489760814,0.0012816702016294837,0.0019979844916539185,0.0025725326699084275,7.457288744535647E-4,0.002887799183864293,0.002415786839809855,0.002621731154312483,0.006027359458930854,7.40808860055003E-4,1.0,0.0139831626421923,8.930150425034618E-4,0.002012508358918167,0.002544227466714766,0.00329843888167997,0.003125484469189157,4.48261209939427E-4,0.0013327848862907297,3.395516770119824E-4,0.0028896485025530173,0.01640300129138795,0.009045875414384102,0.0027650042971942047,0.001555043766680348,0.0011895121503030556,0.004746385378560158,0.001752452550613827,0.001518199424035104,5.383372482166974E-4,0.0024266434082141483,8.087373285988466E-4,0.0030550939245041976,3.4409097302081086E-4,2.59453704153096E-4,0.0029340701485325153,0.0018256846468869654,0.0025625369408633467,0.002393251562984112,0.0017712356820836553,0.0027191820537528755,0.002990881478270851,0.002597152049154414],[0.02167563697108672,0.00998965806221299,0.015316293639840209,0.00558669414597239,0.018694237475609898,0.027361806750514094,0.007762595611381318,0.021061864412418904,0.0248325587396194,0.02227359393971558,0.012141516207438224,9.972172362136805E-4,0.014571793640542586,0.02553905444463455,0.01953828996224215,0.02609478626210401,0.0034196353254481917,0.017993132920593978,0.014308552119719908,0.012778322470578618,0.0139831626421923,1.0,8.488964063410363E-4,0.015320261656188591,0.005554427671885566,0.008765244109464748,0.005909633887758325,0.004486844037154098,0.01216416972865181,0.015339033535661462,0.0035544393097187163,0.027079292963309274,0.0250401448028042,0.023311449701990502,0.010940323264407144,0.01786236503856119,0.00679519721322497,0.025960458736503995,0.007395657964952343,0.023626165833449703,0.018463613447992296,0.02110960954828659,0.016700842357790093,0.014839285683764325,0.019377763316313502,0.013569963254497693,0.022316015086599018,0.00902716328923104,0.02031026078576561,0.004002188545491354,0.001413117109192796,0.009733364111445014,0.008158588933992274],[6.151118122938049E-4,3.755769596176622E-5,2.3216069288046332E-4,1.2351270036332977E-4,1.6411842612555071E-4,0.00108647668472769,1.740696034435242E-4,0.0035488207358190392,1.7236804186443285E-4,4.5037513947417595E-4,4.370448593895277E-4,1.9221770738527122E-4,6.799730578194553E-4,1.1727891050509989E-4,1.8574819213972558E-4,3.036208785322777E-4,8.872631879844404E-5,0.001543295642895837,0.0067298456780924025,1.3896790660724418E-4,8.930150425034618E-4,8.488964063410363E-4,1.0,1.924361034504689E-4,9.681292566514211E-4,0.0033640344816849585,0.0029434390364096153,1.309109547246355E-4,9.953062713037371E-4,1.3104750320849643E-4,0.0010963281954655107,0.01808030937211555,0.012544620105489306,0.0015061883740911817,0.001428297077638931,8.209654894779929E-4,0.002636644523201257,6.244246469052237E-4,0.0010026551946018879,3.9426737763110093E-4,2.0046097203689365E-4,1.7843273775200883E-4,0.0023559356563353537,2.0325272904151537E-4,2.547389977548857E-5,1.694966796869982E-4,8.625329056117089E-4,2.011269459392161E-4,6.886678331856855E-5,1.8530752269003747E-4,1.6553186131141066E-4,4.424750709789109E-4,1.9100973429648143E-4],[9.548506374420113E-4,1.9900631462059192E-5,4.100631603041606E-4,9.806836445014137E-5,1.4841808098790176E-4,1.6207528118111146E-4,1.1400181297490134E-4,0.0020227195859167176,3.256609290553649E-5,8.458488129450386E-4,3.889320591713825E-4,3.737632341591088E-5,5.296938414868404E-4,1.97238563070593E-5,1.5971045782142265E-4,3.2588187872192246E-4,2.0380205414268723E-5,0.0017100822569670185,0.0041534583786006045,9.308890325072136E-5,0.002012508358918167,0.015320261656188591,1.924361034504689E-4,1.0,2.8327300008809187E-4,0.001827811088614432,4.286352502274627E-4,3.311734061580286E-5,0.0010081592886747807,1.004530457156883E-4,9.938732548952992E-4,0.016132708180987297,0.008206695494267764,0.0012966097411725738,0.001052165701377152,0.0010201868140300577,0.003701186571314215,3.544580629985049E-4,9.685209311666684E-4,2.3735881368171807E-4,8.270870469559883E-5,9.689988057300338E-5,0.0017955902337109106,1.1218493221734159E-4,1.3179258223364065E-5,4.217630230995791E-5,0.0011312810761025653,1.0342274721570122E-4,2.1101233677717225E-5,9.762765384266116E-5,3.768168775675723E-5,9.695220190025864E-5,5.1120085347976176E-5],[0.0017345095380159711,0.0010292008410333852,0.0013399802068801325,5.533635393748209E-4,7.360616530053279E-4,0.0016547072393802108,0.0018264138153173764,0.011022000485270219,4.143976335789519E-4,0.001861442588895816,9.638589018059167E-4,9.83785754174357E-5,0.00175563115773693,6.99682625131524E-4,0.0012757094042290212,0.0017604641789110064,5.374375182936053E-4,0.0025064309806902612,0.011011134206848893,0.0017077893285839605,0.002544227466714766,0.005554427671885566,9.681292566514211E-4,2.8327300008809187E-4,1.0,0.0029439491294484645,0.0024754671476635926,0.0015634112727267975,0.0011079341398686272,6.905965526808795E-4,0.0018764390527285747,0.01392998318476134,0.011913148387107692,0.0018147430878523389,0.0017661650660957633,0.0011794275475857353,0.003735431440358282,0.0013303000852536715,0.0014671563028567575,0.0017947964984361712,0.001411515822121221,7.262102762100189E-4,0.0022171537192116238,0.0014649687917043521,7.590100352895302E-4,0.0012666847806739926,0.0015449895558468651,7.95341116743157E-4,0.001841612323185176,0.0016277068127346136,8.976071907037877E-4,5.954003556895822E-4,0.0012755954903363933],[0.0012178752044717481,0.0033406735087455545,8.374146056072196E-4,0.0020010420814020723,5.412385519666308E-4,0.0025681532700910148,0.0014383041627495572,0.003627014555020863,0.0010901961196181876,0.00315311098137967,0.002368647228732216,0.00290408979043969,0.0024125011342028785,0.0017878768534744696,0.0030926845096861558,0.0034377344666705585,0.002015162365555223,0.0034935220169593838,0.00997268467217692,0.0026288643116544348,0.00329843888167997,0.008765244109464748,0.0033640344816849585,0.001827811088614432,0.0029439491294484645,1.0,0.0034548412191568838,0.002252132089590918,0.00284812753558109,0.0011128866778701563,0.0024494969068034667,0.01772792922001516,0.010980629864547373,0.00248905301507451,0.0020739443666813683,0.002475170197167877,0.005327217554789768,9.463048347942018E-4,0.0026387863607932934,0.002792109893689139,0.0020091457928455916,0.0031991250692222153,0.0029809605528329196,0.003223166437703464,5.838320393764634E-4,0.0017615596415488696,0.0028303437730401405,0.0033407432339240084,1.4754236498964378E-4,0.002372968842571549,0.0011517437625199929,0.0033490653604194157,0.0012893362740684373],[0.0014754938878299242,0.0021348022948283188,0.001223009697240885,3.589464394473359E-4,4.392759751113338E-4,0.0028861431335863493,0.001086495065084219,0.005773612922684776,0.0011480651609353748,0.0028328397150165717,6.036710184940502E-4,0.002153788688244252,0.00182032065975448,0.0019174443490704522,3.7744718388453644E-4,0.001680808671011477,0.001308574609789261,0.0029783276311668373,0.00608414322342735,0.0020787990104785253,0.003125484469189157,0.005909633887758325,0.0029434390364096153,4.286352502274627E-4,0.0024754671476635926,0.0034548412191568838,1.0,4.6215056255915793E-4,0.0022921185479585406,0.0017782834448452375,0.0023492020304665792,0.007775629115602935,0.00930651740121712,0.0018865384812007445,0.0029222534394088735,0.0023968538850626915,0.005499027064109147,0.002333414006501155,0.0017988070619490727,0.002987372267895233,6.66936871820023E-4,0.0020404006142234394,0.0030366498150187697,0.0026998620227047156,3.697998181732356E-4,0.0020446076673893017,0.002036703822428448,9.903101782355876E-4,9.170260141297359E-4,0.0023042128494139046,0.002814688530663472,0.0030928028233835965,0.0017903911163435404],[1.5352739149223862E-4,3.591539376462024E-5,6.250202058101087E-4,1.104970996743916E-4,1.3852112992846584E-4,5.786214644704594E-4,1.3531170154972125E-4,0.010834914462279875,1.1747949082039845E-4,9.57538825219789E-4,2.0516887812019227E-4,8.413016461583683E-5,6.558327318134899E-4,2.3692411281587776E-5,1.4233037123959603E-4,0.0011811185678155761,1.0582469169178284E-4,0.002483022270916503,0.003510174694085073,1.1604610005822397E-4,4.48261209939427E-4,0.004486844037154098,1.309109547246355E-4,3.311734061580286E-5,0.0015634112727267975,0.002252132089590918,4.6215056255915793E-4,1.0,0.001038815491000493,1.1181335750886558E-4,5.77683216636754E-4,5.469378421077127E-4,0.0015249618571884,2.1777690819400035E-4,0.001297763053908729,9.923968445382204E-4,0.0037514001853153674,5.547951271443731E-4,5.275220807729325E-4,1.2141421674232052E-4,1.2837786192371076E-4,1.369739242065284E-4,0.0014608570219976297,1.5337848462826628E-4,8.756419673141755E-5,1.5561092497606106E-4,2.8391953945530735E-4,1.732044015552848E-4,8.281313270258696E-5,1.0789764861578515E-4,1.244306399656544E-4,5.035748265533753E-4,1.2810279983114096E-4],[0.0011296786766046665,8.356263684041838E-4,7.12007648240156E-4,8.506878115263554E-4,8.28091442271057E-4,0.001110965812299672,9.320520960235505E-4,0.0059643198497821605,5.398266129188066E-4,0.0017803990778140306,8.994909842381714E-4,0.001033535290432502,9.699556224211708E-4,8.004431709795192E-4,1.7895496751611832E-4,0.0011945458264377056,1.8175457338746572E-4,0.001427495571729119,0.00498579855397683,1.4299399725907502E-4,0.0013327848862907297,0.01216416972865181,9.953062713037371E-4,0.0010081592886747807,0.0011079341398686272,0.00284812753558109,0.0022921185479585406,0.001038815491000493,1.0,6.973532180828876E-4,0.001314993628659748,0.009643056372450776,0.0038686647809060013,0.0014787030206236697,0.001390526457525669,0.0010803347267729268,0.004788647887193289,0.0010670025732454212,0.00113458044454242,7.94412525473783E-4,2.2919399197476696E-4,9.268541075441206E-4,0.002046682782561633,3.123293780188405E-4,0.0010311067818200123,7.089568887765524E-4,0.0013231605366877913,8.341804331226515E-4,3.7405429242130903E-4,5.752785936087387E-4,2.005518798169003E-4,0.001090794395609641,1.9351468902186934E-4],[2.3327008802638823E-4,2.6219792754165062E-5,3.797855400187052E-4,1.1019772780525714E-4,1.4408961952334308E-4,1.2330299353619672E-4,1.3073586024359732E-4,0.002647385655227778,1.1240623888141181E-4,0.0016599680494884497,2.7375759770080466E-4,5.869669437361329E-5,5.849675798411788E-4,1.0423025135410811E-4,1.7383251852914466E-4,4.97928942130049E-4,6.502460040753498E-5,7.388815120357908E-4,0.006716382116348037,1.215685257988665E-4,3.395516770119824E-4,0.015339033535661462,1.3104750320849643E-4,1.004530457156883E-4,6.905965526808795E-4,0.0011128866778701563,0.0017782834448452375,1.1181335750886558E-4,6.973532180828876E-4,1.0,0.0015396531658054726,0.0034594296422085754,0.004929824184065081,0.0011376582388721945,0.001444417674934625,3.0554510679910683E-4,0.0010151708449687394,5.73034383937283E-4,8.546714546126633E-4,1.5067654210252707E-4,1.933663444463473E-4,1.286197461608163E-4,0.0028001644334772315,1.4177485734305105E-4,6.022666589821946E-5,1.2763614027107024E-4,0.00111580270696305,1.7530898597875664E-4,7.441960113099246E-5,1.0462633167618105E-4,1.1483438560271894E-4,2.460939627103222E-4,1.5813228908782644E-4],[0.001551750106135038,4.298631430802739E-4,0.0015746113834279496,0.0011284277154495566,0.0012427697308459694,0.0014249583805782862,8.866825515431988E-4,0.008839810145869171,0.0011127839354794175,0.0022465834895448794,6.779840340410463E-4,8.259185111675512E-4,0.0015669899893617704,4.630288486458592E-4,2.565229300728338E-4,0.0013027337040777379,2.7503621844362672E-5,0.0020801703465121537,0.0027330829341231846,0.0018089636862482549,0.0028896485025530173,0.0035544393097187163,0.0010963281954655107,9.938732548952992E-4,0.0018764390527285747,0.0024494969068034667,0.0023492020304665792,5.77683216636754E-4,0.001314993628659748,0.0015396531658054726,1.0,0.006952248650329661,0.010852250226511576,0.001767343019562628,0.0018577358448087261,0.0015165614222616046,0.00576107161927758,0.0011379625473495196,0.0018685711870986214,0.0012864415571509215,0.001584437437843435,2.2638913154273988E-4,0.0019376253909023406,5.86351997911644E-4,5.302526418694761E-4,0.0012921032675141894,0.0017809953474784228,0.0018135351842271646,0.0012938260092318604,0.001279362744066444,5.124959511453008E-4,6.880314123609079E-4,0.0015458377898588161],[0.007294329140775513,0.018804928776725766,0.0014367561660497653,0.003837535119404725,0.016412491147346542,0.005779183803557281,0.009475942987317352,0.023647315925622102,0.01678695948667157,0.0046518633515407,0.013024410735086322,0.0023288532993587584,0.01730243574439772,0.004913569358237642,0.021040511499764103,0.00669717835566765,0.018921794263193275,0.012065584892578914,0.020553713855223324,0.02518041777769333,0.01640300129138795,0.027079292963309274,0.01808030937211555,0.016132708180987297,0.01392998318476134,0.01772792922001516,0.007775629115602935,5.469378421077127E-4,0.009643056372450776,0.0034594296422085754,0.006952248650329661,1.0,0.018165341376784928,0.01251249235877492,0.010816242908862805,0.01055447145964652,0.015657059030415317,0.01501447476456725,0.00906801889174728,0.011417322798233206,0.006521005821505559,0.009498086981454596,0.014600277980667733,0.023609235637028998,0.018554404410189778,0.001105746284478458,0.014639738333341899,0.019334702295261616,0.013417276215434797,0.02094586603097583,0.004008815888233371,0.002010492210843258,0.005095280821891648],[0.0031693575858717364,0.01218723585917517,0.002264973455125263,0.006431142527725153,0.009677395514008797,0.007933350004280922,0.010876839287319253,0.012699360833379235,0.008733042449430028,0.005651670473487382,0.0028987447843544095,8.352551960585015E-4,0.002553182653761183,0.009708713161255562,0.0055099093676658694,0.011378516318713163,9.924246987125837E-4,0.00946492256838519,0.011806047998216761,0.007054149262288821,0.009045875414384102,0.0250401448028042,0.012544620105489306,0.008206695494267764,0.011913148387107692,0.010980629864547373,0.00930651740121712,0.0015249618571884,0.0038686647809060013,0.004929824184065081,0.010852250226511576,0.018165341376784928,1.0,0.01064943828379275,0.002891224052119484,0.010676695183917694,0.007786883261393234,0.0020353967461682375,0.007664405950056886,0.007185590949092375,3.2569894027738967E-4,0.001450098435507837,0.0036356341620344844,0.003882214396239572,0.007014559687338782,0.0019658587649050347,0.004458003982592757,0.0063009226370132,0.005450487452119548,1.0981220069479734E-4,0.0011391311717995193,0.005051486491050906,0.0018089307547901742],[0.0012453066095675191,0.001650235598178603,0.001727545273715288,0.0012558797009558373,0.0013387509738833835,0.0014741133433427095,0.0010930529040151658,0.01071920424094314,9.937843933985474E-4,0.002082907749802071,8.354679270213749E-4,1.1461661461611777E-4,0.0016416776734500917,0.0012970186608909594,4.934319371653209E-4,0.001500698559582035,0.0015456392984164848,0.001965346927430472,0.0097825028985654,2.483749884806401E-4,0.0027650042971942047,0.023311449701990502,0.0015061883740911817,0.0012966097411725738,0.0018147430878523389,0.00248905301507451,0.0018865384812007445,2.1777690819400035E-4,0.0014787030206236697,0.0011376582388721945,0.001767343019562628,0.01251249235877492,0.01064943828379275,1.0,0.0015081076072831576,0.001206464769868101,0.002221313334033529,0.001114059631403402,0.0016359479240805879,0.001144438498362076,5.422652064653451E-4,0.001553838208736025,0.002554587214837262,0.0015653607012667253,3.9831267051958024E-4,0.0015332204323448935,0.0015248925062203806,0.0015925840260799036,0.0016918024457339362,0.0017537112623584278,0.001071885910429656,6.178468277103186E-4,5.432516742902688E-4],[0.0013976787991688282,2.6140163389361346E-4,6.930653704893894E-4,0.0010098660162820379,0.0013909991247324273,0.0012241544345854127,6.51288803150165E-4,0.0023328007845165558,3.974193896544706E-4,0.002019838780440735,6.924312565967238E-4,0.0011046925668046442,0.0010285980862044385,5.768765427722453E-5,0.0010026781905358747,0.0013470776430093408,0.0013547044592666503,0.0022939634339358044,0.007869845288385496,8.331413960809197E-4,0.001555043766680348,0.010940323264407144,0.001428297077638931,0.001052165701377152,0.0017661650660957633,0.0020739443666813683,0.0029222534394088735,0.001297763053908729,0.001390526457525669,0.001444417674934625,0.0018577358448087261,0.010816242908862805,0.002891224052119484,0.0015081076072831576,1.0,0.0010777736249897069,0.0033744520602206622,0.0010536789114707645,0.0012922057013257191,0.0014306046288693579,4.549750991562623E-4,4.5054075808743346E-4,0.0016333364009173668,0.0010881547828655105,2.3791634393504035E-4,0.001169791934994257,0.0014723497531375037,0.0014158019634709718,3.287242320107272E-4,0.001413591727580729,3.2277246021494073E-4,8.702131970805169E-4,9.541898566613524E-4],[0.0011281961909020987,7.997684517967139E-4,7.238759702669423E-4,8.095233470019556E-4,5.029812574247443E-4,0.0011053021896920917,5.027665715232248E-4,0.008123948305413983,2.4057806593970362E-4,0.00204068222923128,8.545424431087112E-4,4.170943340504058E-4,0.0010114408473445562,9.926460387396478E-4,5.103298872778277E-4,0.0012150656014932497,1.5973151780048338E-4,0.002455469341290446,0.005327480308429845,4.915794139990184E-4,0.0011895121503030556,0.01786236503856119,8.209654894779929E-4,0.0010201868140300577,0.0011794275475857353,0.002475170197167877,0.0023968538850626915,9.923968445382204E-4,0.0010803347267729268,3.0554510679910683E-4,0.0015165614222616046,0.01055447145964652,0.010676695183917694,0.001206464769868101,0.0010777736249897069,1.0,0.0019976521967721367,8.889931010690287E-4,0.0010816258862707602,9.545103793054122E-4,3.7432874183490486E-4,9.980904177735526E-4,0.0012710376931130232,5.345767385536287E-4,0.0010320348195461766,6.059345125349702E-4,0.001277061995510442,9.7