[[1.0,2.543750158234279E-4,1.1006338481833563E-5,9.115740772839707E-5,1.5544173713048034E-5,2.4463280289212954E-5,1.9959893053852552E-4,0.001937406532942625,1.0846788319678034E-4,1.781755860975565E-4,1.644094284504539E-4,1.4732928056978665E-5,4.3680156970432376E-4,1.6539652094674986E-5,6.382225924315983E-5,1.217694549729213E-4,6.272112483488527E-5,1.4501827865106317E-5,5.269755971334799E-5,2.9992209190672E-5,3.1141813933387356E-5,1.398247116261826E-4,1.1051173295136514E-4,1.8328377634352128E-5,3.6727872689358104E-4,6.454349526857788E-5,1.6115832603020577E-4,0.005803117611225079,1.9707404652412255E-5,1.076651137264282E-4,0.005138778561802596,1.2445818133468921E-4,3.6548812810016564E-4,6.618911616350159E-4,3.1113167828468626E-4,1.575134230319718E-4,0.005893043942910083,3.4434902380473453E-4,0.0155515533339734,8.101723525116634E-5,5.904001065356715E-4,1.6236697821660233E-5,5.541111295635205E-5,3.6198899440862233E-4,0.012691212901233163,2.736862915470459E-5,2.7027261532168255E-4,5.492457895219376E-4,2.3906489097453203E-5,1.334641153027614E-4,1.157285914474209E-5,1.4785804473637992E-4,0.010310024967199669,1.9068246121495605E-4,4.51182353963511E-4,9.363293400771423E-5,2.428889917388911E-4,0.015087926952003448,8.586029775733329E-4,9.204591798560207E-5],[2.543750158234279E-4,1.0,0.0020983555687954293,0.0019006409001784865,6.549310457415714E-4,4.967195607377684E-4,6.261890475892707E-4,0.0023309010436582357,0.001215639663048193,0.001800844602380528,0.0012840489275227436,0.0016173467470347836,0.0012887317225595647,2.2710907024458274E-4,0.0013984526779292651,0.001771773059385621,8.920821417974577E-4,0.0019237201150093667,2.735358600888296E-4,7.063146385600793E-4,4.4344536116493107E-4,4.3522106427257496E-4,0.0013230097401069562,0.0017999140262932771,0.0016305138568211235,0.004354151979253518,0.0018388895422845248,0.007454426928471765,0.001294805771374398,0.0016637563190849,0.010032721613630089,0.01620741469430062,0.002040798509395094,0.005171869431797499,0.0018084426121970977,0.0040032995186731965,0.010343150846735642,0.0020774820187094063,0.006893831968056171,4.5499636330965015E-4,0.0017523639666478445,8.379075527042026E-4,4.6840475321138027E-4,0.00111706593625255,0.008980511058972004,0.0014007794651440513,0.0018864541483706071,0.0019236253558961793,6.262001912736661E-4,3.2389876129234533E-4,7.045249520082036E-4,0.0010914798460899757,0.004569141760124032,9.658817314239249E-4,9.773970122468976E-4,0.0010414945646840072,0.001807224818390716,0.005280247752557064,0.0015325395525173254,0.0014141366885550438],[1.1006338481833563E-5,0.0020983555687954293,1.0,1.9101126175277995E-4,1.1345625172803648E-5,2.3533035570364227E-5,4.037264501480187E-5,4.621993796604292E-4,1.1488517997094527E-4,1.1677818915585646E-4,8.282619230097603E-4,1.0813385047386787E-5,6.151913783130542E-4,1.0885357140812893E-5,1.429179185153581E-4,9.254838735975715E-4,2.8314598443731286E-4,1.1091652387437273E-5,1.3488814762112003E-4,1.119618371764753E-5,8.566268456491163E-5,2.824551461028402E-4,1.451561576834723E-5,1.2545495075553142E-5,9.909531817814277E-4,0.0035137306497226187,6.216447794172134E-5,0.001257440956240651,1.9252339127158204E-5,1.379773712003084E-4,0.008765279165587513,0.015155260454142571,0.0015051490952020749,7.632748993278816E-4,2.2339414093750453E-4,0.002717120901651181,0.008203896112029936,0.0010871842633296516,0.011066138554121528,3.3573655684675004E-5,2.895584467367235E-4,1.3509194597399567E-5,1.2806713441067459E-4,2.8658944934006675E-4,0.007584766582891765,6.944265397162391E-5,9.436347210236982E-5,6.22914159584433E-4,1.550120740701377E-5,1.1850920681530379E-4,1.0931990746707132E-5,3.28226253239298E-4,0.013204329948956659,7.573506539816406E-5,2.0857263118360703E-4,8.118890347649287E-5,5.295153715528451E-4,7.66839905019557E-4,5.234122076944015E-4,7.508861920058182E-5],[9.115740772839707E-5,0.0019006409001784865,1.9101126175277995E-4,1.0,5.405942291060262E-5,8.95741097471763E-5,2.1653047747648732E-4,9.553915896232872E-4,2.0795590539263287E-4,1.9100330999197995E-4,3.5725157731199573E-4,2.3847477789637353E-5,3.576655225716025E-4,1.6845602467106525E-4,2.545338632838804E-4,6.438983980484509E-4,3.048120991639661E-4,1.8763947348928798E-4,1.687884634513255E-4,8.049248666055998E-5,1.8234556306591043E-4,2.678323946276666E-4,1.8208983169683344E-4,1.6317502245171274E-4,8.404312532661748E-4,0.0023748091818695297,1.8261890831851118E-4,5.069326646537596E-4,6.635537635993436E-5,5.894634883599795E-4,0.004558035150058266,0.0026312929846150426,0.0017884894145827868,0.013251314582296392,3.9618359681878627E-4,0.0031588181913258287,0.00451910291976,3.291907057889953E-4,0.034013358730527354,3.318199944438087E-4,0.001212236858116908,2.7723758506775346E-5,1.640466990475761E-4,4.2827397157334224E-4,0.004467040895295402,1.9422813992925775E-4,0.0010009049083417477,0.001015149727698415,1.863531415751338E-4,1.9971338821330627E-4,1.7292236641652567E-4,3.0733211549623747E-4,0.01335706106175635,3.1970656286899523E-4,3.7678079578760027E-4,1.6336917419106951E-4,6.789453453146382E-4,0.013641695443545394,0.0010245668982533087,1.7166175866848137E-4],[1.5544173713048034E-5,6.549310457415714E-4,1.1345625172803648E-5,5.405942291060262E-5,1.0,1.892897156304397E-5,1.2428065920187215E-4,0.002318178364545409,2.3278422976024066E-4,1.0933535270250241E-4,2.8996863383063824E-4,1.1444631975116376E-5,6.798592140835113E-4,1.3906462489817731E-5,1.4641302116714589E-4,9.482591041099599E-4,6.266643296507647E-5,1.1638553477257155E-5,2.5382525992435346E-5,2.521949836286243E-5,1.2203994984126955E-5,2.911043000747404E-4,8.664045956149576E-5,2.7299427007447207E-5,9.558798091404306E-4,0.003660624243001322,2.2530336540140563E-5,0.00966743528222579,1.5234750592769608E-5,0.00123348286980499,0.006236594456472383,0.009142778290819817,0.0013496275406760067,0.008784893457249516,3.6970120652534403E-4,0.0041374849995920275,0.011743105050079252,9.360934615685598E-4,0.057625014373801575,2.3193067502728725E-4,4.682698379391027E-4,1.1822507509865074E-5,5.680035821076305E-5,2.3524850558744178E-4,0.012664877971307742,5.241527471743076E-5,7.177326176615565E-4,4.617155783730566E-4,1.9071632008617662E-5,1.1927352428532287E-5,1.118994102978026E-5,1.7933550637041384E-4,0.004685226600925921,4.919525139205716E-5,1.3823061693561464E-4,2.7634250807880744E-5,6.584923231370487E-5,0.0014803975783956216,9.350915014356879E-4,1.0228286294932645E-4],[2.4463280289212954E-5,4.967195607377684E-4,2.3533035570364227E-5,8.95741097471763E-5,1.892897156304397E-5,1.0,1.6674874730667743E-4,0.0015415179669464672,1.814300556018699E-4,3.685870562065203E-5,4.1622582192533107E-4,2.3144260291037582E-5,8.95972821160119E-4,2.230836855504675E-5,1.3748287240776644E-4,6.133936638842961E-4,1.7620639589556374E-4,1.991256329991726E-5,1.4751936631319536E-4,2.63530407506973E-5,2.9174436855777903E-5,1.9471484395022987E-4,9.587817786426275E-5,5.7013231207835434E-5,4.328601161489505E-4,0.0018569881091814186,5.23606886443771E-5,0.009167499203739313,2.309548148872046E-5,7.37274544325158E-4,0.006490906243742925,0.012137341829365602,8.094299310233448E-5,0.002465762575082662,1.7384883686835718E-4,0.003756495490854936,3.0867717894233137E-4,0.001912094169496087,0.024056853074343562,3.3803985968795305E-5,9.024605804904549E-4,1.9978827648316246E-5,7.167519200000332E-5,4.7096884302436396E-4,0.007283814236980541,9.174506335419106E-5,6.382322206488379E-4,3.398151803551092E-4,2.9928860289661803E-5,1.3151012173295525E-4,2.2198421414788787E-5,8.891798908864168E-5,0.009917134460341377,2.8205596827434603E-4,1.6198184720521707E-4,8.018130275576125E-5,2.9294123317044152E-5,0.014121907279482409,2.1758026396781694E-4,5.113592055560911E-5],[1.9959893053852552E-4,6.261890475892707E-4,4.037264501480187E-5,2.1653047747648732E-4,1.2428065920187215E-4,1.6674874730667743E-4,1.0,5.707345105827261E-4,2.470766192933893E-4,2.0188701762627006E-4,2.758426600690025E-4,2.3060590722356452E-4,8.882627864404804E-4,4.782998901991268E-5,2.464817006050328E-4,8.831135946649317E-4,2.611022923524239E-4,1.8157246881664944E-4,1.5868119644561038E-4,9.46664123038661E-5,1.7681274066356446E-4,2.481244949055844E-4,1.877476791282869E-4,1.8203544009291094E-4,4.0856017475420794E-4,3.335835046583052E-4,1.9900276000941162E-4,0.009593672484165155,2.297003404064417E-4,0.0010283367608174077,0.010398540140918597,8.381359447910577E-4,0.001962052596068949,0.011796512065409102,3.687944920077674E-4,0.0033746774518025238,0.006006692050755312,6.529357036796726E-4,0.045622828366011614,3.0522313720239016E-4,0.0011218680480727325,1.331747305917939E-4,2.236989144518165E-4,4.761317385507341E-4,0.011658446697256627,1.2632814698239193E-4,7.254142938173029E-4,4.632380100504825E-4,1.6962147324931496E-4,2.1074617221008592E-4,9.162368893186734E-5,3.290066185322334E-4,0.014217961940068738,3.517172021821915E-4,2.4681006451452E-4,2.2134815503546202E-4,2.8569191182579057E-4,0.010124961980633502,5.048097029106042E-4,1.062321105672206E-4],[0.001937406532942625,0.0023309010436582357,4.621993796604292E-4,9.553915896232872E-4,0.002318178364545409,0.0015415179669464672,5.707345105827261E-4,1.0,7.017634157301437E-4,0.0014222668640528967,0.0018125972141684208,5.212010465913705E-4,0.0020517815534503575,0.001936811249045362,0.0011187608713947965,0.002319743652767375,0.0018556500857027267,0.001756190800095533,0.0020563066612531915,0.0011446059257351772,0.0013066365331373415,0.0018800638915405167,9.28729207472454E-4,9.916798659620257E-4,0.0023788079908594203,0.0032827803349220514,2.2523727922347698E-4,0.0033473890972917715,0.0016481580978540695,0.0022136169881465796,0.009967823520694613,0.01601029279902574,0.0020530727996440736,0.004311275335263424,9.795775442107428E-4,0.0031220105690375932,0.006106727102355519,0.002201012010526375,0.006998726991350674,8.114748948434849E-4,0.0024536575665029497,2.6702008564271154E-4,3.798389088559297E-4,0.0022379261215589056,0.008565448838708857,4.45791091365168E-4,0.0017709502181927454,0.0014288127530311286,9.489690899490546E-4,0.0017264874616909906,7.935004630466431E-4,5.756734881049504E-4,0.014199278245233659,0.0020876182860401237,0.0021295860708334543,0.0012603146096705335,0.0022239459437915026,0.007815296712265447,0.002162377883399612,8.80202741290212E-4],[1.0846788319678034E-4,0.001215639663048193,1.1488517997094527E-4,2.0795590539263287E-4,2.3278422976024066E-4,1.814300556018699E-4,2.470766192933893E-4,7.017634157301437E-4,1.0,2.0433249264249483E-4,3.6445976525803687E-4,9.655646834786827E-5,8.055089317146717E-4,7.23597762121319E-5,2.502461205631244E-4,3.6704351230547333E-4,2.629371060086194E-4,1.3532421426107644E-4,2.4146353740120018E-4,1.4440558721094814E-4,1.6643455531710512E-4,3.1780387813624847E-4,1.225016038909201E-4,1.1950251592273754E-4,8.060841980549141E-4,0.0020080417818627394,2.0598535266809327E-4,0.009311940016850003,5.488548171999407E-5,0.0012242931458401433,0.008024165617739767,0.020781676234342232,5.655664044636737E-4,0.00965578209905638,4.733853184823142E-4,0.0029757038144895753,0.0018029130148907845,0.001759980031432892,0.027294604321758384,2.68059925314527E-4,7.071081719751556E-4,7.447663504608635E-5,2.3871909902538978E-4,3.4473095210742715E-4,0.010875593576008515,1.5470127928768015E-4,5.877635547446151E-4,4.913556681399947E-4,2.2549004949254346E-4,2.090959132187765E-4,1.9293421886675165E-4,3.0556322689549E-4,0.009664801849961796,3.1346021359850585E-4,4.491423676705478E-4,1.9763290538853036E-4,3.760624841448977E-4,0.0011807551514413782,7.519028632902158E-4,2.0998551897258522E-4],[1.781755860975565E-4,0.001800844602380528,1.1677818915585646E-4,1.9100330999197995E-4,1.0933535270250241E-4,3.685870562065203E-5,2.0188701762627006E-4,0.0014222668640528967,2.0433249264249483E-4,1.0,4.077293644004368E-4,6.529970614955754E-5,7.618119762618005E-4,1.8345985690867167E-4,2.27259557481734E-4,3.695830617174356E-4,2.6881806125414736E-4,1.690153863011113E-4,1.6831152803927342E-4,1.3459257353367384E-4,1.6553532372134543E-4,2.088424422089859E-4,1.3256521954113564E-4,1.4554818241767727E-4,0.0010072485088980705,0.0026229045992837885,1.7286235851328476E-4,0.001529708042814835,1.6600183358314003E-4,0.0014960751836841232,0.008590638530376962,0.003569002339316155,9.589540481530498E-4,0.0013088662511409968,4.1583055910262786E-4,0.0011730957384820148,0.01090013531004051,0.001074685781995534,0.01813499323954187,3.318423339365556E-4,6.640472559548864E-4,1.4774821326612024E-4,1.6827123636362128E-4,3.6138951828855264E-4,0.013673268609858501,1.2204630192920961E-4,4.99808234037902E-4,2.258915015834464E-4,1.5625902708211846E-4,1.8843097481095357E-4,1.3633672255201486E-4,3.985403005265408E-4,0.008462994640293044,2.4658330069608157E-4,2.9465448634324854E-4,1.5881434254874226E-4,3.5355163214420007E-4,0.016107040482606385,9.497165384373152E-4,1.0363358917666565E-4],[1.644094284504539E-4,0.0012840489275227436,8.282619230097603E-4,3.5725157731199573E-4,2.8996863383063824E-4,4.1622582192533107E-4,2.758426600690025E-4,0.0018125972141684208,3.6445976525803687E-4,4.077293644004368E-4,1.0,5.592921247885186E-4,0.0010218476755057384,6.107393017225018E-4,3.0184908834227916E-4,9.524216100222865E-4,6.639475399964301E-4,6.308774609062474E-4,6.073443249083727E-4,3.2101107143242384E-4,8.036281863286962E-4,6.042475910758801E-4,5.043664399235946E-4,4.1562805291285284E-4,0.001255382687845721,0.004518974452516841,3.287563739120432E-4,0.0017165285496785567,2.424736138696068E-4,9.529658067727702E-4,0.0022536224417368167,0.006238037792677037,0.0017290421608598385,0.013391540588920498,7.169435157721775E-4,0.0019293532995002189,0.004734666513445925,0.0019674032105325627,0.05801611775099542,4.117708353859403E-4,0.0010809434451024354,6.063771851832834E-5,5.779284441755202E-4,8.246304435000551E-4,0.010078982289696755,7.810251664785444E-4,0.00106484918743297,8.655621867850154E-4,1.6809124032334108E-4,7.4550774731595E-4,5.981378084531611E-4,4.827777609618316E-4,0.007232622936190702,5.998319499458027E-4,5.711858112889838E-4,6.143782661638016E-4,8.242583620713346E-4,0.007633329233564097,9.884020460007008E-4,7.420023214698744E-4],[1.4732928056978665E-5,0.0016173467470347836,1.0813385047386787E-5,2.3847477789637353E-5,1.1444631975116376E-5,2.3144260291037582E-5,2.3060590722356452E-4,5.212010465913705E-4,9.655646834786827E-5,6.529970614955754E-5,5.592921247885186E-4,1.0,2.1720935204486852E-4,1.3156359606875779E-5,1.1079456714438846E-4,1.5804708268504712E-4,1.2012503479604145E-4,1.2610897105785728E-5,1.1073288010987147E-4,2.031690195829554E-5,1.217157622945917E-4,5.9002731156314016E-5,4.468254130212031E-5,2.973720920838118E-5,7.943483288311166E-4,0.003022518906595979,1.612923270351868E-4,0.0071926128772666536,1.4897148258402012E-5,4.759574155240541E-4,0.00741426577738066,0.009640798152637632,5.884525676852988E-4,0.00809268035596953,3.426638235303119E-4,0.003664631259451912,0.0058621816360668755,5.892574609928793E-4,0.0021424906305262652,1.47846309389116E-4,2.362755231029576E-4,1.3343207854941191E-5,9.822177481780554E-5,3.832181847448223E-4,8.629882196514291E-4,4.4089248043161956E-5,5.154405648242545E-4,7.727849426700217E-4,2.4423973791446798E-5,1.9555506751221292E-4,1.091220513281117E-5,6.06723573437783E-5,4.6289105787616236E-4,1.3686995593113397E-4,4.5101673818412845E-4,1.7846562363305193E-5,4.515667133451004E-4,0.006862345095450405,7.024279083437607E-4,6.786025909690215E-5],[4.3680156970432376E-4,0.0012887317225595647,6.151913783130542E-4,3.576655225716025E-4,6.798592140835113E-4,8.95972821160119E-4,8.882627864404804E-4,0.0020517815534503575,8.055089317146717E-4,7.618119762618005E-4,0.0010218476755057384,2.1720935204486852E-4,1.0,8.539115506598206E-4,2.677547918627603E-4,0.0011497258354851146,6.411994440588479E-4,5.838603657439299E-4,4.5365512807963497E-4,7.079676341803777E-4,9.972727770513107E-4,6.620952789722166E-4,2.930049760721766E-4,0.0010556224076063553,0.0011364846299065743,0.004368773482345246,8.543826517703772E-4,0.009591384183636364,8.998358566655082E-4,0.001128745740590426,0.003995772850694181,0.012930494023070184,0.0013963700606040648,0.012571828544995115,9.732076435009127E-4,0.00445019884453479,0.0057781847585336625,0.0018581399306528072,0.044186929589904896,6.698283577545722E-4,0.0012245061004487333,3.470139042163801E-4,9.665914178217485E-4,5.148930012814532E-4,0.006814601799173567,9.649472668992728E-4,0.0010777437411779499,0.0010695885377723065,7.64458976024874E-4,8.984538230215771E-4,0.0010440874484186997,6.795667256307414E-4,0.006010704765799354,9.805646183267999E-4,0.0010147162034275042,5.047556578865446E-4,7.893427942571012E-4,0.010837617141042893,0.001110559976988726,1.8068846761510772E-4],[1.6539652094674986E-5,2.2710907024458274E-4,1.0885357140812893E-5,1.6845602467106525E-4,1.3906462489817731E-5,2.230836855504675E-5,4.782998901991268E-5,0.001936811249045362,7.23597762121319E-5,1.8345985690867167E-4,6.107393017225018E-4,1.3156359606875779E-5,8.539115506598206E-4,1.0,6.692014068625587E-5,0.0010318301233226486,1.3658288305467216E-4,1.4416638224830038E-5,4.323709985022927E-5,1.6734417752967997E-5,1.2090067241206156E-4,3.070677084050145E-4,1.0568652910676425E-4,2.2023369460774016E-5,2.4234181952165166E-4,0.0033245448186566265,1.2817389336459758E-4,0.003329412611203378,2.0956066238897086E-5,0.0010205629569337528,0.007249719687214831,0.012392772985643232,0.0019585574569690933,2.1073250982386375E-4,2.125337496754818E-4,0.0031535623328966447,0.0012163281360442436,0.0014719973790473975,0.05244749457277465,3.225101764560592E-4,0.0010604432265360027,1.5177166277079066E-5,7.492439765412929E-5,3.7990300291494136E-4,0.0014657865679525398,8.98327863600185E-5,7.950395364415471E-4,8.454440483121401E-4,2.6883693633245473E-5,1.4011181132672312E-4,1.1919530694273119E-5,3.514648619661218E-4,0.005699533457946392,2.954468323276497E-4,2.0976800671228664E-4,7.736903710169944E-5,6.46007035865541E-4,0.009335210854881334,6.601688446294026E-4,5.58969556941224E-5],[6.382225924315983E-5,0.0013984526779292651,1.429179185153581E-4,2.545338632838804E-4,1.4641302116714589E-4,1.3748287240776644E-4,2.464817006050328E-4,0.0011187608713947965,2.502461205631244E-4,2.27259557481734E-4,3.0184908834227916E-4,1.1079456714438846E-4,2.677547918627603E-4,6.692014068625587E-5,1.0,9.334165282004897E-4,3.4043504097277014E-4,2.3218014150459804E-4,2.092191098499331E-4,2.4735327526411057E-4,2.5052104717750254E-4,3.374451781252417E-4,2.5618656073825476E-4,2.25745821891836E-4,0.0011984450370204516,0.003281116251894691,1.8739145865284449E-4,0.009061151541610352,4.4973556064003394E-5,3.9839298883202854E-4,0.004780749069536882,0.013555552368917352,9.497654795240197E-4,0.014059308324545283,2.7806019360924024E-4,0.0028786066325306335,0.006911581167461282,7.73542876658804E-4,0.020071096966488053,2.939952719132711E-4,0.0010486650261198164,2.3035794165482529E-4,1.636466712326641E-4,4.791422269690717E-4,0.01194924760910743,1.1314281245158577E-4,7.966842121043907E-4,6.130021792851845E-4,2.195038707987565E-4,2.2531296221168107E-4,1.2648877288894992E-5,2.7071106725664847E-4,0.011039514377765864,3.4757033260077435E-4,5.084231564384068E-4,1.2142550715674085E-4,6.694243015548801E-4,9.434909529703963E-4,5.88814859556263E-4,1.1757394454695682E-4],[1.217694549729213E-4,0.001771773059385621,9.254838735975715E-4,6.438983980484509E-4,9.482591041099599E-4,6.133936638842961E-4,8.831135946649317E-4,0.002319743652767375,3.6704351230547333E-4,3.695830617174356E-4,9.524216100222865E-4,1.5804708268504712E-4,0.0011497258354851146,0.0010318301233226486,9.334165282004897E-4,1.0,0.0010637263045762937,3.670207963137086E-4,5.453898070368372E-4,1.1653091939320019E-4,9.062696099176572E-4,0.0010795309691445233,4.750106562334907E-4,4.568614206816921E-4,0.0012492727072318896,0.0035225365635331543,6.356862599545563E-4,0.001333657934206817,3.29495102910069E-4,0.0015688845409073918,0.009499547305667187,0.012841289118501131,0.0015419970043762917,0.008670019215150666,6.098563281453739E-4,0.004578623750534378,0.0030028091550807017,0.0012960657542546922,0.004139534508731562,0.0010835776318050359,0.0012268444442083445,0.0010361859359354307,3.9865360075553544E-4,0.0010365698767747767,0.005681703048537273,1.4209547540202386E-4,0.00114585457428955,0.001174233127465194,0.0010915651999315677,4.892548418024947E-4,4.728501719285106E-4,0.0011608420371782458,0.0022156715134027016,4.292770138074482E-4,7.146959981041991E-4,6.464891433977267E-4,0.001033155473560492,0.014126428330113973,0.0011966468983233018,0.0010502949253513724],[6.272112483488527E-5,8.920821417974577E-4,2.8314598443731286E-4,3.048120991639661E-4,6.266643296507647E-5,1.7620639589556374E-4,2.611022923524239E-4,0.0018556500857027267,2.629371060086194E-4,2.6881806125414736E-4,6.639475399964301E-4,1.2012503479604145E-4,6.411994440588479E-4,1.3658288305467216E-4,3.4043504097277014E-4,0.0010637263045762937,1.0,2.9303592456896677E-4,3.1012010927902424E-4,1.49109977838691E-4,2.1987701721759974E-4,3.588594706336667E-4,2.397836069438079E-4,2.956731233564746E-4,9.905694982451896E-4,0.002397223640338124,1.870062095532275E-4,0.0081040650305614,1.0877856266958313E-4,6.091110915794164E-4,0.009044113113008692,0.006682582148112905,0.001265207091964008,0.00919691346627353,5.009470426350898E-4,0.003927467905435249,9.885492040850171E-4,6.412146803107456E-4,0.017404065547994892,3.7190614857613997E-4,8.677816567610176E-4,4.098101215334449E-4,3.7201448553079617E-4,4.971594966286194E-4,0.011672220414048685,2.921733051227534E-4,4.7031950543734174E-4,0.001013015591902017,1.9785733294770653E-4,3.265843668555646E-4,5.9676551000223674E-5,4.352761859811894E-4,6.028567254043906E-4,3.8958531562031305E-4,4.686361925258529E-4,1.8694215694316194E-4,4.382773208408435E-4,0.014356630148673954,7.80065035520699E-4,1.5632950762190298E-4],[1.4501827865106317E-5,0.0019237201150093667,1.1091652387437273E-5,1.8763947348928798E-4,1.1638553477257155E-5,1.991256329991726E-5,1.8157246881664944E-4,0.001756190800095533,1.3532421426107644E-4,1.690153863011113E-4,6.308774609062474E-4,1.2610897105785728E-5,5.838603657439299E-4,1.4416638224830038E-5,2.3218014150459804E-4,3.670207963137086E-4,2.9303592456896677E-4,1.0,5.082898427002228E-5,1.5406825529353943E-5,1.3410696200013518E-5,5.112017694168012E-5,4.122693350344016E-5,3.978832518837572E-5,7.541604941107623E-4,0.0033042379234856536,5.393279136932335E-5,0.007851869690740924,1.874012531054265E-5,0.001358122319971332,0.011699795145449669,0.0064206215943793735,2.4771553296409974E-4,0.010007251822507446,5.011811457718078E-4,9.023675333687969E-4,8.053400351570109E-4,5.855232053140629E-4,0.026324395343584668,1.9700082314333156E-4,9.867867756577756E-4,1.3052068749605409E-5,8.660745939558881E-5,3.2990670838054534E-4,0.013190866938025025,1.0403138710581642E-4,8.711790491075528E-4,3.9051449643101055E-5,2.030131197465376E-5,1.4504158946953132E-4,1.230637726346634E-5,1.9908870196813153E-4,0.0017703369047016664,4.9265498238950406E-5,3.44146824114229E-4,4.3209726698690405E-5,6.53186202280143E-4,0.009271598021418862,0.0011673950809158813,4.229663382477584E-5],[5.269755971334799E-5,2.735358600888296E-4,1.3488814762112003E-4,1.687884634513255E-4,2.5382525992435346E-5,1.4751936631319536E-4,1.5868119644561038E-4,0.0020563066612531915,2.4146353740120018E-4,1.6831152803927342E-4,6.073443249083727E-4,1.1073288010987147E-4,4.5365512807963497E-4,4.323709985022927E-5,2.092191098499331E-4,5.453898070368372E-4,3.1012010927902424E-4,5.082898427002228E-5,1.0,1.4319510358206603E-4,1.5904424387330851E-4,2.0536070846942275E-4,1.3546752885236593E-4,1.3664213846684283E-4,8.809329269206862E-4,0.001984240957838516,1.569325677070034E-4,0.009210265192195734,1.4076646294121196E-4,8.585456229005171E-4,0.010105191862410613,9.771851716950182E-4,0.001820656354578501,0.01239673548096921,3.383840991212988E-4,0.00502679482555414,6.050011188781082E-4,0.0010020857035519012,0.029896374999478323,2.3827660363160997E-4,9.886706222683216E-4,1.0887250473977832E-4,1.5426561539303243E-4,4.47348235553434E-4,0.003998343530005605,1.4655439352991587E-4,5.83712806688771E-4,6.630975306308375E-4,5.460645978659294E-5,1.4989195995180485E-4,9.86615257813425E-5,1.9462153646470276E-4,0.00707864416404989,2.8966741327757825E-4,3.6598281543180253E-4,1.174836981906561E-4,7.220042524005762E-4,0.010919259300632655,7.930258526937352E-4,1.1915867701546212E-4],[2.9992209190672E-5,7.063146385600793E-4,1.119618371764753E-5,8.049248666055998E-5,2.521949836286243E-5,2.63530407506973E-5,9.46664123038661E-5,0.0011446059257351772,1.4440558721094814E-4,1.3459257353367384E-4,3.2101107143242384E-4,2.031690195829554E-5,7.079676341803777E-4,1.6734417752967997E-5,2.4735327526411057E-4,1.1653091939320019E-4,1.49109977838691E-4,1.5406825529353943E-5,1.4319510358206603E-4,1.0,1.0788997974028454E-4,3.277717629126226E-5,1.122202267402956E-4,4.525305302023394E-5,0.0012013208656055882,0.002074418361049039,1.3374227926732694E-4,0.005107948660710238,2.412289259627673E-5,0.0015279753707760347,0.007905983813853386,0.02102407997566316,0.0016844829364062847,0.014077006326369086,2.2838609905282754E-4,0.002293951946836669,0.00805953727953409,1.9525930409760258E-4,0.04921342694170586,2.2580282721002494E-4,8.624680743989355E-4,2.784517968120981E-5,6.327294738017763E-5,4.970903637280474E-4,0.00842790294270349,6.188535721112545E-5,5.365427820473448E-4,4.3288989186532264E-4,3.0362604935897465E-5,1.7123009653894803E-4,3.124994498536267E-5,5.440335360264947E-5,0.010651993809964068,2.0919437370467398E-4,2.472451112854452E-4,5.2824983750271085E-5,2.2437314540967783E-4,0.006936728052053148,1.0888933207849101E-4,4.260701548924268E-5],[3.1141813933387356E-5,4.4344536116493107E-4,8.566268456491163E-5,1.8234556306591043E-4,1.2203994984126955E-5,2.9174436855777903E-5,1.7681274066356446E-4,0.0013066365331373415,1.6643455531710512E-4,1.6553532372134543E-4,8.036281863286962E-4,1.217157622945917E-4,9.972727770513107E-4,1.2090067241206156E-4,2.5052104717750254E-4,9.062696099176572E-4,2.1987701721759974E-4,1.3410696200013518E-5,1.5904424387330851E-4,1.0788997974028454E-4,1.0,1.8818724741336736E-4,1.3046824668755546E-4,1.268799271875721E-4,0.001135167965840042,9.91830211581861E-4,1.6418844312339926E-4,0.00541680902714326,6.143846387638654E-5,0.0015554067212622557,9.502725128943223E-4,0.002836233872312285,4.412428888223659E-4,0.01523039200114788,1.7478627552612366E-4,3.477363960707226E-4,0.0037560771054606264,0.0017469289235713414,0.030379215728567614,2.682961490179299E-4,7.23539485741928E-4,2.9749776236992726E-5,1.6309919204789657E-4,4.865531084880293E-4,0.006751282521854088,1.3594461678674466E-4,3.138250410878711E-4,5.799542902363661E-4,7.159407697418334E-5,1.9508254722239212E-4,8.043578674805875E-5,3.4848669350250234E-4,0.008289924986614631,3.1399175028369326E-4,3.42161412077326E-4,1.2324701885526844E-4,7.127786894038091E-4,0.013453788181226178,0.0010823387821143476,1.1663290094260655E-4],[1.398247116261826E-4,4.3522106427257496E-4,2.824551461028402E-4,2.678323946276666E-4,2.911043000747404E-4,1.9471484395022987E-4,2.481244949055844E-4,0.0018800638915405167,3.1780387813624847E-4,2.088424422089859E-4,6.042475910758801E-4,5.9002731156314016E-5,6.620952789722166E-4,3.070677084050145E-4,3.374451781252417E-4,0.0010795309691445233,3.588594706336667E-4,5.112017694168012E-5,2.0536070846942275E-4,3.277717629126226E-5,1.8818724741336736E-4,1.0,2.4992052920772483E-4,1.9519752873285983E-4,7.636517035334172E-4,7.548611293078009E-4,3.403846043083693E-4,0.007469377503067343,1.957468427237101E-4,0.0015280154167604594,0.004713056979626158,0.011606057728626922,3.548894010384138E-4,8.940368517542235E-4,4.6749481781255525E-4,0.0038287142226572195,0.002081402908809804,0.001615467484534888,0.04202735880716466,3.4526215355693175E-4,4.779132094748978E-4,3.131476004455634E-4,1.9965040566159863E-4,4.03242006035552E-4,0.002430975472556201,2.2617100902616756E-4,9.79211233702456E-4,0.0010081498309361218,8.692749689184676E-5,2.211474947097726E-4,2.444410037342668E-4,3.989779549301125E-4,4.2663581166376454E-4,3.5574296357924703E-4,4.424968535558359E-4,1.4404331961107283E-4,4.4598480809969867E-4,0.00248842587396861,7.781441960322497E-4,3.091996035565289E-4],[1.1051173295136514E-4,0.0013230097401069562,1.451561576834723E-5,1.8208983169683344E-4,8.664045956149576E-5,9.587817786426275E-5,1.877476791282869E-4,9.28729207472454E-4,1.225016038909201E-4,1.3256521954113564E-4,5.043664399235946E-4,4.468254130212031E-5,2.930049760721766E-4,1.0568652910676425E-4,2.5618656073825476E-4,4.750106562334907E-4,2.397836069438079E-4,4.122693350344016E-5,1.3546752885236593E-4,1.122202267402956E-4,1.3046824668755546E-4,2.4992052920772483E-4,1.0,8.928345491783621E-5,2.1556964595235555E-4,0.0028362347647120905,1.4693540269207237E-4,0.0024215330475191176,2.9389095782409103E-5,6.318084173854681E-4,0.004226109176415555,0.01839188612713548,0.0014043406779971467,0.010528695229617299,4.880094736166334E-4,0.004770232632513139,5.208433990996907E-4,5.350521446091506E-4,0.044718603630569675,1.7973610444747487E-4,4.159241372738876E-4,5.656059143169957E-5,1.517554577051958E-4,3.8178086985097485E-4,0.013236167580620059,1.1020233270821497E-4,4.324971972710802E-4,3.2483289238940775E-4,5.3051036692642066E-5,1.7039533205509972E-4,4.284928249046724E-5,4.0228281977239635E-4,8.321398746656721E-4,1.37816117781248E-4,2.9837785666249274E-4,1.1898201086678979E-4,2.543879796203482E-4,0.005276350576362751,4.3234500745871506E-4,1.1251157881691038E-4],[1.8328377634352128E-5,0.0017999140262932771,1.2545495075553142E-5,1.6317502245171274E-4,2.7299427007447207E-5,5.7013231207835434E-5,1.8203544009291094E-4,9.916798659620257E-4,1.1950251592273754E-4,1.4554818241767727E-4,4.1562805291285284E-4,2.973720920838118E-5,0.0010556224076063553,2.2023369460774016E-5,2.25745821891836E-4,4.568614206816921E-4,2.956731233564746E-4,3.978832518837572E-5,1.3664213846684283E-4,4.525305302023394E-5,1.268799271875721E-4,1.9519752873285983E-4,8.928345491783621E-5,1.0,3.4198516618221556E-4,0.0010977140795213878,1.319245052605809E-4,0.0015184050659257523,4.057357739237636E-5,8.340022663522362E-4,0.004030390116551643,0.009200407617797493,0.0014239246082489894,0.0017568059756076153,3.43226327401747E-4,9.929976913368175E-4,5.956942740724166E-4,0.0015646143834121256,0.056535819863816485,9.813972251374275E-5,7.316967006712728E-4,2.6238364368291353E-5,1.540031480689589E-4,4.7951356860727665E-4,0.011749894431116197,8.359956736981511E-5,0.0010140536611870777,8.058920865601454E-4,3.572440959902024E-5,1.8779189357638772E-4,7.307699271651472E-5,1.698063267772097E-4,0.001962278502229247,3.3737094531998465E-4,3.902873593448191E-4,8.536061785751948E-5,2.767231491447332E-4,0.015410556345619917,6.244847449224821E-4,8.356786671888493E-5],[3.6727872689358104E-4,0.0016305138568211235,9.909531817814277E-4,8.404312532661748E-4,9.558798091404306E-4,4.328601161489505E-4,4.0856017475420794E-4,0.0023788079908594203,8.060841980549141E-4,0.0010072485088980705,0.001255382687845721,7.943483288311166E-4,0.0011364846299065743,2.4234181952165166E-4,0.0011984450370204516,0.0012492727072318896,9.905694982451896E-4,7.541604941107623E-4,8.809329269206862E-4,0.0012013208656055882,0.001135167965840042,7.636517035334172E-4,2.1556964595235555E-4,3.4198516618221556E-4,1.0,0.0028589655297962847,5.923728949294168E-4,0.004874162362010954,3.529062743801167E-4,0.0013406948479459488,0.009381897438226167,0.009011342766482987,0.0016822380254337113,0.01459251905574803,5.752169046065285E-4,0.0022699761738019077,0.0023642261240170537,0.0014309144694238459,0.002068592579981819,3.976960748336782E-4,0.0012552298625626791,0.0010064534482479605,4.873591372498477E-4,0.0011610627448338014,0.008225976735348247,5.990979871688589E-4,0.0012545451869982736,0.0012252482919834148,9.947342186682765E-5,8.807521716770381E-4,3.9625325253080145E-4,0.0011171420833687314,0.009343719291686807,9.951024313780458E-4,7.696032211872426E-4,2.64177250395352E-4,0.0012247458710784578,0.0134767899082954,0.0012150453699989877,0.0010790942880762287],[6.454349526857788E-5,0.004354151979253518,0.0035137306497226187,0.0023748091818695297,0.003660624243001322,0.0018569881091814186,3.335835046583052E-4,0.0032827803349220514,0.0020080417818627394,0.0026229045992837885,0.004518974452516841,0.003022518906595979,0.004368773482345246,0.0033245448186566265,0.003281116251894691,0.0035225365635331543,0.002397223640338124,0.0033042379234856536,0.001984240957838516,0.002074418361049039,9.91830211581861E-4,7.548611293078009E-4,0.0028362347647120905,0.0010977140795213878,0.0028589655297962847,1.0,0.0033102676434300653,0.00478646493441267,0.004231499616893015,0.0040953395619679365,0.007198062796310021,0.019438292345022815,0.0028815460481086052,0.015760451195071874,0.002234327849068752,0.0046667595783363176,0.004937300628930895,0.004467257746186172,0.008891142337844592,0.0015664522966724543,0.0029042062607715323,0.0036650072367140785,0.001402187595587638,0.0020045639526660693,0.010764881302034537,0.003978388963284196,0.002241537983116138,0.0031198031393732516,0.0018932983159857422,0.0036506088571593457,0.0014129216849313707,0.0011496511273159922,0.01188768709116362,0.0013461099002851926,0.00452990966175071,7.9531800457166E-4,0.0033991834919164885,0.015400031763370322,0.0028716456309894433,0.0012691263609344657],[1.6115832603020577E-4,0.0018388895422845248,6.216447794172134E-5,1.8261890831851118E-4,2.2530336540140563E-5,5.23606886443771E-5,1.9900276000941162E-4,2.2523727922347698E-4,2.0598535266809327E-4,1.7286235851328476E-4,3.287563739120432E-4,1.612923270351868E-4,8.543826517703772E-4,1.2817389336459758E-4,1.8739145865284449E-4,6.356862599545563E-4,1.870062095532275E-4,5.393279136932335E-5,1.569325677070034E-4,1.3374227926732694E-4,1.6418844312339926E-4,3.403846043083693E-4,1.4693540269207237E-4,1.319245052605809E-4,5.923728949294168E-4,0.0033102676434300653,1.0,5.276439970444915E-4,4.760911933837058E-5,4.776911750975486E-4,0.0023004596603814894,0.008805816826511055,0.0011702992679445588,0.00321948326773558,3.064822544230129E-4,0.003561944992077087,0.0035168969288861375,0.0014549220681218465,0.049590762079223125,2.58995539866415E-4,0.0010088072795171098,4.6533179398966124E-5,1.5998094167311264E-4,2.008378666053766E-4,0.00788741362842424,1.4116043994301305E-4,3.53747151142493E-4,2.9964892686647876E-4,7.259394307898775E-5,1.693089559783315E-4,9.292018043661176E-5,3.7654547509394156E-4,0.007447849642447348,2.452331139929975E-4,4.528168703187529E-4,1.608731309376542E-4,2.4742156227997703E-4,0.0010539577973294888,8.192812055663296E-4,1.384054011530288E-4],[0.005803117611225079,0.007454426928471765,0.001257440956240651,5.069326646537596E-4,0.00966743528222579,0.009167499203739313,0.009593672484165155,0.0033473890972917715,0.009311940016850003,0.001529708042814835,0.0017165285496785567,0.0071926128772666536,0.009591384183636364,0.003329412611203378,0.009061151541610352,0.001333657934206817,0.0081040650305614,0.007851869690740924,0.009210265192195734,0.005107948660710238,0.00541680902714326,0.007469377503067343,0.0024215330475191176,0.0015184050659257523,0.004874162362010954,0.00478646493441267,5.276439970444915E-4,1.0,0.00642468773033809,0.00745288951324555,0.01129681154284126,0.01954368632035456,0.005018722456658532,0.014812265916171964,0.0037115470790417583,0.006259242591791491,0.011066144901586429,0.0031025250041238077,0.04679415392243612,0.008093495257061822,0.008607712613289164,0.0029969449189141332,0.006056151441301481,0.0028537537577409773,0.013329042323572265,0.004910586719794289,0.007379103044743681,0.005840566821632772,0.004486659911763017,0.008222562344546977,0.008810232778332133,0.002197208764588092,0.011983749468960301,0.004453357854874939,0.0028317419813918233,1.9665625384194526E-4,0.008237342851052515,0.015987127182318768,0.00794000319304754,0.0046053800272663715],[1.9707404652412255E-5,0.001294805771374398,1.9252339127158204E-5,6.635537635993436E-5,1.5234750592769608E-5,2.309548148872046E-5,2.297003404064417E-4,0.0016481580978540695,5.488548171999407E-5,1.6600183358314003E-4,2.424736138696068E-4,1.4897148258402012E-5,8.998358566655082E-4,2.0956066238897086E-5,4.4973556064003394E-5,3.29495102910069E-4,1.0877856266958313E-4,1.874012531054265E-5,1.4076646294121196E-4,2.412289259627673E-5,6.143846387638654E-5,1.957468427237101E-4,2.9389095782409103E-5,4.057357739237636E-5,3.529062743801167E-4,0.004231499616893015,4.760911933837058E-5,0.00642468773033809,1.0,6.380241706664461E-4,0.002275453149875604,0.016645512321936673,2.5359007816207327E-4,0.01072431446927731,4.4149847968648673E-4,0.002643264151804269,0.01109714840530698,0.001830772834470304,0.04370811950102659,3.04167721044192E-4,0.0011726566928902528,2.229114748941871E-5,1.1565802607946161E-4,4.560992190501933E-4,0.008759770464985548,3.957958474600372E-5,6.792149995935741E-4,1.3633799241186595E-4,2.300836737006458E-5,1.163262934846293E-4,1.3376701270207496E-5,4.11785056460906E-4,0.01442446374761295,1.261547491151817E-4,4.772836915402934E-4,2.519483683134491E-5,7.585899850742603E-4,0.004473282701756361,8.530579987257803E-4,6.0553417617339664E-5],[1.076651137264282E-4,0.0016637563190849,1.379773712003084E-4,5.894634883599795E-4,0.00123348286980499,7.37274544325158E-4,0.0010283367608174077,0.0022136169881465796,0.0012242931458401433,0.0014960751836841232,9.529658067727702E-4,4.759574155240541E-4,0.001128745740590426,0.0010205629569337528,3.9839298883202854E-4,0.0015688845409073918,6.091110915794164E-4,0.001358122319971332,8.585456229005171E-4,0.0015279753707760347,0.0015554067212622557,0.0015280154167604594,6.318084173854681E-4,8.340022663522362E-4,0.0013406948479459488,0.0040953395619679365,4.776911750975486E-4,0.00745288951324555,6.380241706664461E-4,1.0,0.00974644575026614,0.011676821713780122,0.0019734864687215897,0.013926267488955972,9.022555290114512E-4,0.003257141586545435,0.006306355157208717,0.0019264483873275067,0.010995690880535145,0.001097041536094196,0.0012904323609601936,0.0012979644298820724,3.9102014581698084E-4,5.93218300759303E-4,0.009493617247293409,0.0012570744891600874,0.0011891196807085232,0.001275747083887635,0.001195754998361746,6.889749344175936E-4,2.576041036368234E-4,9.732698047648504E-4,0.009073093189315708,0.001189736465404846,0.0015530272710844843,7.61735720090899E-4,8.584564576939632E-4,0.01473454293057034,0.0013059439894446867,2.7991542218233894E-4],[0.005138778561802596,0.010032721613630089,0.008765279165587513,0.004558035150058266,0.006236594456472383,0.006490906243742925,0.010398540140918597,0.009967823520694613,0.008024165617739767,0.008590638530376962,0.0022536224417368167,0.00741426577738066,0.003995772850694181,0.007249719687214831,0.004780749069536882,0.009499547305667187,0.009044113113008692,0.011699795145449669,0.010105191862410613,0.007905983813853386,9.502725128943223E-4,0.004713056979626158,0.004226109176415555,0.004030390116551643,0.009381897438226167,0.007198062796310021,0.0023004596603814894,0.01129681154284126,0.002275453149875604,0.00974644575026614,1.0,0.01713664246199218,0.007087710568749638,0.01556748309157918,0.004530955538824464,0.0104817500831582,0.011790897906914125,0.009556341944965699,0.017454358003992896,0.009708925661925449,0.0036732316171627466,0.0018669910471091685,0.01113104044649815,0.010531366646356509,0.013295454448286646,0.005236914676302522,0.009661608983083483,0.006482170475476744,0.004164667290109093,0.004276359700009048,0.005356642499812184,4.5917192255042546E-4,0.013315712925015023,0.005479462768039133,0.001584559396609705,0.005070642321319208,0.002033456894901477,0.012192731570461548,0.008403688418663865,0.00668946610996503],[1.2445818133468921E-4,0.01620741469430062,0.015155260454142571,0.0026312929846150426,0.009142778290819817,0.012137341829365602,8.381359447910577E-4,0.01601029279902574,0.020781676234342232,0.003569002339316155,0.006238037792677037,0.009640798152637632,0.012930494023070184,0.012392772985643232,0.013555552368917352,0.012841289118501131,0.006682582148112905,0.0064206215943793735,9.771851716950182E-4,0.02102407997566316,0.002836233872312285,0.011606057728626922,0.01839188612713548,0.009200407617797493,0.009011342766482987,0.019438292345022815,0.008805816826511055,0.01954368632035456,0.016645512321936673,0.011676821713780122,0.01713664246199218,1.0,0.0067513064946754485,0.01643978098345645,0.015338431960270323,0.01727816777362291,0.017412860166148833,0.007922269647889165,0.028020127265351434,0