[[1.0,2.0251575151324726E-5,0.0012339723132304887,5.015287137223933E-4,0.0029896211133760976,6.695335145860105E-4,1.7498759699904683E-4,5.4644118024193745E-5,0.004635260951214583,0.002464679258849072,1.5119704122445557E-4,1.913559976901644E-4,2.4676368788572226E-5,1.5716910566984188E-4,1.5086519109272687E-4,4.0542215084520895E-4,1.5387930639260667E-4,3.5387189605975023E-4,1.2681008555921289E-4,3.9048579234782644E-4,0.004760844182081116,5.76048802697462E-4,1.6513273747909325E-4,0.0018875868942236423,0.00182590762904113,6.917589118672434E-5,0.0035874937815436716,2.9075439308417724E-4,4.594280123197908E-4,5.657043437831255E-4,0.0012140102004791122,2.0880701674345074E-4,1.8638346801174333E-4,4.8765707226043706E-4,2.9325070571266504E-5,1.488972380731413E-4,0.006927548885641872,3.769712619414161E-4,2.4280132968382464E-5,7.675096769150763E-4,6.432992253128549E-4,5.052617566400067E-5,1.289855394758832E-4,1.93361119515976E-4,1.4346238060287259E-4,2.5770100663961425E-4,2.753237180950382E-4,1.59601080699509E-4,5.600302487900379E-4,6.805489707612047E-4,3.521729953491044E-5,1.8263920591914045E-4,5.801937223516004E-4,1.2039773340665514E-4,0.0011894192883363857],[2.0251575151324726E-5,1.0,4.1270833543928173E-4,5.124304718557875E-4,0.004102461120893416,6.854475620123503E-4,1.9242606778599705E-4,1.433723908319823E-5,0.0033898071519583768,0.001031816901951968,4.763135825273743E-5,2.0164061285323412E-4,1.3743522500787847E-5,2.4471592447575532E-5,1.2584813006230665E-4,6.284823232261887E-4,4.3309897258667825E-5,3.30920430140773E-4,2.781926958335566E-5,8.587897605026248E-5,0.001845141868227197,1.3879055501092783E-4,1.153627201613323E-4,0.007227386711906183,4.829748822424914E-4,4.03232341309763E-5,0.0017445094144935887,3.3481689354099585E-4,4.0257559075437203E-4,0.0012275293967794888,0.0015456762217514303,1.393235596298487E-4,5.177713215663497E-5,3.560067811735942E-4,1.2745407537004005E-5,1.903675044383358E-5,0.0026981927298388676,6.606796228284096E-5,1.390788066435403E-5,4.4007548737235716E-4,7.75899419238929E-4,1.3286950080000612E-5,1.6463894300503932E-5,4.004590410591275E-5,1.2329402906500855E-5,1.2933653281205188E-4,1.3705978147136657E-4,1.38140343564473E-5,0.0016211633296770818,0.001071612686172743,2.1527193146689864E-5,1.7010820330665916E-4,0.0011919207484694643,1.0939337690034796E-4,9.130042704242602E-5],[0.0012339723132304887,4.1270833543928173E-4,1.0,0.0021264277012689437,0.020271918589613573,0.0012529435610202327,0.0013318692979009056,0.0010496556648802997,0.0035874999114735863,0.0017168611384727405,5.690982906194409E-4,0.0014120674107467013,0.0014554714065822534,3.8888173620874077E-4,0.0010675215774864559,0.0010202754532366329,9.013475917675248E-5,6.337780031399397E-4,1.419499120618543E-4,0.0010044567593590604,0.0042641673137123115,0.0018669749782295568,4.700372702204287E-4,0.004857359166619389,0.002471572268675676,0.0011830889055141024,0.0025639838204041393,0.001284273383002317,0.0013880626413267224,0.0018296701567393054,0.0019130049206748352,0.0010588558938106694,8.465489364653592E-4,0.0012181103238232108,0.0011466982999931519,4.94995534266211E-4,0.006800234581644292,0.0011030456565816866,8.544114071854968E-5,0.0014176005890414209,0.0015072134717505176,1.3645367884494188E-4,3.8022331306763487E-4,4.713265160013456E-4,0.001325102242655677,8.797076652831083E-4,0.0011022552795479517,8.395633183091423E-4,0.0016247846781809623,0.0013942580757219441,0.001303368053733341,6.055500538638775E-4,0.001246443229679039,0.0011505239136531482,0.0013751394965831536],[5.015287137223933E-4,5.124304718557875E-4,0.0021264277012689437,1.0,0.031822269906772706,0.0012499497652457437,0.0012163903512933132,7.533755936497739E-4,0.005173182701258768,0.002651167947730239,6.505922754525015E-4,2.991679528351319E-4,0.00113214452280915,7.875922114223765E-4,0.0018641325310145636,0.001523980054068813,0.002076965030737601,0.0017505374883643788,0.0013606761014522998,0.0011305942013986063,0.007469257174192191,0.004667856385687222,0.001173630072577624,0.010524179641180383,0.0024582241695513935,0.001869521515667037,0.002785443836293322,0.0018929186529893873,5.052863026042857E-4,0.0023495895462071342,0.0025283330120999476,0.0013910852449157476,0.0012415345147932066,0.0010983370936059073,0.0017670076487839674,0.0014618142939838853,0.005232463460927173,0.0021466047163517794,0.001852160693630425,0.0017219923186275214,0.0022415501128038983,6.448776965517816E-4,0.002254418808488212,0.0016645027580427416,0.001120561540570723,0.002294124110738096,0.0013523330874545196,0.001484994087358778,0.0016742739142746937,0.001974365614469495,0.0017030536335831182,6.518328713676538E-4,0.002069568553492485,0.0019981127078621186,0.0013568667423164331],[0.0029896211133760976,0.004102461120893416,0.020271918589613573,0.031822269906772706,1.0,0.030203780855935534,0.02220664002256675,0.020213385779627533,0.03172326116669357,0.015154591020650733,0.0018453866181351618,0.016138076274580325,0.027825866083574246,0.027687412931306048,0.020354111390898735,0.02605360725521513,0.014128490752613077,0.0022280733167100723,0.018990657114698932,0.018603374705872377,0.022711622290371807,0.011029210697319545,0.02227466335219835,0.01865507013090106,0.011045970485003408,0.024696517891319977,0.015644046959060864,0.013876337625903484,8.122501445854464E-4,0.027395855582411043,0.01590227684048068,0.0180017200923143,0.001911371138599895,0.012682885570218367,0.029339750427270005,0.027815894195776843,0.016572249850619922,0.02385986956824582,0.0299217047977701,0.0037953079098699766,0.015051346417100238,0.021013486019301645,0.01723465978749426,0.008402908807925555,0.013248238901358317,0.009407884185211672,0.029344318561143903,0.010995381949918113,0.009333773740576697,0.030214677768397764,0.0033659895927161503,0.018297800411313365,0.02567175936854376,0.028712927384844173,0.0320885925272908],[6.695335145860105E-4,6.854475620123503E-4,0.0012529435610202327,0.0012499497652457437,0.030203780855935534,1.0,7.175288313134675E-4,1.452361448628922E-4,0.0020424754530558578,0.0022688734782883076,9.097888893462346E-4,3.39534369690641E-4,6.215570052038443E-4,8.170119284441613E-4,1.6220587578717215E-4,0.001018580862822773,5.27674933399094E-4,0.0010138918902037497,2.796106961322171E-4,9.61076993046483E-4,0.003198210070978076,0.003404372057554321,2.3192290896084013E-4,0.007938177512471825,0.0019678280771314952,4.0899528332467047E-4,0.002003193384972035,0.0010657150229653298,5.205340212178623E-4,0.0014190016204487198,0.0015799832239849856,6.108145276548067E-4,3.875617698926003E-4,0.0010291605280202689,9.855300144211368E-5,4.7048304064541266E-4,0.009389375466716761,7.523781969037941E-4,4.809365483953783E-4,0.0010090708348992094,0.0014559339211208827,1.409923135063187E-4,8.512676632824663E-4,8.680936857737296E-4,2.4045280083607936E-4,3.901907949015875E-4,5.229273402886875E-4,2.760659590888973E-4,0.0010526021945548795,0.0013197294723670176,9.871960306798246E-4,7.397908878827791E-4,0.001196993600854737,9.179898254150004E-4,0.0011865783170991126],[1.7498759699904683E-4,1.9242606778599705E-4,0.0013318692979009056,0.0012163903512933132,0.02220664002256675,7.175288313134675E-4,1.0,6.041389106688567E-5,0.0025674796376524874,0.0031806777417985677,1.2429769048213904E-4,2.799915650499666E-4,6.771104504424507E-5,2.1475288514421565E-4,1.452015001381262E-4,6.014232576338925E-4,8.543204647325362E-5,3.756932908386165E-4,1.787411421740606E-4,4.294699921305904E-4,0.004403986710739358,3.927838238115329E-4,2.544452886375408E-4,0.012769137873064221,4.3129930773046275E-4,1.4006078089622717E-4,0.0027330121520894573,5.030356196164042E-4,4.3094931098908065E-4,0.0014041911870576955,0.0020953961423404617,3.3683991138247905E-4,2.4369848486142042E-4,4.641246702818731E-4,2.8795543804929853E-5,2.1353307158511058E-4,0.010671214882911933,5.43445135330975E-4,2.2756532185233064E-4,9.033575041102368E-4,9.541001066154718E-4,1.8597052144950422E-4,2.8340768126903365E-4,2.4220640220772122E-4,1.651597340077192E-5,2.778822992796084E-4,3.616111903905582E-4,4.729927302291179E-5,0.0015833186589984736,3.872310786416963E-4,1.6937418616022268E-4,2.2493050212207258E-4,9.167662077294321E-4,1.4152608753230953E-4,3.5865718788955604E-4],[5.4644118024193745E-5,1.433723908319823E-5,0.0010496556648802997,7.533755936497739E-4,0.020213385779627533,1.452361448628922E-4,6.041389106688567E-5,1.0,0.005652735955833885,2.6210031767510885E-4,3.3817245548802196E-5,3.7370328901423725E-5,1.4493862288375831E-5,5.092503941212031E-5,1.0017421020503673E-4,2.3542027341864227E-4,2.4508550295128967E-5,4.067639740746599E-4,5.139261367729689E-5,8.149425771282958E-5,0.0024080537246115035,4.0418878841020636E-4,7.00165485560842E-5,0.0013594811877348442,3.7103444061573976E-4,1.6581640120809016E-5,0.0010217260903918782,8.395484761553084E-4,1.990876203645857E-5,0.0026720506372089783,0.0015798138118114388,6.18191516721367E-5,1.6446120308316945E-4,9.157773145734117E-4,1.4454397932998043E-5,6.695148678502324E-5,0.00409243999582139,3.3517325181302124E-5,1.4668538310858714E-5,9.698237294198161E-4,9.889006107260847E-4,1.3731581898329964E-5,1.5457114920910303E-5,2.1393472817709148E-4,1.1710225607390213E-5,1.6319310377033998E-4,2.869917187724686E-4,1.4224272414746718E-5,6.963695070706245E-4,3.1886759512629587E-4,1.7414998222890957E-5,8.327872680521765E-5,3.9136388771673675E-4,5.0534809677731594E-5,7.772808454390163E-4],[0.004635260951214583,0.0033898071519583768,0.0035874999114735863,0.005173182701258768,0.03172326116669357,0.0020424754530558578,0.0025674796376524874,0.005652735955833885,1.0,0.004351777883998077,0.004942749293226349,0.0027825225217404503,0.002550913822856624,0.004934247283402765,0.003600338556205909,0.006113229467174133,0.0021354915519287026,0.0036756594467572154,0.0034885568587015373,0.0025770787295150608,0.006996178443090419,0.005517169568449394,0.0016117633493050016,0.013278425828074546,0.0031690187662661417,6.24867860081099E-4,0.0061603765415408785,0.0037070196833637976,0.0016172728565435751,0.003951565157958561,0.004865106243766872,0.0020877435959785087,0.005766739020970972,0.004883537987493533,0.0030557301592979325,7.859803874164095E-4,0.011471294227138926,0.003305023944698493,0.003022463584118151,0.0026918471146566893,0.004745492611787919,0.002946385689508035,0.00281876265939072,0.001225698043385825,0.004804319289323148,0.006138686894196664,7.045087182798008E-4,0.004266168685507964,0.005666021779108497,0.0028335969931940885,0.001332671071115429,0.0027680097742062725,0.0028500137385966216,0.005187688285821682,0.005202215457120999],[0.002464679258849072,0.001031816901951968,0.0017168611384727405,0.002651167947730239,0.015154591020650733,0.0022688734782883076,0.0031806777417985677,2.6210031767510885E-4,0.004351777883998077,1.0,0.002558748708189418,0.0010296737192864026,8.36440859206611E-4,9.697295758618438E-4,3.4285491033141503E-4,0.001752168414636143,0.002117779711363237,0.001648988762639237,0.002550211396508812,0.0022598732372191097,0.005134230293881299,0.004585567274835484,0.0012557050809997735,0.009512886404472726,0.0027222076247781562,9.759087207942716E-4,0.003971070678016469,0.0014949483733972659,0.0019455205723928506,0.003178419563635738,0.0028331961322620256,0.0011966343758868713,8.121100646453194E-4,0.0015483168117163028,0.0029337850867073435,5.22831180622495E-4,0.005044067945453903,0.00326513579056679,0.0021230141588153605,0.0021043961962277664,0.0019175258516049697,0.0031097397500888875,0.002459727950599589,0.002951570143881025,1.8267107539787132E-4,0.0031432922902162467,7.278167642262014E-4,3.609534515437711E-4,0.002208176588445549,0.0013853738121180604,0.0013666493482380668,5.053780606835025E-4,0.0020184089998473444,0.002598275455118023,0.0028515275403923793],[1.5119704122445557E-4,4.763135825273743E-5,5.690982906194409E-4,6.505922754525015E-4,0.0018453866181351618,9.097888893462346E-4,1.2429769048213904E-4,3.3817245548802196E-5,0.004942749293226349,0.002558748708189418,1.0,1.889702657253908E-4,9.323060234422826E-5,1.1388103838068555E-4,1.331728145089456E-4,9.944466610313232E-4,9.053530463112982E-5,1.9516729104002248E-4,9.826829254188339E-5,1.743063901179034E-4,0.0017699881336888537,0.0016600219163062531,1.546171265805106E-4,0.012724515751949966,0.0013701831373588297,1.007761568878039E-4,0.00370787457976886,8.569332303237982E-4,2.6663529613285157E-4,0.0016476543844376101,0.0012461306415472158,2.84198381457653E-4,2.0249911668581615E-4,4.2084111531417437E-4,3.510850182192889E-5,1.2946611125158565E-4,0.00741037477641991,1.1251251099841755E-4,6.733709162620715E-5,2.4367659889322604E-4,8.284798726899323E-4,1.2781433071672477E-5,1.0476769229039613E-4,1.1783712059664769E-4,2.7902896014219094E-5,1.441884849317599E-4,1.9734778207959716E-4,1.0423735327963677E-4,3.51457239671325E-4,3.850254794090517E-4,6.425871650858676E-5,1.9009333781682352E-4,3.7347079538069944E-4,1.1624902649332582E-4,7.311794708518734E-4],[1.913559976901644E-4,2.0164061285323412E-4,0.0014120674107467013,2.991679528351319E-4,0.016138076274580325,3.39534369690641E-4,2.799915650499666E-4,3.7370328901423725E-5,0.0027825225217404503,0.0010296737192864026,1.889702657253908E-4,1.0,5.4653802128748344E-5,1.9241773737187478E-4,1.9470057401124188E-4,4.029380665945879E-4,1.4407869857569096E-4,3.6148060331274304E-4,8.97421242131409E-5,2.710728197346021E-4,0.006056721020278315,0.002142969474860932,1.7841493273571156E-4,0.005288220802906628,0.001705862920788848,1.982135215824063E-4,0.0017571254608924065,6.769973547470625E-4,2.844053846017358E-4,0.0020036528833811663,0.0023874180158255385,3.2255925765689196E-4,2.0887096113820304E-4,6.623465232170872E-4,1.352904783244788E-4,1.949201870472663E-4,0.004743265392985475,7.02556482581082E-4,1.5140485500171066E-4,2.9116748758984643E-4,5.143401205459451E-4,1.0479372631319055E-4,1.7513205966912288E-4,2.077851235876857E-4,3.16093791848876E-5,2.460229474904457E-4,4.351168231732763E-4,1.0730324033769713E-4,5.234222658216033E-4,8.700109388748455E-4,1.0473568983745839E-4,2.0746112115758287E-4,6.484107765115161E-4,1.7971461663375004E-4,9.549228020151942E-4],[2.4676368788572226E-5,1.3743522500787847E-5,0.0014554714065822534,0.00113214452280915,0.027825866083574246,6.215570052038443E-4,6.771104504424507E-5,1.4493862288375831E-5,0.002550913822856624,8.36440859206611E-4,9.323060234422826E-5,5.4653802128748344E-5,1.0,1.3654067509116395E-4,4.780523468810155E-5,2.8511268194623333E-4,3.712601055258416E-5,4.138551497964288E-4,6.967811097535122E-5,2.3347629689213467E-4,0.0011420898175844984,0.0011057552756559546,1.292863048781389E-4,0.00203004017648938,0.001880907267836514,4.240420526370755E-5,0.0014078537016219631,1.2670348456932174E-4,4.061136092440635E-4,0.002331240863898226,4.125605853314307E-4,6.651109339563445E-5,2.0225343483953428E-4,6.090729965962136E-4,1.2639109664660239E-5,1.292010534392325E-4,0.0034060425607845353,5.957619798367182E-4,1.4163047311698224E-5,7.178995337301942E-4,8.864834201369359E-4,1.3740754937247187E-5,1.465994208256713E-5,6.162494150777251E-5,1.1063837849021688E-5,2.0895388499781885E-4,2.19452907456704E-4,1.3829491930382674E-5,6.21592725202278E-4,5.875472494808392E-4,1.82559971715378E-5,4.583258683251684E-5,6.733747936331426E-4,8.301763404921406E-5,3.5501206596400946E-4],[1.5716910566984188E-4,2.4471592447575532E-5,3.8888173620874077E-4,7.875922114223765E-4,0.027687412931306048,8.170119284441613E-4,2.1475288514421565E-4,5.092503941212031E-5,0.004934247283402765,9.697295758618438E-4,1.1388103838068555E-4,1.9241773737187478E-4,1.3654067509116395E-4,1.0,1.4462846055103305E-4,6.795505373413746E-4,1.335424920551719E-4,2.2536315692749288E-4,1.352275563775576E-4,2.9343233772070887E-4,0.0021632603643685086,0.001252670917804628,1.6251744192889427E-4,0.0081415193730977,7.106536521757254E-4,1.0132224464045258E-4,0.002867363535497317,9.064709344090561E-4,1.6971810753302384E-4,0.0024096059143323555,3.277610719888147E-4,3.193957609204254E-4,1.6561596295103074E-4,9.730018747896752E-4,1.4587931442550282E-4,1.4528747689103864E-4,0.00213886986538411,5.230651761409464E-4,1.5128658120119097E-5,5.244773382067551E-4,1.7617163410452147E-4,9.795839489686511E-5,9.554000736762766E-5,1.8490318728379108E-4,6.378867790217608E-5,2.587599023372053E-4,3.496721440572648E-4,2.4715701795251123E-5,8.130300392535874E-4,7.580082367148922E-4,9.890369761955479E-5,1.9062708565272657E-4,4.517032155441598E-4,1.426001207714789E-4,0.0012038763894782326],[1.5086519109272687E-4,1.2584813006230665E-4,0.0010675215774864559,0.0018641325310145636,0.020354111390898735,1.6220587578717215E-4,1.452015001381262E-4,1.0017421020503673E-4,0.003600338556205909,3.4285491033141503E-4,1.331728145089456E-4,1.9470057401124188E-4,4.780523468810155E-5,1.4462846055103305E-4,1.0,5.135702661608778E-4,8.716421925591482E-5,4.0913948082518727E-4,1.2817988129862888E-4,2.177460032180987E-4,0.002256802831113858,0.002344969965386968,1.6333830690623744E-4,0.01196091387733978,0.00127796715647479,5.799630894525246E-5,0.002726289451970146,4.933057381458661E-4,2.236856246215253E-4,0.0012919975101089232,0.002540049369731713,1.9612017875982824E-4,1.8669809126690477E-4,2.0629054372119467E-4,6.610348402198536E-5,1.4247820874023164E-4,3.171634213266107E-4,6.552157794828006E-4,3.5190763132658086E-5,7.060111590457632E-4,8.649356234820177E-4,1.1017849759702726E-4,7.665765933985574E-5,1.9456988700538574E-4,9.22325013060703E-5,1.8637764094862002E-4,2.4362976112250496E-4,9.965146028969596E-5,2.2078938860907384E-4,5.943812772933369E-4,8.825499401083892E-5,1.6347002154943157E-4,8.896883989512287E-4,1.1769004207533659E-4,5.869255392212389E-4],[4.0542215084520895E-4,6.284823232261887E-4,0.0010202754532366329,0.001523980054068813,0.02605360725521513,0.001018580862822773,6.014232576338925E-4,2.3542027341864227E-4,0.006113229467174133,0.001752168414636143,9.944466610313232E-4,4.029380665945879E-4,2.8511268194623333E-4,6.795505373413746E-4,5.135702661608778E-4,1.0,4.5504143253675234E-4,9.129589765740447E-4,8.112296824700298E-4,8.103937584077485E-4,0.0040219702282109915,0.002206262956227523,4.547676765276677E-4,0.00691141839124239,0.002159700220077119,4.632073730669441E-4,0.0035164843083574093,0.0010243799566314877,9.754244551838389E-4,0.0023701060562734497,0.0014005087019562225,4.033380963148538E-4,9.518346843471369E-4,0.0010481912567637728,2.0175400970404319E-4,9.112339961406719E-4,0.012306624181281409,7.668269141795121E-4,6.383027818228015E-4,0.0010180887573249578,0.0013148290088567834,3.440705955983531E-4,5.056454657572083E-4,2.966865817416492E-4,1.1075438855234448E-4,9.21226101453761E-4,5.339712889119875E-4,3.223442249964764E-4,0.0011379849275274451,0.0012801081873517928,3.531699161791937E-4,9.952855105391544E-4,0.0012395565450020402,8.214331909667732E-4,0.0010185792225478098],[1.5387930639260667E-4,4.3309897258667825E-5,9.013475917675248E-5,0.002076965030737601,0.014128490752613077,5.27674933399094E-4,8.543204647325362E-5,2.4508550295128967E-5,0.0021354915519287026,0.002117779711363237,9.053530463112982E-5,1.4407869857569096E-4,3.712601055258416E-5,1.335424920551719E-4,8.716421925591482E-5,4.5504143253675234E-4,1.0,1.3275641368396722E-4,6.0080378104418625E-5,3.880249594498087E-4,0.0076310524437911646,7.74175915460603E-4,1.0230799689047166E-4,0.004046057428971035,2.4541883564207785E-4,5.542644020690308E-5,6.779818823933681E-4,1.668051489472885E-4,3.794883756421881E-4,9.256015446042236E-4,0.0024112077501373627,1.2440583542759338E-4,1.8065348224907018E-4,8.313910861040591E-4,5.3323118107503186E-5,5.8938209831348407E-5,0.004979042393126126,5.9680396240069806E-5,2.509777439776108E-5,3.658015165511199E-4,5.554226305908018E-4,3.426754260948347E-5,3.610905142581316E-5,7.559111719424707E-5,4.629167181425705E-5,1.0849225110229524E-4,1.4857245253979576E-4,1.747620589912212E-5,0.0011073356215760253,4.00399113380226E-4,5.2537025083913105E-5,1.8990778931702137E-4,8.416335420254718E-4,1.0550903896659858E-4,2.699340437958153E-4],[3.5387189605975023E-4,3.30920430140773E-4,6.337780031399397E-4,0.0017505374883643788,0.0022280733167100723,0.0010138918902037497,3.756932908386165E-4,4.067639740746599E-4,0.0036756594467572154,0.001648988762639237,1.9516729104002248E-4,3.6148060331274304E-4,4.138551497964288E-4,2.2536315692749288E-4,4.0913948082518727E-4,9.129589765740447E-4,1.3275641368396722E-4,1.0,1.8716318487210955E-4,4.410537837388109E-4,0.0013915596385719968,5.289102631571698E-4,1.998888462397316E-4,0.00527784563257128,0.0016988226763946265,1.6276704661329175E-4,0.0025385048253710614,6.558136932706957E-4,4.2986477618847516E-4,0.0029690609484635507,0.001837250413902821,3.76841450533587E-4,3.441432020788006E-4,6.491757981664158E-4,5.467627314640598E-5,3.782373208391389E-4,0.007719652671216862,4.2790301354455544E-4,1.011322074933243E-4,5.47493916747933E-4,7.541670350407991E-4,3.4477103209004694E-4,4.416782018969517E-5,3.1456203939715015E-4,2.1614445552931683E-4,3.0715549402732115E-4,4.3602983578077087E-4,3.105918071468282E-5,0.0014172631112795478,4.3451079126021277E-4,2.126437115957836E-4,2.692078331933901E-4,6.62030893646121E-4,3.9925499117988224E-4,9.424609860107724E-4],[1.2681008555921289E-4,2.781926958335566E-5,1.419499120618543E-4,0.0013606761014522998,0.018990657114698932,2.796106961322171E-4,1.787411421740606E-4,5.139261367729689E-5,0.0034885568587015373,0.002550211396508812,9.826829254188339E-5,8.97421242131409E-5,6.967811097535122E-5,1.352275563775576E-4,1.2817988129862888E-4,8.112296824700298E-4,6.0080378104418625E-5,1.8716318487210955E-4,1.0,1.4361275467244942E-4,0.0026253117236233825,0.0023397833201344535,1.3317185859296947E-4,0.0035669284803954197,5.336911926265098E-4,6.526405923656623E-5,0.0031045722534223693,9.448862260140678E-4,1.6506742899205084E-4,6.152967121756647E-4,0.00215543356431147,1.0500262427809998E-4,8.146215665926258E-5,4.2061452898155505E-4,1.583000523281965E-5,8.045396653935983E-5,0.010608957879151221,5.673918633223443E-4,4.0811671426620214E-5,9.328794904053739E-4,7.017492488020063E-4,4.930910849896426E-5,2.4727102556339393E-5,2.0535437946760928E-4,4.5127912836299595E-5,1.4648591851078134E-4,4.2822404426034793E-4,4.946181334508526E-5,6.138454090222676E-4,2.6095599633801486E-4,3.251395438872892E-5,1.8945679274232272E-4,5.9166059571411E-4,9.99816955717345E-5,7.121493745501999E-4],[3.9048579234782644E-4,8.587897605026248E-5,0.0010044567593590604,0.0011305942013986063,0.018603374705872377,9.61076993046483E-4,4.294699921305904E-4,8.149425771282958E-5,0.0025770787295150608,0.0022598732372191097,1.743063901179034E-4,2.710728197346021E-4,2.3347629689213467E-4,2.9343233772070887E-4,2.177460032180987E-4,8.103937584077485E-4,3.880249594498087E-4,4.410537837388109E-4,1.4361275467244942E-4,1.0,0.004205141135815835,6.564211709050464E-4,4.26785930690822E-4,0.008113960247554801,0.001943658720744924,3.9152825915163953E-4,0.0031959249106370755,0.0010117762651036485,4.84564648462973E-4,0.0022920204182028,6.431632003370657E-4,3.691190429462391E-4,4.350336648997884E-4,0.0010309373264118676,4.5968830405321144E-5,3.589799167038332E-4,0.003508019048852656,5.212433878226918E-4,3.8258032906746814E-4,6.449032579383515E-4,6.149036666363536E-4,1.5503467103622595E-4,1.873864134608042E-4,2.547302175885269E-4,1.3861224962005434E-4,3.2135757427476363E-4,4.778104487027125E-4,5.122314929518531E-5,0.0011618210268082244,5.065738040485033E-4,2.8505135566607285E-4,2.0462598194427383E-4,0.0012370924520166454,3.369250357769134E-4,7.678423887682301E-4],[0.004760844182081116,0.001845141868227197,0.0042641673137123115,0.007469257174192191,0.022711622290371807,0.003198210070978076,0.004403986710739358,0.0024080537246115035,0.006996178443090419,0.005134230293881299,0.0017699881336888537,0.006056721020278315,0.0011420898175844984,0.0021632603643685086,0.002256802831113858,0.0040219702282109915,0.0076310524437911646,0.0013915596385719968,0.0026253117236233825,0.004205141135815835,1.0,0.005461839035706792,0.0011164273874572285,0.007988943516829173,0.007171000992453813,0.007091746146949791,0.005252488103534222,0.0032169128473992,0.006194129729603946,0.007520408844424724,0.006514198475426948,0.0030121986403966352,0.002769898132212687,0.006602801580455414,0.004559891622062826,1.8649218110023655E-4,0.010907085039936412,0.005740862424452042,0.0033742985790606575,0.006758997116685566,0.003336651665374827,0.004877223502000698,0.004096174546385869,0.0016231367177075803,0.00573703576233821,0.007032350711769996,0.005482563259017825,0.005255280782887908,0.0044186701805547885,0.006376223784738681,0.0024951215611496978,0.005974997730389671,0.004093233903255283,0.0021787144190221655,0.0032662874434816426],[5.76048802697462E-4,1.3879055501092783E-4,0.0018669749782295568,0.004667856385687222,0.011029210697319545,0.003404372057554321,3.927838238115329E-4,4.0418878841020636E-4,0.005517169568449394,0.004585567274835484,0.0016600219163062531,0.002142969474860932,0.0011057552756559546,0.001252670917804628,0.002344969965386968,0.002206262956227523,7.74175915460603E-4,5.289102631571698E-4,0.0023397833201344535,6.564211709050464E-4,0.005461839035706792,1.0,0.003035440571846762,0.0059296166246223525,0.00368929425045691,0.0038254399956927573,0.004927328147223541,0.004358739497531395,0.00398323667015574,0.004566545008945999,0.0036646438715125943,4.2525924098202116E-4,5.506492009523124E-4,0.004631196245725835,0.0020725714941210558,4.6517301550475724E-4,0.00841791748587929,0.003419596538880333,0.0016589580635389906,0.004384033805673201,0.0032715030076811147,9.615610862440219E-4,0.003796887479030281,0.003761856967455763,7.546628938771099E-4,0.0010210753883321646,0.003220327615117927,2.3336950069227064E-4,0.0023432824631181006,0.0021969893699524006,0.004259908126245992,2.103283217879921E-4,0.0025705446999887954,0.0033353812690233246,0.002477393842352028],[1.6513273747909325E-4,1.153627201613323E-4,4.700372702204287E-4,0.001173630072577624,0.02227466335219835,2.3192290896084013E-4,2.544452886375408E-4,7.00165485560842E-5,0.0016117633493050016,0.0012557050809997735,1.546171265805106E-4,1.7841493273571156E-4,1.292863048781389E-4,1.6251744192889427E-4,1.6333830690623744E-4,4.547676765276677E-4,1.0230799689047166E-4,1.998888462397316E-4,1.3317185859296947E-4,4.26785930690822E-4,0.0011164273874572285,0.003035440571846762,1.0,0.011095893093451905,6.712726439486002E-4,1.261060503449119E-4,0.0019684776340483604,9.816754509407585E-4,2.985675821178821E-4,0.0023239658416922947,6.480862957882496E-4,2.1177495417211916E-4,1.7077907304696477E-4,8.132311913682358E-4,8.996346914904609E-5,1.5569844070807164E-4,0.0036898889876253137,3.0672278120974343E-4,6.354599654124848E-5,5.421449515849642E-4,7.997727395473503E-4,4.0655486160661556E-5,8.38229160288896E-5,2.0614531133854004E-4,1.206400674857406E-5,1.7279071497939224E-4,3.852742648501356E-4,1.3988853960058675E-4,0.0012599734013748105,2.8905094312027047E-4,2.84264678239461E-5,1.7667845750522247E-4,0.0011523323501543034,1.4520094528311562E-4,5.488615924371029E-4],[0.0018875868942236423,0.007227386711906183,0.004857359166619389,0.010524179641180383,0.01865507013090106,0.007938177512471825,0.012769137873064221,0.0013594811877348442,0.013278425828074546,0.009512886404472726,0.012724515751949966,0.005288220802906628,0.00203004017648938,0.0081415193730977,0.01196091387733978,0.00691141839124239,0.004046057428971035,0.00527784563257128,0.0035669284803954197,0.008113960247554801,0.007988943516829173,0.0059296166246223525,0.011095893093451905,1.0,0.011965445354449183,0.009069298530236535,0.0066200907195189135,0.012144636653500511,0.010769173051535822,0.006015253628096328,0.008463695460655613,0.00394010419351493,0.011413038665803834,0.009104959780127875,0.0012421309080614784,0.00705557917972319,0.012769888930483258,9.508690461174594E-4,0.009604955680062206,0.0017117287019278796,0.008085371285944028,0.007582145734616422,0.0015184723109319368,0.010520733043471479,0.0060846685281858255,0.007561961956021433,0.0012762788037913022,0.009257350818042557,0.013165325752854722,0.011422737717535953,0.007140002430575682,0.0122021048961152,0.0013042623351148172,0.006042472809046708,0.00953424151700372],[0.00182590762904113,4.829748822424914E-4,0.002471572268675676,0.0024582241695513935,0.011045970485003408,0.0019678280771314952,4.3129930773046275E-4,3.7103444061573976E-4,0.0031690187662661417,0.0027222076247781562,0.0013701831373588297,0.001705862920788848,0.001880907267836514,7.106536521757254E-4,0.00127796715647479,0.002159700220077119,2.4541883564207785E-4,0.0016988226763946265,5.336911926265098E-4,0.001943658720744924,0.007171000992453813,0.00368929425045691,6.712726439486002E-4,0.011965445354449183,1.0,0.0013259763983153017,0.004377652019264816,0.0014027595948790468,0.0023829966712639234,0.002976008823398906,0.0025908596386503323,0.0011839918060959575,9.868851432558946E-4,0.00212033854949041,0.0013701042615219894,7.312507234336393E-4,0.004033612885911557,0.0016429059298232688,2.853567792091292E-4,0.0017447978297639955,0.0023259197887062896,5.055675703365777E-4,0.001698550574272784,6.798333789521003E-4,9.218358411177429E-4,0.0019662017077450257,0.0017051340448022193,2.704481389980812E-4,0.0023942214129506847,0.001637160887890147,0.002296239882208922,5.79561269031637E-4,0.0019865980461975796,0.0010921838201187596,0.0012194699385347217],[6.917589118672434E-5,4.03232341309763E-5,0.0011830889055141024,0.001869521515667037,0.024696517891319977,4.0899528332467047E-4,1.4006078089622717E-4,1.6581640120809016E-5,6.24867860081099E-4,9.759087207942716E-4,1.007761568878039E-4,1.982135215824063E-4,4.240420526370755E-5,1.0132224464045258E-4,5.799630894525246E-5,4.632073730669441E-4,5.542644020690308E-5,1.6276704661329175E-4,6.526405923656623E-5,3.9152825915163953E-4,0.007091746146949791,0.0038254399956927573,1.261060503449119E-4,0.009069298530236535,0.0013259763983153017,1.0,0.0036745093723292393,7.212375658149305E-4,1.0056104972026403E-4,0.0030333362799735003,0.001293346331021259,3.0232462498975426E-4,6.038600660950181E-5,5.544812791736347E-4,2.5407303063789256E-5,1.3906879386548117E-4,0.009742418900327008,3.430381272036873E-4,4.3908324852715746E-5,9.20151996165214E-4,9.532353384497266E-4,1.843914715245421E-5,3.2720161421253085E-5,1.0382943217554924E-4,3.229383902085062E-5,1.6577436249298597E-4,4.1161124265025784E-4,2.0058514606417924E-5,8.821097776025201E-4,4.461036530864457E-4,5.026833657359927E-5,1.6133169505374065E-4,7.61694706945019E-4,9.464864887066124E-5,9.019654515961975E-5],[0.0035874937815436716,0.0017445094144935887,0.0025639838204041393,0.002785443836293322,0.015644046959060864,0.002003193384972035,0.0027330121520894573,0.0010217260903918782,0.0061603765415408785,0.003971070678016469,0.00370787457976886,0.0017571254608924065,0.0014078537016219631,0.002867363535497317,0.002726289451970146,0.0035164843083574093,6.779818823933681E-4,0.0025385048253710614,0.0031045722534223693,0.0031959249106370755,0.005252488103534222,0.004927328147223541,0.0019684776340483604,0.0066200907195189135,0.004377652019264816,0.0036745093723292393,1.0,0.00417039428133894,0.0015140718343999858,0.004324716057210113,0.004840191306371745,0.004655920663829551,0.004555371600537662,0.004051581871031927,0.0023245991270183534,0.0017734857622667625,0.006626528430220286,0.0035384850386089624,0.00182298124243615,0.0027133888622672387,0.003927944101603292,0.00408311718015925,9.536195519011818E-4,0.0037644670086569064,5.812916325914269E-4,0.00493518690448412,0.004916615820738735,0.004961307005200114,0.004864417033296578,0.004789311150209377,0.004528568891169708,6.970823465973983E-4,0.001554275061190725,0.0019899464941377292,0.004048461279223774],[2.9075439308417724E-4,3.3481689354099585E-4,0.001284273383002317,0.0018929186529893873,0.013876337625903484,0.0010657150229653298,5.030356196164042E-4,8.395484761553084E-4,0.0037070196833637976,0.0014949483733972659,8.569332303237982E-4,6.769973547470625E-4,1.2670348456932174E-4,9.064709344090561E-4,4.933057381458661E-4,0.0010243799566314877,1.668051489472885E-4,6.558136932706957E-4,9.448862260140678E-4,0.0010117762651036485,0.0032169128473992,0.004358739497531395,9.816754509407585E-4,0.012144636653500511,0.0014027595948790468,7.212375658149305E-4,0.00417039428133894,1.0,9.587980313552086E-4,0.002145576167605842,0.002472486480801404,3.4372773117530655E-4,2.1909278493642404E-4,0.0010703237028284146,7.296700085653E-4,1.772805686479153E-4,0.006325939799850191,8.262734346202481E-4,9.479277944282946E-4,0.0010484949690442251,0.0011535978264512825,2.1037176766211735E-4,9.513931872130941E-5,3.6997650440814855E-4,6.249245759928825E-4,5.284254751419259E-4,5.752110861826547E-4,6.935435619222081E-4,0.0016175996457755929,0.0011381717825846454,0.0010331607954894649,3.5251509982741193E-4,0.0012087855693158193,2.917986744519855E-4,0.0010799846076451434],[4.594280123197908E-4,4.0257559075437203E-4,0.0013880626413267224,5.052863026042857E-4,8.122501445854464E-4,5.205340212178623E-4,4.3094931098908065E-4,1.990876203645857E-5,0.0016172728565435751,0.0019455205723928506,2.6663529613285157E-4,2.844053846017358E-4,4.061136092440635E-4,1.6971810753302384E-4,2.236856246215253E-4,9.754244551838389E-4,3.794883756421881E-4,4.2986477618847516E-4,1.6506742899205084E-4,4.84564648462973E-4,0.006194129729603946,0.00398323667015574,2.985675821178821E-4,0.010769173051535822,0.0023829966712639234,1.0056104972026403E-4,0.0015140718343999858,9.587980313552086E-4,1.0,0.002020442661272396,0.0022382732333688826,4.328337200923254E-4,4.2695424594118127E-4,8.399831903172022E-4,8.742026651886026E-5,2.1901004877259426E-4,0.0033322317804147772,6.878216219424228E-4,4.133069445830242E-4,8.584773188394344E-4,0.0011443896178171143,2.4740252778081143E-4,2.2783431147918367E-4,3.919000391197331E-4,4.682999010277033E-4,3.7747903196574945E-4,5.03005003796807E-4,3.6643482340652987E-4,5.893548860032464E-4,7.402578549823298E-4,4.1661856744501627E-4,2.3650481098112057E-4,5.958624339366961E-4,1.450945992350524E-4,0.0010777159940775199],[5.657043437831255E-4,0.0012275293967794888,0.0018296701567393054,0.0023495895462071342,0.027395855582411043,0.0014190016204487198,0.0014041911870576955,0.0026720506372089783,0.003951565157958561,0.003178419563635738,0.0016476543844376101,0.0020036528833811663,0.002331240863898226,0.0024096059143323555,0.0012919975101089232,0.0023701060562734497,9.256015446042236E-4,0.0029690609484635507,6.152967121756647E-4,0.0022920204182028,0.007520408844424724,0.004566545008945999,0.0023239658416922947,0.006015253628096328,0.002976008823398906,0.0030333362799735003,0.004324716057210113,0.002145576167605842,0.002020442661272396,1.0,0.0028740459790519085,0.002116658506143497,0.0021050222934255037,0.00292755557681972,0.002605934690071744,0.0010844318235240468,0.012334354883894887,7.309337940329425E-4,0.001372714888575177,0.0018787000691748586,0.0023147700356181216,2.359809731384213E-4,8.906290105241576E-4,3.471682274180535E-4,0.0016380116829883822,0.0024206438154713234,0.0017224478437200745,0.0028399437038154032,0.0019414505433627603,0.002081745630437464,5.45674645401058E-4,0.0024704784168229944,0.001595340117240936,3.094431752530321E-4,0.0022657281365002766],[0.0012140102004791122,0.0015456762217514303,0.0019130049206748352,0.0025283330120999476,0.01590227684048068,0.0015799832239849856,0.0020953961423404617,0.0015798138118114388,0.004865106243766872,0.0028331961322620256,0.0012461306415472158,0.0023874180158255385,4.125605853314307E-4,3.277610719888147E-4,0.002540049369731713,0.0014005087019562225,0.0024112077501373627,0.001837250413902821,0.00215543356431147,6.431632003370657E-4,0.006514198475426948,0.0036646438715125943,6.480862957882496E-4,0.008463695460655613,0.0025908596386503323,0.001293346331021259,0.004840191306371745,0.002472486480801404,0.0022382732333688826,0.0028740459790519085,1.0,0.0016430396361191391,0.0013383792853612245,0.001620590442991679,0.0013542665595946985,0.0014315148253108987,0.009900377801600899,0.0014191235925563304,0.0019522444170253937,0.0025470533964207344,0.002461685296756307,1.6979075895978332E-4,0.0016569878761593924,9.975170620857923E-4,2.114576735859915E-4,0.0011362264595284912,9.771869807128938E-4,0.0012248100966366143,0.0019914697552189968,0.0015942714136803016,8.30636080282109E-4,0.0016991968818936757,0.0024885651815184495,0.0013071536871050525,0.0024491787755560835],[2.0880701674345074E-4,1.393235596298487E-4,0.0010588558938106694,0.0013910852449157476,0.0180017200923143,6.108145276548067E-4,3.3683991138247905E-4,6.18191516721367E-5,0.0020877435959785087,0.0011966343758868713,2.84198381457653E-4,3.2255925765689196E-4,6.651109339563445E-5,3.193957609204254E-4,1.9612017875982824E-4,4.033380963148538E-4,1.2440583542759338E-4,3.76841450533587E-4,1.0500262427809998E-4,3.691190429462391E-4,0.0030121986403966352,4.2525924098202116E-4,2.1177495417211916E-4,0.00394010419351493,0.0011839918060959575,3.0232462498975426E-4,0.004655920663829551,3.4372773117530655E-4,4.328337200923254E-4,0.002116658506143497,0.0016430396361191391,1.0,3.184113150173701E-4,9.006579495812103E-4,1.9212708821886646E-4,3.0480000226873287E-4,0.0023820305323974207,6.24208377640932E-4,2.821129674358685E-4,7.126954096378188E-4,6.276883026605545E-4,1.993335136771197E-4,1.6990741610315712E-4,2.6630478502475026E-4,2.125466039441452E-4,3.1613387421496877E-4,3.7807361908335927E-4,3.005405227676608E-4,0.0010163552898183998,7.701646350529493E-4,2.4077951778493656E-4,2.4348335567167713E-4,7.873872045547775E-4,1.1727415285890833E-4,7.016065579794329E-4],[1.8638346801174333E-4,5.177713215663497E-5,8.465489364653592E-4,0.0012415345147932066,0.001911371138599895,3.875617698926003E-4,2.4369848486142042E-4,1.6446120308316945E-4,0.005766739020970972,8.121100646453194E-4,2.0249911668581615E-4,2.0887096113820304E-4,2.0225343483953428E-4,1.6561596295103074E-4,1.8669809126690477E-4,9.518346843471369E-4,1.8065348224907018E-4,3.441432020788006E-4,8.146215665926258E-5,4.350336648997884E-4,0.002769898132212687,5.506492009523124E-4,1.7077907304696477E-4,0.011413038665803834,9.868851432558946E-4,6.038600660950181E-5,0.004555371600537662,2.1909278493642404E-4,4.2695424594118127E-4,0.0021050222934255037,0.0013383792853612245,3.184113150173701E-4,1.0,3.8111720454348256E-4,1.0939145138435085E-4,2.0519030359215945E-4,0.0013179337739578948,4.294171998028526E-4,1.779406325156243E-4,4.176083843097831E-4,6.106515317366383E-4,1.562526616449375E-4,2.4097630282159177E-5,2.1386716885166054E-4,2.8862144659215442E-5,2.4030324821050784E-4,4.0351141071173183E-4,1.8666787134596422E-4,6.533256215398748E-4,4.697392583533377E-4,1.9929522651868483E-4,2.0511367604061895E-4,3.006518945837347E-4,1.9573723013299743E-4,5.028746443239124E-4],[4.8765707226043706E-4,3.560067811735942E-4,0.0012181103238232108,0.0010983370936059073,0.012682885570218367,0.0010291605280202689,4.641246702818731E-4,9.157773145734117E-4,0.004883537987493533,0.0015483168117163028,4.2084111531417437E-4,6.623465232170872E-4,6.090729965962136E-4,9.730018747896752E-4,2.0629054372119467E-4,0.0010481912567637728,8.313910861040591E-4,6.491757981664158E-4,4.2061452898155505E-4,0.0010309373264118676,0.006602801580455414,0.004631196245725835,8.132311913682358E-4,0.009104959780127875,0.00212033854949041,5.544812791736347E-4,0.004051581871031927,0.0010703237028284146,8.399831903172022E-4,0.00292755557681972,0.001620590442991679,9.006579495812103E-4,3.8111720454348256E-4,1.0,3.9270417626770227E-4,9.818075700374022E-4,0.011958591249305945,0.0010268288390695131,4.15931949599351E-4,0.0010446078188977809,0.0014739498611426151,1.3451689432948083E-4,1.8781940929010304E-4,9.461491920415716E-4,8.928319387554656E-4,3.667883345090184E-4,9.085533395584125E-4,8.717763555084034E-4,0.0011370059389253064,0.00111096774820786,0.0010234629383698646,0.0010245879774520292,0.001189250611302883,2.545468264591123E-4,0.0011699933694281593],[2.9325070571266504E-5,1.2745407537004005E-5,0.0011466982999931519,0.0017670076487839674,0.029339750427270005,9.855300144211368E-5,2.8795543804929853E-5,1.4454397932998043E-5,0.0030557301592979325,0.0029337850867073435,3.510850182192889E-5,1.352904783244788E-4,1.2639109664660239E-5,1.4587931442550282E-4,6.610348402198536E-5,2.0175400970404319E-4,5.3323118107503186E-5,5.467627314640598E-5,1.583000523281965E-5,4.5968830405321144E-5,0.004559891622062826,0.0020725714941210558,8.996346914904609E-5,0.0012421309080614784,0.0013701042615219894,2.5407303063789256E-5,0.0023245991270183