[[1.0,0.0010347513820380698,0.004157111550810404,0.001027228613786163,5.627212463447969E-4,0.003705333717092284,7.271538464611356E-4,3.5186614619642974E-4,8.451096349681835E-4,0.0032293712090725843,0.0014678518084356679,0.0010073738970567624,0.001200920672754667,5.973467242024671E-4,0.0010877856865274683,7.047285280300079E-4,0.00993318216987965,4.213147188868734E-4,0.0023133418961620014,7.84642101943006E-4,9.092435252465488E-4,0.020227982448146557,1.7071583663792265E-4,0.011989750595737156,0.0014646627166398892,0.001106323731479436,0.0012101168810470752,0.008328904492934407,7.890786523748695E-4,0.002395478509075866,0.003787687747116903,0.0013836276229560601,1.8797654223552375E-4,7.020705022443568E-4,5.624423298570022E-4,0.0011415265764751225,2.8809996231932735E-4,0.002042613216730601,9.350767635635734E-4,0.0011457307917202332,0.0018770118818163914,6.205038348305492E-4,0.0011101111736553867,0.0012360243901202506,0.0010462811862732165,0.0033776619850280293,0.009843445834426394,8.917870482927684E-4,1.3514688323772734E-4,0.0062727729980976595,0.009126774060446315,8.469113117908296E-4,0.0014569840508755253,2.567661977214734E-4,0.0011029289215367367,0.0012035166853075225,1.977606434175081E-4,0.002085030104883711,8.993415401742529E-4],[0.0010347513820380698,1.0,0.00481238157665066,8.626134978067999E-5,3.579133106489349E-5,0.006865506171896681,1.1250741459180224E-5,1.200509649285835E-5,1.3216291999597125E-5,0.004348683376003558,4.3506313173875876E-4,7.713771767456634E-5,1.546899146198532E-4,6.417300013783467E-5,6.579626969535212E-4,1.625885522303732E-5,0.0037753813835400612,4.691634370028023E-5,0.007682086705474713,1.8108018921419227E-4,1.1317150498992981E-5,0.005028996270513957,1.1067076089968655E-5,0.005238904137748634,8.708665684057234E-4,3.2241280323329954E-4,4.304904794088419E-4,0.0016722583311885118,2.030798255396026E-4,0.009994078648431387,0.010079315163196541,9.98081717846974E-4,8.69987951487448E-5,2.772160148165348E-5,1.0127236357517981E-4,1.6963417416017068E-5,1.2404511835919778E-5,8.866792053231946E-4,2.162336095824968E-5,4.5373953522687106E-4,0.0015677000377640102,1.1478518260502497E-5,3.9839117290517705E-4,6.54056625704193E-4,1.9569954025530672E-4,0.0018592688389557665,0.0010217814536382422,4.8594938031159207E-5,3.106700564107611E-5,0.0019509701501719025,0.00259263845091718,2.7854910106023982E-5,0.0017536113251289168,1.2578531086577843E-5,1.4274380344316727E-4,7.866021785558069E-4,1.1065032416390361E-4,8.754794297250697E-4,1.3328119031795759E-5],[0.004157111550810404,0.00481238157665066,1.0,0.002983240663665505,3.69673084042131E-4,0.013499334543342921,4.217179626861967E-4,0.00230324998937961,0.002882167977640031,0.0067361213644783055,0.004966737452038542,0.0017759868891933633,0.0035716568080095277,0.002034575043674702,0.004483502989092353,0.0030277291076120172,0.008369822886020879,0.0033452630766583826,0.015191216882142996,5.459186218253039E-4,0.005533167434360767,0.01564432112660008,0.0029825806528174337,0.011978195447655299,0.005682758491971128,0.0036993527390847937,0.0019330517641509783,0.006153205541450988,0.005767276548441859,0.006472354966400314,0.009402009662246821,0.0038720273351801784,0.003212180390428612,0.004117747658094865,0.0010086590483283542,0.0016851164812337468,0.0013829138280690941,0.0041800349420900475,0.001517354868915974,0.001990046226646681,0.005264714233234838,0.004159312092484532,0.005504875852818223,0.0033241507579847476,0.0017173648620355268,0.005542165096017163,0.01033969223952126,0.003510950908659272,0.003972661437683665,0.010874308555182913,0.010354501251163498,0.005697793371626766,0.00543027770545976,0.005489440750387055,0.0013528075692516872,0.0023175389926413897,0.0027374323008650687,0.0041625815237449106,4.546519658009533E-4],[0.001027228613786163,8.626134978067999E-5,0.002983240663665505,1.0,2.1190508936421085E-4,0.011397973347803129,7.589180889727265E-5,1.5851334358174958E-5,9.111263123117195E-5,0.008150847036310516,1.555975985969732E-4,1.3394898409267267E-4,9.785515285219923E-4,1.45469683775765E-4,7.305794261968501E-4,6.541914596764695E-5,0.00798340877742838,1.4385832527873146E-4,0.014573860167536512,1.4237028416884715E-4,2.372997683449872E-5,0.006537769531158762,5.946764696815761E-5,0.0015830620501523641,0.0019172000269956878,4.5634459867888676E-4,8.961759226430209E-4,0.005950895316889912,2.9344120164514077E-4,0.003095358751802117,0.008057049823966033,5.15965350539289E-4,1.276502203864915E-4,1.0588645809376161E-4,1.3790516659910828E-4,7.201881097293349E-5,7.861359970049662E-5,0.0016324489412510403,3.810426483471042E-5,8.982554074444946E-4,4.314510803949583E-4,1.0414761669858582E-4,2.183449632064676E-4,0.001224596179031695,2.4924579430645225E-4,0.0012303818532629004,0.003709539391609344,1.3599348122101225E-4,1.0300432261389512E-4,0.010255389208439877,0.001457416998849879,4.1856095472153675E-4,0.0045306516294580145,5.127674693294731E-5,1.6972979234745856E-4,0.0010249909765538388,1.3686250546160643E-4,0.0021644143039423543,6.161199434128612E-5],[5.627212463447969E-4,3.579133106489349E-5,3.69673084042131E-4,2.1190508936421085E-4,1.0,0.0044496401792661,1.2970049811874944E-4,2.7774732780896775E-4,2.4731176999419514E-4,0.004632913141979484,0.0015840866945790492,2.642341158960344E-4,6.690888450921564E-4,2.8395858521110295E-4,5.898898806289213E-4,2.3065207553356232E-4,0.005693550507177511,2.977314433711515E-4,0.001612826897069281,2.2549248047851655E-4,7.517213707070299E-5,0.017147401648363897,2.837971829402516E-4,0.012530533439967987,0.0020013043297986916,3.4635360033689807E-4,0.0010932239201368855,0.0015385601173135992,6.36786171142681E-4,0.0017644822389567656,0.00887966951027244,6.565522822062237E-4,2.3876106498100857E-4,1.474827040964758E-4,1.5265863046916994E-4,9.266406654130302E-5,2.877258620099534E-5,0.0012213874062230701,1.5624143140193693E-4,7.109552922644895E-4,0.0010489695364293648,2.0567968976372921E-4,9.44043669730761E-4,7.712562974567226E-4,3.0223579340381035E-4,0.0014167337873066746,0.00921115331774951,2.1659790982110936E-4,2.2499936156343488E-4,0.012840608826474934,0.004385261424634358,3.50761254064595E-4,0.0019746696816038667,1.5017215265772797E-4,5.185367143824573E-4,7.736141069468636E-4,2.127875209536926E-4,0.0017587947631481833,1.7915503183227796E-4],[0.003705333717092284,0.006865506171896681,0.013499334543342921,0.011397973347803129,0.0044496401792661,1.0,0.0064742149035930474,0.0035694579508746965,0.0026948536897126196,0.013852987908479676,0.0030572504032356715,0.00616795805229939,0.009859064466179792,0.011002885626974695,0.0017789471519610088,0.01359572499825041,0.012884607348111409,0.00390961248261762,0.01480456293316023,0.011344666059850352,0.012115049439905334,0.018079034392349407,0.012259896133296023,0.013426695006402685,0.008016538496374499,0.013952649357365073,0.010403698187588946,0.012319326713325494,0.01383416524518452,0.014465820360929874,0.01205619023227719,0.005437800142205337,0.013440416472857432,0.007552284776495181,0.0019488963404971334,0.013146970295093428,0.007797567527508867,0.011899125735911755,0.006361162661001648,0.00894002464020475,0.0026599182072921694,0.011021461589250816,0.003068736909143723,0.007626955830187708,0.010942177447704612,0.0089478480621419,0.012732783282856687,0.003008416631834765,0.01094866180789638,0.014699029333269017,0.012442909157970332,0.00923814307951193,0.005778809992400227,0.003684878937006666,0.0011850874870406843,0.006002826921277281,0.0063933265916168705,0.009916719332394906,0.014080926585053097],[7.271538464611356E-4,1.1250741459180224E-5,4.217179626861967E-4,7.589180889727265E-5,1.2970049811874944E-4,0.0064742149035930474,1.0,1.1778467295823837E-5,1.1902374208177881E-5,0.009016946693133512,0.0018120769838794355,7.815791973878557E-5,0.0010792028679491668,7.669652055463622E-5,9.692405575274375E-4,1.2874765108385372E-5,1.4301256689886475E-5,1.893585634560691E-4,0.006136516954455892,7.485605696620312E-5,1.550532350331733E-5,0.00633855917867296,1.1315932351407309E-5,0.012751814875325363,0.0029734570754955903,2.723351308691634E-4,1.4984309180613158E-4,0.010616562978587171,3.1926545690145666E-4,0.001792542545395768,0.0033043807977908416,5.388767930852307E-4,1.1545160437188186E-4,8.318496932524749E-5,1.399675363533163E-4,1.9213922052095243E-5,1.2378211811478949E-5,0.0011080808287351133,1.2685187754029995E-5,1.1561324056581963E-4,4.145841259496883E-4,3.186673315106837E-5,5.477781706329543E-4,4.5645212805897796E-4,2.6570540429815076E-4,0.0022477106594515884,0.003977284546853788,1.0887590970661484E-4,3.72548776941706E-5,0.0014417342087305108,0.003599003718182945,2.968374211548207E-4,0.003553537309074998,1.3023207570072322E-5,5.444167314722015E-4,1.8693560131543535E-4,1.4497174728110409E-5,3.5116365598024065E-4,1.169209222751698E-5],[3.5186614619642974E-4,1.200509649285835E-5,0.00230324998937961,1.5851334358174958E-5,2.7774732780896775E-4,0.0035694579508746965,1.1778467295823837E-5,1.0,1.257799604002792E-5,2.53695222123441E-4,5.966289050951716E-4,1.2559677258282783E-4,1.9514757141579845E-4,4.706420874923579E-5,2.2936705202272878E-4,1.394261108449372E-5,0.0027573359354110807,1.5056737113348486E-4,0.014866931337343611,2.6207873766311974E-5,1.4598592916681379E-5,0.007897477780719402,1.191745801344003E-5,0.002856936624647857,0.002362929468330538,2.4045081017254574E-4,0.001228415102929627,0.002973903948236783,1.430185535210723E-4,0.00804509962794431,1.863729553060027E-4,8.169888488732938E-4,7.881533349419305E-5,9.132457235430873E-5,9.317137847301215E-5,2.0595898272164593E-5,1.2414828122424288E-5,0.001314353113243194,2.2110623664652213E-5,4.7963564659857087E-4,0.0014389420403518932,7.756059644545906E-5,7.415882558299287E-4,0.0010099445704523794,8.243625754338268E-5,5.354337483461113E-4,0.00231865981853889,8.292374401343039E-5,2.061050565739978E-5,0.0044397415454254,0.0012403789700142938,2.544283750462515E-4,0.0026693009160428135,1.2473808855733034E-5,6.16601898655463E-4,0.0013322528069100246,1.161686065393821E-4,9.017532157963242E-4,1.326019345427454E-5],[8.451096349681835E-4,1.3216291999597125E-5,0.002882167977640031,9.111263123117195E-5,2.4731176999419514E-4,0.0026948536897126196,1.1902374208177881E-5,1.257799604002792E-5,1.0,0.008466959353902192,2.895461448801069E-4,9.580826314498387E-5,8.410020905004797E-4,2.1527278272387357E-5,2.343116347992624E-4,1.561889166335707E-5,0.00805725433944163,4.648189842463828E-5,0.007267450019645997,7.049709264372529E-5,1.5451354357475944E-5,0.001724703941841845,1.4039581361893261E-5,0.006161664456119716,0.004118700565871073,2.5093603022928492E-5,3.728800184180543E-4,0.006251143765579408,3.1747388075457434E-4,0.009792268997638114,0.005590083733608465,0.0014421933204838149,7.624939195607804E-5,4.612184935202289E-5,3.72154399356458E-5,1.6094389319509352E-5,1.4608067421095235E-5,0.0020366842452213224,1.6053004370351473E-5,9.050532635249648E-4,0.0012463844286874997,7.690215802555597E-5,1.1235177874067331E-4,8.477277401232028E-4,1.9658730898583797E-4,5.91882733318615E-4,0.002585195385728016,1.7742351085918395E-5,3.530459158090006E-5,0.00946416686476309,0.002930624445960643,1.6664900693795382E-4,0.004334478874590644,1.372099271336475E-5,5.702743893195952E-4,8.04130471330204E-4,1.2137099228895842E-4,6.483064468348696E-4,1.5725664669007465E-5],[0.0032293712090725843,0.004348683376003558,0.0067361213644783055,0.008150847036310516,0.004632913141979484,0.013852987908479676,0.009016946693133512,2.53695222123441E-4,0.008466959353902192,1.0,0.009290465247056474,0.0011324710287565413,0.011918074128195457,0.0022299493321359517,0.010412855028477698,0.0010877093434815052,0.01200755087017349,0.0037958380897129555,0.014966795753421268,0.010356098826681804,0.007197220380170887,0.024791227146415767,0.0014318719239655776,0.012545988555551158,0.010858121179030188,0.007488630520925179,0.009038128810614351,0.011366677768851701,0.0016750360178765023,0.016155769966396182,0.011926867174428367,0.011394724857031665,0.0051656016416996966,0.008993776445602224,0.0024536637289242183,0.003729122959572274,8.033607577124546E-4,0.007462984036493384,0.011292058676660836,0.00352593153522689,0.003719001368299582,0.010747195841548854,0.00319831755791822,0.00424280747585201,0.0013022158302259024,0.006207461052658746,0.01211736749255543,0.010443748386031097,2.0573761684018505E-4,0.01370147986415481,0.012048192771084338,0.0050612514097453706,0.008712925521368806,0.005980731668955299,0.012047219510558711,0.0019088523334059731,0.006799052189964882,0.0030474407843050543,0.0037475058526459867],[0.0014678518084356679,4.3506313173875876E-4,0.004966737452038542,1.555975985969732E-4,0.0015840866945790492,0.0030572504032356715,0.0018120769838794355,5.966289050951716E-4,2.895461448801069E-4,0.009290465247056474,1.0,4.355366483445548E-4,0.0017388167060948564,2.5681321202575063E-4,0.0013038118917684128,4.049943818241999E-4,0.007356589454128882,0.0014236404439476789,0.012196738547526276,0.00125986629527599,8.693206197899474E-4,0.012607222169790095,9.718209175126465E-4,0.005332255206845908,0.004435034443108738,0.001362751460051913,0.0016570753687363221,0.009392162787635872,9.408735819334865E-4,0.013720340192326813,0.005316332475972954,0.0017317967777113674,8.946970750967529E-4,6.937193819503061E-4,3.5772996285117633E-4,0.001486938726499517,6.478399409252891E-4,0.0020399311895142372,0.0011702917785275952,0.0011789078804654175,0.0020512822469471296,5.099589525086202E-4,0.0013141798370629627,0.001553655115984024,0.0010488104135054261,0.002302348371235707,0.005929869433961697,9.304271481288385E-4,0.0016645479876853779,0.004882994676193913,0.00941242619907418,9.477501478891335E-4,0.002443258568989059,0.00126801229775489,0.001763841216090775,0.0019775037915202446,0.0015881553440207882,0.002118937431373606,0.0011711673374047733],[0.0010073738970567624,7.713771767456634E-5,0.0017759868891933633,1.3394898409267267E-4,2.642341158960344E-4,0.00616795805229939,7.815791973878557E-5,1.2559677258282783E-4,9.580826314498387E-5,0.0011324710287565413,4.355366483445548E-4,1.0,8.572839115569735E-4,1.7122076333527683E-4,1.686202450899815E-4,1.0308033387290709E-4,0.0034760367958673478,1.7288936033599267E-4,0.0021940229237326445,1.7580457933298203E-4,4.029947014356825E-5,0.007641458733624247,8.765341274999874E-5,0.00487400644119794,0.0014257617369556972,5.421279353524169E-4,7.467220610295489E-4,0.008511903417309296,3.751146531216792E-4,0.0031316598585651523,0.0035674556498463527,3.3855619443417406E-4,1.3427695504392354E-4,1.3015011578416672E-4,1.3932817514993796E-4,6.875287211099628E-5,6.799994682005388E-5,0.001173298833228295,8.337147008590007E-5,1.9711276529874174E-4,1.675862925485251E-4,1.2320922406028833E-4,9.319829615921596E-4,5.252251787311729E-4,1.9098771203776343E-4,2.9012216866586326E-4,0.001774160977923918,1.4005908161690363E-4,1.1957417060744503E-4,0.007910578548315847,0.004958544978560187,2.670300535558809E-4,0.004170917098476604,5.953796425454017E-5,7.541013356112451E-4,3.9796319227933567E-4,1.3901045359604642E-4,0.0018591069768510108,8.823878372134511E-5],[0.001200920672754667,1.546899146198532E-4,0.0035716568080095277,9.785515285219923E-4,6.690888450921564E-4,0.009859064466179792,0.0010792028679491668,1.9514757141579845E-4,8.410020905004797E-4,0.011918074128195457,0.0017388167060948564,8.572839115569735E-4,1.0,6.007958672397876E-4,0.0012335502089753263,2.8674472786951744E-4,0.00876367820088503,5.343188984150513E-4,0.018861936841885887,3.7452248235512987E-4,0.0012516732425092384,0.00679581429461347,1.3135987636643255E-4,0.006896851895780902,0.0018164859481159825,6.869566804892538E-4,0.0015505194442616492,0.0088360018725559,0.0012003694303632608,0.011910649001088205,0.007028433244677475,0.0013377824257564265,6.623033925861401E-4,0.0012052043668069451,5.104145403469579E-4,2.800446219798203E-4,4.89327034819387E-5,0.001579304421760775,4.8231171991127515E-4,0.00121755179489562,0.0023064982894961884,8.402807745942021E-4,0.0012809803341763265,0.0013034750650101838,5.51824352799382E-4,0.0030746001409210424,0.005873400674630718,5.822587272870577E-4,7.995421432740633E-4,0.008275539021208582,0.010428221405055137,8.057718288984936E-4,0.003789370231925707,4.669857388660732E-4,0.0012448755452163882,0.0013719628704508243,8.34103277937516E-4,0.0013203256957823575,0.0010564575814424897],[5.973467242024671E-4,6.417300013783467E-5,0.002034575043674702,1.45469683775765E-4,2.8395858521110295E-4,0.011002885626974695,7.669652055463622E-5,4.706420874923579E-5,2.1527278272387357E-5,0.0022299493321359517,2.5681321202575063E-4,1.7122076333527683E-4,6.007958672397876E-4,1.0,6.610534929768333E-4,8.061998349472423E-5,0.009792148880799868,1.8354216334548267E-4,0.01593914021335793,1.8536280229924663E-4,1.038881503926384E-4,0.005300799408464816,5.278126055225908E-5,0.00364152315993564,0.001999483825760228,5.672088585419251E-4,0.0015333632344212726,0.0066297896863977855,3.167843846708098E-4,0.0032538753150292313,0.006972375312600612,0.001096585494666331,1.3170831665345172E-4,1.314084347632355E-4,1.492409663029646E-4,4.677770448955025E-5,4.7190791680635165E-5,0.001180944899263457,1.6396762570688309E-4,3.7165500840225874E-4,9.396350997930939E-4,1.325961902279611E-4,8.187441345897207E-4,3.304348647370106E-4,2.4344537383457087E-4,0.0032410924791354202,0.010866206325962451,1.5839777867082314E-4,4.372035552841889E-5,0.013707843352272929,8.643961795118576E-4,2.832743992074281E-4,0.0012443051050957253,1.3377816707832538E-4,2.516720880613994E-4,6.181452769127989E-4,1.6486973954010718E-4,7.566123562357323E-4,8.0932783673162E-5],[0.0010877856865274683,6.579626969535212E-4,0.004483502989092353,7.305794261968501E-4,5.898898806289213E-4,0.0017789471519610088,9.692405575274375E-4,2.2936705202272878E-4,2.343116347992624E-4,0.010412855028477698,0.0013038118917684128,1.686202450899815E-4,0.0012335502089753263,6.610534929768333E-4,1.0,5.721926920956035E-4,0.010800725813844158,3.22988441512642E-4,0.017664738050326898,6.071444413157437E-4,8.522219305310656E-4,0.0032911255068927975,7.874849023574583E-4,0.004936624097172638,0.002173571895168749,9.190037706251427E-4,0.0012833647858122126,0.0033245665987323564,7.84283023817489E-4,0.01463403127980679,0.005039492819825399,0.0011402833157045738,4.1241597019012796E-4,4.8313932451076374E-4,8.203905299603207E-4,7.512042450391528E-4,6.311587598291434E-4,0.0014719094420348315,9.488829430445751E-4,0.0010798269660126283,0.001295052422565329,8.479370319276628E-4,0.001062464450265401,0.0011164471302764218,8.572488270759601E-4,0.0031052412205116713,0.00877827835965932,9.120975079802466E-4,1.320622183516498E-4,0.01353924257733748,0.004588727439424939,6.695946464096259E-4,0.0021989804542486002,7.336366048183821E-4,8.509457249541359E-4,0.0011531067958589914,4.292310761498902E-4,0.0017433414113823195,6.339194772363453E-5],[7.047285280300079E-4,1.625885522303732E-5,0.0030277291076120172,6.541914596764695E-5,2.3065207553356232E-4,0.01359572499825041,1.2874765108385372E-5,1.394261108449372E-5,1.561889166335707E-5,0.0010877093434815052,4.049943818241999E-4,1.0308033387290709E-4,2.8674472786951744E-4,8.061998349472423E-5,5.721926920956035E-4,1.0,0.0107174028312595,5.8529087708409744E-5,0.004363794676169722,2.7978679069347437E-5,1.6295103079803894E-5,0.01446187457410547,1.4361157865783028E-5,0.0032551195147683945,0.0023295418299209615,3.5798159241001487E-4,7.831644468244477E-4,0.00947971807782238,3.944327710128264E-4,0.011294131533714613,0.00839451727383558,6.199549233292894E-4,4.1981416127067974E-5,1.1201932213451587E-4,1.257524623010068E-4,1.8075478861194657E-5,1.4440112020677823E-5,0.001686439955030499,1.8402086713146745E-5,7.359597169518925E-5,7.125714556102705E-4,5.781740364297613E-5,4.2339024856917356E-5,2.3753262769640195E-4,2.3258603814359027E-4,0.002232058923757256,0.004210788079610967,8.653388220465016E-5,1.8610380950470685E-5,0.009688988798922327,0.002272283216294518,6.150315429151713E-5,0.0016586024400742593,1.3576013661689406E-5,3.643822413706481E-4,8.964538681808202E-4,1.459387715184336E-4,4.049790189516798E-4,1.6565795772719382E-5],[0.00993318216987965,0.0037753813835400612,0.008369822886020879,0.00798340877742838,0.005693550507177511,0.012884607348111409,1.4301256689886475E-5,0.0027573359354110807,0.00805725433944163,0.01200755087017349,0.007356589454128882,0.0034760367958673478,0.00876367820088503,0.009792148880799868,0.010800725813844158,0.0107174028312595,1.0,0.0024397008760302565,0.015632059006826862,0.011563537540857713,0.005358635887524507,0.014816940242236662,0.00949750869133113,0.012289229915114564,0.00832357817783181,0.003819294759014654,0.008715888678517846,0.011704804586281273,0.004898030789311774,0.013417658743071888,0.011071247076898487,0.0051289217897242875,0.00847555426589828,0.00735248909804128,0.003985360807069776,0.00577573278844544,0.003730480775784993,0.005479019575908815,0.00739110071513467,0.0055337339080558596,0.011040472006158965,0.007929550620365888,0.007933991291878413,0.0033682634615805106,0.011335680665382594,0.011749366546372328,0.012193357432691872,0.011523688900339795,0.007150908384288563,0.01477940807043171,0.011944131536156805,0.0053726807046038825,0.010009073954546758,0.004375024150404864,0.006343000670174955,0.0054173984725942,0.00785180338069004,0.004089388401664497,0.008318565314553125],[4.213147188868734E-4,4.691634370028023E-5,0.0033452630766583826,1.4385832527873146E-4,2.977314433711515E-4,0.00390961248261762,1.893585634560691E-4,1.5056737113348486E-4,4.648189842463828E-5,0.0037958380897129555,0.0014236404439476789,1.7288936033599267E-4,5.343188984150513E-4,1.8354216334548267E-4,3.22988441512642E-4,5.8529087708409744E-5,0.0024397008760302565,1.0,0.008605444782796534,2.027577204170393E-4,1.3245852676467743E-4,0.008401243397661571,7.37888667749094E-5,0.007250268809083289,0.003221324659593708,5.359077256267428E-4,3.0662751365036147E-4,0.008524978285478036,3.916710716630363E-4,8.443258352972827E-4,6.977561693159262E-4,0.001011969653622205,1.4958488692564385E-4,1.7147478144556745E-4,1.7214451597825675E-4,1.813368036916718E-4,9.406391820432771E-5,0.002021984614201395,1.5171665393010688E-4,6.863916356726414E-4,0.001851031536817354,1.6906090088242932E-4,2.98800346075579E-4,3.259054094700136E-4,2.8713338945301076E-4,0.003144939717434476,6.080103466691738E-4,1.9233336263209215E-4,1.857373846248426E-4,0.003388618686697666,0.008032110505776095,3.948400596392909E-4,0.004925635769473076,1.2445823101068495E-4,3.759155782052173E-4,8.553809841242474E-4,1.8408411531627071E-4,5.922081464035932E-4,9.866690146780324E-5],[0.0023133418961620014,0.007682086705474713,0.015191216882142996,0.014573860167536512,0.001612826897069281,0.01480456293316023,0.006136516954455892,0.014866931337343611,0.007267450019645997,0.014966795753421268,0.012196738547526276,0.0021940229237326445,0.018861936841885887,0.01593914021335793,0.017664738050326898,0.004363794676169722,0.015632059006826862,0.008605444782796534,1.0,0.018376971961410544,6.98069057889123E-4,0.021205793988852126,0.017855702577201343,0.01650134086105512,0.009925508249980985,0.004531488938179304,0.007864774558581688,0.018369425612750595,0.013614307612883217,0.01717044239378577,0.013632920345820991,0.012300398960831871,0.0057623193280590575,0.003109641173705738,0.01040886971132464,0.011620842180852164,0.003194146574453783,0.012698046772584374,0.004316344116800737,0.007363103999568535,0.012633653496965571,0.005643478644498441,0.007928824983674466,0.01240502154320287,0.005355151387053617,0.004588166649675148,0.015183169430259325,8.300592263102158E-4,0.007812405788088862,0.018383570061526407,0.013776559063132807,0.0015903972312819891,0.017229840932576,0.014958526649901122,0.01740668832662061,0.006182614647000763,4.954849466271272E-4,0.0027029082289347904,0.009089946733636707],[7.84642101943006E-4,1.8108018921419227E-4,5.459186218253039E-4,1.4237028416884715E-4,2.2549248047851655E-4,0.011344666059850352,7.485605696620312E-5,2.6207873766311974E-5,7.049709264372529E-5,0.010356098826681804,0.00125986629527599,1.7580457933298203E-4,3.7452248235512987E-4,1.8536280229924663E-4,6.071444413157437E-4,2.7978679069347437E-5,0.011563537540857713,2.027577204170393E-4,0.018376971961410544,1.0,9.645366911686915E-5,0.014153733730926247,1.3015021006115499E-4,6.532345399955432E-4,0.0032524608799453384,3.263678740497614E-4,6.466366460982512E-4,0.004469441141078328,5.939749887335472E-4,0.008103600423968049,0.0030267859673751476,9.341444237201524E-4,1.3351982528230844E-4,2.0430196594793594E-4,1.4745188283478056E-4,1.9460930535794677E-4,1.1943211691141493E-4,0.0011148184552167424,1.0469257180034094E-4,8.46923972491922E-4,3.879011856236216E-4,1.8256363272129512E-4,8.74116479035809E-4,9.486912272116883E-4,2.888484824900842E-4,0.0011148367330927585,0.010650324305288452,1.6574211082223081E-4,6.141138442576375E-5,0.006629288018287319,0.011979667304538678,3.61366492894005E-4,0.003858437574955356,2.0853794454501519E-4,5.343235617428293E-4,9.543552312769109E-4,1.7938340894373342E-4,0.0019126662277367244,3.854395375381868E-5],[9.092435252465488E-4,1.1317150498992981E-5,0.005533167434360767,2.372997683449872E-5,7.517213707070299E-5,0.012115049439905334,1.550532350331733E-5,1.4598592916681379E-5,1.5451354357475944E-5,0.007197220380170887,8.693206197899474E-4,4.029947014356825E-5,0.0012516732425092384,1.038881503926384E-4,8.522219305310656E-4,1.6295103079803894E-5,0.005358635887524507,1.3245852676467743E-4,6.98069057889123E-4,9.645366911686915E-5,1.0,0.002821391754601745,1.1133321245689607E-5,0.003092960377469636,0.0016143887628181604,1.7691409900751838E-4,0.0013079324343618606,0.009852432999865341,3.6051052425185154E-4,0.012740240101324763,0.004752610105686508,6.098239655297516E-4,1.1671499219169303E-4,5.078819069447954E-5,3.920609582959681E-5,2.2640598406281755E-5,1.4616430895451939E-5,2.1387986835631412E-4,2.099937905157125E-5,2.6180488430435503E-4,9.043788415681363E-4,9.438807698057041E-5,8.892339385142262E-4,1.9707876625206532E-4,3.128189957519317E-5,0.0027187944247695807,0.003936903473602885,3.621413792950396E-5,3.793418635285342E-5,0.007347850188709209,0.005696580622090085,2.453954295174318E-4,0.004874222550572295,1.3654936912710173E-5,2.8409211187187396E-4,3.682781050960476E-4,6.816722142379824E-5,0.001493923457176791,1.5806677315566952E-5],[0.020227982448146557,0.005028996270513957,0.01564432112660008,0.006537769531158762,0.017147401648363897,0.018079034392349407,0.00633855917867296,0.007897477780719402,0.001724703941841845,0.024791227146415767,0.012607222169790095,0.007641458733624247,0.00679581429461347,0.005300799408464816,0.0032911255068927975,0.01446187457410547,0.014816940242236662,0.008401243397661571,0.021205793988852126,0.014153733730926247,0.002821391754601745,1.0,0.0018379315658115384,0.015726586499822812,0.021962513998988995,0.002398014518094802,0.024633435825504448,0.011529637655438149,0.02083525194051596,0.017809840018004997,0.021212068205803535,0.013377440878081941,0.010648294281640176,0.013077561982503611,0.018912587687778086,0.009976582922529544,0.014233615388444204,0.025277071908343267,0.01398827615755331,0.016914725984484014,0.01844789852461481,3.1066382615342375E-4,0.0010437950528775005,0.0016596235518877476,0.006204542553736911,0.014858352502338749,0.015997072878962827,2.068895341144053E-4,0.009827825606410812,0.018204400332234534,0.024469504232244813,0.011949381396966626,0.013095694139241592,0.014738614076610767,0.013160805666182093,0.005701694627250562,0.009494964792482607,0.02344441098580844,0.023819613766590524],[1.7071583663792265E-4,1.1067076089968655E-5,0.0029825806528174337,5.946764696815761E-5,2.837971829402516E-4,0.012259896133296023,1.1315932351407309E-5,1.191745801344003E-5,1.4039581361893261E-5,0.0014318719239655776,9.718209175126465E-4,8.765341274999874E-5,1.3135987636643255E-4,5.278126055225908E-5,7.874849023574583E-4,1.4361157865783028E-5,0.00949750869133113,7.37888667749094E-5,0.017855702577201343,1.3015021006115499E-4,1.1133321245689607E-5,0.0018379315658115384,1.0,0.00960027159133429,0.0029407568006455886,1.9258724363109534E-4,5.59118883011806E-4,1.2113353091558243E-4,1.2010062414546405E-5,0.01591047453002837,0.0029574519587421,5.557861544409592E-4,6.767493677373691E-5,3.853393179491973E-5,2.5786026894563643E-5,1.4260733288292814E-5,1.2380924166787233E-5,4.283980425254163E-4,2.0500895848029314E-5,4.94799092030942E-4,3.2787389827607224E-4,2.660417919443361E-5,8.59238438199167E-5,1.167282249172413E-4,2.8432852126184817E-4,0.003049389748961072,0.0041528719676667,2.5846532281568332E-5,1.95032192034789E-5,0.014763118276073395,0.005452169152697846,3.5608850244320894E-5,0.004324553591270775,1.317952472063739E-5,4.8774350737996764E-4,6.681451174523699E-4,1.0437386339337803E-4,0.001935865925207475,1.2658802067439906E-5],[0.011989750595737156,0.005238904137748634,0.011978195447655299,0.0015830620501523641,0.012530533439967987,0.013426695006402685,0.012751814875325363,0.002856936624647857,0.006161664456119716,0.012545988555551158,0.005332255206845908,0.00487400644119794,0.006896851895780902,0.00364152315993564,0.004936624097172638,0.0032551195147683945,0.012289229915114564,0.007250268809083289,0.01650134086105512,6.532345399955432E-4,0.003092960377469636,0.015726586499822812,0.00960027159133429,1.0,0.011806290232636676,0.010469231044937771,0.007535667495959744,0.010999222060369115,0.006344506537604559,0.014348691670390505,0.012840157019754831,0.0025161991999175307,0.005902173996369174,0.009125702804292899,0.005437602528135241,3.3354157881164653E-4,0.008213717327006553,0.006234840913150772,0.011047753183347093,0.005984201698338189,0.006724632519577257,0.008553705618352583,0.006227931643323247,0.01192981848841264,0.010637072042227445,0.007777057225324258,0.01297689060141507,0.001936149492413895,0.012785941603910842,0.014241054658205361,0.012749636632746336,0.010041847480639885,0.012053921914502278,8.193229084236275E-4,0.00846052502577475,0.0074539448733543685,0.008529466035808507,0.009012597084164324,0.0013315446429949173],[0.0014646627166398892,8.708665684057234E-4,0.005682758491971128,0.0019172000269956878,0.0020013043297986916,0.008016538496374499,0.0029734570754955903,0.002362929468330538,0.004118700565871073,0.010858121179030188,0.004435034443108738,0.0014257617369556972,0.0018164859481159825,0.001999483825760228,0.002173571895168749,0.0023295418299209615,0.00832357817783181,0.003221324659593708,0.009925508249980985,0.0032524608799453384,0.0016143887628181604,0.021962513998988995,0.0029407568006455886,0.011806290232636676,1.0,0.003171882373039469,0.002355111855607428,0.00826009380565319,0.001113376882334532,0.009464353373094656,0.008781349141424269,0.0019297275197765337,1.6220812234876141E-4,0.004030290659606918,0.0032257775520235653,0.004415692030130174,0.0024292369342342078,0.003960552407518132,0.00465199995425183,0.003883075678405265,0.0025046567914871476,0.00515108986871141,0.0042504411529593385,0.0027834808140623293,0.0012878815943239696,0.004727451660699156,0.010906985101748461,0.0024616029818716003,0.001287785115409789,0.007973502399609788,0.00856312954116116,0.004276808337798693,0.0052559009952759615,0.003391001458529349,0.0026627571659699426,0.0046065386461637565,7.691363033172546E-4,0.0036330400682891544,0.001117627142731959],[0.001106323731479436,3.2241280323329954E-4,0.0036993527390847937,4.5634459867888676E-4,3.4635360033689807E-4,0.013952649357365073,2.723351308691634E-4,2.4045081017254574E-4,2.5093603022928492E-5,0.007488630520925179,0.001362751460051913,5.421279353524169E-4,6.869566804892538E-4,5.672088585419251E-4,9.190037706251427E-4,3.5798159241001487E-4,0.003819294759014654,5.359077256267428E-4,0.004531488938179304,3.263678740497614E-4,1.7691409900751838E-4,0.002398014518094802,1.9258724363109534E-4,0.010469231044937771,0.003171882373039469,1.0,6.397557587579975E-4,0.007513156323366272,6.353382239594964E-4,0.0027246849128267168,0.009416426277710662,8.064838117427956E-4,5.437459780646849E-4,4.4973030443122596E-4,5.957540007464865E-4,2.8181658038376595E-4,3.120047415069971E-4,0.0012913364297590857,2.4033144072253826E-4,0.0011220862755979303,0.002102654889916394,5.009779973416898E-4,7.755998622728622E-4,9.847313408734542E-4,4.55768704826501E-4,0.002389929888800623,0.001498624837354355,5.772956721056327E-4,1.8696259864569992E-4,0.012038783464568369,0.008232344014623512,5.185531932077109E-4,0.001565165584456483,1.5162742834943644E-5,6.144840429411576E-4,0.0011084194383272545,5.110401633307778E-4,0.0011494268978986645,3.6962944703372374E-4],[0.0012101168810470752,4.304904794088419E-4,0.0019330517641509783,8.961759226430209E-4,0.0010932239201368855,0.010403698187588946,1.4984309180613158E-4,0.001228415102929627,3.728800184180543E-4,0.009038128810614351,0.0016570753687363221,7.467220610295489E-4,0.0015505194442616492,0.0015333632344212726,0.0012833647858122126,7.831644468244477E-4,0.008715888678517846,3.0662751365036147E-4,0.007864774558581688,6.466366460982512E-4,0.0013079324343618606,0.024633435825504448,5.59118883011806E-4,0.007535667495959744,0.002355111855607428,6.397557587579975E-4,1.0,0.008357415256950983,0.0015708735891058032,0.012871450655177042,0.008105993154141422,0.0015770667418756664,0.0013736516778210116,0.0013057755039864495,3.243181909944894E-4,1.7403256959200316E-4,9.232774634778798E-4,0.0020335561941752095,4.562361511817229E-4,0.0014567883743318477,0.0016840486531929841,0.0010569262011815724,0.001599895066940452,0.001550745588231552,0.0012274105552478125,0.0025317824640229154,0.005493698740750564,0.0013906849412833508,3.634253676569359E-4,0.0069211262938889675,0.009472650604352541,0.0011452524052830715,0.0036557653030769716,0.0016071619455570536,0.001168360140912702,0.0015760883789748157,4.834656530202973E-4,0.001616817259301872,5.586157308590833E-4],[0.008328904492934407,0.0016722583311885118,0.006153205541450988,0.005950895316889912,0.0015385601173135992,0.012319326713325494,0.010616562978587171,0.002973903948236783,0.006251143765579408,0.011366677768851701,0.009392162787635872,0.008511903417309296,0.0088360018725559,0.0066297896863977855,0.0033245665987323564,0.00947971807782238,0.011704804586281273,0.008524978285478036,0.018369425612750595,0.004469441141078328,0.009852432999865341,0.011529637655438149,1.2113353091558243E-4,0.010999222060369115,0.00826009380565319,0.007513156323366272,0.008357415256950983,1.0,0.009993431218433983,0.015788435268068533,0.0105902788039572,0.006263298273459962,0.005870263760283251,0.006231296783224551,0.008193336150331626,0.008123198918694934,5.180607868200506E-4,0.009942701145080371,0.006487090254834196,0.0026896588007602152,0.00812184803376012,0.009695893419380744,0.0038631383011725126,0.007733883535057455,0.002136662468908792,0.009669618090396872,0.011484072305069922,0.008914860223357616,0.00960925064317824,0.014732766838964217,0.011747488072898655,0.010185458781494613,0.010010483491399151,0.0025668906417208644,0.00809743986979439,0.008979605646839703,0.007657273136223175,0.008056592050724043,0.008729840577497927],[7.890786523748695E-4,2.030798255396026E-4,0.005767276548441859,2.9344120164514077E-4,6.36786171142681E-4,0.01383416524518452,3.1926545690145666E-4,1.430185535210723E-4,3.1747388075457434E-4,0.0016750360178765023,9.408735819334865E-4,3.751146531216792E-4,0.0012003694303632608,3.167843846708098E-4,7.84283023817489E-4,3.944327710128264E-4,0.004898030789311774,3.916710716630363E-4,0.013614307612883217,5.939749887335472E-4,3.6051052425185154E-4,0.02083525194051596,1.2010062414546405E-5,0.006344506537604559,0.001113376882334532,6.353382239594964E-4,0.0015708735891058032,0.009993431218433983,1.0,0.01469282992032343,0.0024585644258494532,0.0015202188700231215,5.680901984775764E-4,2.5280943640774046E-4,1.502563347667184E-4,4.319057242689989E-4,6.344280509021745E-4,0.0010941433678276422,9.273890638505928E-5,0.0010406216192293967,0.0021136046666665625,4.499338728230477E-4,7.113075826469577E-4,0.001216528649491682,5.993147188191467E-4,0.0016453877105810327,0.0020657214994009433,1.6684551194223998E-4,4.836797510857901E-4,0.0072531544708850796,0.010499799485296836,5.14372756217285E-4,0.004163608733720821,4.611597720986742E-4,7.717534330544515E-4,0.001000378547645007,4.3668999765656227E-4,0.0013405399299474363,6.126718697608564E-4],[0.002395478509075866,0.009994078648431387,0.006472354966400314,0.003095358751802117,0.0017644822389567656,0.014465820360929874,0.001792542545395768,0.00804509962794431,0.009792268997638114,0.016155769966396182,0.013720340192326813,0.0031316598585651523,0.011910649001088205,0.0032538753150292313,0.01463403127980679,0.011294131533714613,0.013417658743071888,8.443258352972827E-4,0.01717044239378577,0.008103600423968049,0.012740240101324763,0.017809840018004997,0.01591047453002837,0.014348691670390505,0.009464353373094656,0.0027246849128267168,0.012871450655177042,0.015788435268068533,0.01469282992032343,1.0,0.011526125876851107,0.005684037430038147,0.013603236930504551,0.01334475404223153,0.00835379760005548,0.014507214501466139,0.008331236418436045,0.01064693859832087,0.012285757640217231,0.006899563239176971,0.003980771152770293,0.004920918445828849,0.00741497802521985,0.006195217505791004,0.01340264203323055,0.006954456807093863,0.012482031781449864,0.0066278922420705145,0.004844954541985171,0.0160041791867024,0.012942261145707503,0.004177324095168234,0.005693935939659697,0.009867306813065394,0.00644568751928754,0.014875751578554993,0.0038413820656198897,0.0047497581266907705,0.0018868668972511437],[0.003787687747116903,0.010079315163196541,0.009402009662246821,0.008057049823966033,0.00887966951027244,0.01205619023227719,0.0033043807977908416,1.863729553060027E-4,0.005590083733608465,0.011926867174428367,0.005316332475972954,0.0035674556498463527,0.007028433244677475,0.006972375312600612,0.005039492819825399,0.00839451727383558,0.011071247076898487,6.977561693159262E-4,0.013632920345820991,0.0030267859673751476,0.004752610105686508,0.021212068205803535,0.0029574519587421,0.012840157019754831,0.008781349141424269,0.009416426277710662,0.008105993154141422,0.0105902788039572,0.0024585644258494532,0.011526125876851107,1.0,0.005945609508774739,0.008175956267384323,0.0024678133724195537,0.0020826372001116213,7.874416718701938E-4,0.0026531287539290817,0.006496839539488989,0.0011870490759377835,0.003946166572197628,0.006344030142451722,0.007507880438290246,0.003412860043032434,0.005728991710890308,0.005485404861280545,0.004078001948898244,0.011803141516626744,0.005592863314240882,0.003033328911197894,0.010451853085672634,0.010450322766410388,0.0024233474592773446,0.009710685508400416,0.00865807088162261,0.0058439511759086245,0.004585633260451061,0.007716422659260976,0.0044951497510423485,0.0010134397970021829],[0.0013836276229560601,9.98081717846974E-4,0.0038720273351801784,5.15965350539289E-4,6.565522822062237E-4,0.005437800142205337,5.388767930852307E-4,8.169888488732938E-4,0.0014421933204838149,0.011394724857031665,0.0017317967777113674,3.3855619443417406E-4,0.0013377824257564265,0.001096585494666331,0.0011402833157045738,6.199549233292894E-4,0.0051289217897242875,0.001011969653622205,0.012300398960831871,9.341444237201524E-4,6.098239655297516E-4,0.013377440878081941,5.557861544409592E-4,0.0025161991999175307,0.0019297275197765337,8.064838117427956E-4,0.0015770667418756664,0.006263298273459962,0.0015202188700231215,0.005684037430038147,0.005945609508774739,1.0,6.645674205363574E-4,0.0010741994930607314,0.0014095494129504917,0.0010287852156654763,0.0015429618736913222,0.001920248573829381,0.0010202978761517183,0.0013513254076706837,0.0017471309205814038,0.001154029339183809,0.0010559677408474273,0.0013759193728376,0.0010283128707875098,0.00338767405086616,0.001988970965781291,5.565457054290714E-4,0.001452767562511339,0.007131544431146766,0.002075045435234878,4.50652089865245E-4,0.0017222622698486675,6.094538449673227E-4,0.0011653285089173065,0.0013944491595919326,4.978363705631847E-4,0.002152046179785311,1.885566249441392E-4],[1.8797654223552375E-4,8.69987951487448E-5,0.003212180390428612,1.276502203864915E-4,2.3876106498100857E-4,0.013440416472857432,1.1545160437188186E-4,7.881533349419305E-5,7.624939195607804E-5,0.0051656016416996966,8.946970750967529E-4,1.3427695504392354E-4,6.623033925861401E-4,1.3170831665345172E-4,4.1241597019012796E-4,4.1981416127067974E-5,0.00847555426589828,1.4958488692564385E-4,0.0057623193280590575,1.335198252