[[1.0,1.7167049515794296E-4,0.010586236176317036,1.820489777209716E-4,1.0646430241820096E-4,1.4903180800631378E-4,0.004401883794452323,2.507306485258278E-5,0.0017218371307680803,0.0187864739115438,1.533772074421507E-4,3.1368653349862855E-4,6.10943259601515E-5,5.427370887889965E-4,4.505952130857023E-5,6.922660774379369E-4,1.2139969821833384E-4,2.8667252668691204E-4,2.699375424059413E-5,0.001764465512794927,0.0019626588516790623,1.0984514728360307E-4,3.7051698744751304E-5,0.04161646150602495,0.027976827447629974,7.18384429053576E-4,6.98647023569922E-5,0.011801803590700271,4.054190391725059E-4,0.005669394250746207,0.0056003222727152024,2.8032795972093887E-4,0.03718471356334435,3.95051013136204E-4,6.643607729261407E-5,0.01918004918177008,0.016263661516017252,1.1309401775214743E-4,3.852387626757885E-5,1.5855307767454803E-4,7.623476198534535E-4,4.831190856606288E-5,0.0026882650760560547],[1.7167049515794296E-4,1.0,0.012003814529587396,1.8078942903606616E-4,3.592522542694181E-5,2.532659359778212E-4,0.0010897253717127226,1.2451923166108194E-4,0.0014479480246192156,0.002284293467536827,1.874083561812415E-4,6.654176010547672E-4,1.1521631838058285E-4,8.809591406058056E-4,6.700059032589886E-5,0.0010011927138688312,1.2513700955168477E-4,1.8637882704412888E-4,3.475262759591776E-5,8.629824820944932E-4,0.0014519259265949151,1.1534001770420962E-4,2.3117600987314604E-5,0.046883467993654566,0.022588547291880735,0.0011224243141389105,1.710946033103046E-4,0.03570512547859702,4.4483609100610987E-4,0.0072287755986251605,0.0035275826507131206,8.700581720947937E-4,0.040327269426368,0.0013135228876832708,8.187097872640927E-5,0.01127027765822372,0.014127095108178615,1.2738656014430377E-4,7.278892049044948E-5,1.83075782761812E-4,9.512978316211231E-4,9.311697960256246E-5,0.00910874778070531],[0.010586236176317036,0.012003814529587396,1.0,0.011717907667771105,0.006868531706500981,0.011178593637338467,0.013820155293528504,0.0012509632751885296,0.013976691393771229,0.04767159476754264,0.0086258955138437,0.010757236697167206,0.0012739363609265096,0.00317444271221893,0.005843034734730351,0.013291855544404589,0.011098402288822667,0.0067324211146910775,0.0029492308106759397,0.009861181185056866,0.007118870291350908,0.004886655628981437,0.007206177159025878,0.028316977334834806,0.027371806735658397,0.011868361880684002,0.01008467147416378,0.030283446262016577,0.0012558392245653033,0.013724203250594614,0.01308114590706603,0.012759975607500725,0.03227458922765,0.0040590877938651545,0.010283894149642056,0.020024927564216893,0.01658243221231642,0.003006037648245409,0.001613617678654462,0.006415535023435018,0.0032417758392737717,0.009641578483021083,0.01598538168695297],[1.820489777209716E-4,1.8078942903606616E-4,0.011717907667771105,1.0,7.176489742392316E-5,2.0812504877716187E-4,0.005002445670675065,1.7871446214677163E-4,0.013020684498236894,0.01981320537798562,2.2397944970716814E-4,0.0018029012651908994,1.5699843569830316E-4,4.3703498089295875E-4,1.721312593886615E-4,5.482627774616572E-4,1.7616388734911765E-4,3.065632212229471E-4,5.793150195503446E-5,0.0022374464486459235,0.0012222050599205742,9.450489433788344E-5,1.6950737816414673E-4,0.02951195005331985,0.028434126551318353,0.0019277342105519005,1.8201520542815035E-4,0.008282134520938697,3.649000896013255E-4,0.006987296434646578,0.009415339973931298,0.0014997426841856548,0.03498719025850892,0.0017172690922843466,4.180144559112793E-5,0.006173788478659048,0.009635542168570333,1.5045384267289424E-4,1.8220131243606888E-4,1.8632338424052328E-4,5.224440824256335E-4,6.311553811254055E-5,0.0055568732504591755],[1.0646430241820096E-4,3.592522542694181E-5,0.006868531706500981,7.176489742392316E-5,1.0,2.2984585993067577E-4,0.0028036723118099174,1.4427561748441416E-5,0.002539679153588597,0.012409757179183686,1.1306659174509465E-4,4.6732906848514114E-5,2.3684617438735887E-5,7.347781415340326E-4,2.0953611700278084E-5,4.4831914075580504E-4,5.1260906742057354E-5,7.77812868391847E-5,2.6289096594650076E-5,0.002199675565639298,6.545518164936112E-4,2.48240415969579E-5,2.111306210499843E-5,0.043980911699244896,0.0031663810397140973,0.002262801051290024,2.6148787272305345E-5,0.010069796370207974,3.292485960644554E-5,0.007985008879432853,0.006128563052311866,1.2011543472892603E-4,0.039330087336787126,3.5497921779956715E-5,2.976460359098131E-5,0.013842551619637955,9.077631219477861E-4,6.270411076472075E-5,2.9279801797637086E-5,2.08848065831973E-4,0.0012498931725384956,2.598946825439597E-5,0.004303978568787817],[1.4903180800631378E-4,2.532659359778212E-4,0.011178593637338467,2.0812504877716187E-4,2.2984585993067577E-4,1.0,0.007377648581598624,2.3128954197874829E-4,0.006998030272600325,0.04463059123147093,2.5594343397407837E-4,0.0017160031269807716,9.442772177943586E-5,9.351095480223205E-4,1.3149643607011298E-4,8.315214312238564E-4,1.2254072075464762E-4,2.8964963905745675E-4,2.610884975663738E-4,0.0023648620454875583,5.731542769730823E-4,5.403517792687127E-5,1.8518373972630314E-4,0.028530565690199006,0.008250702706557225,8.382048098635735E-4,1.7197347736940934E-4,0.009657104761707103,4.3613976868933223E-4,0.004532195988077529,0.0024841484355661208,0.001391807213323998,0.02560837586813303,0.001432892716714758,1.3121898069108618E-4,0.01923667063153091,0.00517387742909082,1.8766402733915057E-4,2.39809138688391E-4,2.760011895474056E-4,4.866962675022807E-4,9.751995111885506E-5,0.010662192511105131],[0.004401883794452323,0.0010897253717127226,0.013820155293528504,0.005002445670675065,0.0028036723118099174,0.007377648581598624,1.0,4.176398784509492E-4,0.011041689784585777,0.04771148727625389,0.007110983971193611,0.006004538687516303,0.0013685459433889994,0.002675774825387013,6.009710063846346E-5,0.008463331755793179,0.0026812602571021048,0.008784006804306407,8.748603178123931E-4,0.005038996088981979,0.008253616418822607,0.0048339911712572394,0.002223589165443908,0.010580671918849068,0.0211106495002187,0.008554675864528426,0.007544601105263594,0.01206770878727763,0.003645970182508423,0.011221036983189025,0.010224122163705022,0.006090504078966772,0.033023116284145414,0.006765322117388138,0.001026096277549872,0.010490806378466427,0.012552764436666171,0.005631799181404708,0.001366166991404908,0.0031239656836432243,0.007895691417887103,9.825413927711066E-4,0.01686284280303517],[2.507306485258278E-5,1.2451923166108194E-4,0.0012509632751885296,1.7871446214677163E-4,1.4427561748441416E-5,2.3128954197874829E-4,4.176398784509492E-4,1.0,0.009475159014118183,0.0283112452552817,1.3181485035979496E-4,0.0011511214356348424,1.2569631018147732E-5,4.960892048981946E-5,1.2181392275067825E-5,1.821459034817721E-4,1.0848390307495933E-4,1.6814501676265905E-4,1.2267797581521693E-5,1.1520026784027918E-4,1.1007421584432739E-4,1.1655645249462381E-5,1.5049000082769684E-5,0.03724284089148543,0.006869286881666199,0.0016044811695532352,1.0619292153825101E-5,0.03557453630106673,1.3781684222327454E-4,0.0071507103659926565,0.006625243004168503,0.0017153467409948544,0.006447081853415931,0.0017390931886396082,1.713010499912694E-5,0.013141466371403485,0.010147196975327876,6.794077264249696E-5,1.3560748070899936E-5,2.423940564936464E-5,5.899526332815327E-4,1.6701718086566465E-5,0.011948403202636054],[0.0017218371307680803,0.0014479480246192156,0.013976691393771229,0.013020684498236894,0.002539679153588597,0.006998030272600325,0.011041689784585777,0.009475159014118183,1.0,0.037299984574717907,0.011510898575074665,0.013413542471285362,0.009511603043578674,0.001615553970880273,0.009340675477185766,0.0017369261425260567,0.00769847837405885,0.012963724418172161,0.003851269107687485,0.009184133321421007,0.0027462722408621095,0.010921444654888413,0.010934631643752673,0.045656680699169075,0.02753401135349531,0.005121102510997723,0.011887192705887176,0.028552370954255474,0.013991580546566337,0.01549270711365024,0.011780418652477536,0.010834132147151041,0.026919604928312114,0.002963570763636018,0.0038118552175750997,0.017372752767672778,0.016591025521579896,0.010179560201293266,0.0011706343853573275,0.0030985707938164437,0.009468350852389151,0.002669585015771944,0.016846005940454996],[0.0187864739115438,0.002284293467536827,0.04767159476754264,0.01981320537798562,0.012409757179183686,0.04463059123147093,0.04771148727625389,0.0283112452552817,0.037299984574717907,1.0,0.047911916893158664,0.012180339244116337,0.04869446369505122,0.04993418196791241,0.01429841908641144,0.034636897793005925,0.020086296011476476,0.030400346886226913,0.026656893220635813,0.04684772052848899,0.0058593769854045005,0.03193942409205979,0.048761365378921735,0.05822633273826666,0.052774668031875846,0.04702099030335772,0.030486021641649746,0.04735692194168889,0.034530338311921774,0.042723951693617125,0.018202157284819054,0.027784331173920866,0.0545753174968787,0.052904850226918994,0.05377387721332769,0.0281685685303295,0.024208703964118873,0.0386225099516996,0.036322214894853995,0.05691262741515911,0.05631128883340665,0.03032062890819552,0.039598959154886315],[1.533772074421507E-4,1.874083561812415E-4,0.0086258955138437,2.2397944970716814E-4,1.1306659174509465E-4,2.5594343397407837E-4,0.007110983971193611,1.3181485035979496E-4,0.011510898575074665,0.047911916893158664,1.0,0.0012784137441649614,9.922113656697937E-5,6.869746874509969E-4,1.9365369991073324E-5,0.0013126301840305325,2.4342881049855156E-4,2.85165069811982E-4,3.937984216482261E-5,0.001851760508042775,5.303768010069311E-4,2.376379269028569E-4,2.449357402812421E-4,0.03302301792799367,0.02430601667234398,0.0011393102698516746,4.4120369740596915E-5,0.020326867995887964,2.782492447779363E-4,0.009180532851703435,0.009197634771806467,0.0015878774539150016,0.03923146385431398,0.001899912988036228,2.0765553207652355E-4,0.01084005283497606,0.001106633868028231,1.3278216712785362E-4,2.0835332488935036E-4,2.4788887387281453E-4,2.92344571229179E-4,8.963796143062485E-5,0.004555181922588398],[3.1368653349862855E-4,6.654176010547672E-4,0.010757236697167206,0.0018029012651908994,4.6732906848514114E-5,0.0017160031269807716,0.006004538687516303,0.0011511214356348424,0.013413542471285362,0.012180339244116337,0.0012784137441649614,1.0,0.0014668290907873598,0.0016458837291898475,7.567884657245792E-4,0.001664777974243519,0.0010493494797466768,3.9684808195221324E-4,4.1423993563656134E-4,0.0020794342929533497,0.0018654447618956119,0.0012531789667332273,0.0013000482731956803,0.045528159576920316,0.0033888536120781033,0.0018864489754769256,0.001569649871291453,0.03153268058501692,5.641374668090309E-4,0.010376141049165876,0.006738321085865531,0.0018084143526606073,0.0435298800329978,0.0025618515154192845,3.1412242727187273E-4,0.015402311839425512,0.012027252549060617,8.688660328796416E-4,3.8080879876631617E-4,0.0016118425573969774,0.0015060317128109337,0.0014382612831101787,0.010713383497039652],[6.10943259601515E-5,1.1521631838058285E-4,0.0012739363609265096,1.5699843569830316E-4,2.3684617438735887E-5,9.442772177943586E-5,0.0013685459433889994,1.2569631018147732E-5,0.009511603043578674,0.04869446369505122,9.922113656697937E-5,0.0014668290907873598,1.0,0.0010376579627129887,1.1551467736076843E-5,3.3148509286059006E-5,2.8840069524613214E-5,2.12791498905545E-4,1.156543351649397E-5,2.369041744480974E-5,7.739194228764025E-4,1.1093113742041412E-5,1.149461133472207E-5,0.007453165698938272,0.006861101089098261,8.746506799269096E-4,1.116421104181E-5,0.003406698796848328,4.73037762010447E-5,0.008259614139252698,0.003154036397315447,3.946131896021089E-4,0.021552075593498955,0.002072566122824957,1.9633593664091776E-5,0.007656177910888326,0.004471889355719851,6.237623015165437E-5,1.3836992948181452E-5,1.9860114091046861E-4,5.6446839867415856E-5,1.3997476225604156E-5,0.014235615820717881],[5.427370887889965E-4,8.809591406058056E-4,0.00317444271221893,4.3703498089295875E-4,7.347781415340326E-4,9.351095480223205E-4,0.002675774825387013,4.960892048981946E-5,0.001615553970880273,0.04993418196791241,6.869746874509969E-4,0.0016458837291898475,0.0010376579627129887,1.0,4.4250014920090296E-4,0.001207718535869542,5.971236153259294E-4,9.472948793446358E-4,9.316384956852755E-4,0.0017413249860867858,0.001422696973804172,7.180788710776319E-4,4.5496153844444467E-4,0.008524627101532813,0.025968534196857768,0.0014447243731251543,3.2385574619817336E-4,0.029905002883009284,7.570574787767882E-4,0.009636454239867562,0.007911857870470485,0.0014299329602354182,0.02402666102460259,0.0023938295425918426,4.6993031183306156E-5,0.011627583063360626,0.001165053879431587,0.0010720544899336286,8.524004951532667E-4,8.534520763059787E-4,0.0013352680631418619,0.001025520754624114,0.005527448799899443],[4.505952130857023E-5,6.700059032589886E-5,0.005843034734730351,1.721312593886615E-4,2.0953611700278084E-5,1.3149643607011298E-4,6.009710063846346E-5,1.2181392275067825E-5,0.009340675477185766,0.01429841908641144,1.9365369991073324E-5,7.567884657245792E-4,1.1551467736076843E-5,4.4250014920090296E-4,1.0,0.0011982630012641765,2.15369665836797E-5,1.8901047868555878E-4,1.1920629985557481E-5,0.00231263152602591,0.0018197289354668384,1.1170924974480287E-5,1.5735196741486385E-5,0.0054541410132938764,0.012858072691905557,0.001611502021536736,1.125001935954733E-5,0.02213844935653141,2.3430489902307643E-4,0.0011673245319748474,0.007812545317071368,9.381134109156694E-4,0.04094689476067415,0.0017760587424934817,1.6276740615576867E-5,6.533071948867194E-4,0.011926703794363223,7.351604044411447E-5,1.3380311586278623E-5,1.8576079668986505E-4,1.0470000897896216E-4,1.627349113443377E-5,0.013096244500149725],[6.922660774379369E-4,0.0010011927138688312,0.013291855544404589,5.482627774616572E-4,4.4831914075580504E-4,8.315214312238564E-4,0.008463331755793179,1.821459034817721E-4,0.0017369261425260567,0.034636897793005925,0.0013126301840305325,0.001664777974243519,3.3148509286059006E-5,0.001207718535869542,0.0011982630012641765,1.0,4.1528271807730226E-4,0.0011238250774675334,6.298009210760479E-4,0.002398271048568894,0.0017290224765456642,0.0011454593603827767,2.7302398219040724E-4,0.024537263546747547,0.02005533713427277,0.0014318193456893122,8.255137103358297E-4,0.016418205084256374,6.606600011261472E-4,0.012738523836308517,0.0018275703683608342,0.0016739427455885157,0.022481842670842692,0.002029262564403387,0.001294253714616901,0.0030039910890652752,0.0030374164911708993,4.98300151869015E-4,0.0011479852527385903,0.0012146939244480877,0.0013195050492642965,2.3177569148523085E-4,0.01712879302617719],[1.2139969821833384E-4,1.2513700955168477E-4,0.011098402288822667,1.7616388734911765E-4,5.1260906742057354E-5,1.2254072075464762E-4,0.0026812602571021048,1.0848390307495933E-4,0.00769847837405885,0.020086296011476476,2.4342881049855156E-4,0.0010493494797466768,2.8840069524613214E-5,5.971236153259294E-4,2.15369665836797E-5,4.1528271807730226E-4,1.0,3.039179496419283E-4,3.696771918716149E-5,0.0011024117695192285,0.0013074177124750151,7.016200943256817E-5,9.558424677289498E-5,0.00515206890307405,0.00855322533416451,0.001864333930886468,4.193815655998983E-5,0.027057573765319375,1.982215543160172E-4,0.0063641643512777814,0.008826092933959528,0.0012692769829080002,0.01606972688633489,0.0025950048818435237,8.074575399068685E-5,0.008422782221685203,0.0034843287595369005,1.103473120858375E-4,6.629425586333757E-5,1.9979427320728155E-4,0.001066319900565208,1.1096421800212041E-4,0.010443875101785731],[2.8667252668691204E-4,1.8637882704412888E-4,0.0067324211146910775,3.065632212229471E-4,7.77812868391847E-5,2.8964963905745675E-4,0.008784006804306407,1.6814501676265905E-4,0.012963724418172161,0.030400346886226913,2.85165069811982E-4,3.9684808195221324E-4,2.12791498905545E-4,9.472948793446358E-4,1.8901047868555878E-4,0.0011238250774675334,3.039179496419283E-4,1.0,7.51069361701607E-5,7.403560008862776E-4,0.0014741322590311697,1.2597169550866938E-4,7.946605088557628E-5,0.020653183337839987,0.014624269971564302,0.001632101026118704,9.389732926874076E-5,0.035565343135434906,4.352879963634357E-4,0.012907504242101487,0.007714501966485896,0.001050508022701116,0.04384246993392652,0.0014072491563173486,2.2990136707368757E-4,0.0019641854199373386,0.00428632725952896,2.938925624097636E-4,5.4917950886689554E-5,2.878685800160832E-4,7.619494181509959E-4,2.513700158216035E-4,0.006096820542458151],[2.699375424059413E-5,3.475262759591776E-5,0.0029492308106759397,5.793150195503446E-5,2.6289096594650076E-5,2.610884975663738E-4,8.748603178123931E-4,1.2267797581521693E-5,0.003851269107687485,0.026656893220635813,3.937984216482261E-5,4.1423993563656134E-4,1.156543351649397E-5,9.316384956852755E-4,1.1920629985557481E-5,6.298009210760479E-4,3.696771918716149E-5,7.51069361701607E-5,1.0,4.6753363818432603E-4,7.619349150471226E-4,1.1064824321627382E-5,1.2804818626408043E-5,0.01121613123945535,0.011982588463534342,4.7528114027785837E-4,1.1552082138632112E-5,0.02230357440690652,1.6288667879976195E-5,0.002956550582991985,1.737498088334277E-5,0.0015378178920565392,0.0342137817705513,5.415300105720355E-4,1.3043087933538996E-5,0.013159897999277963,0.007366902040700825,1.8516886433496284E-5,1.2756337654717645E-5,9.543334331191512E-5,4.639006603785257E-4,1.3808424720731265E-5,0.009990139705714662],[0.001764465512794927,8.629824820944932E-4,0.009861181185056866,0.0022374464486459235,0.002199675565639298,0.0023648620454875583,0.005038996088981979,1.1520026784027918E-4,0.009184133321421007,0.04684772052848899,0.001851760508042775,0.0020794342929533497,2.369041744480974E-5,0.0017413249860867858,0.00231263152602591,0.002398271048568894,0.0011024117695192285,7.403560008862776E-4,4.6753363818432603E-4,1.0,0.0025861819455652558,4.964422089801288E-5,0.001336790033189356,0.006583204743422877,0.02154574772378806,0.002594807758689076,0.0027162499207909,0.027258358337234768,0.0018077509579382067,0.010339589910000611,0.003799849802077219,0.001951123423296704,0.011181731323985778,0.002802558225880455,0.0015122794708117304,0.0063084602890008945,0.004262423713484153,0.001780936963612628,0.0021919679185806525,0.002465428517949024,0.002336944586394942,0.0026975429283881457,0.004616744580957027],[0.0019626588516790623,0.0014519259265949151,0.007118870291350908,0.0012222050599205742,6.545518164936112E-4,5.731542769730823E-4,0.008253616418822607,1.1007421584432739E-4,0.0027462722408621095,0.0058593769854045005,5.303768010069311E-4,0.0018654447618956119,7.739194228764025E-4,0.001422696973804172,0.0018197289354668384,0.0017290224765456642,0.0013074177124750151,0.0014741322590311697,7.619349150471226E-4,0.0025861819455652558,1.0,5.49822789030707E-4,5.596887572703879E-4,0.007022876762510608,0.026361820373709877,0.00232077462756535,1.7639222138793513E-4,0.029583807876688194,0.0010060013239314846,0.007926614673793849,0.0051545857808310384,0.001920433589835044,0.02651688632719505,0.002046429818332563,0.001279030026101553,0.014980935657063831,0.003770186922008879,0.001515070429850752,0.001979750729828659,0.0011156318063209115,0.0014185456333829863,0.001590037981201516,0.013690430215625698],[1.0984514728360307E-4,1.1534001770420962E-4,0.004886655628981437,9.450489433788344E-5,2.48240415969579E-5,5.403517792687127E-5,0.0048339911712572394,1.1655645249462381E-5,0.010921444654888413,0.03193942409205979,2.376379269028569E-4,0.0012531789667332273,1.1093113742041412E-5,7.180788710776319E-4,1.1170924974480287E-5,0.0011454593603827767,7.016200943256817E-5,1.2597169550866938E-4,1.1064824321627382E-5,4.964422089801288E-5,5.49822789030707E-4,1.0,1.1460449344367239E-5,0.020237497196515467,0.02988929857016047,0.0018619008286718708,1.0910287649230477E-5,0.01222482974818667,1.3013065069676177E-4,0.0020110869333424875,0.004424110244915734,0.001070960787061374,0.007067551383157397,0.0026868097427962417,1.163480235660006E-5,0.01728514888108154,0.002874060741582976,6.759111939666374E-5,1.108287537691728E-5,5.1202985762891496E-5,0.0011523758594774852,1.1944549354984233E-5,0.006612762085513144],[3.7051698744751304E-5,2.3117600987314604E-5,0.007206177159025878,1.6950737816414673E-4,2.111306210499843E-5,1.8518373972630314E-4,0.002223589165443908,1.5049000082769684E-5,0.010934631643752673,0.048761365378921735,2.449357402812421E-4,0.0013000482731956803,1.149461133472207E-5,4.5496153844444467E-4,1.5735196741486385E-5,2.7302398219040724E-4,9.558424677289498E-5,7.946605088557628E-5,1.2804818626408043E-5,0.001336790033189356,5.596887572703879E-4,1.1460449344367239E-5,1.0,0.03602913578541883,0.010752131649126754,9.140588450774359E-4,1.4311097786830954E-5,0.04202152537259526,3.2264175517765395E-4,0.0034968219973008203,0.00580036007442725,7.236420095958187E-4,0.022723217835989577,0.00272843916856313,2.904824541525938E-5,0.013564751137482586,0.010678266767686262,6.950029880570801E-5,1.568995542719774E-5,7.683973872816649E-5,7.11375717212976E-4,1.7961086958677075E-5,0.015191185308413738],[0.04161646150602495,0.046883467993654566,0.028316977334834806,0.02951195005331985,0.043980911699244896,0.028530565690199006,0.010580671918849068,0.03724284089148543,0.045656680699169075,0.05822633273826666,0.03302301792799367,0.045528159576920316,0.007453165698938272,0.008524627101532813,0.0054541410132938764,0.024537263546747547,0.00515206890307405,0.020653183337839987,0.01121613123945535,0.006583204743422877,0.007022876762510608,0.020237497196515467,0.03602913578541883,1.0,0.04080563512864302,0.025155348307289632,0.031052887765988656,0.04583498282248498,0.002684891304596508,0.040769017471488166,0.0440351791206865,0.02195983494692182,0.047619047619047616,0.012275760962991772,0.020899184253528314,0.04041814009019504,0.01947351149236144,0.04655765776156786,0.001187576058158683,0.03529057050868133,0.012148841732308997,0.03216287366139146,0.029561539787192375],[0.027976827447629974,0.022588547291880735,0.027371806735658397,0.028434126551318353,0.0031663810397140973,0.008250702706557225,0.0211106495002187,0.006869286881666199,0.02753401135349531,0.052774668031875846,0.02430601667234398,0.0033888536120781033,0.006861101089098261,0.025968534196857768,0.012858072691905557,0.02005533713427277,0.00855322533416451,0.014624269971564302,0.011982588463534342,0.02154574772378806,0.026361820373709877,0.02988929857016047,0.010752131649126754,0.04080563512864302,1.0,0.011768500149581834,0.016550433261316406,0.03584846327471487,0.014333537048679412,0.01992881441577491,0.017518165549829278,0.005912498624169508,0.03801632410770504,0.028281105942083096,0.015407109930860911,0.023443765523555506,0.024029345774918855,0.027477814063013205,0.0031025864143926344,0.022387766754801912,0.02937623237581693,0.01732509933261476,0.02416709361581345],[7.18384429053576E-4,0.0011224243141389105,0.011868361880684002,0.0019277342105519005,0.002262801051290024,8.382048098635735E-4,0.008554675864528426,0.0016044811695532352,0.005121102510997723,0.04702099030335772,0.0011393102698516746,0.0018864489754769256,8.746506799269096E-4,0.0014447243731251543,0.001611502021536736,0.0014318193456893122,0.001864333930886468,0.001632101026118704,4.7528114027785837E-4,0.002594807758689076,0.00232077462756535,0.0018619008286718708,9.140588450774359E-4,0.025155348307289632,0.011768500149581834,1.0,4.7839708356647463E-4,0.014737984892807698,9.89135627524807E-4,0.0035456300065774054,0.0035919199093957885,0.0021314194476057292,0.005390508189029085,0.002614687621668861,6.912046829949305E-4,0.019535820793289818,0.014679227088837721,0.0021488402368178097,6.430306379198698E-4,0.0014824406397989228,0.0015593305882531342,2.4505481073328094E-4,0.006953737271155484],[6.98647023569922E-5,1.710946033103046E-4,0.01008467147416378,1.8201520542815035E-4,2.6148787272305345E-5,1.7197347736940934E-4,0.007544601105263594,1.0619292153825101E-5,0.011887192705887176,0.030486021641649746,4.4120369740596915E-5,0.001569649871291453,1.116421104181E-5,3.2385574619817336E-4,1.125001935954733E-5,8.255137103358297E-4,4.193815655998983E-5,9.389732926874076E-5,1.1552082138632112E-5,0.0027162499207909,1.7639222138793513E-4,1.0910287649230477E-5,1.4311097786830954E-5,0.031052887765988656,0.016550433261316406,4.7839708356647463E-4,1.0,0.023880604895759796,3.2132684562505916E-4,0.0028483723115446877,0.0042733690967748745,6.453526873286269E-4,0.002393516209576908,0.0023973222874820437,2.8140924826584592E-5,0.010949367940310682,0.015314465161939508,8.582322331154846E-5,1.0513882485561256E-5,4.090901076242761E-5,0.0012228141734987967,1.3676686964885451E-5,0.003524433848712803],[0.011801803590700271,0.03570512547859702,0.030283446262016577,0.008282134520938697,0.010069796370207974,0.009657104761707103,0.01206770878727763,0.03557453630106673,0.028552370954255474,0.04735692194168889,0.020326867995887964,0.03153268058501692,0.003406698796848328,0.029905002883009284,0.02213844935653141,0.016418205084256374,0.027057573765319375,0.035565343135434906,0.02230357440690652,0.027258358337234768,0.029583807876688194,0.01222482974818667,0.04202152537259526,0.04583498282248498,0.03584846327471487,0.014737984892807698,0.023880604895759796,1.0,0.01329301366743234,0.020713250265704267,0.024088105619142243,0.00316859955712857,0.04482558896130237,0.016850268885447925,0.02224293849208101,0.030388764777590484,0.018895055864924473,0.026739879235077833,0.040185877031485635,0.04152968424934744,0.017510872974963447,0.014589587059095232,0.04296703423196531],[4.054190391725059E-4,4.4483609100610987E-4,0.0012558392245653033,3.649000896013255E-4,3.292485960644554E-5,4.3613976868933223E-4,0.003645970182508423,1.3781684222327454E-4,0.013991580546566337,0.034530338311921774,2.782492447779363E-4,5.641374668090309E-4,4.73037762010447E-5,7.570574787767882E-4,2.3430489902307643E-4,6.606600011261472E-4,1.982215543160172E-4,4.352879963634357E-4,1.6288667879976195E-5,0.0018077509579382067,0.0010060013239314846,1.3013065069676177E-4,3.2264175517765395E-4,0.002684891304596508,0.014333537048679412,9.89135627524807E-4,3.2132684562505916E-4,0.01329301366743234,1.0,0.012681424712349974,0.006280089945285927,0.001672336305980154,0.01798061379082245,0.0015204635959772165,3.8223137124312285E-4,0.008010159634073087,0.009273474286958953,2.3944063373727175E-4,3.7970320666172084E-4,4.4376279251340847E-4,8.818158714133191E-4,4.387268210388983E-4,0.011499320718884865],[0.005669394250746207,0.0072287755986251605,0.013724203250594614,0.006987296434646578,0.007985008879432853,0.004532195988077529,0.011221036983189025,0.0071507103659926565,0.01549270711365024,0.042723951693617125,0.009180532851703435,0.010376141049165876,0.008259614139252698,0.009636454239867562,0.0011673245319748474,0.012738523836308517,0.0063641643512777814,0.012907504242101487,0.002956550582991985,0.010339589910000611,0.007926614673793849,0.0020110869333424875,0.0034968219973008203,0.040769017471488166,0.01992881441577491,0.0035456300065774054,0.0028483723115446877,0.020713250265704267,0.012681424712349974,1.0,0.011524680190089256,0.006153603535791417,0.0280712892120489,0.004366922483569151,0.0042263280180024065,0.014476198075416875,0.013481507649891715,0.008604266233602715,0.0075796064530164525,0.0083613582989055,0.0049067262445968915,0.004296177676715848,0.015715761068481566],[0.0056003222727152024,0.0035275826507131206,0.01308114590706603,0.009415339973931298,0.006128563052311866,0.0024841484355661208,0.010224122163705022,0.006625243004168503,0.011780418652477536,0.018202157284819054,0.009197634771806467,0.006738321085865531,0.003154036397315447,0.007911857870470485,0.007812545317071368,0.0018275703683608342,0.008826092933959528,0.007714501966485896,1.737498088334277E-5,0.003799849802077219,0.0051545857808310384,0.004424110244915734,0.00580036007442725,0.0440351791206865,0.017518165549829278,0.0035919199093957885,0.0042733690967748745,0.024088105619142243,0.006280089945285927,0.011524680190089256,1.0,0.009739044978191272,0.03561272579718354,0.00470590297116829,0.00398880389042864,0.01736594302462658,0.011962913642503823,0.00444391172388318,0.00717988897159806,0.0023054958540312106,0.00595984945727488,0.0022879720382645912,0.015416462422202844],[2.8032795972093887E-4,8.700581720947937E-4,0.012759975607500725,0.0014997426841856548,1.2011543472892603E-4,0.001391807213323998,0.006090504078966772,0.0017153467409948544,0.010834132147151041,0.027784331173920866,0.0015878774539150016,0.0018084143526606073,3.946131896021089E-4,0.0014299329602354182,9.381134109156694E-4,0.0016739427455885157,0.0012692769829080002,0.001050508022701116,0.0015378178920565392,0.001951123423296704,0.001920433589835044,0.001070960787061374,7.236420095958187E-4,0.02195983494692182,0.005912498624169508,0.0021314194476057292,6.453526873286269E-4,0.00316859955712857,0.001672336305980154,0.006153603535791417,0.009739044978191272,1.0,0.027514314557429528,0.001787669113677763,0.0012371549796900022,0.006841941635932368,0.009116847656474018,7.849161329158839E-4,0.0012841666003262434,0.0013263493542373423,0.0013556760886245867,0.0015151762729869547,0.009333025456367355],[0.03718471356334435,0.040327269426368,0.03227458922765,0.03498719025850892,0.039330087336787126,0.02560837586813303,0.033023116284145414,0.006447081853415931,0.026919604928312114,0.0545753174968787,0.03923146385431398,0.0435298800329978,0.021552075593498955,0.02402666102460259,0.04094689476067415,0.022481842670842692,0.01606972688633489,0.04384246993392652,0.0342137817705513,0.011181731323985778,0.02651688632719505,0.007067551383157397,0.022723217835989577,0.047619047619047616,0.03801632410770504,0.005390508189029085,0.002393516209576908,0.04482558896130237,0.01798061379082245,0.0280712892120489,0.03561272579718354,0.027514314557429528,1.0,0.010205609322430937,0.002476977363067821,0.0369500035134083,0.020293865779706897,0.018140583012198883,0.03868048516192008,0.029425861183905125,0.01453679318323,0.020606682390087915,0.03307978413518757],[3.95051013136204E-4,0.0013135228876832708,0.0040590877938651545,0.0017172690922843466,3.5497921779956715E-5,0.001432892716714758,0.006765322117388138,0.0017390931886396082,0.002963570763636018,0.052904850226918994,0.001899912988036228,0.0025618515154192845,0.002072566122824957,0.0023938295425918426,0.0017760587424934817,0.002029262564403387,0.0025950048818435237,0.0014072491563173486,5.415300105720355E-4,0.002802558225880455,0.002046429818332563,0.0026868097427962417,0.00272843916856313,0.012275760962991772,0.028281105942083096,0.002614687621668861,0.0023973222874820437,0.016850268885447925,0.0015204635959772165,0.004366922483569151,0.00470590297116829,0.001787669113677763,0.010205609322430937,1.0,0.002230526540054961,0.008809161613877223,0.014487730113166907,3.168624432748913E-4,5.520941163687205E-4,7.865714937715397E-4,0.0025414500300035394,0.001577027548285537,0.011139372191516596],[6.643607729261407E-5,8.187097872640927E-5,0.010283894149642056,4.180144559112793E-5,2.976460359098131E-5,1.3121898069108618E-4,0.001026096277549872,1.713010499912694E-5,0.0038118552175750997,0.05377387721332769,2.0765553207652355E-4,3.1412242727187273E-4,1.9633593664091776E-5,4.6993031183306156E-5,1.6276740615576867E-5,0.001294253714616901,8.074575399068685E-5,2.2990136707368757E-4,1.3043087933538996E-5,0.0015122794708117304,0.001279030026101553,1.163480235660006E-5,2.904824541525938E-5,0.020899184253528314,0.015407109930860911,6.912046829949305E-4,2.8140924826584592E-5,0.02224293849208101,3.8223137124312285E-4,0.0042263280180024065,0.00398880389042864,0.0012371549796900022,0.002476977363067821,0.002230526540054961,1.0,0.013123956340128664,0.004550284558782595,6.188277399779693E-5,1.5954643689766528E-5,1.538729874522549E-4,4.120965624228449E-4,2.4633324951529273E-5,0.004663480117774937],[0.01918004918177008,0.01127027765822372,0.020024927564216893,0.006173788478659048,0.013842551619637955,0.01923667063153091,0.010490806378466427,0.013141466371403485,0.017372752767672778,0.0281685685303295,0.01084005283497606,0.015402311839425512,0.007656177910888326,0.011627583063360626,6.533071948867194E-4,0.0030039910890652752,0.008422782221685203,0.0019641854199373386,0.013159897999277963,0.0063084602890008945,0.014980935657063831,0.01728514888108154,0.013564751137482586,0.04041814009019504,0.023443765523555506,0.019535820793289818,0.010949367940310682,0.030388764777590484,0.008010159634073087,0.014476198075416875,0.01736594302462658,0.006841941635932368,0.0369500035134083,0.008809161613877223,0.013123956340128664,1.0,0.01732263244351972,0.01482189697024058,0.012745432923103373,0.013344705136381032,0.006346779207935099,0.0143389968963743,0.020203946334410444],[0.016263661516017252,0.014127095108178615,0.01658243221231642,0.009635542168570333,9.077631219477861E-4,0.00517387742909082,0.012552764436666171,0.010147196975327876,0.016591025521579896,0.024208703964118873,0.001106633868028231,0.012027252549060617,0.004471889355719851,0.001165053879431587,0.011926703794363223,0.0030374164911708993,0.0034843287595369005,0.00428632725952896,0.007366902040700825,0.004262423713484153,0.003770186922008879,0.002874060741582976,0.010678266767686262,0.01947351149236144,0.024029345774918855,0.014679227088837721,0.015314465161939508,0.018895055864924473,0.009273474286958953,0.013481507649891715,0.011962913642503823,0.009116847656474018,0.020293865779706897,0.014487730113166907,0.004550284558782595,0.01732263244351972,1.0,0.015822984969853775,0.009019285270757703,0.01549158462189399,0.015659854497475215,0.005865961577205823,0.01683172700697805],[1.1309401775214743E-4,1.2738656014430377E-4,0.003006037648245409,1.5045384267289424E-4,6.270411076472075E-5,1.8766402733915057E-4,0.005631799181404708,6.794077264249696E-5,0.010179560201293266,0.0386225099516996,1.3278216712785362E-4,8.688660328796416E-4,6.237623015165437E-5,0.0010720544899336286,7.351604044411447E-5,4.98300151869015E-4,1.103473120858375E-4,2.938925624097636E-4,1.8516886433496284E-5,0.001780936963612628,0.001515070429850752,6.759111939666374E-5,6.950029880570801E-5,0.04655765776156786,0.027477814063013205,0.0021488402368178097,8.582322331154846E-5,0.026739879235077833,2.3944063373727175E-4,0.008604266233602715,0.00444391172388318,7.849161329158839E-4,0.018140583012198883,3.168624432748913E-4,6.188277399779693E-5,0.01482189697024058,0.015822984969853775,1.0,8.912751775420075E-5,1.8420493150735683E-4,3.620962278586927E-4,6.105710440662254E-5,0.006634340840976656],[3.852387626757885E-5,7.278892049044948E-5,0.001613617678654462,1.8220131243606888E-4,2.9279801797637086E-5,2.39809138688391E-4,0.001366166991404908,1.3560748070899936E-5,0.0011706343853573275,0.036322214894853995,2.0835332488935036E-4,3.8080879876631617E-4,1.3836992948181452E-5,8.524004951532667E-4,1.3380311586278623E-5,0.0011479852527385903,6.629425586333757E-5,5.4917950886689554E-5,1.2756337654717645E-5,0.0021919679185806525,0.001979750729828659,1.108287537691728E-5,1.568995542719774E-5,0.001187576058158683,0.0031025864143926344,6.430306379198698E-4,1.0513882485561256E-5,0.040185877031485635,3.7970320666172084E-4,0.0075796064530164525,0.00717988897159806,0.0012841666003262434,0.03868048516192008,5.520941163687205E-4,1.5954643689766528E-5,0.012745432923103373,0.009019285270757703,8.912751775420075E-5,1.0,4.852833054898679E-5,8.373107419191392E-4,1.6887904847997547E-5,0.017221485249621103],[1.5855307767454803E-4,1.83075782761812E-4,0.006415535023435018,1.8632338424052328E-4,2.08848065831973E-4,2.760011895474056E-4,0.0031239656836432243,2.423940564936464E-5,0.0030985707938164437,0.05691262741515911,2.4788887387281453E-4,0.0016118425573969774,1.9860114091046861E-4,8.534520763059787E-4,1.8576079668986505E-4,0.0012146939244480877,1.9979427320728155E-4,2.878685800160832E-4,9.543334331191512E-5,0.002465428517949024,0.0011156318063209115,5.1202985762891496E-5,7.683973872816649E-5,0.03529057050868133,0.022387766754801912,0.0014824406397989228,4.090901076242761E-5,0.04152968424934744,4.4376279251340847E-4,0.0083613582989055,0.0023054958540312106,0.0013263493542373423,0.029425861183905125,7.865714937715397E-4,1.538729874522549E-4,0.013344705136381032,0.01549158462189399,1.8420493150735683E-4,4.852833054898679E-5,1.0,4.440287972921228E-4,3.500380461302101E-5,0.0018714159626208792],[7.623476198534535E-4,9.512978316211231E-4,0.0032417758392737717,5.224440824256335E-4,0.0012498931725384956,4.866962675022807E-4,0.007895691417887103,5.899526332815327E-4,0.009468350852389151,0.05631128883340665,2.92344571229179E-4,0.0015060317128109337,5.6446839867415856E-5,0.0013352680631418619,1.0470000897896216E-4,0.0013195050492642965,0.001066319900565208,7.619494181509959E-4,4.639006603785257E-4,0.002336944586394942,0.0014185456333829863,0.0011523758594774852,7.11375717212976E-4,0.012148841732308997,0.02937623237581693,0.0015593305882531342,0.0012228141734987967,0.017510872974963447,8.818158714133191E-4,0.0049067262445968915,0.00595984945727488,0.0013556760886245867,0.01453679318323,0.0025414500300035394,4.120965624228449E-4,0.006346779207935099,0.015659854497475215,3.620962278586927E-4,8.373107419191392E-4,4.440287972921228E-4,1.0,5.632985423074539E-4,0.001946110620727727],[4.831190856606288E-5,9.311697960256246E-5,0.009641578483021083,6.311553811254055E-5,2.598946825439597E-5,9.751995111885506E-5,9.825413927711066E-4,1.6701718086566465E-5,0.002669585015771944,0.03032062890819552,8.963796143062485E-5,0.0014382612831101787,1.3997476225604156E-5,0.001025520754624114,1.627349113443377E-5,2.3177569148523085E-4,1.1096421800212041E-4,2.513700158216035E-4,1.3808424720731265E-5,0.0026975429283881457,0.001590037981201516,1.1944549354984233E-5,1.7961086958677075E-5,0.03216287366139146,0.01732509933261476,2.4505481073328094E-4,1.3676686964885451E-5,0.014589587059095232,4.387268210388983E-4,0.004296177676715848,0.0022879720382645912,0.0015151762729869547,0.020606682390087915,0.001577027548285537,2.4633324951529273E-5,0.0143389968963743,0.005865961577205823,6.105710440662254E-5,1.6887904847997547E-5,3.500380461302101E-5,5.632985423074539E-4,1.0,0.0140445407082601],[0.0026882650760560547,0.00910874778070531,0.01598538168695297,0.0055568732504591755,0.004303978568787817,0.010662192511105131,0.01686284280303517,0.011948403202636054,0.016846005940454996,0.039598959154886315,0.004555181922588398,0.010713383497039652,0.014235615820717881,0.005527448799899443,0.013096244500149725,0.01712879302617719,0.010443875101785731,0.006096820542458151,0.009990139705714662,0.004616744580957027,0.013690430215625698,0.006612762085513144,0.015191185308413738,0.029561539787192375,0.02416709361581345,0.006953737271155484,0.003524433848712803,0.04296703423196531,0.011499320718884865,0.015715761068481566,0.015416462422202844,0.009333025456367355,0.03307978413518757,0.011139372191516596,0.004663480117774937,0.020203946334410444,0.01683172700697805,0.006634340840976656,0.017221485249621103,0.0018714159626208792,0.001946110620727727,0.0140445407082601,1.0]]