[[1.0,5.1247471327862446E-5,0.0016259431668037992,0.0014221993303431852,1.538224557003016E-4,3.191289146502197E-4,0.0058847687243115746,1.603435335680382E-4,1.0579837868009299E-4,5.257520542368141E-4,4.3187018388705375E-4,0.0011457100420639397,0.0013736559095799657,1.0758025925328034E-4,1.1520048064819945E-4,4.708682961771921E-4,8.876018859526063E-4,0.002329887341971895,0.0011194885583617209,1.1330815489399022E-4,0.007222497256921056,0.0010727561924009927,6.201242538837382E-5,7.7087125201588E-5,0.016885525128438637,1.8622161065290124E-4,9.320096843614035E-5,1.0926050019045326E-4,1.219888198535044E-4,4.199177633943021E-5,7.429519589501976E-4,0.046889111084050486,1.5171969346650143E-4,7.970662047927144E-5,6.0504984209162833E-5,1.6347024256480676E-4,0.004949384274372536,0.005093556130899726,0.008784501874635349,1.0404352311506681E-4,1.0543415150305895E-4],[5.1247471327862446E-5,1.0,0.0027948312242903586,5.923854316699799E-4,1.101360096275265E-4,1.5749863181912488E-4,0.010939933119367067,1.5041525742718215E-4,9.550118924773736E-5,1.3478374825550988E-4,4.3759615140378085E-4,0.0036079361000919837,0.0012029292858757375,1.858111629574641E-5,2.4927065769580727E-5,1.6625845129519706E-4,5.005887542361479E-4,0.004837830702762354,1.890652399893556E-4,1.4127947635592317E-4,0.02581754313401729,8.414500990268868E-4,3.079483724719608E-5,1.2048143242020783E-5,0.00903965253896775,2.050203132322346E-4,1.1274621159464696E-5,9.968628550667487E-5,8.214407740211635E-5,1.512652988627176E-5,0.0017955168502672935,0.06830544283325053,5.343926293132793E-5,1.5206196092272494E-5,1.2658668628697802E-5,6.803667389569841E-5,0.00258683846448876,0.005788190824656105,3.241132782169046E-5,9.763517769723472E-5,2.4208746008475446E-5],[0.0016259431668037992,0.0027948312242903586,1.0,0.002958647844885026,7.470830043357812E-4,0.0025219476288776683,0.012006104040067082,0.0039773237263725685,0.0016063505421680141,0.006789775337862869,0.003545942516295606,0.00831274026432344,0.0031738922247744965,0.0021199689093089735,0.0013450623308936557,0.002611320426125204,0.00631376782458854,0.006637456513038248,0.006947348899319583,0.006106974347775069,0.015694051643378865,0.0013323372594003927,0.005848840374570588,8.453367909785323E-4,0.018336311202668217,0.0014433358422401236,0.0022338514043370693,0.0024553120436987767,0.0014340192845007974,0.00755284100164157,0.005772359340319138,0.007953170657096574,0.005800453754686312,0.006220188035290385,0.005141915171001167,2.9503811036532974E-4,0.009476159882704956,0.009829506160747525,0.008208868046759007,0.0013003445477025545,0.004408012123987757],[0.0014221993303431852,5.923854316699799E-4,0.002958647844885026,1.0,0.001015741204496071,0.0010603372451524567,0.0024203105890160176,6.759379201550442E-4,8.461068886749E-4,0.0017740392626261613,0.001882172784194695,0.006515451279579969,0.0020094148119150133,7.178507921697689E-4,0.0013227730037479492,0.0020816865260551124,0.0015635425370460546,0.003267164765448674,0.0016488159447048537,0.0013003905845465535,0.017598802414123368,0.0016921215398934006,0.0015641360164508206,2.460568169993873E-4,0.009803074488421205,0.0013570430391117412,8.259724532846059E-4,7.023839557971539E-4,0.001595221573168923,7.30037183950105E-4,0.0021511552292155104,0.07415257582799215,0.001905455624130691,0.0010974762972145323,0.001728575447310109,0.0014223083505967178,0.007394516707227947,0.005324343931338131,0.0033219250194534726,2.568332285145107E-4,0.0017073089283848237],[1.538224557003016E-4,1.101360096275265E-4,7.470830043357812E-4,0.001015741204496071,1.0,2.9027401765226944E-4,0.0074274755027715356,1.6401390167002997E-4,1.6055568436715615E-4,1.8858432284086913E-4,2.8968524751314434E-4,0.0018441065444255536,2.838228896449865E-4,1.0697804679553528E-4,1.348906720136172E-4,3.7805697927148605E-4,0.001099716642694415,3.055387782621676E-4,8.896056017369083E-4,1.6314580023291125E-4,0.028269786550939854,2.683165436259934E-4,8.872345225920995E-5,2.79117447620321E-5,0.021101486479410538,1.6834574059282698E-4,1.6074766523419253E-4,1.4868030457310517E-4,1.2877459415963356E-4,4.698036644566089E-5,0.0011470617239987138,0.06100990304700503,1.6981970591153418E-4,6.84373419017977E-5,8.79468244079211E-5,2.184913201448536E-4,0.0032025844405093977,0.005971071862028392,0.0046463494356534085,1.0678696897435489E-4,1.55809795014819E-4],[3.191289146502197E-4,1.5749863181912488E-4,0.0025219476288776683,0.0010603372451524567,2.9027401765226944E-4,1.0,0.014343259877182891,3.497458078098337E-4,2.986317391278443E-4,4.913809817955421E-4,4.621857782639122E-4,0.0025722664328288103,5.974191446823425E-4,3.5445229835013176E-4,4.1247173484137067E-4,0.0015669898937527107,0.0011857854307223527,8.204881758446405E-4,7.182774077953534E-4,1.697183145650928E-4,0.023080498529561577,5.521670223382027E-4,7.910290406416297E-5,5.222769407108083E-5,0.011602505580655379,4.019604719969387E-4,5.710983665545103E-5,2.4678534142288195E-4,1.287962980483416E-4,3.4821769342641726E-4,0.0018462488255281575,0.0038792333606606296,4.72063918878813E-4,4.4386999606923626E-4,1.272370209268015E-4,3.7485089172459697E-4,0.005660483597955668,9.810478162335405E-4,0.006407880751788195,1.981938001280813E-4,1.4488372501257933E-4],[0.0058847687243115746,0.010939933119367067,0.012006104040067082,0.0024203105890160176,0.0074274755027715356,0.014343259877182891,1.0,0.01683212166746347,0.016672820473232645,0.006322258687083007,0.006913973961824204,0.01360348727838451,0.0174566371754657,3.243263553314427E-4,0.006695744147881586,0.008270290097572956,0.008080388412749417,0.009406904935729312,0.011128280325382347,0.0038259429388062508,0.024587095474762226,0.016637557946065494,0.004366307252810038,0.012467204251804602,0.020590860603896966,0.01970396612122737,0.004582209732509679,0.0041668853763273585,0.0025263248699987253,0.01147528840570973,0.005441203108729167,0.02942143926253294,0.018577487203021922,0.018627969636361305,0.004791523499205176,0.014518886262451493,0.016614597054488332,0.01815343557866287,0.020057939584214216,0.019908988550946416,0.01922808511122936],[1.603435335680382E-4,1.5041525742718215E-4,0.0039773237263725685,6.759379201550442E-4,1.6401390167002997E-4,3.497458078098337E-4,0.01683212166746347,1.0,1.1695891543989685E-4,3.9419343982276516E-4,4.2262214409305833E-4,2.3723644494058285E-4,7.658687719724761E-4,1.588407106614537E-4,1.328230049444068E-4,8.781118296192355E-4,0.0010470995847376382,0.0038205509274537247,0.0010574558095617164,1.6442899242254645E-4,0.029168300088812174,0.0011730474170050934,9.872694988222393E-5,1.0768595175773345E-4,0.01606683398952969,1.9108295149311233E-4,1.588978286358966E-4,1.198216586748431E-4,1.581421401778111E-4,7.038186050461551E-5,0.0015045135387839277,3.410116300561294E-4,2.7674317258788065E-4,9.711145271719254E-5,1.3734261764924256E-4,2.540138653174033E-4,7.988402321479844E-4,0.010402210596203457,0.02303989975011439,1.1396347656366523E-4,1.5410201861236524E-4],[1.0579837868009299E-4,9.550118924773736E-5,0.0016063505421680141,8.461068886749E-4,1.6055568436715615E-4,2.986317391278443E-4,0.016672820473232645,1.1695891543989685E-4,1.0,4.522744795371442E-4,1.3195176128803844E-4,0.006886645048389463,6.167277861742287E-4,1.0294729211888644E-4,1.1712041430797161E-4,8.741538609315839E-4,3.195464210476469E-4,0.0029801410192357505,2.533465394566057E-4,1.2914070736044436E-4,0.013378908156822446,3.749995440640387E-4,8.933856743781535E-5,9.446373272387029E-5,0.0010420228379363777,1.7253139934453077E-4,8.743409307801196E-5,1.0457179596986838E-4,1.1682288108768205E-4,5.468675271852616E-5,5.276603033730386E-4,0.016486683621712073,3.000713063641127E-4,1.0103942568555966E-4,1.0134951840056941E-4,1.158688577448977E-4,0.010039830957801121,0.008925345594599138,0.013101588405367175,1.0121878165172691E-4,1.0151437055605454E-4],[5.257520542368141E-4,1.3478374825550988E-4,0.006789775337862869,0.0017740392626261613,1.8858432284086913E-4,4.913809817955421E-4,0.006322258687083007,3.9419343982276516E-4,4.522744795371442E-4,1.0,5.345804159374954E-4,0.0025363519036071154,5.975750832269402E-4,4.235404685829288E-4,2.144127920897646E-4,0.0011544406261802197,9.01027460415925E-4,0.006511942351818453,0.0010501122823279837,4.069836800838895E-4,0.01647176453185292,0.001105183755339396,1.7613711163727292E-4,2.611482470245109E-4,0.015391252142416234,4.5880215224931354E-4,1.2380956802786835E-4,3.812734002634872E-4,2.68916020442381E-4,4.931668533233224E-4,0.001826495938566161,0.024062669576573253,4.309735375607357E-4,1.3539310148289485E-4,4.8265443177200097E-4,5.352070690894804E-4,0.003498682720979653,0.0048932726694384645,0.02346382274434185,3.5326072565556774E-4,3.7809737974678624E-4],[4.3187018388705375E-4,4.3759615140378085E-4,0.003545942516295606,0.001882172784194695,2.8968524751314434E-4,4.621857782639122E-4,0.006913973961824204,4.2262214409305833E-4,1.3195176128803844E-4,5.345804159374954E-4,1.0,0.004216465221689911,0.001449126310287877,4.407634758282425E-4,3.3682035529364703E-4,0.0014855168513097478,6.61588558089868E-4,0.0052280986012358255,0.001149022029798919,3.258984206992653E-4,0.025428920090736662,6.017619288651797E-4,4.0023374893336053E-4,3.9566861598390506E-4,0.012580186362341827,3.652186373848125E-4,2.0640711248719434E-4,1.2122995022896229E-4,4.3277149948855895E-4,3.565473982150638E-4,6.008608667096528E-4,0.057152543295497626,3.525474596862535E-4,2.1297990470010814E-5,8.318439126834479E-5,3.514390972711312E-4,7.929902957315905E-4,0.003829170171568911,0.021611357763304428,2.8456160694720464E-4,2.5286684721310016E-4],[0.0011457100420639397,0.0036079361000919837,0.00831274026432344,0.006515451279579969,0.0018441065444255536,0.0025722664328288103,0.01360348727838451,2.3723644494058285E-4,0.006886645048389463,0.0025363519036071154,0.004216465221689911,1.0,0.003595201934595593,0.0010523141338017305,0.002189619614616693,0.003478124624439089,0.007143857568657218,0.009045116599599539,0.009987957105262504,0.005581606669852047,0.02071107597689536,0.004720944838769763,0.00398236996789142,0.009725180893223193,0.014759207590481258,0.009124322624852304,0.0074947926448334585,0.00814158296631269,0.005479760989156936,0.00567320533399568,0.00587745517236156,0.03899183265049103,0.009547804373434193,0.0059047393076852445,0.007121078652767298,0.0021763370755152763,0.01033811097628849,0.010500278528050761,0.013941882127582688,0.005476458748911261,7.454119271032448E-4],[0.0013736559095799657,0.0012029292858757375,0.0031738922247744965,0.0020094148119150133,2.838228896449865E-4,5.974191446823425E-4,0.0174566371754657,7.658687719724761E-4,6.167277861742287E-4,5.975750832269402E-4,0.001449126310287877,0.003595201934595593,1.0,6.856010552631413E-4,0.0011123871388145825,0.0015135746963798528,0.0012394953371746504,0.005063175542960309,0.0013363795015593981,8.683759270177164E-4,0.020782969663426607,0.0012547654664946766,5.16545752415023E-4,9.813595603847185E-4,0.017336013684079204,7.17883193402091E-4,0.0011372958266628428,5.631970819687484E-4,0.0011914244794192241,8.571931543846025E-4,0.001816369554579278,0.06285662542389613,3.8911849004740173E-4,6.285455756373068E-4,2.316093634089591E-4,7.698989923055146E-4,0.009593718517375662,0.0033734254565855348,0.004948798692211089,7.387336427624034E-4,0.0012429313493989896],[1.0758025925328034E-4,1.858111629574641E-5,0.0021199689093089735,7.178507921697689E-4,1.0697804679553528E-4,3.5445229835013176E-4,3.243263553314427E-4,1.588407106614537E-4,1.0294729211888644E-4,4.235404685829288E-4,4.407634758282425E-4,0.0010523141338017305,6.856010552631413E-4,1.0,1.1828902327404913E-4,8.852394271167494E-4,2.007094211479979E-4,0.006186018995569082,1.2367261076772984E-4,1.4891039245727863E-4,0.0102605565447721,9.496463828005362E-4,7.503773270442016E-5,7.15224408985945E-5,0.014787921893902687,2.1168585528994854E-4,1.0288738811829346E-4,1.0424090911137714E-4,1.0861789639446506E-4,2.4386586407861055E-5,0.00195386615002085,0.06395952698099787,2.5727405470040555E-4,1.0049781220639206E-4,1.8597401195758745E-5,2.0630159621291597E-4,0.0019788525747385212,2.538467890431313E-4,0.021125312351361433,1.0188945911900894E-4,1.0126970379061418E-4],[1.1520048064819945E-4,2.4927065769580727E-5,0.0013450623308936557,0.0013227730037479492,1.348906720136172E-4,4.1247173484137067E-4,0.006695744147881586,1.328230049444068E-4,1.1712041430797161E-4,2.144127920897646E-4,3.3682035529364703E-4,0.002189619614616693,0.0011123871388145825,1.1828902327404913E-4,1.0,7.855715594037826E-4,6.759758361552612E-4,0.0033653172494801952,6.740952819318904E-4,1.3843431107465163E-4,0.007384458073656365,1.6715694322355423E-4,7.507577091092217E-5,9.935208196385823E-5,0.009991043571161323,1.4306345147993658E-4,8.459211640717031E-5,1.1423579451480056E-4,1.269572246900414E-4,1.2670861628457134E-4,0.0013617862598552899,0.07606272313532214,2.0618364010598683E-4,1.0305493895917378E-4,3.257583638682428E-5,2.294013121878247E-4,0.005765346205435977,0.007303209566642134,0.006132130803217093,1.0233095432000005E-4,1.1662090603476165E-4],[4.708682961771921E-4,1.6625845129519706E-4,0.002611320426125204,0.0020816865260551124,3.7805697927148605E-4,0.0015669898937527107,0.008270290097572956,8.781118296192355E-4,8.741538609315839E-4,0.0011544406261802197,0.0014855168513097478,0.003478124624439089,0.0015135746963798528,8.852394271167494E-4,7.855715594037826E-4,1.0,0.0014668087326016393,0.0047729912462221085,0.0016553221756300757,0.001287490669841875,0.013445833969911437,0.001284486952252901,1.727322994875877E-4,9.045043633986729E-4,0.01818450107081734,2.4474268272908317E-4,7.200958917628587E-4,8.604996667324797E-4,9.267458943198199E-4,1.5719384163504643E-4,0.0019928870652381582,0.03593333014140799,0.001310638214780533,7.744183402115646E-4,0.0012504338562968564,0.0011087720440295502,0.004540498676959165,0.006055145151288478,0.014065457497974531,0.001011463443347149,0.0015220783854226192],[8.876018859526063E-4,5.005887542361479E-4,0.00631376782458854,0.0015635425370460546,0.001099716642694415,0.0011857854307223527,0.008080388412749417,0.0010470995847376382,3.195464210476469E-4,9.01027460415925E-4,6.61588558089868E-4,0.007143857568657218,0.0012394953371746504,2.007094211479979E-4,6.759758361552612E-4,0.0014668087326016393,1.0,0.004287454392808726,0.0011977105984463563,3.244456824606707E-4,0.03258017213258743,0.0012158494411462833,7.000560992198581E-4,0.001214936483376995,0.002883266655803221,0.0011585094549063817,2.58470159506313E-4,3.587598579738705E-4,4.668467557255541E-4,8.754840446357484E-4,0.0017912434534881295,0.056932913136596174,9.051172201817819E-4,0.0010274141482881586,8.600951948417781E-4,7.473154120771459E-4,0.002866550302817271,0.0021860793576677973,0.01639547305597657,3.9124414206258935E-4,8.873269013094531E-4],[0.002329887341971895,0.004837830702762354,0.006637456513038248,0.003267164765448674,3.055387782621676E-4,8.204881758446405E-4,0.009406904935729312,0.0038205509274537247,0.0029801410192357505,0.006511942351818453,0.0052280986012358255,0.009045116599599539,0.005063175542960309,0.006186018995569082,0.0033653172494801952,0.0047729912462221085,0.004287454392808726,1.0,0.0020471194470399537,6.056921153104419E-4,0.014579271066908425,0.0045591540193242654,0.0022023433872663026,0.0061789382909992144,0.013217124138641349,3.566811379716564E-4,0.00616113886238066,0.0037167233713121172,0.005673929641031877,0.0035235976829192236,0.006182338197053074,0.023980568851976136,0.006008121332132175,0.004202963839251582,6.614319205732531E-4,0.0011607786840658204,0.007667501244330715,0.009066216214680844,0.018263861130424774,0.006369712787600139,0.006250032405072228],[0.0011194885583617209,1.890652399893556E-4,0.006947348899319583,0.0016488159447048537,8.896056017369083E-4,7.182774077953534E-4,0.011128280325382347,0.0010574558095617164,2.533465394566057E-4,0.0010501122823279837,0.001149022029798919,0.009987957105262504,0.0013363795015593981,1.2367261076772984E-4,6.740952819318904E-4,0.0016553221756300757,0.0011977105984463563,0.0020471194470399537,1.0,0.0011241806231334136,0.00935336659585197,0.0012033960920271667,3.428326177268084E-4,8.462987105360578E-4,0.011324022087729198,4.03562098896759E-4,0.0010102142326903032,5.947632710057149E-4,7.280233204845935E-4,8.773150837944946E-4,0.0015976560235141288,0.04676186059754912,8.579770614278806E-4,0.0010595659483969746,4.776649874472379E-5,0.0010647261785824936,0.0025604053952526986,0.0022741950962715148,0.0128353444984369,5.130166895886693E-4,8.547023317399826E-4],[1.1330815489399022E-4,1.4127947635592317E-4,0.006106974347775069,0.0013003905845465535,1.6314580023291125E-4,1.697183145650928E-4,0.0038259429388062508,1.6442899242254645E-4,1.2914070736044436E-4,4.069836800838895E-4,3.258984206992653E-4,0.005581606669852047,8.683759270177164E-4,1.4891039245727863E-4,1.3843431107465163E-4,0.001287490669841875,3.244456824606707E-4,6.056921153104419E-4,0.0011241806231334136,1.0,0.013533152662669284,5.306639818522619E-4,1.37718148315923E-4,1.0228407938091995E-4,0.01594772969104162,2.223526834393164E-4,1.0198284282500488E-4,1.5309642702382697E-4,1.6275014532095695E-4,1.1191217912563058E-4,0.0010376863231463976,0.019536875361901365,3.018036023677364E-4,7.036220798667133E-5,5.7495835241988926E-5,2.193215366522075E-4,0.004141320715127301,0.0019022973259573619,0.008733227740688307,1.5678181713106723E-4,1.470832141242454E-4],[0.007222497256921056,0.02581754313401729,0.015694051643378865,0.017598802414123368,0.028269786550939854,0.023080498529561577,0.024587095474762226,0.029168300088812174,0.013378908156822446,0.01647176453185292,0.025428920090736662,0.02071107597689536,0.020782969663426607,0.0102605565447721,0.007384458073656365,0.013445833969911437,0.03258017213258743,0.014579271066908425,0.00935336659585197,0.013533152662669284,1.0,0.020868282086946865,0.013291516115696702,0.021403812470030304,0.029175449968758115,0.022540908791088752,0.03181461565770696,0.007676272268991875,0.007849734989414908,0.011141441177649817,0.03144007929380078,0.06193469194524431,0.011725443482893972,0.004796312522826114,0.015150129726395772,0.032680528314369954,0.01686618267459246,0.030045552075248165,0.031898954200445646,0.027464997193606826,0.015551884675862517],[0.0010727561924009927,8.414500990268868E-4,0.0013323372594003927,0.0016921215398934006,2.683165436259934E-4,5.521670223382027E-4,0.016637557946065494,0.0011730474170050934,3.749995440640387E-4,0.001105183755339396,6.017619288651797E-4,0.004720944838769763,0.0012547654664946766,9.496463828005362E-4,1.6715694322355423E-4,0.001284486952252901,0.0012158494411462833,0.0045591540193242654,0.0012033960920271667,5.306639818522619E-4,0.020868282086946865,1.0,6.30255451469707E-4,5.88426354829086E-4,0.006966115266434345,5.939075825572694E-4,9.960361819548545E-5,0.001120557331214087,8.365559273902827E-4,5.077321886356498E-4,0.0018666720511143753,0.05922543531343032,6.011561322563819E-4,7.464902828504664E-4,1.0090268146950958E-4,6.644199454792249E-4,0.0038984233278930988,0.006385969531884054,0.022784450958183714,4.842084113560423E-4,1.4371667527584675E-4],[6.201242538837382E-5,3.079483724719608E-5,0.005848840374570588,0.0015641360164508206,8.872345225920995E-5,7.910290406416297E-5,0.004366307252810038,9.872694988222393E-5,8.933856743781535E-5,1.7613711163727292E-4,4.0023374893336053E-4,0.00398236996789142,5.16545752415023E-4,7.503773270442016E-5,7.507577091092217E-5,1.727322994875877E-4,7.000560992198581E-4,0.0022023433872663026,3.428326177268084E-4,1.37718148315923E-4,0.013291516115696702,6.30255451469707E-4,1.0,2.3150698193855927E-5,0.017012083551580463,1.360344686636912E-4,3.5166941491787576E-5,4.2038502472448415E-5,8.872755458077654E-5,1.775113513742662E-5,0.0017980977817565365,0.02790322973658745,1.26743054192773E-4,2.802938343496058E-5,1.8883930707597927E-5,7.942664650489417E-5,0.00168874388273898,0.0032242596445021653,0.004347454999484665,3.2163975547492116E-5,8.05969350929827E-5],[7.7087125201588E-5,1.2048143242020783E-5,8.453367909785323E-4,2.460568169993873E-4,2.79117447620321E-5,5.222769407108083E-5,0.012467204251804602,1.0768595175773345E-4,9.446373272387029E-5,2.611482470245109E-4,3.9566861598390506E-4,0.009725180893223193,9.813595603847185E-4,7.15224408985945E-5,9.935208196385823E-5,9.045043633986729E-4,0.001214936483376995,0.0061789382909992144,8.462987105360578E-4,1.0228407938091995E-4,0.021403812470030304,5.88426354829086E-4,2.3150698193855927E-5,1.0,0.0025537044390868315,2.2260993234193184E-4,3.359093389698348E-5,9.065934348844896E-5,1.034482957073497E-4,1.7510624055961092E-5,0.0012537820715920992,0.051512138657468017,1.7797472970976667E-4,1.7961115868719163E-5,1.802417975621423E-5,2.0862070972700155E-4,0.005247345702822312,0.0037088437741187173,0.020160853557374205,4.677220210661523E-5,1.856768621181551E-5],[0.016885525128438637,0.00903965253896775,0.018336311202668217,0.009803074488421205,0.021101486479410538,0.011602505580655379,0.020590860603896966,0.01606683398952969,0.0010420228379363777,0.015391252142416234,0.012580186362341827,0.014759207590481258,0.017336013684079204,0.014787921893902687,0.009991043571161323,0.01818450107081734,0.002883266655803221,0.013217124138641349,0.011324022087729198,0.01594772969104162,0.029175449968758115,0.006966115266434345,0.017012083551580463,0.0025537044390868315,1.0,0.016152816831554024,0.012277164302814286,0.010213621077917146,0.019788460225166574,0.020821567872238184,0.006255398484064303,0.07658046608775294,0.010854119433206898,9.461003636390705E-4,0.0070422800576459285,0.00503345749486297,0.016910916634042965,0.012420990117039165,0.024969834235112502,0.004113788897554612,0.01459176757113667],[1.8622161065290124E-4,2.050203132322346E-4,0.0014433358422401236,0.0013570430391117412,1.6834574059282698E-4,4.019604719969387E-4,0.01970396612122737,1.9108295149311233E-4,1.7253139934453077E-4,4.5880215224931354E-4,3.652186373848125E-4,0.009124322624852304,7.17883193402091E-4,2.1168585528994854E-4,1.4306345147993658E-4,2.4474268272908317E-4,0.0011585094549063817,3.566811379716564E-4,4.03562098896759E-4,2.223526834393164E-4,0.022540908791088752,5.939075825572694E-4,1.360344686636912E-4,2.2260993234193184E-4,0.016152816831554024,1.0,2.1508396214767617E-4,1.1943476722335566E-4,2.046490991156529E-4,1.1838793010480566E-4,0.0014101105882326852,0.00915508437274913,2.5004527840208823E-4,1.1963755769965505E-4,7.490119214233003E-5,2.494200602589226E-4,8.804624285926392E-4,0.005881810327264015,0.0038532310384895804,1.168379873474759E-4,1.57988642454539E-4],[9.320096843614035E-5,1.1274621159464696E-5,0.0022338514043370693,8.259724532846059E-4,1.6074766523419253E-4,5.710983665545103E-5,0.004582209732509679,1.588978286358966E-4,8.743409307801196E-5,1.2380956802786835E-4,2.0640711248719434E-4,0.0074947926448334585,0.0011372958266628428,1.0288738811829346E-4,8.459211640717031E-5,7.200958917628587E-4,2.58470159506313E-4,0.00616113886238066,0.0010102142326903032,1.0198284282500488E-4,0.03181461565770696,9.960361819548545E-5,3.5166941491787576E-5,3.359093389698348E-5,0.012277164302814286,2.1508396214767617E-4,1.0,9.565396361834456E-5,8.679815839103121E-5,2.5186586402561755E-5,4.27899050689487E-4,0.031105489962934836,1.2440125477103045E-4,2.3533708011789906E-5,3.4332735718391085E-5,2.3589406748758413E-4,7.205492942523144E-4,0.0024799115663696053,0.016092902116509197,7.167198590043639E-5,7.434503713691154E-5],[1.0926050019045326E-4,9.968628550667487E-5,0.0024553120436987767,7.023839557971539E-4,1.4868030457310517E-4,2.4678534142288195E-4,0.0041668853763273585,1.198216586748431E-4,1.0457179596986838E-4,3.812734002634872E-4,1.2122995022896229E-4,0.00814158296631269,5.631970819687484E-4,1.0424090911137714E-4,1.1423579451480056E-4,8.604996667324797E-4,3.587598579738705E-4,0.0037167233713121172,5.947632710057149E-4,1.5309642702382697E-4,0.007676272268991875,0.001120557331214087,4.2038502472448415E-5,9.065934348844896E-5,0.010213621077917146,1.1943476722335566E-4,9.565396361834456E-5,1.0,1.1161668373388757E-4,8.395398599060282E-5,0.0015877149764551698,0.04031830485071818,1.4869633499629264E-4,1.0245667250403301E-4,9.712710279136737E-5,1.285753112196452E-4,0.0016935210323574038,0.0038295977302062233,0.012783495926148481,1.0382620053664474E-4,1.0280730301337129E-4],[1.219888198535044E-4,8.214407740211635E-5,0.0014340192845007974,0.001595221573168923,1.2877459415963356E-4,1.287962980483416E-4,0.0025263248699987253,1.581421401778111E-4,1.1682288108768205E-4,2.68916020442381E-4,4.3277149948855895E-4,0.005479760989156936,0.0011914244794192241,1.0861789639446506E-4,1.269572246900414E-4,9.267458943198199E-4,4.668467557255541E-4,0.005673929641031877,7.280233204845935E-4,1.6275014532095695E-4,0.007849734989414908,8.365559273902827E-4,8.872755458077654E-5,1.034482957073497E-4,0.019788460225166574,2.046490991156529E-4,8.679815839103121E-5,1.1161668373388757E-4,1.0,7.79723982158318E-5,0.0013651773339750117,0.006044605919410461,1.78405856824938E-4,6.088468231061828E-5,5.206650440887913E-5,2.320380538224382E-4,0.009704990819612798,0.0034551788390240743,0.012314318853496969,1.0158620737552331E-4,1.1592973351718691E-4],[4.199177633943021E-5,1.512652988627176E-5,0.00755284100164157,7.30037183950105E-4,4.698036644566089E-5,3.4821769342641726E-4,0.01147528840570973,7.038186050461551E-5,5.468675271852616E-5,4.931668533233224E-4,3.565473982150638E-4,0.00567320533399568,8.571931543846025E-4,2.4386586407861055E-5,1.2670861628457134E-4,1.5719384163504643E-4,8.754840446357484E-4,0.0035235976829192236,8.773150837944946E-4,1.1191217912563058E-4,0.011141441177649817,5.077321886356498E-4,1.775113513742662E-5,1.7510624055961092E-5,0.020821567872238184,1.1838793010480566E-4,2.5186586402561755E-5,8.395398599060282E-5,7.79723982158318E-5,1.0,0.0013534978042439305,0.052033887260812234,1.7317810061102446E-4,1.927812351294741E-5,1.834009930364527E-5,1.3984430191342658E-4,0.0027500993891788903,0.0023977291556616974,0.0025208475734358813,4.421693118184352E-5,2.412511576672306E-5],[7.429519589501976E-4,0.0017955168502672935,0.005772359340319138,0.0021511552292155104,0.0011470617239987138,0.0018462488255281575,0.005441203108729167,0.0015045135387839277,5.276603033730386E-4,0.001826495938566161,6.008608667096528E-4,0.00587745517236156,0.001816369554579278,0.00195386615002085,0.0013617862598552899,0.0019928870652381582,0.0017912434534881295,0.006182338197053074,0.0015976560235141288,0.0010376863231463976,0.03144007929380078,0.0018666720511143753,0.0017980977817565365,0.0012537820715920992,0.006255398484064303,0.0014101105882326852,4.27899050689487E-4,0.0015877149764551698,0.0013651773339750117,0.0013534978042439305,1.0,0.06940297204067408,9.519921938736707E-4,6.323117318263355E-4,2.64187093296809E-4,9.984839756163335E-4,0.008275207729011027,0.003442401029781299,0.0037890909406510364,0.001243984027991056,7.471083561313563E-4],[0.046889111084050486,0.06830544283325053,0.007953170657096574,0.07415257582799215,0.06100990304700503,0.0038792333606606296,0.02942143926253294,3.410116300561294E-4,0.016486683621712073,0.024062669576573253,0.057152543295497626,0.03899183265049103,0.06285662542389613,0.06395952698099787,0.07606272313532214,0.03593333014140799,0.056932913136596174,0.023980568851976136,0.04676186059754912,0.019536875361901365,0.06193469194524431,0.05922543531343032,0.02790322973658745,0.051512138657468017,0.07658046608775294,0.00915508437274913,0.031105489962934836,0.04031830485071818,0.006044605919410461,0.052033887260812234,0.06940297204067408,1.0,0.05955301315505273,0.031498809334538566,0.01603986287351015,0.04314722652270106,0.06681108813075734,0.051683865619177746,0.05182375143580717,0.017980574612410344,0.005407329314990588],[1.5171969346650143E-4,5.343926293132793E-5,0.005800453754686312,0.001905455624130691,1.6981970591153418E-4,4.72063918878813E-4,0.018577487203021922,2.7674317258788065E-4,3.000713063641127E-4,4.309735375607357E-4,3.525474596862535E-4,0.009547804373434193,3.8911849004740173E-4,2.5727405470040555E-4,2.0618364010598683E-4,0.001310638214780533,9.051172201817819E-4,0.006008121332132175,8.579770614278806E-4,3.018036023677364E-4,0.011725443482893972,6.011561322563819E-4,1.26743054192773E-4,1.7797472970976667E-4,0.010854119433206898,2.5004527840208823E-4,1.2440125477103045E-4,1.4869633499629264E-4,1.78405856824938E-4,1.7317810061102446E-4,9.519921938736707E-4,0.05955301315505273,1.0,5.7495420689987394E-5,1.721332685884006E-4,2.765004699458387E-4,0.009163567541320557,0.00985869326201389,0.023068235673148745,1.683620689061148E-4,2.590558295519136E-4],[7.970662047927144E-5,1.5206196092272494E-5,0.006220188035290385,0.0010974762972145323,6.84373419017977E-5,4.4386999606923626E-4,0.018627969636361305,9.711145271719254E-5,1.0103942568555966E-4,1.3539310148289485E-4,2.1297990470010814E-5,0.0059047393076852445,6.285455756373068E-4,1.0049781220639206E-4,1.0305493895917378E-4,7.744183402115646E-4,0.0010274141482881586,0.004202963839251582,0.0010595659483969746,7.036220798667133E-5,0.004796312522826114,7.464902828504664E-4,2.802938343496058E-5,1.7961115868719163E-5,9.461003636390705E-4,1.1963755769965505E-4,2.3533708011789906E-5,1.0245667250403301E-4,6.088468231061828E-5,1.927812351294741E-5,6.323117318263355E-4,0.031498809334538566,5.7495420689987394E-5,1.0,1.9465798339958788E-5,2.1117957476109178E-4,0.006361629162963154,0.005775917616480692,0.003175161006740875,4.534542224088312E-5,3.101038547836612E-5],[6.0504984209162833E-5,1.2658668628697802E-5,0.005141915171001167,0.001728575447310109,8.79468244079211E-5,1.272370209268015E-4,0.004791523499205176,1.3734261764924256E-4,1.0134951840056941E-4,4.8265443177200097E-4,8.318439126834479E-5,0.007121078652767298,2.316093634089591E-4,1.8597401195758745E-5,3.257583638682428E-5,0.0012504338562968564,8.600951948417781E-4,6.614319205732531E-4,4.776649874472379E-5,5.7495835241988926E-5,0.015150129726395772,1.0090268146950958E-4,1.8883930707597927E-5,1.802417975621423E-5,0.0070422800576459285,7.490119214233003E-5,3.4332735718391085E-5,9.712710279136737E-5,5.206650440887913E-5,1.834009930364527E-5,2.64187093296809E-4,0.01603986287351015,1.721332685884006E-4,1.9465798339958788E-5,1.0,1.1415826823647843E-4,0.005753781677031979,0.0039881034739364845,0.010208949862601083,8.803038028557446E-5,5.912032127233933E-5],[1.6347024256480676E-4,6.803667389569841E-5,2.9503811036532974E-4,0.0014223083505967178,2.184913201448536E-4,3.7485089172459697E-4,0.014518886262451493,2.540138653174033E-4,1.158688577448977E-4,5.352070690894804E-4,3.514390972711312E-4,0.0021763370755152763,7.698989923055146E-4,2.0630159621291597E-4,2.294013121878247E-4,0.0011087720440295502,7.473154120771459E-4,0.0011607786840658204,0.0010647261785824936,2.193215366522075E-4,0.032680528314369954,6.644199454792249E-4,7.942664650489417E-5,2.0862070972700155E-4,0.00503345749486297,2.494200602589226E-4,2.3589406748758413E-4,1.285753112196452E-4,2.320380538224382E-4,1.3984430191342658E-4,9.984839756163335E-4,0.04314722652270106,2.765004699458387E-4,2.1117957476109178E-4,1.1415826823647843E-4,1.0,0.0071981588270806545,0.0056681474583300554,0.014645601111357674,2.4446523262809937E-4,2.548909816260413E-4],[0.004949384274372536,0.00258683846448876,0.009476159882704956,0.007394516707227947,0.0032025844405093977,0.005660483597955668,0.016614597054488332,7.988402321479844E-4,0.010039830957801121,0.003498682720979653,7.929902957315905E-4,0.01033811097628849,0.009593718517375662,0.0019788525747385212,0.005765346205435977,0.004540498676959165,0.002866550302817271,0.007667501244330715,0.0025604053952526986,0.004141320715127301,0.01686618267459246,0.0038984233278930988,0.00168874388273898,0.005247345702822312,0.016910916634042965,8.804624285926392E-4,7.205492942523144E-4,0.0016935210323574038,0.009704990819612798,0.0027500993891788903,0.008275207729011027,0.06681108813075734,0.009163567541320557,0.006361629162963154,0.005753781677031979,0.0071981588270806545,1.0,0.010506582313111468,0.026566730321088243,0.010192289138451159,0.007343042489679305],[0.005093556130899726,0.005788190824656105,0.009829506160747525,0.005324343931338131,0.005971071862028392,9.810478162335405E-4,0.01815343557866287,0.010402210596203457,0.008925345594599138,0.0048932726694384645,0.003829170171568911,0.010500278528050761,0.0033734254565855348,2.538467890431313E-4,0.007303209566642134,0.006055145151288478,0.0021860793576677973,0.009066216214680844,0.0022741950962715148,0.0019022973259573619,0.030045552075248165,0.006385969531884054,0.0032242596445021653,0.0037088437741187173,0.012420990117039165,0.005881810327264015,0.0024799115663696053,0.0038295977302062233,0.0034551788390240743,0.0023977291556616974,0.003442401029781299,0.051683865619177746,0.00985869326201389,0.005775917616480692,0.0039881034739364845,0.0056681474583300554,0.010506582313111468,1.0,0.01281106896323422,0.008967905132502767,0.006276888355612655],[0.008784501874635349,3.241132782169046E-5,0.008208868046759007,0.0033219250194534726,0.0046463494356534085,0.006407880751788195,0.020057939584214216,0.02303989975011439,0.013101588405367175,0.02346382274434185,0.021611357763304428,0.013941882127582688,0.004948798692211089,0.021125312351361433,0.006132130803217093,0.014065457497974531,0.01639547305597657,0.018263861130424774,0.0128353444984369,0.008733227740688307,0.031898954200445646,0.022784450958183714,0.004347454999484665,0.020160853557374205,0.024969834235112502,0.0038532310384895804,0.016092902116509197,0.012783495926148481,0.012314318853496969,0.0025208475734358813,0.0037890909406510364,0.05182375143580717,0.023068235673148745,0.003175161006740875,0.010208949862601083,0.014645601111357674,0.026566730321088243,0.01281106896323422,1.0,0.009158286550629379,0.0035905812432171468],[1.0404352311506681E-4,9.763517769723472E-5,0.0013003445477025545,2.568332285145107E-4,1.0678696897435489E-4,1.981938001280813E-4,0.019908988550946416,1.1396347656366523E-4,1.0121878165172691E-4,3.5326072565556774E-4,2.8456160694720464E-4,0.005476458748911261,7.387336427624034E-4,1.0188945911900894E-4,1.0233095432000005E-4,0.001011463443347149,3.9124414206258935E-4,0.006369712787600139,5.130166895886693E-4,1.5678181713106723E-4,0.027464997193606826,4.842084113560423E-4,3.2163975547492116E-5,4.677220210661523E-5,0.004113788897554612,1.168379873474759E-4,7.167198590043639E-5,1.0382620053664474E-4,1.0158620737552331E-4,4.421693118184352E-5,0.001243984027991056,0.017980574612410344,1.683620689061148E-4,4.534542224088312E-5,8.803038028557446E-5,2.4446523262809937E-4,0.010192289138451159,0.008967905132502767,0.009158286550629379,1.0,1.0070862235112872E-4],[1.0543415150305895E-4,2.4208746008475446E-5,0.004408012123987757,0.0017073089283848237,1.55809795014819E-4,1.4488372501257933E-4,0.01922808511122936,1.5410201861236524E-4,1.0151437055605454E-4,3.7809737974678624E-4,2.5286684721310016E-4,7.454119271032448E-4,0.0012429313493989896,1.0126970379061418E-4,1.1662090603476165E-4,0.0015220783854226192,8.873269013094531E-4,0.006250032405072228,8.547023317399826E-4,1.470832141242454E-4,0.015551884675862517,1.4371667527584675E-4,8.05969350929827E-5,1.856768621181551E-5,0.01459176757113667,1.57988642454539E-4,7.434503713691154E-5,1.0280730301337129E-4,1.1592973351718691E-4,2.412511576672306E-5,7.471083561313563E-4,0.005407329314990588,2.590558295519136E-4,3.101038547836612E-5,5.912032127233933E-5,2.548909816260413E-4,0.007343042489679305,0.006276888355612655,0.0035905812432171468,1.0070862235112872E-4,1.0]]