[[1.0,1.0263493552304257E-5,0.0010926045480852142,9.733300248267606E-5,8.213631946476668E-4,8.59125345903289E-5,4.5304507361864705E-4,1.7125554177143393E-4,4.823222001893585E-4,1.14821757686346E-5,3.5888239112338263E-4,4.849316069150569E-5,1.0268135457021644E-5,0.010673388934394349,0.0012086114312786112,1.0485585750367986E-5,1.03150219244722E-5,1.1928782716297988E-5,1.3460577362675847E-5,1.467385553785449E-5,3.4958840511715457E-4,8.857838116396405E-4,0.013942399489844595,1.5116987891713917E-5,2.615083415338633E-5,1.0227130796423961E-5,1.4219198117551072E-4,0.003079447367259648,0.004736729259665781,2.5797062660594644E-4,0.0012308987967979568,1.0126132469984703E-5,0.002012425611965129,1.032801570198973E-5,2.6876167834490803E-4,9.857149115875454E-4,4.6856008564357917E-4,6.035089109134647E-4,0.0027118331171992393,2.0700257821996095E-4,0.001133501776706317,1.1351604145299974E-4,0.0068634629559646086,4.616588390129617E-5,2.2741888801556138E-4,5.2470273064056695E-5],[1.0263493552304257E-5,1.0,5.596301999173154E-4,4.4732771379486433E-4,9.297870686954678E-4,7.115042542195832E-5,1.955692313945303E-4,0.0016194939580263235,9.321273246996331E-4,1.1445685338326435E-5,9.640380062274481E-5,1.258162152084327E-4,2.08727220824798E-5,0.00692331789254384,9.452161232777012E-4,3.3490496503808797E-5,1.1468140255815945E-5,1.2322661896641197E-5,1.1393173430229109E-5,2.035425670634153E-5,4.850812085307792E-5,0.00243863788913669,0.007712985328580863,1.5358281765636367E-5,1.738192521362229E-5,1.0475385542971279E-5,5.007724718339901E-5,0.0032304721763201974,0.020653065310203656,2.5885274867068925E-5,0.002660311920306388,1.038177186776483E-5,0.0019462760534115927,1.0643623433048265E-5,2.2212836360833562E-4,3.813029426867766E-4,2.120597764776885E-4,4.8433403796069427E-4,0.0024497713608279464,2.472134976442359E-4,0.002144958693352199,1.1725377959345234E-4,0.009487521156809989,3.787985875686185E-5,0.002016703152454377,5.020894650670704E-5],[0.0010926045480852142,5.596301999173154E-4,1.0,8.883343411785276E-4,0.0016754277855634526,0.0010274899421691187,0.001274271233278734,0.0015225507215066891,0.0016822748683518716,8.955417271895353E-4,4.68110103214269E-4,7.383454541882258E-4,8.126359917435188E-4,0.005583295628136234,0.0014127924089652718,0.0011509323961516175,0.0011696637444319213,1.17571191687166E-4,3.4641556058832737E-4,6.106629222712552E-4,0.0012323056157983964,0.0022160202298222033,0.0013209332501015025,6.584437284864185E-4,9.628125096844566E-4,8.72515192100722E-4,6.846471119823605E-4,0.012140273924560036,0.01490236443458473,9.327674447807575E-4,0.002787612473460729,5.368440746019376E-4,0.0020504606019698074,9.248766880587923E-4,5.708721351479322E-4,0.0012312248935234362,0.0010023824714283222,0.001073825245309212,0.001707788488079636,0.0010426561265285844,0.0019548267131389353,9.006101164281302E-4,0.009337263722272792,8.345956759878022E-4,0.0013942713879442653,6.829791705713463E-4],[9.733300248267606E-5,4.4732771379486433E-4,8.883343411785276E-4,1.0,4.801418576143015E-4,1.0996404029380999E-4,8.49775802668369E-4,8.005332842016769E-4,0.0012277260460010716,3.045080819998581E-4,4.613136791391149E-4,3.471919461341362E-4,4.212302266261667E-4,0.006430564913702409,0.001785293697996908,4.2484917235094985E-4,2.827266290060927E-4,8.153005880733635E-5,4.722522566686563E-5,3.552427298621355E-4,7.899011468573259E-4,8.241039397033603E-4,0.007240011269522307,5.156936362022241E-5,4.1512341861494874E-4,8.602455920321615E-5,2.996697324715138E-4,0.005757535346519592,0.006203384133151817,4.6173463954444886E-4,0.0030243715268150058,2.1324411705959188E-4,0.002076766103911417,4.41231644979849E-4,4.19234498769549E-4,6.569038386483803E-4,5.44114064876203E-4,5.839877658104891E-4,0.0010258385386240194,2.779824868725174E-4,7.466422901591693E-4,2.6996677633666613E-4,0.0010301789448275507,1.0919999617903302E-4,0.0034991595768058717,4.219010022815067E-4],[8.213631946476668E-4,9.297870686954678E-4,0.0016754277855634526,4.801418576143015E-4,1.0,9.718233122448039E-4,0.0013526671549199188,0.001851083504055,0.00196430774556179,0.0014661830861099243,0.001612490682710703,5.139492145086811E-4,0.0019461278605806386,0.007779001309432716,0.002562183948429857,6.425832342483013E-4,3.472551651362664E-4,0.0015463097743269355,0.001127540047912076,0.001670062317620939,0.0014878696729982504,0.0024761826979395815,0.0131855633386119,0.001513756383574961,8.648889491117596E-4,0.001688923568906343,0.0015839447959426895,0.006580009248037835,0.023124070887939198,0.0019185451739098876,0.005019017072069675,4.256964201793019E-4,0.0034279987486994633,1.2272375142189835E-4,9.441682293181776E-4,0.0013249916678437566,6.57781122741829E-4,0.0017984121587381735,0.001972348286075409,0.0018383469530676004,0.002529967336238729,0.001244126801276228,0.006847668062082832,5.533254448439142E-4,0.003207853969360233,3.325273603233007E-4],[8.59125345903289E-5,7.115042542195832E-5,0.0010274899421691187,1.0996404029380999E-4,9.718233122448039E-4,1.0,1.685972618329677E-4,8.539416330879189E-4,4.318385726828067E-4,2.978417216271126E-5,3.125606219332979E-4,1.514786217540357E-4,9.219731576931828E-5,0.01149177443653902,0.001677266656763883,7.232069944289261E-5,7.637813325703994E-5,8.79437732131648E-5,9.920290554322544E-5,4.948938962940719E-5,1.7047288684433003E-4,0.0018911775622476729,0.007324900299733414,5.0211301582972216E-5,6.717350598448797E-5,1.2552625838270202E-5,1.1648994567366759E-4,0.0011195968907054751,6.916090646194631E-4,1.3415544247459554E-4,0.003563268717840419,3.83366545521779E-5,0.002865990234259426,4.959080202866017E-5,2.892711978606841E-4,1.7931617467177932E-4,2.495269155122547E-4,3.859040131492303E-4,0.002276723651284598,2.0621333721124052E-4,9.488628742823348E-4,1.1591426599997566E-4,0.007461635848581672,1.0305019302267411E-4,4.7739457502336027E-4,1.2299162810135473E-4],[4.5304507361864705E-4,1.955692313945303E-4,0.001274271233278734,8.49775802668369E-4,0.0013526671549199188,1.685972618329677E-4,1.0,0.001426552545640423,0.0017403703805491833,1.0260319846086343E-4,6.49833283575303E-4,3.292485384220359E-4,0.0010819208453996297,0.010184062339023307,0.0025006965188710665,0.001277617171734837,0.001085016704862386,0.0011269703478346083,2.0640896575752044E-4,2.171308709690685E-4,0.0012502869657448055,0.001892099725433955,0.0028132116617428722,6.905829640651767E-4,2.1470120281487864E-4,6.149161260401123E-4,0.0012730245120180258,0.009362234914554039,0.018207243166620504,0.0012296446219255588,0.005646328362394821,2.793340791642066E-4,0.0019304087353371742,1.54989552774979E-4,7.456771432243449E-4,0.0012101570741509607,0.0011655701101184563,0.0011327956819503755,0.001968602205788929,7.948324953147573E-4,0.0017592295128636885,1.8035526883685728E-4,0.008641111281444187,9.345218030236339E-4,0.0015808193863544094,8.748643573042347E-4],[1.7125554177143393E-4,0.0016194939580263235,0.0015225507215066891,8.005332842016769E-4,0.001851083504055,8.539416330879189E-4,0.001426552545640423,1.0,0.0018384602834174107,8.241657107222765E-4,0.001637757408337821,0.0012035248298722563,4.071269889262467E-4,0.0023564897737953705,0.0023075524580510585,9.304999280568731E-4,3.360161670757075E-4,5.315315008874808E-4,0.0015144221120002735,3.8973672884084706E-4,0.0016656652806608108,0.0023213802095588027,0.010457167554210252,9.369436651241001E-5,2.2843303357314052E-4,7.877289335596787E-4,8.551334611121503E-4,0.0037285370891638504,0.02004850739863638,0.0012060255982329034,0.005019374595999108,0.0013683008182864098,0.004193531601287962,3.084363779064802E-4,5.778919017444045E-4,0.0015192391660148112,0.001108537577273985,0.001690059693426518,0.0021372840000445387,0.0016295492859513862,0.002194389853269425,9.26510450555181E-4,0.0039905431733124564,3.182606863441681E-4,0.002381553025796965,9.112403959257833E-4],[4.823222001893585E-4,9.321273246996331E-4,0.0016822748683518716,0.0012277260460010716,0.00196430774556179,4.318385726828067E-4,0.0017403703805491833,0.0018384602834174107,1.0,9.53429704031466E-4,0.0018004150839498903,5.786820330838629E-4,4.50985442431222E-4,0.002567642945503015,0.002411906635757245,0.001004947799897529,0.0017349589044712039,4.4890838429097657E-4,9.445094749274542E-4,0.0019325908016035215,0.0016696254247460709,0.0025207929732858304,0.011134100313703871,0.0011168158399908277,0.0012363378047805299,4.2251546047080205E-4,0.0018713954057873333,0.01009367441937453,0.008168000927113526,0.001081154882433236,0.002255597863537212,0.0010034104321481698,0.003162599717092013,1.2180854322917255E-4,4.4258817256322234E-4,0.0017871106999940716,0.0015530074053672922,0.0012303956582252024,0.00197030124872176,0.001301187144752576,0.002537497084352681,0.0018839335498687922,0.00864307182814493,0.0013788041835209864,0.0020074715899446073,0.0012317773475949633],[1.14821757686346E-5,1.1445685338326435E-5,8.955417271895353E-4,3.045080819998581E-4,0.0014661830861099243,2.978417216271126E-5,1.0260319846086343E-4,8.241657107222765E-4,9.53429704031466E-4,1.0,3.982591000665692E-4,7.920601425856334E-5,1.561978910382606E-5,0.006760701714409596,7.33216437676497E-5,4.743684154972932E-5,1.228280508928829E-5,1.4957497949268811E-5,1.2440152500542977E-5,1.279962736460424E-5,4.283416459301577E-4,3.0836321473704203E-4,0.012440890556257661,1.3364653569297584E-5,4.8785277923088014E-5,1.1048154870768897E-5,1.0220674013292362E-4,0.011343025001031473,0.021374650237258225,2.145642291393991E-4,5.737319701208436E-5,1.1052270588643404E-5,6.603289440799911E-4,1.133549865924321E-5,1.5445707903068647E-4,9.028027881208489E-5,3.0491401390089453E-4,5.176537271912758E-4,0.0011040951021506814,1.8326195635120466E-4,9.627093881806855E-4,9.800012789708661E-5,0.00433837738863273,6.152780784492001E-5,0.002663913019505333,1.032042405332584E-4],[3.5888239112338263E-4,9.640380062274481E-5,4.68110103214269E-4,4.613136791391149E-4,0.001612490682710703,3.125606219332979E-4,6.49833283575303E-4,0.001637757408337821,0.0018004150839498903,3.982591000665692E-4,1.0,2.6383828782144096E-4,3.275137104541906E-4,0.0017148768965828426,0.0023850215165735003,9.957864929466148E-5,3.082363945511067E-4,3.4372002730637146E-4,3.8100558725437806E-4,2.5292763283519447E-4,0.0011251555582780066,0.0013261034343745044,0.0072936921157671425,3.734141716870807E-4,2.3851032852286678E-4,4.107513721710127E-4,2.620024924590065E-4,0.007901051776651149,0.007822389961771344,3.39147765344455E-4,0.0016006434598851036,1.7437967722239766E-4,0.0021673338172371183,9.997802421135571E-5,4.190506111494699E-4,7.937522477167567E-4,5.097158182122463E-4,9.963197781589946E-4,0.0020333286265434495,3.1451315362575604E-4,0.0024807870577489223,2.2745460290113704E-4,0.004524986435142704,2.457955986459784E-4,0.0017412161156129704,2.65954337028452E-4],[4.849316069150569E-5,1.258162152084327E-4,7.383454541882258E-4,3.471919461341362E-4,5.139492145086811E-4,1.514786217540357E-4,3.292485384220359E-4,0.0012035248298722563,5.786820330838629E-4,7.920601425856334E-5,2.6383828782144096E-4,1.0,4.0169683142755764E-5,0.00882797320809324,0.002219207861425565,1.2749530169411602E-4,8.267071360321773E-5,1.372544970067234E-4,6.495324835485328E-5,8.185063000468542E-5,9.511132608464237E-4,2.1275756468397866E-4,0.010394176658193512,9.187414179117243E-5,6.0443279908027634E-5,8.756558659524268E-5,1.5990403728712127E-4,0.01189664049650572,0.018048606719596162,1.6141015657969042E-4,7.646685957068243E-4,1.4375470213814416E-4,0.0041851643462733346,6.985699447964912E-5,1.826548615658069E-4,4.691137927774063E-4,2.2258056308167655E-4,5.716387566096136E-4,0.0025858862228983915,1.6951840879707932E-4,9.974271820014466E-4,1.6636633796007617E-4,0.0054721000646100575,1.5622788872279145E-4,0.0017400398802744975,1.5312569239689787E-4],[1.0268135457021644E-5,2.08727220824798E-5,8.126359917435188E-4,4.212302266261667E-4,0.0019461278605806386,9.219731576931828E-5,0.0010819208453996297,4.071269889262467E-4,4.50985442431222E-4,1.561978910382606E-5,3.275137104541906E-4,4.0169683142755764E-5,1.0,0.0040753134819439575,0.0012630063013381791,3.591463231722867E-5,1.5758762044228877E-5,2.0931543696254234E-5,1.701481596941382E-5,2.2740941320765485E-5,4.3520027170349424E-4,0.001716747985784417,0.009714779543365254,2.1011608030260732E-5,3.991152476028394E-5,1.4314326693374314E-5,1.5419241548413228E-4,2.662866089087683E-4,0.017371308015411688,1.0918581094093923E-4,0.0034295850657348717,1.8192866165577215E-5,8.135940954241282E-4,1.7901423452910134E-5,2.4106104817289502E-4,4.285156874169859E-4,4.924288571706257E-4,8.156817835414526E-4,0.0027352977955206795,1.2182757840590805E-4,0.0020863864494813354,1.5945872955743873E-4,0.001577979935795153,4.7616581756377344E-5,0.003925641666101048,1.2750852309358513E-4],[0.010673388934394349,0.00692331789254384,0.005583295628136234,0.006430564913702409,0.007779001309432716,0.01149177443653902,0.010184062339023307,0.0023564897737953705,0.002567642945503015,0.006760701714409596,0.0017148768965828426,0.00882797320809324,0.0040753134819439575,1.0,0.007869415290704874,0.008987901821309185,0.01010886116162161,0.012514585509221101,6.165461747533638E-4,0.006245012810388921,0.005917003494618366,0.011369724760498894,0.013986066385049805,0.00771015321957377,0.0042603057291274084,0.008636401684475199,0.004206539587762769,0.012594946208693378,0.017656310156885253,0.0010982095390061374,0.010642062692585464,0.0016759362167752115,0.01212342801048237,0.00870364808446308,0.01111901084872853,0.0013448575140608792,0.006200422843847605,0.0026666032420061886,0.0039896976414726506,0.007293353969200967,0.003013654034512015,0.00732038542895141,0.010778604828554908,0.01047168930029029,0.00923355843849193,0.0030083542963398806],[0.0012086114312786112,9.452161232777012E-4,0.0014127924089652718,0.001785293697996908,0.002562183948429857,0.001677266656763883,0.0025006965188710665,0.0023075524580510585,0.002411906635757245,7.33216437676497E-5,0.0023850215165735003,0.002219207861425565,0.0012630063013381791,0.007869415290704874,1.0,0.001961383252545007,0.00254971893590134,0.0017706805758696568,9.269743310474009E-4,0.0024958061172543383,0.0021086673050173775,0.002655793798287204,0.005687341484889697,1.4841506619784993E-4,4.33587664471856E-4,9.128096654943132E-5,0.0011821491067292983,0.00916099403771679,0.016557752299169736,0.0016718643526322822,0.005334820597655837,0.0021429093640763833,0.004252005831773018,0.001527046217331233,5.103024464286671E-4,0.0012129390968098751,0.0020596543672146044,0.0010645349393591714,0.0027151052386201325,0.001357365576403885,0.0026000429954407375,0.0025741174487130124,0.004771555223852083,8.125178213453419E-4,0.0038538436976486845,7.48296933108906E-4],[1.0485585750367986E-5,3.3490496503808797E-5,0.0011509323961516175,4.2484917235094985E-4,6.425832342483013E-4,7.232069944289261E-5,0.001277617171734837,9.304999280568731E-4,0.001004947799897529,4.743684154972932E-5,9.957864929466148E-5,1.2749530169411602E-4,3.591463231722867E-5,0.008987901821309185,0.001961383252545007,1.0,4.800974361281423E-5,2.789714748552694E-5,4.9726705936782485E-5,4.4301431010511795E-5,0.001043929431509944,0.0022116483784711304,0.011954380172385395,2.9836187483791035E-5,5.339732010843247E-5,3.1631240508091574E-5,1.2527777443688875E-4,1.0163517744003186E-4,0.022607348276748727,2.297260657699706E-4,0.0030517674920527496,2.2588126420922756E-5,3.628158656888533E-4,2.8818066524210654E-5,1.604484631153195E-4,8.11144882123845E-4,5.117542727794866E-4,1.207416172524812E-4,0.0014110332889550855,7.043530896015215E-5,0.0015951518229083913,6.973180139533696E-5,0.005979410093638424,6.299681844850445E-5,0.002157739076039715,8.852079388705657E-5],[1.03150219244722E-5,1.1468140255815945E-5,0.0011696637444319213,2.827266290060927E-4,3.472551651362664E-4,7.637813325703994E-5,0.001085016704862386,3.360161670757075E-4,0.0017349589044712039,1.228280508928829E-5,3.082363945511067E-4,8.267071360321773E-5,1.5758762044228877E-5,0.01010886116162161,0.00254971893590134,4.800974361281423E-5,1.0,1.3276908909760875E-5,1.2697235145176231E-5,1.2750359716068549E-5,7.582649540520147E-4,0.0018211459909255236,0.006577805636557636,1.3866594378469834E-5,1.77593081682721E-5,1.1712328556003007E-5,1.1294054539703602E-4,0.006906434490359491,0.002846153137616433,1.5113157598437485E-4,0.00454213634302896,1.1621527126967888E-5,0.0010811193889584884,1.1868871383236025E-5,1.8649778303847798E-4,5.639404135068593E-4,1.6154739389014804E-4,0.00104593657449777,0.0015903377666846412,2.3457174594655034E-4,0.001490848458014704,1.2029423621878211E-4,4.3424546624987523E-4,1.757152973521158E-5,0.001040250994312491,1.3105664532654622E-4],[1.1928782716297988E-5,1.2322661896641197E-5,1.17571191687166E-4,8.153005880733635E-5,0.0015463097743269355,8.79437732131648E-5,0.0011269703478346083,5.315315008874808E-4,4.4890838429097657E-4,1.4957497949268811E-5,3.4372002730637146E-4,1.372544970067234E-4,2.0931543696254234E-5,0.012514585509221101,0.0017706805758696568,2.789714748552694E-5,1.3276908909760875E-5,1.0,1.4867440302896553E-5,2.030976261593175E-5,4.570824958546911E-4,0.002168217008615716,0.0013376939564458176,1.82923786023174E-5,4.616020826224659E-5,1.5508519831336344E-5,1.2526319631671863E-4,9.560179160643809E-4,0.016115061191894417,1.875603579883679E-4,0.0027292235972312525,1.7230574749533884E-5,0.0029785901853696603,1.2172687429090591E-5,2.1220639509466794E-4,0.0010066070179814846,7.925871890461782E-5,1.0390484523754192E-4,6.051476089410044E-4,2.4225026245212493E-4,0.0012145541106982946,1.2067246307890232E-4,0.00937199692234775,6.55591665445329E-5,0.001905511252750688,3.4229064185793894E-5],[1.3460577362675847E-5,1.1393173430229109E-5,3.4641556058832737E-4,4.722522566686563E-5,0.001127540047912076,9.920290554322544E-5,2.0640896575752044E-4,0.0015144221120002735,9.445094749274542E-4,1.2440152500542977E-5,3.8100558725437806E-4,6.495324835485328E-5,1.701481596941382E-5,6.165461747533638E-4,9.269743310474009E-4,4.9726705936782485E-5,1.2697235145176231E-5,1.4867440302896553E-5,1.0,2.157044669417605E-5,8.89677029224246E-5,0.0017530559015769649,0.0040842076946610625,1.745530108546137E-5,4.295368208121619E-5,1.0658428367488213E-5,1.3335764367398045E-4,0.010946197973977105,0.01143027580872758,1.801940839678525E-4,0.005108694578799586,1.3900165055350988E-5,0.003480402894559408,1.1497839067111583E-5,5.829405267297622E-5,2.4430395626031927E-4,3.8075935041803117E-4,9.404923539948744E-5,0.0014983974978571137,8.839407923018163E-5,0.002536452535029181,1.3243183385644837E-4,0.00701470634976583,3.498898809737928E-5,8.453974098997554E-4,6.294276820947467E-5],[1.467385553785449E-5,2.035425670634153E-5,6.106629222712552E-4,3.552427298621355E-4,0.001670062317620939,4.948938962940719E-5,2.171308709690685E-4,3.8973672884084706E-4,0.0019325908016035215,1.279962736460424E-5,2.5292763283519447E-4,8.185063000468542E-5,2.2740941320765485E-5,0.006245012810388921,0.0024958061172543383,4.4301431010511795E-5,1.2750359716068549E-5,2.030976261593175E-5,2.157044669417605E-5,1.0,3.196832459520283E-4,4.776598437112364E-4,0.010591332577891561,2.1638219742993E-5,4.1777775221499126E-5,1.5247857120163471E-5,5.969802164278413E-5,0.0031517662908651526,0.015447650063756029,4.7087695906346226E-5,0.0041963880214311855,1.764547914465805E-5,0.0024260611606442394,1.6971835376841463E-5,2.529355323239984E-4,1.570962671702995E-4,4.486548357464887E-4,5.52736917087668E-4,0.0012427078731523946,1.9601220007058292E-4,0.0017360513382368146,6.245312519077072E-5,0.004400180482355198,9.779032151888953E-5,0.002215982060867691,6.202416711981916E-5],[3.4958840511715457E-4,4.850812085307792E-5,0.0012323056157983964,7.899011468573259E-4,0.0014878696729982504,1.7047288684433003E-4,0.0012502869657448055,0.0016656652806608108,0.0016696254247460709,4.283416459301577E-4,0.0011251555582780066,9.511132608464237E-4,4.3520027170349424E-4,0.005917003494618366,0.0021086673050173775,0.001043929431509944,7.582649540520147E-4,4.570824958546911E-4,8.89677029224246E-5,3.196832459520283E-4,1.0,0.0018742109932733484,0.009558173069900054,0.001061506743963273,6.240210459940122E-4,6.272438842841463E-4,5.687309766869064E-4,0.01174742908333523,0.01656782739711807,7.090487499110982E-4,0.005282050333956713,3.071785086674603E-4,0.00403267126369244,8.551037572352414E-4,7.747667923101911E-4,0.0011919523822401742,7.357523311654208E-4,0.0010709122057791958,0.0026396326291121927,4.4232125583753244E-4,0.0014080692573773903,5.678656999262842E-4,0.0015833818871149583,7.818267622115062E-4,0.003591132585556574,0.001159761230802759],[8.857838116396405E-4,0.00243863788913669,0.0022160202298222033,8.241039397033603E-4,0.0024761826979395815,0.0018911775622476729,0.001892099725433955,0.0023213802095588027,0.0025207929732858304,3.0836321473704203E-4,0.0013261034343745044,2.1275756468397866E-4,0.001716747985784417,0.011369724760498894,0.002655793798287204,0.0022116483784711304,0.0018211459909255236,0.002168217008615716,0.0017530559015769649,4.776598437112364E-4,0.0018742109932733484,1.0,0.009640566630637996,0.00239889978400538,0.00207654707010478,6.647580459952519E-4,0.0022110139855602996,0.009677972954548664,0.014200166631397223,0.0024702254586558116,0.003472936623173922,0.0024873629285544346,0.004226972024380367,0.001582811900015345,5.520416119543989E-4,0.0024534803403108386,0.001805743000912818,0.002232949555267561,0.002747375840457292,0.0025275455047547805,0.0026486575734396976,0.0021130730601728364,0.003577659265627163,0.0015544577235309164,0.003721934128518751,0.0016668749589898778],[0.013942399489844595,0.007712985328580863,0.0013209332501015025,0.007240011269522307,0.0131855633386119,0.007324900299733414,0.0028132116617428722,0.010457167554210252,0.011134100313703871,0.012440890556257661,0.0072936921157671425,0.010394176658193512,0.009714779543365254,0.013986066385049805,0.005687341484889697,0.011954380172385395,0.006577805636557636,0.0013376939564458176,0.0040842076946610625,0.010591332577891561,0.009558173069900054,0.009640566630637996,1.0,0.0089100116848078,0.0014988026142570225,0.0015452046165714177,0.00622487600541092,0.01277399878902622,0.019433837606056274,0.01242511506816207,0.011611760546014826,0.0015436072912529948,0.004764675582884448,0.006599759667500798,0.005099799459613481,0.0027302406304409175,0.008177687922756794,0.006407459513047048,0.011032231232747106,6.703206872408413E-4,0.003674364725607733,0.0063404350681263875,0.01360382885313557,0.010190239604936938,0.009303898133518076,0.008168097211622339],[1.5116987891713917E-5,1.5358281765636367E-5,6.584437284864185E-4,5.156936362022241E-5,0.001513756383574961,5.0211301582972216E-5,6.905829640651767E-4,9.369436651241001E-5,0.0011168158399908277,1.3364653569297584E-5,3.734141716870807E-4,9.187414179117243E-5,2.1011608030260732E-5,0.00771015321957377,1.4841506619784993E-4,2.9836187483791035E-5,1.3866594378469834E-5,1.82923786023174E-5,1.745530108546137E-5,2.1638219742993E-5,0.001061506743963273,0.00239889978400538,0.0089100116848078,1.0,5.677990846286981E-5,1.54209623829598E-5,1.4513624614829934E-4,0.003321454711148243,0.014132889868351008,2.55270774168889E-4,0.0028858909763632744,1.0868440876606791E-5,1.4082639758215726E-4,1.1511725484436324E-5,1.944536498412466E-4,3.0606066599373914E-4,2.195457466937543E-4,0.0010272719055789085,0.0016880724159461281,9.465731501002017E-5,5.732552568830936E-4,6.493247506439419E-5,3.2634577388972744E-4,4.277383546675702E-5,0.0015494704502464042,6.27823872881148E-5],[2.615083415338633E-5,1.738192521362229E-5,9.628125096844566E-4,4.1512341861494874E-4,8.648889491117596E-4,6.717350598448797E-5,2.1470120281487864E-4,2.2843303357314052E-4,0.0012363378047805299,4.8785277923088014E-5,2.3851032852286678E-4,6.0443279908027634E-5,3.991152476028394E-5,0.0042603057291274084,4.33587664471856E-4,5.339732010843247E-5,1.77593081682721E-5,4.616020826224659E-5,4.295368208121619E-5,4.1777775221499126E-5,6.240210459940122E-4,0.00207654707010478,0.0014988026142570225,5.677990846286981E-5,1.0,3.637176692487605E-5,1.0362726343191305E-4,0.004966036219430813,0.024989350741324225,7.524068879208946E-5,0.0027956585492102197,1.213277330494868E-5,0.0030409550105450697,5.7764892682913976E-5,1.1556923972211297E-4,6.50826736102145E-4,2.7623337320814063E-4,4.935743842407843E-4,8.007184819110835E-5,1.4683663686096968E-4,0.002190951786577895,1.2304651602960688E-4,0.009406286785406653,7.941064808440472E-5,0.0022368956295289915,1.3419362689612072E-4],[1.0227130796423961E-5,1.0475385542971279E-5,8.72515192100722E-4,8.602455920321615E-5,0.001688923568906343,1.2552625838270202E-5,6.149161260401123E-4,7.877289335596787E-4,4.2251546047080205E-4,1.1048154870768897E-5,4.107513721710127E-4,8.756558659524268E-5,1.4314326693374314E-5,0.008636401684475199,9.128096654943132E-5,3.1631240508091574E-5,1.1712328556003007E-5,1.5508519831336344E-5,1.0658428367488213E-5,1.5247857120163471E-5,6.272438842841463E-4,6.647580459952519E-4,0.0015452046165714177,1.54209623829598E-5,3.637176692487605E-5,1.0,1.0348131177772912E-4,0.0013838527013847318,0.006679356239465142,1.361918793577291E-5,0.003830352138917901,1.051903187731656E-5,3.6587006453676874E-4,1.0694968320908868E-5,2.2083659345871514E-4,1.244200390619341E-4,1.5145734576234028E-4,1.5208817479416375E-5,7.586768455658009E-4,4.461412878892609E-5,3.596727509282862E-4,8.053961966293267E-5,0.0035209871134876613,7.248368445603744E-5,0.0015891965017320723,9.999501114249993E-5],[1.4219198117551072E-4,5.007724718339901E-5,6.846471119823605E-4,2.996697324715138E-4,0.0015839447959426895,1.1648994567366759E-4,0.0012730245120180258,8.551334611121503E-4,0.0018713954057873333,1.0220674013292362E-4,2.620024924590065E-4,1.5990403728712127E-4,1.5419241548413228E-4,0.004206539587762769,0.0011821491067292983,1.2527777443688875E-4,1.1294054539703602E-4,1.2526319631671863E-4,1.3335764367398045E-4,5.969802164278413E-5,5.687309766869064E-4,0.0022110139855602996,0.00622487600541092,1.4513624614829934E-4,1.0362726343191305E-4,1.0348131177772912E-4,1.0,0.0018821341020103127,0.00771987135197921,2.2965647502327133E-4,0.003048441640445043,3.690530059195715E-5,0.0037001039401513775,3.818248536421914E-5,1.809660609330822E-4,9.131414765598085E-4,2.838920391989831E-4,0.0010449137892563605,5.693825908212999E-4,2.3845955392589552E-4,0.002293221803914544,1.6416078668421452E-4,0.009019427289917437,1.0243051674653444E-4,9.790826494563095E-4,1.513121918224205E-4],[0.003079447367259648,0.0032304721763201974,0.012140273924560036,0.005757535346519592,0.006580009248037835,0.0011195968907054751,0.009362234914554039,0.0037285370891638504,0.01009367441937453,0.011343025001031473,0.007901051776651149,0.01189664049650572,2.662866089087683E-4,0.012594946208693378,0.00916099403771679,1.0163517744003186E-4,0.006906434490359491,9.560179160643809E-4,0.010946197973977105,0.0031517662908651526,0.01174742908333523,0.009677972954548664,0.01277399878902622,0.003321454711148243,0.004966036219430813,0.0013838527013847318,0.0018821341020103127,1.0,0.02387452876282859,0.010283942693188235,0.007452117449288028,0.006437697805545069,0.00893107180719466,0.004971708327825238,0.011871977284983954,0.005065731293186302,0.007704920062030577,0.008070704306612463,0.005253046929244909,0.00998252433323209,0.010811857601791484,0.010903191282910361,0.012229311700067922,0.0024332970470479875,0.00860788276752841,0.004414976496990901],[0.004736729259665781,0.020653065310203656,0.01490236443458473,0.006203384133151817,0.023124070887939198,6.916090646194631E-4,0.018207243166620504,0.02004850739863638,0.008168000927113526,0.021374650237258225,0.007822389961771344,0.018048606719596162,0.017371308015411688,0.017656310156885253,0.016557752299169736,0.022607348276748727,0.002846153137616433,0.016115061191894417,0.01143027580872758,0.015447650063756029,0.01656782739711807,0.014200166631397223,0.019433837606056274,0.014132889868351008,0.024989350741324225,0.006679356239465142,0.00771987135197921,0.02387452876282859,1.0,0.024439227663976177,0.012429692224112228,0.011813014539982519,0.015185604309558728,0.005036614604778361,0.024706796993239997,0.005442794869146679,0.011963801986603856,0.01259103437256624,0.004946408693255692,3.0142063455490753E-4,0.015727987566729402,0.0035226928523189992,0.022758611717597146,0.012404641737283466,0.024218278215552513,0.017536421262628592],[2.5797062660594644E-4,2.5885274867068925E-5,9.327674447807575E-4,4.6173463954444886E-4,0.0019185451739098876,1.3415544247459554E-4,0.0012296446219255588,0.0012060255982329034,0.001081154882433236,2.145642291393991E-4,3.39147765344455E-4,1.6141015657969042E-4,1.0918581094093923E-4,0.0010982095390061374,0.0016718643526322822,2.297260657699706E-4,1.5113157598437485E-4,1.875603579883679E-4,1.801940839678525E-4,4.7087695906346226E-5,7.090487499110982E-4,0.0024702254586558116,0.01242511506816207,2.55270774168889E-4,7.524068879208946E-5,1.361918793577291E-5,2.2965647502327133E-4,0.010283942693188235,0.024439227663976177,1.0,0.0030416829690274303,1.6694088454550487E-4,0.004659686652827506,2.2913590675529714E-4,2.9711250598336646E-4,0.0010315603947764287,4.0849216664403233E-4,6.115171052646991E-4,9.87555943555296E-4,2.6782785903873885E-4,0.0015445050374286245,2.640767058199296E-4,0.008335352936552149,2.506556782613201E-4,0.002025352108687734,2.7684092023393374E-4],[0.0012308987967979568,0.002660311920306388,0.002787612473460729,0.0030243715268150058,0.005019017072069675,0.003563268717840419,0.005646328362394821,0.005019374595999108,0.002255597863537212,5.737319701208436E-5,0.0016006434598851036,7.646685957068243E-4,0.0034295850657348717,0.010642062692585464,0.005334820597655837,0.0030517674920527496,0.00454213634302896,0.0027292235972312525,0.005108694578799586,0.0041963880214311855,0.005282050333956713,0.003472936623173922,0.011611760546014826,0.0028858909763632744,0.0027956585492102197,0.003830352138917901,0.003048441640445043,0.007452117449288028,0.012429692224112228,0.0030416829690274303,1.0,0.0019641320692005133,0.00532116559144222,0.0040207140321795965,0.0026548396488850316,0.0017700854618239704,0.001275894439543835,0.005900135252978837,0.004327597550088481,0.0042210904705317406,0.004520195923534866,7.504370250004074E-4,0.0070533558560120675,0.003288760443716633,0.005456507837176775,0.002981031682883432],[1.0126132469984703E-5,1.038177186776483E-5,5.368440746019376E-4,2.1324411705959188E-4,4.256964201793019E-4,3.83366545521779E-5,2.793340791642066E-4,0.0013683008182864098,0.0010034104321481698,1.1052270588643404E-5,1.7437967722239766E-4,1.4375470213814416E-4,1.8192866165577215E-5,0.0016759362167752115,0.0021429093640763833,2.2588126420922756E-5,1.1621527126967888E-5,1.7230574749533884E-5,1.3900165055350988E-5,1.764547914465805E-5,3.071785086674603E-4,0.0024873629285544346,0.0015436072912529948,1.0868440876606791E-5,1.213277330494868E-5,1.051903187731656E-5,3.690530059195715E-5,0.006437697805545069,0.011813014539982519,1.6694088454550487E-4,0.0019641320692005133,1.0,1.981596955842437E-4,1.0328362773780325E-5,2.778769291683088E-4,0.001167718958239139,4.529586593512584E-4,0.001049233606807663,0.0016308473102900408,1.2535100976769054E-4,9.117234654009373E-4,1.0548470578499823E-4,9.106468363432056E-5,5.0044460611440446E-5,0.0026041986993723047,4.2964698116800185E-5],[0.002012425611965129,0.0019462760534115927,0.0020504606019698074,0.002076766103911417,0.0034279987486994633,0.002865990234259426,0.0019304087353371742,0.004193531601287962,0.003162599717092013,6.603289440799911E-4,0.0021673338172371183,0.0041851643462733346,8.135940954241282E-4,0.01212342801048237,0.004252005831773018,3.628158656888533E-4,0.0010811193889584884,0.0029785901853696603,0.003480402894559408,0.0024260611606442394,0.00403267126369244,0.004226972024380367,0.004764675582884448,1.4082639758215726E-4,0.0030409550105450697,3.6587006453676874E-4,0.0037001039401513775,0.00893107180719466,0.015185604309558728,0.004659686652827506,0.00532116559144222,1.981596955842437E-4,1.0,0.0015073758974903431,0.0017516279509103136,0.0012234855883802324,0.004011147351363621,0.003586691554542542,0.003266177042486199,0.0022545420448445513,0.0032400266012262632,0.0010552897967295398,0.0078110699386328385,0.0044516694662445335,0.004119512713748727,7.042075464187031E-4],[1.032801570198973E-5,1.0643623433048265E-5,9.248766880587923E-4,4.41231644979849E-4,1.2272375142189835E-4,4.959080202866017E-5,1.54989552774979E-4,3.084363779064802E-4,1.2180854322917255E-4,1.133549865924321E-5,9.997802421135571E-5,6.985699447964912E-5,1.7901423452910134E-5,0.00870364808446308,0.001527046217331233,2.8818066524210654E-5,1.1868871383236025E-5,1.2172687429090591E-5,1.1497839067111583E-5,1.6971835376841463E-5,8.551037572352414E-4,0.001582811900015345,0.006599759667500798,1.1511725484436324E-5,5.7764892682913976E-5,1.0694968320908868E-5,3.818248536421914E-5,0.004971708327825238,0.005036614604778361,2.2913590675529714E-4,0.0040207140321795965,1.0328362773780325E-5,0.0015073758974903431,1.0,1.6915085452437204E-4,2.9497809348161677E-5,2.5624038729895055E-5,3.0429182162355136E-4,2.0345713751242404E-4,1.612341786715072E-5,0.0010366529683986283,8.07371006650311E-5,0.004462616238395657,6.356667821181442E-5,0.00391072220892457,3.6060087648622406E-5],[2.6876167834490803E-4,2.2212836360833562E-4,5.708721351479322E-4,4.19234498769549E-4,9.441682293181776E-4,2.892711978606841E-4,7.456771432243449E-4,5.778919017444045E-4,4.4258817256322234E-4,1.5445707903068647E-4,4.190506111494699E-4,1.826548615658069E-4,2.4106104817289502E-4,0.01111901084872853,5.103024464286671E-4,1.604484631153195E-4,1.8649778303847798E-4,2.1220639509466794E-4,5.829405267297622E-5,2.529355323239984E-4,7.747667923101911E-4,5.520416119543989E-4,0.005099799459613481,1.944536498412466E-4,1.1556923972211297E-4,2.2083659345871514E-4,1.809660609330822E-4,0.011871977284983954,0.024706796993239997,2.9711250598336646E-4,0.0026548396488850316,2.778769291683088E-4,0.0017516279509103136,1.6915085452437204E-4,1.0,2.9113074536582425E-4,4.5985819576318176E-4,8.19890537090521E-4,0.001915465305976742,2.8376887515049835E-4,0.0020271697437104154,2.050339254471205E-4,0.002986506303947627,1.4316288704073645E-4,0.0034960041690444196,2.4229806041874943E-4],[9.857149115875454E-4,3.813029426867766E-4,0.0012312248935234362,6.569038386483803E-4,0.0013249916678437566,1.7931617467177932E-4,0.0012101570741509607,0.0015192391660148112,0.0017871106999940716,9.028027881208489E-5,7.937522477167567E-4,4.691137927774063E-4,4.285156874169859E-4,0.0013448575140608792,0.0012129390968098751,8.11144882123845E-4,5.639404135068593E-4,0.0010066070179814846,2.4430395626031927E-4,1.570962671702995E-4,0.0011919523822401742,0.0024534803403108386,0.0027302406304409175,3.0606066599373914E-4,6.50826736102145E-4,1.244200390619341E-4,9.131414765598085E-4,0.005065731293186302,0.005442794869146679,0.0010315603947764287,0.0017700854618239704,0.001167718958239139,0.0012234855883802324,2.9497809348161677E-5,2.9113074536582425E-4,1.0,8.151179066320898E-4,0.0011227946267091046,0.0024551278646702816,8.584281765597445E-4,0.0014878801579804746,5.866367219482746E-4,0.002925629865993737,8.582786356723279E-4,0.0034053834870780594,5.287846874855687E-4],[4.6856008564357917E-4,2.120597764776885E-4,0.0010023824714283222,5.44114064876203E-4,6.57781122741829E-4,2.495269155122547E-4,0.0011655701101184563,0.001108537577273985,0.0015530074053672922,3.0491401390089453E-4,5.097158182122463E-4,2.2258056308167655E-4,4.924288571706257E-4,0.006200422843847605,0.0020596543672146044,5.117542727794866E-4,1.6154739389014804E-4,7.925871890461782E-5,3.8075935041803117E-4,4.486548357464887E-4,7.357523311654208E-4,0.001805743000912818,0.008177687922756794,2.195457466937543E-4,2.7623337320814063E-4,1.5145734576234028E-4,2.838920391989831E-4,0.007704920062030577,0.011963801986603856,4.0849216664403233E-4,0.001275894439543835,4.529586593512584E-4,0.004011147351363621,2.5624038729895055E-5,4.5985819576318176E-4,8.151179066320898E-4,1.0,8.279979882938708E-4,0.002017285455203241,3.7592986239320806E-4,0.0017526695780291852,3.9178056011925956E-4,0.007151305655052687,3.5040769823477377E-4,9.033235700582523E-4,3.002850939316698E-4],[6.035089109134647E-4,4.8433403796069427E-4,0.001073825245309212,5.839877658104891E-4,0.0017984121587381735,3.859040131492303E-4,0.0011327956819503755,0.001690059693426518,0.0012303956582252024,5.176537271912758E-4,9.963197781589946E-4,5.716387566096136E-4,8.156817835414526E-4,0.0026666032420061886,0.0010645349393591714,1.207416172524812E-4,0.00104593657449777,1.0390484523754192E-4,9.404923539948744E-5,5.52736917087668E-4,0.0010709122057791958,0.002232949555267561,0.006407459513047048,0.0010272719055789085,4.935743842407843E-4,1.5208817479416375E-5,0.0010449137892563605,0.008070704306612463,0.01259103437256624,6.115171052646991E-4,0.005900135252978837,0.001049233606807663,0.003586691554542542,3.0429182162355136E-4,8.19890537090521E-4,0.0011227946267091046,8.279979882938708E-4,1.0,0.0021525797406467912,6.910467388628268E-4,0.0015513957215873319,3.7583361862543116E-4,0.0085342794235661,6.437979449967342E-4,0.0017722510256491433,3.686911463681652E-4],[0.0027118331171992393,0.0024497713608279464,0.001707788488079636,0.0010258385386240194,0.001972348286075409,0.002276723651284598,0.001968602205788929,0.0021372840000445387,0.00197030124872176,0.0011040951021506814,0.0020333286265434495,0.0025858862228983915,0.0027352977955206795,0.0039896976414726506,0.0027151052386201325,0.0014110332889550855,0.0015903377666846412,6.051476089410044E-4,0.0014983974978571137,0.0012427078731523946,0.0026396326291121927,0.002747375840457292,0.011032231232747106,0.0016880724159461281,8.007184819110835E-5,7.586768455658009E-4,5.693825908212999E-4,0.005253046929244909,0.004946408693255692,9.87555943555296E-4,0.004327597550088481,0.0016308473102900408,0.003266177042486199,2.0345713751242404E-4,0.001915465305976742,0.0024551278646702816,0.002017285455203241,0.0021525797406467912,1.0,3.119609012711011E-4,0.002599755498818695,0.002439389503738476,0.006516765013985195,0.0014717766292453157,0.002960245892495445,0.0010677868707924744],[2.0700257821996095E-4,2.472134976442359E-4,0.0010426561265285844,2.779824868725174E-4,0.0018383469530676004,2.0621333721124052E-4,7.948324953147573E-4,0.0016295492859513862,0.001301187144752576,1.8326195635120466E-4,3.1451315362575604E-4,1.6951840879707932E-4,1.2182757840590805E-4,0.007293353969200967,0.001357365576403885,7.043530896015215E-5,2.3457174594655034E-4,2.4225026245212493E-4,8.839407923018163E-5,1.9601220007058292E-4,4.4232125583753244E-4,0.0025275455047547805,6.703206872408413E-4,9.465731501002017E-5,1.4683663686096968E-4,4.461412878892609E-5,2.3845955392589552E-4,0.00998252433323209,3.0142063455490753E-4,2.6782785903873885E-4,0.0042210904705317406,1.2535100976769054E-4,0.0022545420448445513,1.612341786715072E-5,2.8376887515049835E-4,8.584281765597445E-4,3.7592986239320806E-4,6.910467388628268E-4,3.119609012711011E-4,1.0,4.3760730215983026E-4,1.9536099976522113E-4,0.007395326488858619,1.5014263035970728E-4,0.003830460651182966,1.9826255702027753E-4],[0.001133501776706317,0.002144958693352199,0.0019548267131389353,7.466422901591693E-4,0.002529967336238729,9.488628742823348E-4,0.0017592295128636885,0.002194389853269425,0.002537497084352681,9.627093881806855E-4,0.0024807870577489223,9.974271820014466E-4,0.0020863864494813354,0.003013654034512015,0.0026000429954407375,0.0015951518229083913,0.001490848458014704,0.0012145541106982946,0.002536452535029181,0.0017360513382368146,0.0014080692573773903,0.0026486575734396976,0.003674364725607733,5.732552568830936E-4,0.002190951786577895,3.596727509282862E-4,0.002293221803914544,0.010811857601791484,0.015727987566729402,0.0015445050374286245,0.004520195923534866,9.117234654009373E-4,0.0032400266012262632,0.0010366529683986283,0.0020271697437104154,0.0014878801579804746,0.0017526695780291852,0.0015513957215873319,0.002599755498818695,4.3760730215983026E-4,1.0,0.0021804815875247317,0.006469909224483072,0.0018617564868379077,0.002768374374218337,4.387277852041262E-4],[1.1351604145299974E-4,1.1725377959345234E-4,9.006101164281302E-4,2.6996677633666613E-4,0.001244126801276228,1.1591426599997566E-4,1.8035526883685728E-4,9.26510450555181E-4,0.0018839335498687922,9.800012789708661E-5,2.2745460290113704E-4,1.6636633796007617E-4,1.5945872955743873E-4,0.00732038542895141,0.0025741174487130124,6.973180139533696E-5,1.2029423621878211E-4,1.2067246307890232E-4,1.3243183385