[[1.0, 0.11724054869796341, 0.5232721032802624, 0.1180079629541233, 0.07355197724983087, 0.42017490494579834, 0.687332723373676, 0.560259690697375, 0.2842043156474102, 0.2669960978366047, 0.5269955952684042, 0.19429261127403052, 0.9723891876217929, 0.08924339785887014, 0.8115610441344533, 0.5397487215004731, 0.9756676164274137, 0.5180620099832066, 0.23891540542646983, 0.6152981487807988, 0.7820353139031648, 0.7047204018655776, 0.027000374521985115, 0.53095929341556, 0.2681207051320048, 0.9720535023858298, 0.3881377168969862, 0.9267742689893398, 0.6376308034678115, 0.8532548800223181, 0.9576328671385627, 0.2240519162671225, 0.22726291216008876, 0.9993256503820785, 0.4899515508522888], [0.11724054869796341, 1.0, 0.3745142753724525, 0.21812058770568576, 0.6052338180325845, 0.5649813210112571, 0.2126556192200717, 0.3493939966575128, 0.2648219465692099, 0.41153164577399104, 0.35710075805826635, 0.3616702177125358, 0.029152803261160987, 0.708792961210807, 0.5769416439598044, 0.47420542326017046, 0.2542080881552504, 0.6626545690778626, 0.929351125149361, 0.11737614605311186, 0.7917056952945888, 0.9937283025435165, 0.3267674955004224, 0.09816876925482132, 0.16531990855046141, 0.28557943818220655, 0.4523739508285327, 0.8987882165476051, 0.21490880728566641, 0.5898372654723192, 0.5518152238468852, 0.12687547048638914, 0.524618233373743, 0.31654642231195373, 0.8526824001727479], [0.5232721032802624, 0.3745142753724525, 1.0, 0.6575552502547655, 0.0131161172061105, 0.2858652883005912, 0.6846540696672222, 0.565238948397869, 0.06833991709274168, 0.2391896631880982, 0.9859234707384316, 0.8335705190974058, 0.789208313765759, 0.41459551306128284, 0.0443928433066505, 0.2810083381398295, 0.3662062949161978, 0.5751748136261973, 0.9742484311400007, 0.0708332219887815, 0.5682150336151996, 0.9706873143678943, 0.24970088909688914, 0.6169865335676119, 0.11014813340343865, 0.983751291304258, 0.4047789254906725, 0.2105151320856855, 0.6905994107985386, 0.8523750345412762, 0.32780805752631426, 0.251711454847668, 0.985107687198168, 0.6517731816241956, 0.2167917959420208], [0.1180079629541233, 0.21812058770568576, 0.6575552502547655, 1.0, 0.4066667400398344, 0.8807376163462165, 0.6518984246255763, 0.41615500804500716, 0.6234856166636373, 0.2793511515775806, 0.061589114952385615, 0.13539077670633648, 0.9665518963820627, 0.7872262876726185, 0.5842505974781307, 0.2732837151013413, 0.2789633765980081, 0.42041286451960647, 0.2194647370423426, 0.8821211642616313, 0.5276006590701328, 0.12984589990373174, 0.406819123415894, 0.9950032778537791, 0.7895595550489056, 0.0462035379783704, 0.7994963262974332, 0.27917938036455225, 0.5592714710991312, 0.14565420759853231, 0.9743529957104172, 0.5145113135796918, 0.14491606587508055, 0.7283350280980847, 0.9691941437896076], [0.07355197724983087, 0.6052338180325845, 0.0131161172061105, 0.4066667400398344, 1.0, 0.6706074584052413, 0.8224911725916138, 0.32268090967761576, 0.048398881977730346, 0.9386653377782103, 0.1291888864780284, 0.7660032132529804, 0.6548934415008661, 0.9868183009440117, 0.8290651359284821, 0.7158448832984495, 0.8101865583513113, 0.8356309927531591, 0.794361687398516, 0.5644252954465189, 0.7604089520424171, 0.6072202958819162, 0.45061811103849236, 0.863483585625404, 0.370488474059824, 0.7707125753324467, 0.752836852167162, 0.3735081607569374, 0.8756886014629015, 0.39290992722919593, 0.9928950816695724, 0.2326588694208097, 0.8722854480150445, 0.7134257863447673, 0.5693307463106115], [0.42017490494579834, 0.5649813210112571, 0.2858652883005912, 0.8807376163462165, 0.6706074584052413, 1.0, 0.9702935432025069, 0.8905025569516439, 0.009663879106818318, 0.05909176693992846, 0.030853660001712968, 0.7601151096800477, 0.8004724627366461, 0.6450126553981301, 0.2466681302208471, 0.6095900803046873, 0.3767286096834702, 0.6290846336224906, 0.66290056330518, 0.169362642483609, 0.7097303077334599, 0.002971996181350245, 0.2372860428598974, 0.03383194942728451, 0.2580064467924542, 0.08130192605623243, 0.45221584992510055, 0.29067997341816965, 0.23041030987214262, 0.7132123239153275, 0.36345772867770054, 0.9610052411710911, 0.3281768146222094, 0.5737969900833448, 0.6571545829081474], [0.687332723373676, 0.2126556192200717, 0.6846540696672222, 0.6518984246255763, 0.8224911725916138, 0.9702935432025069, 1.0, 0.6268464498587231, 0.07378101279327076, 0.7974296272295083, 0.35326759846164224, 0.9172457752293326, 0.8102573523033042, 0.07287047520357037, 0.20246634708418831, 0.2713291928101602, 0.22746179211859174, 0.2987534700897352, 0.8820882609927518, 0.20530828336204332, 0.4984325027993258, 0.9621526226639254, 0.6053971425231712, 0.4745472009126913, 0.35282073199780317, 0.7630129471894375, 0.7985524509467595, 0.6815658397691295, 0.19208296995584995, 0.9858183888729481, 0.8361019559488425, 0.3997617627186648, 0.48858837692026325, 0.31432886437123375, 0.7311205645815485], [0.560259690697375, 0.3493939966575128, 0.565238948397869, 0.41615500804500716, 0.32268090967761576, 0.8905025569516439, 0.6268464498587231, 1.0, 0.8588335581418154, 0.32706039530239184, 0.9127526021841005, 0.34039863698112915, 0.9464043129085338, 0.8250913027617436, 0.6571938078561979, 0.8766646014809226, 0.1931470896329206, 0.46399388169036526, 0.05673679782872498, 0.5542121589428867, 0.32748082324711825, 0.10290215596276653, 0.5147525010392342, 0.5093210908680149, 0.47773828204267954, 0.09073698767404159, 0.25017154093330496, 0.0923789435991964, 0.7393949712587343, 0.5243476986115362, 0.6988118650479972, 0.8402030452250436, 0.16154770370628102, 0.392789339908291, 0.8948606164143837], [0.2842043156474102, 0.2648219465692099, 0.06833991709274168, 0.6234856166636373, 0.048398881977730346, 0.009663879106818318, 0.07378101279327076, 0.8588335581418154, 1.0, 0.3168642379277321, 0.10758977520528357, 0.9586106056976492, 0.32327739679977985, 0.8924368694579781, 0.8084703092586731, 0.8981450757878022, 0.7712117230899042, 0.31716972197250826, 0.36356429023534476, 0.5347010562727337, 0.4811433033685183, 0.3402121505769141, 0.645924450011907, 0.26342228263156764, 0.6588684862106997, 0.6020107770955156, 0.49857450421852445, 0.17051356462857503, 0.7776147518852843, 0.7225149122715376, 0.7928743796742016, 0.6607664227441237, 0.7418367296935705, 0.08500537333871883, 0.05028643091359941], [0.2669960978366047, 0.41153164577399104, 0.2391896631880982, 0.2793511515775806, 0.9386653377782103, 0.05909176693992846, 0.7974296272295083, 0.32706039530239184, 0.3168642379277321, 1.0, 0.02238862220979243, 0.9580644861344385, 0.49391386565880024, 0.8027846821650179, 0.46848730501285796, 0.7429180321064174, 0.22144463407922432, 0.7927381359467355, 0.8514101937252103, 0.09662697274393339, 0.04190697272338695, 0.39274260633615166, 0.7688865071956007, 0.6619737493637236, 0.5763570249911426, 0.05461587271097945, 0.22411794515751804, 0.20051515629651506, 0.3576057172446492, 0.23975639068335597, 0.24077652767358437, 0.40773668200129687, 0.6235201371798014, 0.6920959590099383, 0.8103221949992095], [0.5269955952684042, 0.35710075805826635, 0.9859234707384316, 0.061589114952385615, 0.1291888864780284, 0.030853660001712968, 0.35326759846164224, 0.9127526021841005, 0.10758977520528357, 0.02238862220979243, 1.0, 0.27204788185692963, 0.12569503743364463, 0.8240089444076317, 0.5961067175965016, 0.993011850088847, 0.7432172445365258, 0.3969010870133668, 0.38706587076237275, 0.309373646254559, 0.10742664068599939, 0.6499732403873505, 0.8011846675477363, 0.9359920376824233, 0.2926073397910387, 0.6601855224255226, 0.1968582258692072, 0.765569633791646, 0.6299844824912221, 0.8037626041429462, 0.761041613436474, 0.8813107103937202, 0.7929391837933646, 0.08472883304830414, 0.04615225878598772], [0.19429261127403052, 0.3616702177125358, 0.8335705190974058, 0.13539077670633648, 0.7660032132529804, 0.7601151096800477, 0.9172457752293326, 0.34039863698112915, 0.9586106056976492, 0.9580644861344385, 0.27204788185692963, 1.0, 0.1747292727685016, 0.40584480033859993, 0.2971353005189217, 0.13119845852072276, 0.5733476753148194, 0.37739676221086194, 0.00021796511914307093, 0.8948157770124036, 0.8657725702714346, 0.8990514020713541, 0.567413187814794, 0.12735475960228526, 0.06004761523105284, 0.7551752368788662, 0.6105611414167534, 0.03161041556461519, 0.15951620875379513, 0.7242307288130871, 0.06165839838694154, 0.2474063361087837, 0.7937606468894608, 0.18275362357245373, 0.7288820165730393], [0.9723891876217929, 0.029152803261160987, 0.789208313765759, 0.9665518963820627, 0.6548934415008661, 0.8004724627366461, 0.8102573523033042, 0.9464043129085338, 0.32327739679977985, 0.49391386565880024, 0.12569503743364463, 0.1747292727685016, 1.0, 0.3674125121507603, 0.8382715985263404, 0.944264283492683, 0.9433122438239663, 0.8383726729948414, 0.28733925258837867, 0.3029386564600255, 0.8906666563355398, 0.2548951991767836, 0.10748989780494178, 0.11565068162724845, 0.49861817987493395, 0.5290743050087211, 0.618790581163699, 0.09933082927053427, 0.30559995758289127, 0.4153167149769348, 0.7042966860172329, 0.505189715582636, 0.19030783819074404, 0.45279195364781033, 0.22477654905528632], [0.08924339785887014, 0.708792961210807, 0.41459551306128284, 0.7872262876726185, 0.9868183009440117, 0.6450126553981301, 0.07287047520357037, 0.8250913027617436, 0.8924368694579781, 0.8027846821650179, 0.8240089444076317, 0.40584480033859993, 0.3674125121507603, 1.0, 0.25276033226239014, 0.5553812235866981, 0.5121357164623946, 0.8162918780457812, 0.08333365322201558, 0.14741133419432106, 0.43747413133695257, 0.2635700020912889, 0.48425566154917044, 0.7774838516302834, 0.40405372509046034, 0.262658292104032, 0.03976139137093848, 0.40191406848567035, 0.19511018166464467, 0.3695694312611547, 0.1270017994627859, 0.27785321218212655, 0.538838165548402, 0.27669407562760395, 0.5454305367200029], [0.8115610441344533, 0.5769416439598044, 0.0443928433066505, 0.5842505974781307, 0.8290651359284821, 0.2466681302208471, 0.20246634708418831, 0.6571938078561979, 0.8084703092586731, 0.46848730501285796, 0.5961067175965016, 0.2971353005189217, 0.8382715985263404, 0.25276033226239014, 1.0, 0.49465534283156887, 0.16167036707173366, 0.6849531957559378, 0.6394595742868123, 0.10759101505229884, 0.2916815334478976, 0.19229252140356223, 0.46293919948878337, 0.6798008943088327, 0.9200833122072198, 0.8267014423192656, 0.15439859569068204, 0.4045067206939449, 0.8663393190406253, 0.678757769950336, 0.6613342504025314, 0.29817594404803716, 0.7095386222465863, 0.15147129026644968, 0.8053236289796324], [0.5397487215004731, 0.47420542326017046, 0.2810083381398295, 0.2732837151013413, 0.7158448832984495, 0.6095900803046873, 0.2713291928101602, 0.8766646014809226, 0.8981450757878022, 0.7429180321064174, 0.993011850088847, 0.13119845852072276, 0.944264283492683, 0.5553812235866981, 0.49465534283156887, 1.0, 0.380346843271655, 0.026556693849292712, 0.9401261515220156, 0.6269676959739512, 0.9065125530218158, 0.15965649121923164, 0.764793555081726, 0.6943123729864729, 0.3107500719472833, 0.8303658714470088, 0.864260242558442, 0.17557923355504024, 0.6803073364286737, 0.2768891910577169, 0.5513558577052664, 0.5958589675502479, 0.8584997546799317, 0.24868311512200036, 0.9317209252790469], [0.9756676164274137, 0.2542080881552504, 0.3662062949161978, 0.2789633765980081, 0.8101865583513113, 0.3767286096834702, 0.22746179211859174, 0.1931470896329206, 0.7712117230899042, 0.22144463407922432, 0.7432172445365258, 0.5733476753148194, 0.9433122438239663, 0.5121357164623946, 0.16167036707173366, 0.380346843271655, 1.0, 0.04185613316980197, 0.7756669531233368, 0.1413028010974018, 0.5272126399382299, 0.7330317418410308, 0.7381308716869709, 0.8759255654265149, 0.12107642584481582, 0.15090812658771446, 0.38575898780416407, 0.6770147788020354, 0.16839634284447913, 0.7524680280494801, 0.1261308592414463, 0.4795293897485069, 0.448267998395676, 0.3718027640622562, 0.7356611807810604], [0.5180620099832066, 0.6626545690778626, 0.5751748136261973, 0.42041286451960647, 0.8356309927531591, 0.6290846336224906, 0.2987534700897352, 0.46399388169036526, 0.31716972197250826, 0.7927381359467355, 0.3969010870133668, 0.37739676221086194, 0.8383726729948414, 0.8162918780457812, 0.6849531957559378, 0.026556693849292712, 0.04185613316980197, 1.0, 0.34269275844423985, 0.7916688529067342, 0.35561164366927234, 0.5529173617901855, 0.5278712623353872, 0.03895210650055758, 0.15649250049375185, 0.1715638260022585, 0.9632619158875633, 0.3706342913772621, 0.5566053803639424, 0.7075538085824593, 0.6112606449360094, 0.4685422040402166, 0.029373420525599436, 0.6887845774502795, 0.8709892135976456], [0.23891540542646983, 0.929351125149361, 0.9742484311400007, 0.2194647370423426, 0.794361687398516, 0.66290056330518, 0.8820882609927518, 0.05673679782872498, 0.36356429023534476, 0.8514101937252103, 0.38706587076237275, 0.00021796511914307093, 0.28733925258837867, 0.08333365322201558, 0.6394595742868123, 0.9401261515220156, 0.7756669531233368, 0.34269275844423985, 1.0, 0.5737249695133111, 0.39486739435981444, 0.372799636286099, 0.7259851702903417, 0.14711019566914219, 0.19523128532899825, 0.13201023134215406, 0.541575750322587, 0.6601842846861985, 0.7780893409703695, 0.9246717200930256, 0.9166212764308468, 0.3644622337294954, 0.334652310784998, 0.49771131421955594, 0.5815696672772523], [0.6152981487807988, 0.11737614605311186, 0.0708332219887815, 0.8821211642616313, 0.5644252954465189, 0.169362642483609, 0.20530828336204332, 0.5542121589428867, 0.5347010562727337, 0.09662697274393339, 0.309373646254559, 0.8948157770124036, 0.3029386564600255, 0.14741133419432106, 0.10759101505229884, 0.6269676959739512, 0.1413028010974018, 0.7916688529067342, 0.5737249695133111, 1.0, 0.39568568253256986, 0.2987402879546065, 0.5080340533204611, 0.05962292783566414, 0.3112163672921032, 0.34278891771532305, 0.9775603707801441, 0.7745832957785592, 0.6843682439934893, 0.1394361536397043, 0.1733808446782803, 0.9697566533186737, 0.07863515559454837, 0.7529070317118852, 0.0038907597995659904], [0.7820353139031648, 0.7917056952945888, 0.5682150336151996, 0.5276006590701328, 0.7604089520424171, 0.7097303077334599, 0.4984325027993258, 0.32748082324711825, 0.4811433033685183, 0.04190697272338695, 0.10742664068599939, 0.8657725702714346, 0.8906666563355398, 0.43747413133695257, 0.2916815334478976, 0.9065125530218158, 0.5272126399382299, 0.35561164366927234, 0.39486739435981444, 0.39568568253256986, 1.0, 0.11437055536863094, 0.5236964356838152, 0.07304964722379859, 0.19585784878105095, 0.7711912858319699, 0.6121642621723153, 0.8070473556035539, 0.6104749220455871, 0.27864197144463565, 0.5845609611539462, 0.5828075551948506, 0.8706487343985456, 0.37569706026451466, 0.049996490029635465], [0.7047204018655776, 0.9937283025435165, 0.9706873143678943, 0.12984589990373174, 0.6072202958819162, 0.002971996181350245, 0.9621526226639254, 0.10290215596276653, 0.3402121505769141, 0.39274260633615166, 0.6499732403873505, 0.8990514020713541, 0.2548951991767836, 0.2635700020912889, 0.19229252140356223, 0.15965649121923164, 0.7330317418410308, 0.5529173617901855, 0.372799636286099, 0.2987402879546065, 0.11437055536863094, 1.0, 0.5945148783940247, 0.8777309667604903, 0.19902053078001614, 0.36091940183798255, 0.8245645207704423, 0.757223836922588, 0.7103790389574686, 0.5819630219284926, 0.7387380765679322, 0.48511224779307016, 0.8053679457364135, 0.7458416703455919, 0.20321322423775512], [0.027000374521985115, 0.3267674955004224, 0.24970088909688914, 0.406819123415894, 0.45061811103849236, 0.2372860428598974, 0.6053971425231712, 0.5147525010392342, 0.645924450011907, 0.7688865071956007, 0.8011846675477363, 0.567413187814794, 0.10748989780494178, 0.48425566154917044, 0.46293919948878337, 0.764793555081726, 0.7381308716869709, 0.5278712623353872, 0.7259851702903417, 0.5080340533204611, 0.5236964356838152, 0.5945148783940247, 1.0, 0.24877267287343863, 0.02000403059249034, 0.28721349394265605, 0.30391625768735886, 0.8780719044237594, 0.5034570502038096, 0.7462127081601431, 0.4397208517587826, 0.9044950847020182, 0.7510657667018856, 0.30146500728576764, 0.9173424321402931], [0.53095929341556, 0.09816876925482132, 0.6169865335676119, 0.9950032778537791, 0.863483585625404, 0.03383194942728451, 0.4745472009126913, 0.5093210908680149, 0.26342228263156764, 0.6619737493637236, 0.9359920376824233, 0.12735475960228526, 0.11565068162724845, 0.7774838516302834, 0.6798008943088327, 0.6943123729864729, 0.8759255654265149, 0.03895210650055758, 0.14711019566914219, 0.05962292783566414, 0.07304964722379859, 0.8777309667604903, 0.24877267287343863, 1.0, 0.9787734936028125, 0.8545511002901994, 0.7517658551475788, 0.25309195784917204, 0.7146791184902449, 0.9167037596317026, 0.5428515338885124, 0.8906862447541294, 0.7423680682788976, 0.8717176286834286, 0.22759145791156943], [0.2681207051320048, 0.16531990855046141, 0.11014813340343865, 0.7895595550489056, 0.370488474059824, 0.2580064467924542, 0.35282073199780317, 0.47773828204267954, 0.6588684862106997, 0.5763570249911426, 0.2926073397910387, 0.06004761523105284, 0.49861817987493395, 0.40405372509046034, 0.9200833122072198, 0.3107500719472833, 0.12107642584481582, 0.15649250049375185, 0.19523128532899825, 0.3112163672921032, 0.19585784878105095, 0.19902053078001614, 0.02000403059249034, 0.9787734936028125, 1.0, 0.9307504493744533, 0.9064833807414362, 0.9067908948113431, 0.9952086174369684, 0.4013131843642723, 0.20821918119704907, 0.3461519551710611, 0.49499255793275776, 0.37527392807790694, 0.8606947783574846], [0.9720535023858298, 0.28557943818220655, 0.983751291304258, 0.0462035379783704, 0.7707125753324467, 0.08130192605623243, 0.7630129471894375, 0.09073698767404159, 0.6020107770955156, 0.05461587271097945, 0.6601855224255226, 0.7551752368788662, 0.5290743050087211, 0.262658292104032, 0.8267014423192656, 0.8303658714470088, 0.15090812658771446, 0.1715638260022585, 0.13201023134215406, 0.34278891771532305, 0.7711912858319699, 0.36091940183798255, 0.28721349394265605, 0.8545511002901994, 0.9307504493744533, 1.0, 0.9382442509786679, 0.18470015284962293, 0.44546872303295504, 0.3529548675701, 0.17287697407474378, 0.891023283543996, 0.8354859741568269, 0.987406247945332, 0.8053662693838287], [0.3881377168969862, 0.4523739508285327, 0.4047789254906725, 0.7994963262974332, 0.752836852167162, 0.45221584992510055, 0.7985524509467595, 0.25017154093330496, 0.49857450421852445, 0.22411794515751804, 0.1968582258692072, 0.6105611414167534, 0.618790581163699, 0.03976139137093848, 0.15439859569068204, 0.864260242558442, 0.38575898780416407, 0.9632619158875633, 0.541575750322587, 0.9775603707801441, 0.6121642621723153, 0.8245645207704423, 0.30391625768735886, 0.7517658551475788, 0.9064833807414362, 0.9382442509786679, 1.0, 0.8385757988547158, 0.5130735284132893, 0.7291573602963736, 0.2332855929164115, 0.128878493262097, 0.09404915543428072, 0.40720239849282536, 0.041041536315984395], [0.9267742689893398, 0.8987882165476051, 0.2105151320856855, 0.27917938036455225, 0.3735081607569374, 0.29067997341816965, 0.6815658397691295, 0.0923789435991964, 0.17051356462857503, 0.20051515629651506, 0.765569633791646, 0.03161041556461519, 0.09933082927053427, 0.40191406848567035, 0.4045067206939449, 0.17557923355504024, 0.6770147788020354, 0.3706342913772621, 0.6601842846861985, 0.7745832957785592, 0.8070473556035539, 0.757223836922588, 0.8780719044237594, 0.25309195784917204, 0.9067908948113431, 0.18470015284962293, 0.8385757988547158, 1.0, 0.7849648973706216, 0.8114657251890615, 0.00025437236911707295, 0.7835693616295687, 0.06203410740697968, 0.7662953404888608, 0.4591381260439312], [0.6376308034678115, 0.21490880728566641, 0.6905994107985386, 0.5592714710991312, 0.8756886014629015, 0.23041030987214262, 0.19208296995584995, 0.7393949712587343, 0.7776147518852843, 0.3576057172446492, 0.6299844824912221, 0.15951620875379513, 0.30559995758289127, 0.19511018166464467, 0.8663393190406253, 0.6803073364286737, 0.16839634284447913, 0.5566053803639424, 0.7780893409703695, 0.6843682439934893, 0.6104749220455871, 0.7103790389574686, 0.5034570502038096, 0.7146791184902449, 0.9952086174369684, 0.44546872303295504, 0.5130735284132893, 0.7849648973706216, 1.0, 0.5413331840994129, 0.42847705929869506, 0.19015063692475198, 0.37525593229525267, 0.266319654372389, 0.8327340905481326], [0.8532548800223181, 0.5898372654723192, 0.8523750345412762, 0.14565420759853231, 0.39290992722919593, 0.7132123239153275, 0.9858183888729481, 0.5243476986115362, 0.7225149122715376, 0.23975639068335597, 0.8037626041429462, 0.7242307288130871, 0.4153167149769348, 0.3695694312611547, 0.678757769950336, 0.2768891910577169, 0.7524680280494801, 0.7075538085824593, 0.9246717200930256, 0.1394361536397043, 0.27864197144463565, 0.5819630219284926, 0.7462127081601431, 0.9167037596317026, 0.4013131843642723, 0.3529548675701, 0.7291573602963736, 0.8114657251890615, 0.5413331840994129, 1.0, 0.8825191384273223, 0.9777789294045207, 0.07188104309421806, 0.7172228102449584, 0.9162628673078227], [0.9576328671385627, 0.5518152238468852, 0.32780805752631426, 0.9743529957104172, 0.9928950816695724, 0.36345772867770054, 0.8361019559488425, 0.6988118650479972, 0.7928743796742016, 0.24077652767358437, 0.761041613436474, 0.06165839838694154, 0.7042966860172329, 0.1270017994627859, 0.6613342504025314, 0.5513558577052664, 0.1261308592414463, 0.6112606449360094, 0.9166212764308468, 0.1733808446782803, 0.5845609611539462, 0.7387380765679322, 0.4397208517587826, 0.5428515338885124, 0.20821918119704907, 0.17287697407474378, 0.2332855929164115, 0.00025437236911707295, 0.42847705929869506, 0.8825191384273223, 1.0, 0.8345134241968674, 0.27305395374407904, 0.913839550743186, 0.6967794816765884], [0.2240519162671225, 0.12687547048638914, 0.251711454847668, 0.5145113135796918, 0.2326588694208097, 0.9610052411710911, 0.3997617627186648, 0.8402030452250436, 0.6607664227441237, 0.40773668200129687, 0.8813107103937202, 0.2474063361087837, 0.505189715582636, 0.27785321218212655, 0.29817594404803716, 0.5958589675502479, 0.4795293897485069, 0.4685422040402166, 0.3644622337294954, 0.9697566533186737, 0.5828075551948506, 0.48511224779307016, 0.9044950847020182, 0.8906862447541294, 0.3461519551710611, 0.891023283543996, 0.128878493262097, 0.7835693616295687, 0.19015063692475198, 0.9777789294045207, 0.8345134241968674, 1.0, 0.7026325941315136, 0.9420866185038623, 0.5787128251378543], [0.22726291216008876, 0.524618233373743, 0.985107687198168, 0.14491606587508055, 0.8722854480150445, 0.3281768146222094, 0.48858837692026325, 0.16154770370628102, 0.7418367296935705, 0.6235201371798014, 0.7929391837933646, 0.7937606468894608, 0.19030783819074404, 0.538838165548402, 0.7095386222465863, 0.8584997546799317, 0.448267998395676, 0.029373420525599436, 0.334652310784998, 0.07863515559454837, 0.8706487343985456, 0.8053679457364135, 0.7510657667018856, 0.7423680682788976, 0.49499255793275776, 0.8354859741568269, 0.09404915543428072, 0.06203410740697968, 0.37525593229525267, 0.07188104309421806, 0.27305395374407904, 0.7026325941315136, 1.0, 0.15784385405012014, 0.1984806796697166], [0.9993256503820785, 0.31654642231195373, 0.6517731816241956, 0.7283350280980847, 0.7134257863447673, 0.5737969900833448, 0.31432886437123375, 0.392789339908291, 0.08500537333871883, 0.6920959590099383, 0.08472883304830414, 0.18275362357245373, 0.45279195364781033, 0.27669407562760395, 0.15147129026644968, 0.24868311512200036, 0.3718027640622562, 0.6887845774502795, 0.49771131421955594, 0.7529070317118852, 0.37569706026451466, 0.7458416703455919, 0.30146500728576764, 0.8717176286834286, 0.37527392807790694, 0.987406247945332, 0.40720239849282536, 0.7662953404888608, 0.266319654372389, 0.7172228102449584, 0.913839550743186, 0.9420866185038623, 0.15784385405012014, 1.0, 0.4121086434679688], [0.4899515508522888, 0.8526824001727479, 0.2167917959420208, 0.9691941437896076, 0.5693307463106115, 0.6571545829081474, 0.7311205645815485, 0.8948606164143837, 0.05028643091359941, 0.8103221949992095, 0.04615225878598772, 0.7288820165730393, 0.22477654905528632, 0.5454305367200029, 0.8053236289796324, 0.9317209252790469, 0.7356611807810604, 0.8709892135976456, 0.5815696672772523, 0.0038907597995659904, 0.049996490029635465, 0.20321322423775512, 0.9173424321402931, 0.22759145791156943, 0.8606947783574846, 0.8053662693838287, 0.041041536315984395, 0.4591381260439312, 0.8327340905481326, 0.9162628673078227, 0.6967794816765884, 0.5787128251378543, 0.1984806796697166, 0.4121086434679688, 1.0]]