[[1.0,0.0011103095846950366,0.0019718976944092794,0.00108342181285732,0.005878293135763409,0.0017601109264041503,0.027761745477083644,2.878736232713911E-4,0.0010644494580142006,8.986097616103016E-4,0.02663215551663921,0.001167691866180334,5.448094832789594E-4,0.007934945706943815,0.001321196892898662,8.974022194134314E-4,4.0603111896500457E-4,0.002382505082122553,0.0011808387256313927,9.508560621422461E-4,7.490687521020449E-4,0.0188247437391271,0.0010676840551691552,9.569192742638226E-4,8.361820336939247E-4,6.86881658802824E-4,0.0010484283617026888,4.504071331111962E-4,3.1374188727042453E-4,3.2582594767549127E-4,0.0027050062987649002,3.776495510072595E-4,9.263026620588753E-4,6.063502969515437E-4,4.230841049627368E-4,2.647438056259911E-4,4.488110376082269E-4,0.008858992685425301,4.057772426759602E-4,7.712584192312614E-4,0.0023610785946247513,0.027431239065580138,0.015753410257446542,1.1538865004141643E-4,0.005980472777985897,2.5429343288311407E-4,0.0010564760675585143,6.524352793463986E-4,0.0011351056133150034,3.98958714152543E-4,0.012737734530563875,0.0011203152256475863],[0.0011103095846950366,1.0,0.0013732831991503983,3.596716227982496E-4,0.008915353286605402,0.0019527308682517747,0.016457153594723748,8.979189783573912E-4,0.0010684085709378147,1.912286962942352E-4,0.055845238050686107,0.0016506747777088428,6.473851159270102E-4,0.016827794008147746,0.0014176379126534869,3.775899216781126E-4,8.659418292830537E-4,0.005589061689111031,0.0011775641207753813,8.992215061220898E-4,3.0290641269958797E-4,0.005005648375771294,0.001112296155314987,9.480684207721348E-4,6.90328223485024E-4,5.201792260724843E-4,6.986146903732693E-4,5.351791643764248E-4,4.4227736344689544E-4,0.001063589424699693,0.006284295312348645,4.3872123890807593E-4,6.197276629805631E-4,2.3469511437837194E-4,6.321189229855827E-4,1.5099747850753328E-4,4.6596839302146345E-4,0.011217524741756996,4.2553259928208186E-5,7.666648739857087E-4,0.002230353880595037,0.025935246690524567,0.009245956797486203,1.6966061567226818E-4,0.0024024787319982246,4.871963967040473E-4,9.353400141732025E-4,8.748019981638251E-4,0.0011271776402641922,3.627825707644426E-4,0.01349215585779827,0.0011222056892744895],[0.0019718976944092794,0.0013732831991503983,1.0,0.0018248767468579997,0.005206596102548094,0.0022818882169247205,0.013489097305987498,8.861210453083592E-4,0.0018902333308203985,4.5586920480525454E-4,0.0308549310416373,0.0016819752190492746,0.0011318744170596905,0.016118657640860744,0.0018188676928379889,6.146756090026835E-4,0.0014809545610581644,0.009324704847279217,0.0016448539918354362,2.0136966849694195E-4,4.341631928155648E-5,0.006325378414292013,0.001993047843499436,0.0014466612009504012,5.31940149792441E-4,4.6069154486260257E-4,4.73921483809498E-4,8.775006243108263E-4,0.0012004652111581521,2.902753944849679E-4,0.006639239073783039,0.0013841159780630915,0.0017582692488728668,0.0018734168598076092,0.0020349497488393025,2.574554262135695E-4,0.001355899562443605,0.004988147623288206,0.001197866985454399,0.0018158884114744297,0.0029830934653149745,0.00660757547784091,0.01126954972958424,4.1253365968993243E-4,0.0037079055588581577,6.154914486429141E-4,0.0010054149244331794,9.089087952103458E-4,0.0014454360683703812,0.0020109040596945583,0.01418108432550515,0.0013555144282901195],[0.00108342181285732,3.596716227982496E-4,0.0018248767468579997,1.0,0.004690171975560223,8.95806685233294E-4,0.02460764714942543,1.303989610171967E-4,8.321036077266729E-4,9.422787179011192E-5,0.03669217627542684,0.0016088494500215418,1.3604698678052588E-4,0.020139210436890532,5.762853180377881E-4,1.2129527919512712E-4,2.6236839376285253E-4,0.006368851751362149,7.441235959017281E-4,1.1049209896639598E-4,1.1211933935775055E-4,0.025708323431211412,4.038406956517451E-4,7.040634641397154E-4,3.0512446012248024E-5,1.5534206702353938E-4,1.3126664638489887E-4,1.2228284701653507E-4,1.570514414540458E-4,1.4392715722948558E-4,0.013075564724601724,1.4156675753219337E-4,3.173119153698124E-4,7.457879002999222E-5,3.724764814912492E-5,1.2177953446085726E-4,1.8905903862099268E-4,0.009962070818104622,1.4544684421970665E-5,1.422318454700588E-4,0.0016551396250465975,0.003662850614644306,0.0017481688802547621,7.621795034842203E-5,0.004793178195827138,6.187959624907475E-5,1.8239722645153327E-4,1.9863174565763126E-5,3.3010631644113863E-4,7.332318311630378E-5,0.0046879849997931,0.0012157551912682976],[0.005878293135763409,0.008915353286605402,0.005206596102548094,0.004690171975560223,1.0,0.0025845660997845924,0.01944565887064951,0.00837369295319453,0.0019539548987082453,0.002011034874902105,0.0148723978720401,0.006315103061666177,0.002448666757267353,0.024472004808469255,0.007942092180457664,0.0010457398477127554,8.433204476315964E-4,0.010068124681561336,0.0029260019917903514,0.002970298471396132,0.008845410935905252,0.018908177164726134,0.005482728517844289,0.0021853961897500135,0.002671170858825161,0.002919036372978883,0.008071105136717237,0.00926117162689668,0.005868396410407011,0.0023484254700526707,0.014449024303670356,0.0014157326417573485,0.007495948281685752,0.00718502123640584,0.006206715835444289,0.0010580114335525294,0.0052685462863763756,0.010406592632356222,0.001579285760394108,0.009311154869523924,0.0064430410562838205,0.026248401577131056,0.015248938737969559,0.006996812163114028,0.008607799336628835,0.004240523155809279,0.006658130268777108,0.006307769320298863,0.001375949906174333,0.006521443118015889,0.013862936303788112,0.001457453467615261],[0.0017601109264041503,0.0019527308682517747,0.0022818882169247205,8.95806685233294E-4,0.0025845660997845924,1.0,0.012365641651210985,0.0021351023357633727,0.0021172173199644575,0.0011376499880767315,0.04751048683616559,0.0022069260509080396,7.661317869691214E-4,0.005650001778295024,0.001959944266728245,0.0020780483243517524,3.4562859766876664E-4,0.008341516726958646,0.002060853000748191,0.002334657373610969,0.0018437158526222255,0.015481754330273191,0.0020329270207073004,0.0018260693787986487,9.894642052931896E-4,7.623891361051875E-4,0.001459979841626218,0.0018673839582410096,5.634972812957867E-4,0.0011198567082830804,0.0101775438350151,3.2323407277167306E-4,5.978560159071912E-4,3.6035831554850537E-4,9.220263943260791E-4,8.351027114440778E-4,5.771222727637426E-4,0.011422036373269419,6.544059927785843E-5,7.219610892355445E-4,0.003861886640479856,0.03872269547596397,0.018492754099602052,0.002212069208892196,0.0037278368090351887,0.0010935063357862455,0.002226298098506576,0.0013422933515721018,0.002173014345616903,0.002205075358619477,0.014179435082605905,0.002285604003779107],[0.027761745477083644,0.016457153594723748,0.013489097305987498,0.02460764714942543,0.01944565887064951,0.012365641651210985,1.0,2.5720830484797286E-4,0.01204332614117438,0.022092412151371775,0.045360710563216375,0.01390615754690693,0.015062944635184082,0.02565177387490181,0.009221313016546653,0.012435554735964412,0.016922514433224744,0.016060461843577654,0.017129879020169395,0.012747621222010012,0.006540178508678355,0.027856389646566046,0.013986855389088991,0.015653813946526724,0.00985654450968035,0.02315694315335322,0.008342152047833623,0.0021269235674145673,0.024556589030170044,0.0029147761594882867,0.019888759023541785,0.002447011666279384,0.019038939217299756,0.006573588807467961,0.007120082771929315,0.019016315583073727,0.009186043349814996,0.016758061663797792,0.0033437835178184846,0.024183056102653356,0.017727352388519513,0.03550410884172765,0.026980855121027086,0.020858119342998978,0.028173953548698612,4.6590353791787413E-4,0.0014066698030145758,0.02923724378361492,0.012603210373446217,0.01402927821906613,0.015855033670738795,0.0057291571809204985],[2.878736232713911E-4,8.979189783573912E-4,8.861210453083592E-4,1.303989610171967E-4,0.00837369295319453,0.0021351023357633727,2.5720830484797286E-4,1.0,3.2974534991509966E-4,1.2349553551350262E-4,0.030315754791635792,0.0013527827178485869,1.46083412731827E-4,0.024823020605395412,0.0013182934774693222,1.225186449561711E-4,1.6100705819970337E-4,0.009119331889696334,2.9221391077024816E-4,4.9570877426183754E-5,4.375746278846734E-5,0.009330657227876562,9.671621824414498E-4,2.9909390765904694E-4,9.79271922475801E-5,1.485307835025028E-4,1.2740487084685436E-4,7.197019747550289E-5,1.8144239902245942E-4,1.5647798370150152E-4,0.008164464177568422,1.4465688355888283E-4,3.096823271375274E-4,7.436388075445572E-5,6.665890646566525E-5,1.1784318000760431E-4,1.7861144380454781E-4,0.0037764787030116955,7.798005056468903E-5,1.3508986909704308E-4,0.002399004034225105,0.032416042480566135,0.008640907615668427,9.891454557787608E-5,0.005968989816655906,8.639548436000131E-5,1.3909601508611577E-4,1.0274455927714488E-4,7.050415239750029E-4,8.272177583477008E-5,0.008986441040102586,0.001212426326291171],[0.0010644494580142006,0.0010684085709378147,0.0018902333308203985,8.321036077266729E-4,0.0019539548987082453,0.0021172173199644575,0.01204332614117438,3.2974534991509966E-4,1.0,4.2533107762657296E-4,0.05564507616893896,0.0016251248968226592,6.11450087045249E-4,0.005880064237960021,0.001477434650131907,3.060179796951032E-4,0.001018722800358602,0.004702521456883614,0.001070829103529241,7.941819979565533E-4,4.7567929024389284E-4,0.0016522599775067757,0.0010616988702587347,0.001015315924986207,8.515367692668113E-4,9.14813792211256E-4,3.5778690893375575E-4,1.2694030548116567E-4,3.96682680530957E-4,8.743129354098296E-4,0.013168809501220504,6.774973515541009E-4,9.066403940356331E-4,6.163109478209772E-4,7.728296610415536E-4,4.921789561598851E-4,8.039189648342633E-4,0.004611219623948331,5.939725314106492E-4,5.263842058145197E-4,0.0020509437556203124,0.008917180958401386,0.017944355092039427,8.65872339814276E-4,0.002775785888166557,7.662336133912475E-4,0.0010417972294486377,7.102936006319155E-4,0.0011098167676603372,2.5920887997675507E-4,0.0038543053379719704,0.0011367555234532284],[8.986097616103016E-4,1.912286962942352E-4,4.5586920480525454E-4,9.422787179011192E-5,0.002011034874902105,0.0011376499880767315,0.022092412151371775,1.2349553551350262E-4,4.2533107762657296E-4,1.0,0.06031629150118208,8.721938110681879E-4,7.897802232511619E-5,0.004188919113223622,8.183719183828956E-4,4.185300324755944E-5,6.397471332782395E-5,0.006573444069650667,1.6849575964209581E-4,2.8926022369615634E-5,3.108000815343618E-5,0.008360034094300169,5.839395526123223E-4,2.0078069258582993E-4,2.615688205279837E-5,1.33746528847229E-4,4.2306588556919636E-5,3.65456396753246E-5,5.83158259867542E-5,1.5194193129153255E-4,0.003556075479428789,9.577527116834717E-5,9.661442551316575E-5,4.9316085028930315E-5,1.633966854468329E-5,8.562793151165276E-5,5.390924531518096E-5,0.011235695938598543,3.7121672497145176E-5,1.420349237487043E-4,0.0017199974322123941,0.04531856007144927,0.012146680721187858,3.7373872672567906E-5,0.002532848014223752,3.5731311647145116E-5,2.489990642448562E-4,2.7454753569395878E-5,5.210262501259724E-4,3.720393895531667E-5,0.007104837399258825,8.737757472447687E-4],[0.02663215551663921,0.055845238050686107,0.0308549310416373,0.03669217627542684,0.0148723978720401,0.04751048683616559,0.045360710563216375,0.030315754791635792,0.05564507616893896,0.06031629150118208,1.0,0.02562025110277045,0.05574879755085254,0.06271465211156736,0.01994624301673163,0.025725560611216218,0.04531927252623164,0.05412596141699993,0.06110797987330974,0.04839226996425211,0.029717250618189618,0.0409898167353346,0.029179862642393445,0.00717933430430198,0.008106874997343314,0.05451866206816653,0.06650805224292076,0.04691277070545446,0.045121921537956196,0.04928454381972046,0.045566156451690584,0.0020020356074354328,0.010280903631840756,0.04441903325628344,0.06338842097301463,0.04313502171125287,0.04994314609503913,0.02286577977439761,0.06353807090139271,0.016900217730117028,0.022725018565914176,0.056068006520034706,0.060255103126057266,0.014516287443225735,0.050242864675626865,0.06264407575192255,0.013881285120179004,0.06012872476856629,0.020420395206142788,0.0037893234115416253,0.03259485874392651,0.015030800786096877],[0.001167691866180334,0.0016506747777088428,0.0016819752190492746,0.0016088494500215418,0.006315103061666177,0.0022069260509080396,0.01390615754690693,0.0013527827178485869,0.0016251248968226592,8.721938110681879E-4,0.02562025110277045,1.0,6.024947088639188E-4,0.008837354801070457,0.0016180338254354666,0.001353362075217215,8.451453999441783E-4,0.008238230075421236,0.0014404854119297228,0.0012028183704762645,7.057959849124615E-4,0.008587800294602295,0.0013219774838153977,0.001059575017718791,8.29379980323364E-4,9.211948440604396E-4,0.001382584398840299,0.0012252181076496105,0.0010534918819703621,7.682134640830823E-4,0.009080867754626024,0.001316512477493599,0.0016551752768745507,8.325104444046868E-4,3.209105899991093E-4,8.26590909719322E-4,6.090497745521756E-4,0.008573907838200246,7.252149727179226E-4,8.352797616440128E-4,0.004049637362709801,0.017830730089396306,0.0019882986945558233,0.0015937822978699108,0.005005171776733573,4.3393749798066844E-4,6.599416424827005E-4,9.519311176713462E-4,0.0012037783162680046,0.0012091569721058644,0.00701887258514406,0.0016201337696430558],[5.448094832789594E-4,6.473851159270102E-4,0.0011318744170596905,1.3604698678052588E-4,0.002448666757267353,7.661317869691214E-4,0.015062944635184082,1.46083412731827E-4,6.11450087045249E-4,7.897802232511619E-5,0.05574879755085254,6.024947088639188E-4,1.0,0.009285098323909315,0.0015534121922874454,1.485789251271389E-4,2.224571998931144E-4,0.001171212284614803,8.361183926323436E-4,1.0484034567339565E-4,9.594826239224543E-5,0.007939798112596468,1.9114591030047472E-4,5.644233834083164E-4,1.0322839461363785E-4,1.5110966946848257E-4,1.4942778632820211E-4,2.925232725017196E-5,1.5529956237447955E-4,1.7495379762436265E-4,0.0058884413534939905,1.5023411309714527E-4,3.245319531817306E-4,1.1799931850971239E-4,2.0871415423055856E-5,1.4907648140895916E-4,1.8761091858377705E-4,0.010062102260835301,7.989738462538903E-5,1.5538616737705376E-4,0.0039532769259534,0.025218394601649572,0.02087450147817493,1.065575772719257E-4,4.7639412478324493E-4,5.2776430983884226E-5,2.5830625506475315E-4,1.2728444960140173E-4,7.519474395947307E-4,8.755066934206051E-5,0.009455792108835362,2.5836410953359576E-4],[0.007934945706943815,0.016827794008147746,0.016118657640860744,0.020139210436890532,0.024472004808469255,0.005650001778295024,0.02565177387490181,0.024823020605395412,0.005880064237960021,0.004188919113223622,0.06271465211156736,0.008837354801070457,0.009285098323909315,1.0,0.004374306212067851,0.012563314571554166,0.0067759597792230045,0.012702089397970769,0.00602256886738936,0.013931775667171407,0.016669936026171787,0.026313889067038295,0.01370554686051631,0.0022178783680787077,0.021621682149030066,0.013132298758764042,0.01916384827290499,0.01684282046683102,0.024943077074925043,0.021311296737983956,0.02112884627097407,0.02340772345796542,0.014029256580523715,0.010598820086390874,0.009364120792875024,0.021467690095690113,0.009725383789010385,0.016283399838977523,0.004177697786645092,0.007513079379864273,0.0137456184023034,0.0258955968994609,0.023847309378814924,0.014333864895984656,0.020281947881940487,0.006634645248254488,0.010955942418931518,0.0183345238503716,0.015055869426073343,0.015131764017428277,0.017355283464846636,0.008637291933764448],[0.001321196892898662,0.0014176379126534869,0.0018188676928379889,5.762853180377881E-4,0.007942092180457664,0.001959944266728245,0.009221313016546653,0.0013182934774693222,0.001477434650131907,8.183719183828956E-4,0.01994624301673163,0.0016180338254354666,0.0015534121922874454,0.004374306212067851,1.0,2.400370530103E-4,7.277382672980514E-4,0.008841578105398722,0.0015160132102295528,4.6245574515121175E-4,1.634785068791387E-4,0.006219444949292383,0.0011152483299965968,0.0013044014754188904,0.0010535329358993168,8.488421571143919E-4,3.130093407663377E-4,6.179130726536959E-4,6.973107809553207E-4,0.001188941724039871,0.007336386223623466,3.263851378134037E-4,0.001409516495474893,2.4092575299380795E-4,0.001464701405225762,0.001225089858077776,2.786131841929173E-4,0.003748997243977469,8.187182339457758E-4,0.0015077743432353314,0.0027595783452260443,0.023703419768532394,0.016577412508501786,7.543446669601773E-4,0.004309287906662243,0.0014867639762779453,0.0015936062931239696,0.0015226569321267246,0.0014326192514608983,8.402186810617872E-4,0.013156205180444148,0.0015848766386720049],[8.974022194134314E-4,3.775899216781126E-4,6.146756090026835E-4,1.2129527919512712E-4,0.0010457398477127554,0.0020780483243517524,0.012435554735964412,1.225186449561711E-4,3.060179796951032E-4,4.185300324755944E-5,0.025725560611216218,0.001353362075217215,1.485789251271389E-4,0.012563314571554166,2.400370530103E-4,1.0,2.876512966685081E-4,0.005729530763089792,4.475932941414966E-4,1.0378899887765624E-4,8.091877631536328E-5,0.021368121611217986,8.872025160781168E-4,7.779122100272851E-4,8.157169118544306E-5,1.4423299200648553E-4,1.2425002883656466E-4,4.562744554569658E-5,1.4728688395219513E-4,1.6284497348125276E-4,8.813907054801909E-4,1.2063913685683463E-4,1.7330254786147544E-4,5.700792420625753E-5,1.1145227694770781E-4,1.1711828923611166E-4,1.630114743673655E-4,0.008623035790808909,3.9424107254351594E-5,1.4979348744483792E-4,0.0010232063716668364,0.026111961670028334,0.0010962534984512511,5.600953515220002E-5,0.0035807802864148376,6.696738947920007E-5,2.469066222142852E-4,7.947394272117019E-5,0.001001582907087386,8.937274281714023E-5,0.010963812533999038,1.677950415733409E-4],[4.0603111896500457E-4,8.659418292830537E-4,0.0014809545610581644,2.6236839376285253E-4,8.433204476315964E-4,3.4562859766876664E-4,0.016922514433224744,1.6100705819970337E-4,0.001018722800358602,6.397471332782395E-5,0.04531927252623164,8.451453999441783E-4,2.224571998931144E-4,0.0067759597792230045,7.277382672980514E-4,2.876512966685081E-4,1.0,0.002430754385963709,8.845932683107298E-4,1.0626202165062717E-4,1.4181696625475387E-4,0.022717735510186646,8.861157010250189E-4,8.20401815645584E-4,2.940165644093337E-4,2.32813868916094E-4,2.7936040568077736E-4,7.470921707735652E-5,2.923039878838506E-4,2.989633590043501E-4,0.015048940733338617,1.5938524392653767E-4,3.2076100889945645E-4,7.113896019163865E-5,1.5361977753208827E-4,2.9114264265892514E-4,2.5150093135145477E-4,0.002706554366931002,1.3949827668270333E-4,2.4563980320753E-4,0.0011963892207498272,0.016743506425955148,0.020286323281123463,1.0322563238781022E-4,0.005908471699518444,1.901014883050602E-4,2.8166346122795397E-4,2.348252751566629E-5,5.189478298824937E-4,4.649141162034722E-5,0.006278884760020029,0.0011162782456806642],[0.002382505082122553,0.005589061689111031,0.009324704847279217,0.006368851751362149,0.010068124681561336,0.008341516726958646,0.016060461843577654,0.009119331889696334,0.004702521456883614,0.006573444069650667,0.05412596141699993,0.008238230075421236,0.001171212284614803,0.012702089397970769,0.008841578105398722,0.005729530763089792,0.002430754385963709,1.0,0.0035730480511606847,0.004614810869898741,0.003653748156069278,0.015778407676517364,0.005932169683744036,0.002948068096179223,0.0064165741504215905,0.005624539238909585,0.0073267496377067845,0.0013584417095595651,0.007211562176002357,0.009153345551704313,0.014520650179266556,7.635864023759315E-4,0.009913227682046478,0.005233135859196329,0.008719095766993736,0.0058320668174131444,0.0015846461339234545,0.011426410535559248,0.01039382418131443,0.00979108634736279,0.005149459744151703,0.041725956826217186,0.015241154350129921,0.006948734018010651,0.008404227533938284,7.552360407095139E-4,0.004035930864436311,2.6494382154775307E-4,0.0052587405652438565,0.001272011843174586,0.011944615913939628,0.009777848571063633],[0.0011808387256313927,0.0011775641207753813,0.0016448539918354362,7.441235959017281E-4,0.0029260019917903514,0.002060853000748191,0.017129879020169395,2.9221391077024816E-4,0.001070829103529241,1.6849575964209581E-4,0.06110797987330974,0.0014404854119297228,8.361183926323436E-4,0.00602256886738936,0.0015160132102295528,4.475932941414966E-4,8.845932683107298E-4,0.0035730480511606847,1.0,9.260013522342413E-4,7.99804006116667E-4,0.0035738005478960777,0.0011218365958572817,0.0011812329266461593,3.12844021852288E-4,7.154736669431274E-4,2.1120859345708667E-4,3.8033346457027467E-4,6.698517343934575E-4,4.526796445205543E-4,0.009894092142396048,3.9753538138003917E-4,5.945342612370895E-4,0.0010094269684461769,7.424266190785295E-4,6.906328657296459E-4,0.0011527498505677677,0.011079338415298682,9.004123006729796E-4,0.0010801427959539543,0.0026709886470060017,0.043539538593317,0.021392493635238194,6.062855020155547E-4,0.006236600812703461,3.712690813715478E-4,8.288836287914127E-4,4.6423920460276694E-4,0.0011633776187025288,2.4554909914374125E-4,0.0037255157572895167,0.001218761060512563],[9.508560621422461E-4,8.992215061220898E-4,2.0136966849694195E-4,1.1049209896639598E-4,0.002970298471396132,0.002334657373610969,0.012747621222010012,4.9570877426183754E-5,7.941819979565533E-4,2.8926022369615634E-5,0.04839226996425211,0.0012028183704762645,1.0484034567339565E-4,0.013931775667171407,4.6245574515121175E-4,1.0378899887765624E-4,1.0626202165062717E-4,0.004614810869898741,9.260013522342413E-4,1.0,2.5350320347277428E-5,0.00963120077424955,4.322401287077419E-4,5.135668517066336E-4,2.1454877918174662E-5,4.4798594965677135E-5,7.870968253212028E-5,2.0121657484192046E-5,1.5713937835729188E-4,1.4105305604163908E-4,0.0012089743186553474,1.1304683494059185E-4,3.0684851172026233E-4,2.4347756607673448E-5,1.7333463791518115E-5,1.0919175897472488E-4,2.2171681429040133E-4,0.008676332087302355,1.543884794660046E-5,6.093505921945534E-5,0.0016775705417886896,0.01497889054412503,0.008982012850052786,3.2660623911787566E-5,0.006456169871895861,2.236572982430014E-5,2.338331397395652E-4,1.8861355156845164E-5,1.7431596828238106E-4,2.1884927270632585E-5,0.004593892739371667,2.332836276396388E-4],[7.490687521020449E-4,3.0290641269958797E-4,4.341631928155648E-5,1.1211933935775055E-4,0.008845410935905252,0.0018437158526222255,0.006540178508678355,4.375746278846734E-5,4.7567929024389284E-4,3.108000815343618E-5,0.029717250618189618,7.057959849124615E-4,9.594826239224543E-5,0.016669936026171787,1.634785068791387E-4,8.091877631536328E-5,1.4181696625475387E-4,0.003653748156069278,7.99804006116667E-4,2.5350320347277428E-5,1.0,0.02657347468758392,5.729295947466705E-4,8.13985159042307E-4,2.4830151347554038E-5,1.7467817279654232E-4,6.201738748298358E-5,2.5680572372346034E-5,4.4701202948147814E-5,1.2536993505361989E-4,0.005686878771967689,4.362647461523205E-5,2.260040796220649E-4,5.036387530569346E-5,1.3345470559148174E-5,4.1393416333242636E-5,1.1484553329222427E-4,0.0027348207885671888,2.070418845815577E-5,4.138205172298655E-5,6.738688536974105E-4,0.02126973233100786,0.010825602158046078,3.461697700954048E-5,0.002373289765756382,2.842813856427951E-5,9.281143224373712E-5,2.933276065030969E-5,4.02658904530722E-4,3.69781486868123E-5,0.008683368545391952,6.744635727160474E-4],[0.0188247437391271,0.005005648375771294,0.006325378414292013,0.025708323431211412,0.018908177164726134,0.015481754330273191,0.027856389646566046,0.009330657227876562,0.0016522599775067757,0.008360034094300169,0.0409898167353346,0.008587800294602295,0.007939798112596468,0.026313889067038295,0.006219444949292383,0.021368121611217986,0.022717735510186646,0.015778407676517364,0.0035738005478960777,0.00963120077424955,0.02657347468758392,1.0,0.025377925477822798,0.02581910198548877,0.019036572684600444,0.002271019719607409,0.002547620177755093,0.015333665712039469,0.009738928202935673,0.0025334644346345545,0.02147484064796009,0.02644227905641359,0.01994158529345914,0.0070565122227756755,0.02185371008799594,0.01962713278327706,0.00827327656431765,0.025037572388655106,0.009356349496876819,0.0030038034228082097,0.007175445381968621,0.04173829667800291,0.023429201444540502,0.012260066907328728,0.009152739493572,0.016867917317923798,0.0016385882504321148,0.02015917460136886,0.015394934606387209,0.019696381563432695,0.023743189308332274,0.0018442816131791833],[0.0010676840551691552,0.001112296155314987,0.001993047843499436,4.038406956517451E-4,0.005482728517844289,0.0020329270207073004,0.013986855389088991,9.671621824414498E-4,0.0010616988702587347,5.839395526123223E-4,0.029179862642393445,0.0013219774838153977,1.9114591030047472E-4,0.01370554686051631,0.0011152483299965968,8.872025160781168E-4,8.861157010250189E-4,0.005932169683744036,0.0011218365958572817,4.322401287077419E-4,5.729295947466705E-4,0.025377925477822798,1.0,0.0010079513091119712,4.5752654088044924E-4,4.215896957123245E-4,4.321214443353519E-4,2.5829854472798766E-4,2.3354790595674486E-4,9.1899593086113E-4,0.004649593621312165,9.674871968914141E-4,4.0938204406487514E-4,7.486796396507473E-4,1.8308019046174554E-4,0.0010582033380829373,8.332118860699339E-4,0.0011838537166202207,1.8641470842143947E-4,6.085351972007838E-4,0.0016082249753117546,0.024098445898353815,0.00937372715719782,0.0010345227707935492,0.004908036402264798,1.5694716013417377E-4,6.220111784921933E-4,3.171969761321366E-4,0.0010905303171592582,0.0010117813580195023,0.002460184887233022,0.0011025668914906252],[9.569192742638226E-4,9.480684207721348E-4,0.0014466612009504012,7.040634641397154E-4,0.0021853961897500135,0.0018260693787986487,0.015653813946526724,2.9909390765904694E-4,0.001015315924986207,2.0078069258582993E-4,0.00717933430430198,0.001059575017718791,5.644233834083164E-4,0.0022178783680787077,0.0013044014754188904,7.779122100272851E-4,8.20401815645584E-4,0.002948068096179223,0.0011812329266461593,5.135668517066336E-4,8.13985159042307E-4,0.02581910198548877,0.0010079513091119712,1.0,6.73738354658104E-4,8.35995162639187E-4,8.577270018887966E-4,6.929976475904146E-4,4.447677710305766E-4,3.556481606168553E-4,0.011280625631097678,6.642886858752831E-4,8.190957699728672E-4,5.584573557474392E-4,9.14363438403039E-4,1.2493223981815138E-4,3.3177662191167926E-4,0.011212731415980988,7.91055117359524E-4,4.652625876459885E-4,0.002347406934465285,0.005867396483846949,0.018501623086018344,5.224459617793149E-4,0.003276430359471254,8.262642290457955E-5,6.416623420464462E-4,6.457669616358845E-4,0.0010489125710760963,6.902558010986994E-4,0.010660551731483572,9.433425317427289E-4],[8.361820336939247E-4,6.90328223485024E-4,5.31940149792441E-4,3.0512446012248024E-5,0.002671170858825161,9.894642052931896E-4,0.00985654450968035,9.79271922475801E-5,8.515367692668113E-4,2.615688205279837E-5,0.008106874997343314,8.29379980323364E-4,1.0322839461363785E-4,0.021621682149030066,0.0010535329358993168,8.157169118544306E-5,2.940165644093337E-4,0.0064165741504215905,3.12844021852288E-4,2.1454877918174662E-5,2.4830151347554038E-5,0.019036572684600444,4.5752654088044924E-4,6.73738354658104E-4,1.0,4.3415948362560524E-5,1.0620727035316444E-4,1.883812260008516E-5,4.651485503012849E-5,1.196152324479721E-4,0.002449490550062896,1.2920987989440287E-4,8.344320829817508E-5,3.073272439243019E-5,1.624432973786104E-5,4.089503516995234E-5,1.6982374020679006E-4,0.007573601045078822,1.7680001686722465E-5,6.909163389393961E-5,0.0018307992326587566,0.03390644447434704,4.4862417894489726E-4,3.321402630936865E-5,0.003910390498500146,2.4368882774768047E-5,1.843917813442856E-4,2.1741859451831674E-5,7.195547387450033E-4,2.4004758855458434E-5,0.012633191539544963,7.677216026388685E-4],[6.86881658802824E-4,5.201792260724843E-4,4.6069154486260257E-4,1.5534206702353938E-4,0.002919036372978883,7.623891361051875E-4,0.02315694315335322,1.485307835025028E-4,9.14813792211256E-4,1.33746528847229E-4,0.05451866206816653,9.211948440604396E-4,1.5110966946848257E-4,0.013132298758764042,8.488421571143919E-4,1.4423299200648553E-4,2.32813868916094E-4,0.005624539238909585,7.154736669431274E-4,4.4798594965677135E-5,1.7467817279654232E-4,0.002271019719607409,4.215896957123245E-4,8.35995162639187E-4,4.3415948362560524E-5,1.0,1.5470343079367234E-4,5.8757165086412294E-5,1.9263364606209892E-4,2.2564099666341373E-4,0.009926518122973042,1.5713224583859507E-4,1.8340442378101274E-4,7.947134966955777E-5,1.0346830437170179E-4,1.486264295022629E-4,2.233009084489131E-4,0.005224201570837553,1.089931396037333E-4,1.6802142455457425E-4,0.002748297866211327,0.019070647666326192,0.00414988870820642,9.482624157110679E-5,0.006532587721761439,1.117536602762413E-4,1.961182908208042E-4,8.824352212932043E-5,3.5352276566394587E-4,1.1001033847686515E-4,0.0011624320271530944,5.370467627689818E-4],[0.0010484283617026888,6.986146903732693E-4,4.73921483809498E-4,1.3126664638489887E-4,0.008071105136717237,0.001459979841626218,0.008342152047833623,1.2740487084685436E-4,3.5778690893375575E-4,4.2306588556919636E-5,0.06650805224292076,0.001382584398840299,1.4942778632820211E-4,0.01916384827290499,3.130093407663377E-4,1.2425002883656466E-4,2.7936040568077736E-4,0.0073267496377067845,2.1120859345708667E-4,7.870968253212028E-5,6.201738748298358E-5,0.002547620177755093,4.321214443353519E-4,8.577270018887966E-4,1.0620727035316444E-4,1.5470343079367234E-4,1.0,1.1157248133150349E-4,1.6852191678858074E-4,1.5644027102828324E-4,0.004885767567246075,1.3605771940400143E-4,1.8642182615412247E-4,7.86495172807919E-5,2.671485346035588E-5,1.2314559040906174E-4,1.3348937310765508E-4,0.011230991176378347,1.2906359741991582E-4,1.3207291649505016E-4,0.0021008752330025954,0.007801785202080522,0.014348324642805041,5.93558034536268E-5,0.0023149040312933993,6.630076192226051E-5,1.5605452727928984E-4,5.71003856643739E-5,1.8974474367141928E-4,5.765499093837478E-5,0.006457480466713927,8.18493101518771E-4],[4.504071331111962E-4,5.351791643764248E-4,8.775006243108263E-4,1.2228284701653507E-4,0.00926117162689668,0.0018673839582410096,0.0021269235674145673,7.197019747550289E-5,1.2694030548116567E-4,3.65456396753246E-5,0.04691277070545446,0.0012252181076496105,2.925232725017196E-5,0.01684282046683102,6.179130726536959E-4,4.562744554569658E-5,7.470921707735652E-5,0.0013584417095595651,3.8033346457027467E-4,2.0121657484192046E-5,2.5680572372346034E-5,0.015333665712039469,2.5829854472798766E-4,6.929976475904146E-4,1.883812260008516E-5,5.8757165086412294E-5,1.1157248133150349E-4,1.0,2.2801174067779034E-5,7.166984491749173E-5,1.997838550401708E-4,9.127056581480174E-5,1.4367388920821553E-4,1.91374773564064E-5,1.341529866919881E-5,6.049310246642596E-5,6.346479545473022E-5,0.006893788021893656,1.3299969941665808E-5,1.3795272621664237E-4,0.001727641619254321,0.03712891070722844,0.01252506210719751,2.3244401896540376E-5,0.0036643829384149025,2.3348979179475936E-5,8.791603806719029E-5,1.606637436862702E-5,8.845463592515154E-5,2.4835005476075338E-5,0.006437129439072193,8.76004174961369E-5],[3.1374188727042453E-4,4.4227736344689544E-4,0.0012004652111581521,1.570514414540458E-4,0.005868396410407011,5.634972812957867E-4,0.024556589030170044,1.8144239902245942E-4,3.96682680530957E-4,5.83158259867542E-5,0.045121921537956196,0.0010534918819703621,1.5529956237447955E-4,0.024943077074925043,6.973107809553207E-4,1.4728688395219513E-4,2.923039878838506E-4,0.007211562176002357,6.698517343934575E-4,1.5713937835729188E-4,4.4701202948147814E-5,0.009738928202935673,2.3354790595674486E-4,4.447677710305766E-4,4.651485503012849E-5,1.9263364606209892E-4,1.6852191678858074E-4,2.2801174067779034E-5,1.0,2.167528056626781E-4,0.004813230107515422,1.7610531344975112E-4,2.8475789635762534E-4,9.747767679747419E-5,7.977788920022768E-5,1.5702004983868769E-4,2.0621700297936217E-4,0.01082321079211132,1.430775839423769E-4,1.580813082593127E-4,0.002907118749728665,0.029065096685159438,0.002823198360315676,5.667376045192476E-5,0.0027158951234061107,5.898923429561769E-5,2.1281815573356283E-4,1.6145532309113294E-4,7.957379497623128E-4,4.94014269459452E-5,0.012174578114097888,2.5404179952047813E-4],[3.2582594767549127E-4,0.001063589424699693,2.902753944849679E-4,1.4392715722948558E-4,0.0023484254700526707,0.0011198567082830804,0.0029147761594882867,1.5647798370150152E-4,8.743129354098296E-4,1.5194193129153255E-4,0.04928454381972046,7.682134640830823E-4,1.7495379762436265E-4,0.021311296737983956,0.001188941724039871,1.6284497348125276E-4,2.989633590043501E-4,0.009153345551704313,4.526796445205543E-4,1.4105305604163908E-4,1.2536993505361989E-4,0.0025334644346345545,9.1899593086113E-4,3.556481606168553E-4,1.196152324479721E-4,2.2564099666341373E-4,1.5644027102828324E-4,7.166984491749173E-5,2.167528056626781E-4,1.0,0.011202324145156555,1.871562661568193E-4,3.607069433764798E-4,8.398773257937663E-5,1.7071878330499093E-4,2.2989757407870982E-4,2.489666904374082E-4,0.006533364087980853,1.5962084976169012E-4,1.6352534245304043E-4,0.003906364270695874,0.037355602939539025,0.013921443555367459,2.124072062488382E-4,0.0070356498882379725,4.413433533224097E-5,2.5796679170237465E-4,2.448319899362685E-4,3.6068479474824595E-4,2.070589473712279E-4,0.0055208524327615485,9.156859691745857E-4],[0.0027050062987649002,0.006284295312348645,0.006639239073783039,0.013075564724601724,0.014449024303670356,0.0101775438350151,0.019888759023541785,0.008164464177568422,0.013168809501220504,0.003556075479428789,0.045566156451690584,0.009080867754626024,0.0058884413534939905,0.02112884627097407,0.007336386223623466,8.813907054801909E-4,0.015048940733338617,0.014520650179266556,0.009894092142396048,0.0012089743186553474,0.005686878771967689,0.02147484064796009,0.004649593621312165,0.011280625631097678,0.002449490550062896,0.009926518122973042,0.004885767567246075,1.997838550401708E-4,0.004813230107515422,0.011202324145156555,1.0,1.6151443730294448E-4,0.011183899560356562,0.015216893873284692,3.2217038008190533E-4,2.857344108561416E-4,0.007843946643425909,0.013038718269545767,0.0010496251235239849,0.014256128599994635,0.008189615400899351,0.04512686606150876,0.01985741819322872,0.008961706429693928,0.013261364674259654,0.01186256542697727,0.014683514357294859,0.005628953266733225,0.002806832129405304,0.011738115276022669,0.015270088703222147,0.014883199140618301],[3.776495510072595E-4,4.3872123890807593E-4,0.0013841159780630915,1.4156675753219337E-4,0.0014157326417573485,3.2323407277167306E-4,0.002447011666279384,1.4465688355888283E-4,6.774973515541009E-4,9.577527116834717E-5,0.0020020356074354328,0.001316512477493599,1.5023411309714527E-4,0.02340772345796542,3.263851378134037E-4,1.2063913685683463E-4,1.5938524392653767E-4,7.635864023759315E-4,3.9753538138003917E-4,1.1304683494059185E-4,4.362647461523205E-5,0.02644227905641359,9.674871968914141E-4,6.642886858752831E-4,1.2920987989440287E-4,1.5713224583859507E-4,1.3605771940400143E-4,9.127056581480174E-5,1.7610531344975112E-4,1.871562661568193E-4,1.6151443730294448E-4,1.0,3.2548611872491347E-4,1.4193666993223247E-4,1.1381971773506779E-4,1.2126734186555568E-4,2.1873502435839305E-4,0.00566295351676181,1.1968263057620384E-4,1.5484744374267678E-4,3.133157260880279E-4,0.02928070269865226,0.0014739546994218327,9.137317633070205E-5,0.003049587626595259,6.163265095595519E-5,1.5417310624874146E-4,1.296627132387658E-4,8.939358253377532E-4,6.12924423722643E-5,0.005966840605606526,6.519814723353827E-4],[9.263026620588753E-4,6.197276629805631E-4,0.0017582692488728668,3.173119153698124E-4,0.007495948281685752,5.978560159071912E-4,0.019038939217299756,3.096823271375274E-4,9.066403940356331E-4,9.661442551316575E-5,0.010280903631840756,0.0016551752768745507,3.245319531817306E-4,0.014029256580523715,0.001409516495474893,1.7330254786147544E-4,3.2076100889945645E-4,0.009913227682046478,5.945342612370895E-4,3.0684851172026233E-4,2.260040796220649E-4,0.01994158529345914,4.0938204406487514E-4,8.190957699728672E-4,8.344320829817508E-5,1.8340442378101274E-4,1.8642182615412247E-4,1.4367388920821553E-4,2.8475789635762534E-4,3.607069433764798E-4,0.011183899560356562,3.2548611872491347E-4,1.0,1.4350192226216392E-4,2.488214005502004E-4,2.1298072495602556E-4,3.354778417253773E-4,0.003992127780179068,3.3546128884393906E-4,3.1546938517385036E-4,0.0019318033465092997,0.024120259898485277,0.01111702313673242,7.410245575603658E-5,0.0012518770745965396,2.3286382943835197E-4,2.8499099591870893E-4,3.1466799245250454E-5,0.001017093307526868,3.07464141036735E-4,0.012748929151358666,0.001230841315476667],[6.063502969515437E-4,2.3469511437837194E-4,0.0018734168598076092,7.457879002999222E-5,0.00718502123640584,3.6035831554850537E-4,0.006573588807467961,7.436388075445572E-5,6.163109478209772E-4,4.9316085028930315E-5,0.04441903325628344,8.325104444046868E-4,1.1799931850971239E-4,0.010598820086390874,2.4092575299380795E-4,5.700792420625753E-5,7.113896019163865E-5,0.005233135859196329,0.0010094269684461769,2.4347756607673448E-5,5.036387530569346E-5,0.0070565122227756755,7.486796396507473E-4,5.584573557474392E-4,3.073272439243019E-5,7.947134966955777E-5,7.86495172807919E-5,1.91374773564064E-5,9.747767679747419E-5,8.398773257937663E-5,0.015216893873284692,1.4193666993223247E-4,1.4350192226216392E-4,1.0,1.72575520339651E-5,8.187187489282403E-5,8.482355096487153E-5,0.01152088905046717,2.846779538519916E-5,1.364295998203608E-4,0.0029556124115442646,0.0018123077853265607,0.010260836284808861,4.603332599617847E-5,0.005210889661431884,4.5759206329014373E-5,1.5012978434625416E-4,3.401786108156721E-5,3.347330187985084E-4,4.9340058595010746E-5,0.009823596186037242,0.001086640405824466],[4.230841049627368E-4,6.321189229855827E-4,0.0020349497488393025,3.724764814912492E-5,0.006206715835444289,9.220263943260791E-4,0.007120082771929315,6.665890646566525E-5,7.728296610415536E-4,1.633966854468329E-5,0.06338842097301463,3.209105899991093E-4,2.0871415423055856E-5,0.009364120792875024,0.001464701405225762,1.1145227694770781E-4,1.5361977753208827E-4,0.008719095766993736,7.424266190785295E-4,1.7333463791518115E-5,1.3345470559148174E-5,0.02185371008799594,1.8308019046174554E-4,9.14363438403039E-4,1.624432973786104E-5,1.0346830437170179E-4,2.671485346035588E-5,1.341529866919881E-5,7.977788920022768E-5,1.7071878330499093E-4,3.2217038008190533E-4,1.1381971773506779E-4,2.488214005502004E-4,1.72575520339651E-5,1.0,8.133095977268472E-5,1.7668936525133276E-4,0.010420752269486255,1.1668740876861712E-5,5.982421971713196E-5,9.795528866935908E-4,0.041757367545933136,0.015119899718648775,3.448649770977725E-5,0.0019815302535565304,2.3595501998661783E-5,2.3674039185342722E-4,1.4675823118975448E-5,1.5170605175208747E-4,3.13783263229265E-5,0.00308011894233768,9.602853001813359E-4],[2.647438056259911E-4,1.5099747850753328E-4,2.574554262135695E-4,1.2177953446085726E-4,0.0010580114335525294,8.351027114440778E-4,0.019016315583073727,1.1784318000760431E-4,4.921789561598851E-4,8.562793151165276E-5,0.04313502171125287,8.26590909719322E-4,1.4907648140895916E-4,0.021467690095690113,0.001225089858077776,1.1711828923611166E-4,2.9114264265892514E-4,0.0058320668174131444,6.906328657296459E-4,1.0919175897472488E-4,4.1393416333242636E-5,0.01962713278327706,0.0010582033380829373,1.2493223981815138E-4,4.089503516995234E-5,1.486264295022629E-4,1.2314559040906174E-4,6.049310246642596E-5,1.5702004983868769E-4,2.2989757407870982E-4,2.857344108561416E-4,1.2126734186555568E-4,2.1298072495602556E-4,8.187187489282403E-5,8.133095977268472E-5,1.0,2.3784171108583326E-4,0.0012170014302573852,9.804858958027849E-5,1.4091593458657992E-4,0.0037931287092506163,0.03788477365937817,0.010785976262472156,8.861504911366518E-5,0.0014665934207465899,5.955249224998985E-5,2.1772046767165387E-4,1.945515608417375E-5,6.84774960772497E-4,8.620033298412426E-5,0.008937819506960128,0.0010445233181305344],[4.488110376082269E-4,4.6596839302146345E-4,0.001355899562443605,1.8905903862099268E-4,0.0052685462863763756,5.771222727637426E-4,0.009186043349814996,1.7861144380454781E-4,8.039189648342633E-4,5.390924531518096E-5,0.04994314609503913,6.090497745521756E-4,1.8761091858377705E-4,0.009725383789010385,2.786131841929173E-4,1.630114743673655E-4,2.5150093135145477E-4,0.0015846461339234545,0.0011527498505677677,2.2171681429040133E-4,1.1484553329222427E-4,0.00827327656431765,8.332118860699339E-4,3.3177662191167926E-4,1.6982374020679006E-4,2.233009084489131E-4,1.3348937310765508E-4,6.346479545473022E-5,2.0621700297936217E-4,2.489666904374082E-4,0.007843946643425909,2.1873502435839305E-4,3.354778417253773E-4,8.482355096487153E-5,1.7668936525133276E-4,2.3784171108583326E-4,1.0,0.00927410760580265,5.254612312483897E-5,1.6619210516167595E-4,0.0026430772