[[1.0,0.002089330417738536,0.009543782864296793,0.0018976671857287276,7.805658859241022E-5,1.7486122534796924E-4,5.670818106460081E-4,6.021064956889785E-5,6.405897395959843E-5,0.0018311252541128326,8.974893061728318E-5,1.658538947427209E-4,1.0158396391078532E-4,0.0030496348430507844,1.3276286127403592E-4,1.5687112441109053E-4,2.67130470775937E-4,1.9200824641065365E-4,1.2188362196692081E-4,5.847007014818756E-4,9.613004093693028E-5,1.335440912165815E-4,2.1025637657070767E-4,5.456831629242687E-4,2.0302941886439507E-4,1.2864971988880839E-5,0.01021835624911397,1.2153085614830355E-4,0.0013699855512531096,1.5464667692028443E-4,2.74586916750939E-4,1.2702900384487182E-4,0.0073448127575944785,4.444089094671331E-5,4.0303572642143846E-4,0.003505971130601435,1.356234638227156E-4,1.9900480838649627E-4,1.5451097155592448E-4,9.139963878071795E-5,1.1626592313144959E-4,1.1305639611395389E-4,0.001899394422461052,2.866414282686562E-4,1.3949190595589472E-4,1.9538722161274217E-4,1.5842689368434742E-4,2.0682623739850672E-5,0.006307141617190573,9.18778639969452E-5,0.001019018808062586,0.0031960908082966414,1.0608752822893102E-4,1.1192668182569447E-4,1.7544462090525828E-4,1.1088062848665952E-4,3.019386150299887E-4,0.0031682281302771995],[0.002089330417738536,1.0,0.007554203152961747,0.008524676260545972,8.667645356119101E-4,3.5733258523746605E-4,0.001789684863309723,0.00130988812462855,0.00125030409288813,0.007804847453617408,2.0840040985834482E-4,0.0013767010346370139,3.9254766443543363E-4,0.005728380475210593,5.457359139680099E-4,0.0015704526940054366,0.0017126304375721414,9.431127572591454E-4,5.959729495881496E-4,0.001620171334689761,0.0013492461931450068,0.00172483641010699,4.3643406169321974E-4,0.0017802864048904517,0.001121720335015031,2.926109993957718E-5,0.006277457602023938,3.037290457845712E-4,0.0017591946821935796,0.002121068679590779,0.0014763448287850613,0.0013644205644669505,0.019677267187422194,0.0018421249722538789,0.002133776490932705,0.009132103923000855,2.4274227093729802E-4,0.0014427152216532437,0.001434692114054987,0.0016831265404493425,0.0016030817749656248,0.002069319361383975,0.002097272138326751,7.900389121634307E-4,9.440870355937759E-4,0.0019903976612862455,0.0011211844963663127,0.0017003542797130531,0.009457155045601955,0.0017619764569336614,0.001852921387245048,0.0024230964126571706,0.0016176340683997006,8.452445176647566E-4,6.869409178758345E-4,9.321671206677258E-4,0.0019048149452321635,0.003646889433967755],[0.009543782864296793,0.007554203152961747,1.0,0.031509830291800926,0.0013529221728837532,0.014502628740001805,0.007912932340858407,0.007403857601140558,0.010200380089412656,0.015010190542399358,0.007469760431281348,0.008247209452779711,0.002447156710863777,0.015554353995656795,0.008032886812705553,7.235235375956134E-4,0.011304418723028562,0.014909279126808382,0.014338685655777004,0.013789338040357894,0.0029970336753257845,0.006417068070702822,0.007160863954267084,0.013670955626816295,0.01438059024551663,0.002841062189481031,0.013557832256876451,0.01532438774131956,0.012262526472614825,0.00651585222272652,0.005477950049890718,0.014231291350673273,0.022735198704691366,0.009853752462638114,0.005639481940375776,0.017892633101245847,0.004484246694974537,0.00975868755394373,0.006151902052965502,0.012390086954017688,0.012410123173426924,0.0038183961646278525,0.00445242220036565,0.00897550713338469,0.003375570439967847,0.0022575432974912164,0.013494271267994705,0.015039333750435842,0.015513654149122463,0.0011207512780094628,0.011886869864074858,0.010121473138185347,0.01403699411643446,4.4970940211680704E-4,0.015459296172026248,0.014107187158778319,0.007017326389461112,0.009149546056835652],[0.0018976671857287276,0.008524676260545972,0.031509830291800926,1.0,0.013989287004847849,0.04292893779848562,0.039951769624095135,0.042303786948194734,0.03273358180861797,0.018553137927325433,0.007237360584296071,0.03280398121730548,0.025592353897369354,0.022940218586519293,0.04300034935867527,0.008618895929844293,0.01647591399302532,0.014843335274356918,0.018682903961055878,0.040506147699925346,0.002298566698548782,0.008627426239479326,0.03235425420913005,0.044307387285250355,0.03832186085095482,0.005460693051136972,0.027034912610613672,0.011257759064700886,0.0407038574288773,0.021901241658054026,0.025487589169815094,0.02634679776949293,0.03907097203955441,0.02032396011842539,0.02690810666023132,0.04378172644574903,0.026096206016258696,0.014440092472403854,0.035612342052295305,0.026833125074342143,0.04543405663457781,0.04064197534292563,0.044318164061920594,0.002153805999921309,0.0042594194082283075,0.011426673538853295,0.03468171872191392,0.0024733776203991966,0.01921565458577138,0.04502679409725734,0.042327316459587296,0.030502568300851223,7.332248179946148E-4,0.011741229327594237,0.006714089693488181,0.03715873566701345,0.018904562861627762,0.021771681887610538],[7.805658859241022E-5,8.667645356119101E-4,0.0013529221728837532,0.013989287004847849,1.0,1.8091733911980052E-4,8.692313568328262E-4,1.4989670737150498E-5,2.0063054297563117E-5,0.00677487253872948,2.753759383939474E-5,2.9086457692686637E-5,1.3979157538914505E-5,0.01321498721012605,1.2218826529321076E-4,1.5347574864175515E-4,2.959993452025157E-4,4.422909808229823E-5,7.160658678157935E-5,0.0014150168533518246,8.814063787574511E-5,3.403363012334686E-5,2.2739645264429302E-4,0.0012998698656219122,8.956718108179206E-4,1.2724658119563607E-5,0.007505742121190817,3.1105998890920405E-5,2.83246202907223E-4,0.0012042952240368782,1.7346555125313413E-4,6.359191594328257E-5,0.014774633590267223,3.782084353526932E-5,0.0017017285609974553,0.011578751488247357,1.5676311297355204E-4,2.1449820856393569E-4,1.1386212586570584E-4,1.4319016791339933E-5,1.2687160838924867E-4,2.6611127303996636E-5,1.6610239618251017E-4,1.4606894909540422E-4,1.8206907214945485E-4,1.208689502656856E-4,9.570170447145205E-5,1.3551266159663051E-5,0.0070221240827672456,3.6490412683225176E-5,0.0010629514444781814,0.0030636026517806532,1.4373804201126063E-5,5.216112095462633E-5,3.2459271358516775E-4,1.3707306845141495E-5,1.6208433883106295E-4,0.003219724836518274],[1.7486122534796924E-4,3.5733258523746605E-4,0.014502628740001805,0.04292893779848562,1.8091733911980052E-4,1.0,2.793598415521049E-4,3.54679660411336E-5,8.76093476472511E-5,0.0018775832298490794,1.7992753983391357E-4,1.8365936242733166E-4,1.52734622973775E-4,0.013707056876703124,1.5973437040655252E-4,1.7724977078703523E-4,1.9493313216940145E-4,1.8958974816266858E-4,1.6283945691547558E-4,3.9407016847096E-4,1.0197848983415111E-4,1.816498321000876E-4,2.003671917634342E-4,0.0012514195210924658,2.9199817753884215E-4,1.0285466235758432E-4,0.010064427127970097,1.7150636096457383E-4,8.056259898511988E-4,0.001460010275993673,6.210884074756686E-4,1.5991492186004965E-4,0.015060632725319732,7.877190544548524E-5,3.0874313641389656E-4,0.02204267167494163,1.6560233945837495E-4,2.2320477569832414E-4,1.829278877855402E-4,6.275075319503052E-5,1.7197291081450156E-4,1.4661965431609687E-4,0.0019412625988839563,2.1879463409965187E-4,1.8653613747379632E-4,4.7886163871714235E-4,1.86217436466696E-4,2.9464070009287756E-5,0.009818152828934673,1.0600201829029241E-4,0.0011426639794353058,0.002580774755992487,1.7297538948378124E-4,1.25669884047982E-4,3.7624267777071677E-4,1.6164868516309984E-5,2.8923635241310207E-4,0.0022347226638405747],[5.670818106460081E-4,0.001789684863309723,0.007912932340858407,0.039951769624095135,8.692313568328262E-4,2.793598415521049E-4,1.0,7.272325328839788E-4,5.814890441413327E-4,0.0016974992357374368,5.246148961432192E-4,6.793446455466102E-4,9.579836374675784E-4,0.011649742283510603,3.7819085146718586E-4,6.239961383478515E-4,5.896797534667778E-4,8.159519292072553E-4,4.3816957286850103E-4,0.0014782093112322803,9.072930999317573E-4,7.72394213892708E-4,8.59072085193288E-4,0.0011059881786806382,0.0010199371168524444,5.81886449234593E-4,0.004071151193735285,4.5569393175968456E-4,0.0014122245640331116,0.0017361424105132878,7.826938728995738E-4,4.0208464253849835E-4,0.022148448680839213,5.690018185778007E-4,0.0020685903420654263,0.013921705381219236,4.243121147822844E-4,7.393970664270123E-4,1.9035086427759228E-4,5.36555142831489E-4,5.740515165648403E-4,0.0010098290172388645,0.0012565708212769252,4.342909190215054E-4,6.705020667111966E-4,6.947870727404394E-4,7.73421818980755E-4,2.030356836356378E-4,0.004400283180151739,2.2936761257449448E-4,0.0014732541741480126,0.001625649923412758,3.1117259901855125E-4,9.582462070076701E-4,5.309407939529925E-4,8.606135204460402E-4,8.178290605880263E-4,0.0035705448339193404],[6.021064956889785E-5,0.00130988812462855,0.007403857601140558,0.042303786948194734,1.4989670737150498E-5,3.54679660411336E-5,7.272325328839788E-4,1.0,3.34418542105778E-5,0.005255261213619996,2.1374746184069614E-5,4.5687981693241026E-5,1.5582673794254675E-5,0.005123292353093433,1.4458765926822975E-4,1.4939825661243315E-4,9.822910901077725E-5,5.5860810064534356E-5,8.851045517783351E-5,0.0012888769621300453,7.817370353876444E-5,1.454300708798793E-4,7.775257097239844E-5,2.3147717682604578E-4,7.71906403052771E-4,1.3614610990500046E-5,0.0014764325541414584,1.2478507788585123E-4,7.457083176327752E-4,0.001156960428576611,3.137960482768741E-4,7.819935062456346E-5,0.008565366067144644,1.909746668828198E-5,6.629114373565303E-4,0.02237909067914873,1.5259308922983356E-4,3.8139717027428E-5,1.1767348160565863E-4,1.652747871136028E-5,4.673784997553639E-5,7.336119840818301E-5,0.0014422790998334857,2.2675493690003026E-4,1.7190621980439077E-4,4.44951622732811E-4,8.921763112268899E-5,1.442321449005583E-5,0.0117093573243092,3.757494402796237E-5,1.8625819101137557E-4,0.0010541342924042286,1.6441680639077804E-5,2.2920323626417925E-5,3.0348988677332084E-4,1.2403393578461066E-5,1.3614460346151084E-4,0.001011700644483653],[6.405897395959843E-5,0.00125030409288813,0.010200380089412656,0.03273358180861797,2.0063054297563117E-5,8.76093476472511E-5,5.814890441413327E-4,3.34418542105778E-5,1.0,0.012220956962207619,4.0201158664785165E-5,7.332465942572525E-5,1.4840214001439941E-5,0.005141150768716269,8.037259769206012E-5,9.69921890418565E-5,3.87727652613973E-4,1.7950066868597256E-4,5.924942151624531E-5,4.719652400229242E-4,4.852879790535517E-5,8.208263690870686E-5,1.64580673388653E-4,2.3693430041328567E-4,9.856297141066163E-4,1.9154938208899764E-5,5.985358149535596E-4,5.379383329385181E-5,6.337130969578286E-4,0.001149901366620311,5.09814836984964E-4,4.442092018360786E-5,0.023609200928937205,4.3369714060011814E-5,1.0892689751006798E-4,0.002526643306240707,1.1490785752544574E-4,4.775722737241301E-5,8.017340575285276E-5,2.011140946595522E-5,4.4932623131886866E-5,1.0166893983519978E-4,0.0020444040910141833,2.4155601972825053E-4,1.3219655954741768E-4,1.134068300043749E-4,1.953039384517071E-4,3.8378758557594834E-5,0.009557429559977078,4.326362184705081E-5,0.0012082824765024583,0.0011264407897319652,1.6100316858594635E-5,6.675514240748181E-5,3.1081322928632713E-4,2.0885714159094445E-5,1.577610323294645E-4,0.0031010058920480726],[0.0018311252541128326,0.007804847453617408,0.015010190542399358,0.018553137927325433,0.00677487253872948,0.0018775832298490794,0.0016974992357374368,0.005255261213619996,0.012220956962207619,1.0,0.009929229446433568,0.009869210461868665,0.006198843572616516,0.01348961633395799,0.005143019607480489,0.011252295841922626,0.002250620288533364,0.011386967170398332,0.0032875121399291267,0.0019194551234475758,0.005489219937975919,8.493943857038062E-4,0.0012683452011340796,0.00587216025654444,0.0049787456145968315,0.006427041212573329,0.01260311646111473,0.005599325016511511,0.005308229908042171,0.011148329770536494,0.002895148559877896,0.010066033056220048,0.014159052449795078,0.007796549875186357,0.002290261032425888,0.017145103370358305,0.007988900216677435,0.008330017040719005,0.00895211692304861,0.005184660237288231,0.011810261277799352,4.489786669846166E-4,0.009279462235730798,0.009377895396824577,0.0021455577368286105,0.01042643690360645,0.002795050473767427,0.0025348242662696406,0.013007700184950618,0.008773909075428448,0.012509428836048409,0.008356480267403644,0.010713173383767382,0.003822759632797147,0.01289669820889999,0.008360940595067397,8.572062849092992E-4,0.009837513589645342],[8.974893061728318E-5,2.0840040985834482E-4,0.007469760431281348,0.007237360584296071,2.753759383939474E-5,1.7992753983391357E-4,5.246148961432192E-4,2.1374746184069614E-5,4.0201158664785165E-5,0.009929229446433568,1.0,6.641701496582097E-5,2.609344166472401E-5,0.012790950204806403,5.245781041100894E-5,1.5768917146416733E-4,2.939168086122363E-4,1.6780906450457406E-4,4.5719201658853374E-5,5.733228775011955E-4,4.070101447752866E-5,5.581335273995982E-5,2.15373981694272E-4,9.032917768534203E-4,8.417772084614437E-4,2.568852786320358E-5,7.491031893210547E-4,5.123734356169549E-5,2.4260833753625871E-4,0.0015534680706943793,5.020458258659597E-4,1.1166093757924083E-4,0.0033551474818747174,3.868288193998703E-5,0.0015085810605132272,0.013400531173857083,8.269052456558065E-5,1.1167299040778784E-4,1.188332214515294E-4,3.0387778918648398E-5,1.0710628928012586E-4,7.634924903868312E-5,7.709896330304805E-4,1.479165813298688E-4,4.351069245979611E-4,1.0215508608508496E-4,1.2843555455894367E-4,1.8520281674947133E-5,0.007891592138399506,3.759355802103152E-5,0.0011775957691955196,0.002031857577618594,2.4991702583450946E-5,7.616833322115036E-5,7.099796335336878E-5,3.1082166805837804E-5,2.933247244715207E-4,0.0038372670406948963],[1.658538947427209E-4,0.0013767010346370139,0.008247209452779711,0.03280398121730548,2.9086457692686637E-5,1.8365936242733166E-4,6.793446455466102E-4,4.5687981693241026E-5,7.332465942572525E-5,0.009869210461868665,6.641701496582097E-5,1.0,1.4177560467857657E-4,0.009549946003446438,1.6060341909190134E-4,1.73850137636401E-4,3.4421916361067274E-4,2.330718724998064E-4,1.6276815213390764E-4,0.0014543107796389718,1.7353695724886737E-4,1.75139288490311E-4,2.0359101859987837E-4,2.9736720415818264E-4,7.472595159265827E-4,1.4969373867736882E-4,0.010973068925149765,1.432093113071278E-4,7.83364805516517E-4,6.12123602123009E-4,6.525874737253611E-4,1.7140385458778401E-4,0.018450594804046542,1.6463373366506497E-4,9.715094947846282E-4,0.005383412398569814,1.6583745147533022E-4,2.0643260732693727E-4,1.7127629890605065E-4,1.1967835618364558E-4,1.5007768218727632E-4,1.615089265144631E-4,6.297451843237548E-4,2.979430260752452E-4,4.0518802486852023E-4,2.2310890114232308E-4,1.7959879195564787E-4,1.722939153512585E-4,0.006668111285997562,1.350703177520635E-4,0.0013783642957106278,0.001401405081107229,1.9121532938525832E-5,1.5484745163635828E-4,3.422494251612131E-4,3.392099964035122E-5,1.975157849359017E-4,9.284778152070259E-4],[1.0158396391078532E-4,3.9254766443543363E-4,0.002447156710863777,0.025592353897369354,1.3979157538914505E-5,1.52734622973775E-4,9.579836374675784E-4,1.5582673794254675E-5,1.4840214001439941E-5,0.006198843572616516,2.609344166472401E-5,1.4177560467857657E-4,1.0,0.002595856028937546,9.465476818548363E-5,8.860102640683787E-5,1.9322032959139223E-4,3.257159559807248E-5,1.03646248270684E-4,5.115808967259318E-4,7.185760067378384E-5,7.992352069823323E-5,1.7563987000881798E-4,0.0010775190377345918,5.065132085025378E-4,1.287528061206918E-5,0.010521044380087092,1.0571670987906845E-4,6.449964834338893E-4,0.00173784246131961,6.657534146978374E-4,1.1636685485997243E-4,0.003942608656070504,1.3095809429319903E-5,0.001313548548398042,3.239492424493844E-4,1.4701149455089474E-4,8.020379095056307E-5,8.703757468843618E-5,1.3125578748350888E-5,4.5401763032355E-5,3.7459222477121986E-5,5.61574002364728E-4,2.0505641237776365E-4,3.015196465410804E-4,1.466452219901365E-5,8.519945855340629E-5,1.2764875273530442E-5,0.008992562459272532,1.720445832768937E-5,0.0010533729913381488,3.779341172612675E-4,1.4191480574369001E-5,6.885417828365759E-5,2.0197817565387798E-4,1.274591707907317E-5,8.065395983688679E-5,0.003281968568337034],[0.0030496348430507844,0.005728380475210593,0.015554353995656795,0.022940218586519293,0.01321498721012605,0.013707056876703124,0.011649742283510603,0.005123292353093433,0.005141150768716269,0.01348961633395799,0.012790950204806403,0.009549946003446438,0.002595856028937546,1.0,0.00492587754720123,0.007364461401807546,0.007597347010673489,0.00626264097407244,0.003695459038729124,0.008048820417274187,0.01280162128548011,0.008437144589517115,0.007893530973200535,0.007685855188625742,0.0021937113061526476,0.011621191957681519,0.012281745846832127,0.0049019465317138985,0.003300279749447967,0.014428492499878785,8.466323530484736E-4,0.007225986591145095,0.015131462816711289,0.005903490272976731,0.014096935304237272,0.016433060451555816,0.010067180829613205,0.007461756095764074,0.008329577941625409,0.009586943275940212,0.011082739127789142,0.004855738855616658,0.01306169581042885,0.01330029561210902,0.008108664001271738,0.0027782637053511113,0.0038705538624602557,0.003968013942737433,0.014277415761423407,0.006119533989438793,0.00543704774818571,0.008005901057357379,0.009665215165905868,0.004056104534504646,0.0020215663489282954,0.009282304283803439,0.005753348565606727,0.009065393198728122],[1.3276286127403592E-4,5.457359139680099E-4,0.008032886812705553,0.04300034935867527,1.2218826529321076E-4,1.5973437040655252E-4,3.7819085146718586E-4,1.4458765926822975E-4,8.037259769206012E-5,0.005143019607480489,5.245781041100894E-5,1.6060341909190134E-4,9.465476818548363E-5,0.00492587754720123,1.0,1.6183657176680076E-4,1.6642929075422064E-4,2.0410867138553697E-4,1.5815088347862443E-4,0.001300132137115015,1.035492209414753E-4,1.6286475004790256E-4,2.1731863235432836E-4,2.271696198278789E-4,4.8172219271485635E-4,1.1230070856930264E-4,0.007317136655711216,1.4400830400381541E-4,5.427968541325546E-4,0.001561329194163373,2.783628447796288E-4,1.4124644343617982E-4,0.02489285904896254,4.7066992724247715E-5,3.413089866154776E-4,0.002450857836241183,1.5989910442190937E-4,2.3024298945737736E-4,1.6593123696177582E-4,1.2918323217544185E-4,1.5801389001197073E-4,1.3576813217948793E-4,0.0011129604342877506,2.8026733981106227E-4,1.735445636678734E-4,4.0796234378735757E-4,1.7451157548006098E-4,1.2665485652925965E-4,0.012386038234011318,1.2273585716486026E-4,0.0016276095795815645,0.002373430553111865,9.932825903390246E-5,1.4652040183909946E-4,3.816644155833364E-4,1.3870344511997387E-4,1.8354050132431926E-4,0.0020695413401297024],[1.5687112441109053E-4,0.0015704526940054366,7.235235375956134E-4,0.008618895929844293,1.5347574864175515E-4,1.7724977078703523E-4,6.239961383478515E-4,1.4939825661243315E-4,9.69921890418565E-5,0.011252295841922626,1.5768917146416733E-4,1.73850137636401E-4,8.860102640683787E-5,0.007364461401807546,1.6183657176680076E-4,1.0,1.7919764161049008E-4,2.2427694344737126E-4,1.6439417545197668E-4,3.342324713515809E-4,1.3112287637716055E-4,1.7051701232384433E-4,2.142519643396692E-4,4.4295008077455827E-4,7.376215062889763E-4,1.36093938482218E-4,0.0026293591841399164,1.6525284482001444E-4,6.223097858523367E-4,0.0014325271754260804,3.542281696604396E-4,1.442292993333466E-4,0.011272189596123102,1.5910203160181068E-4,0.0017633186444191349,0.005237280940675209,1.6566151455705086E-4,2.0670502175213358E-4,1.7298656140777828E-4,7.26753196909785E-5,1.458183135462448E-4,1.5500737877208133E-4,0.0017429246243555459,2.3300977327004213E-4,2.421868721891568E-4,5.271294329723003E-4,1.9094100078754478E-4,6.329388007846353E-5,0.009107894085695513,4.7949989472934954E-5,0.0011333729048579975,0.0021593309037916406,1.7155853988562553E-4,1.1424718382334362E-4,2.605744945787787E-4,4.713005700371208E-5,2.95118363727589E-4,0.0023359433360422],[2.67130470775937E-4,0.0017126304375721414,0.011304418723028562,0.01647591399302532,2.959993452025157E-4,1.9493313216940145E-4,5.896797534667778E-4,9.822910901077725E-5,3.87727652613973E-4,0.002250620288533364,2.939168086122363E-4,3.4421916361067274E-4,1.9322032959139223E-4,0.007597347010673489,1.6642929075422064E-4,1.7919764161049008E-4,1.0,3.7984941491051125E-4,2.648563070014525E-4,0.0014732717227327894,3.5273330254317187E-4,3.8169002593968753E-4,2.899633985227151E-4,0.0011318473737025486,8.436231661945262E-4,1.5424157030449862E-4,0.01035843831871602,1.6775515127701049E-4,5.801772534854807E-4,4.735262905630255E-4,5.401108413379927E-4,3.407478201469195E-4,0.0034878481784759324,9.54882072123845E-5,7.047486299929615E-4,0.013219690704956938,2.807779006619377E-4,3.8453846688315033E-4,1.9282916063550367E-4,2.888083695148442E-4,2.835198698797911E-4,1.1579553087317414E-4,0.0014010344602943554,3.5527440704352843E-4,4.113802114857233E-4,4.986824569976254E-4,3.0653565695173767E-4,1.3012671648684454E-4,0.0034409843330071577,1.793474924165038E-4,5.180786339594574E-4,0.002291737400759239,9.280414555862596E-5,3.7847591105332954E-4,4.0202978896712246E-4,2.3340088908863966E-4,3.7041735326673103E-4,0.003062285314525768],[1.9200824641065365E-4,9.431127572591454E-4,0.014909279126808382,0.014843335274356918,4.422909808229823E-5,1.8958974816266858E-4,8.159519292072553E-4,5.5860810064534356E-5,1.7950066868597256E-4,0.011386967170398332,1.6780906450457406E-4,2.330718724998064E-4,3.257159559807248E-5,0.00626264097407244,2.0410867138553697E-4,2.2427694344737126E-4,3.7984941491051125E-4,1.0,1.7212156364705824E-4,0.0010841434229454951,1.3912329697406833E-4,1.934674914030702E-4,2.295670571459391E-4,7.082625904854731E-4,6.570703784605054E-4,5.764292432749068E-5,0.009978313485458804,2.399575326347417E-4,0.0014402365758988613,0.0017526587278921123,2.8805296128736325E-4,1.498386542015355E-4,0.0029594013970202834,9.744697791239825E-5,8.228910376844496E-4,0.011885545418399356,1.753007361940281E-4,2.451661037482877E-4,1.774581967119639E-4,1.8312610229424193E-4,1.904677299171224E-4,1.318888367077339E-4,0.0019528801491679342,2.8396836544465945E-4,3.798478140295472E-4,3.270623164434469E-4,2.2216680762622324E-4,5.166189421081674E-5,0.010707445852785085,2.1522017586776885E-4,9.009194177039105E-4,0.0018442864179110431,2.3975376830405261E-4,2.3458033715482751E-4,3.512916783953951E-4,8.918626700897711E-5,2.9257229661222865E-4,0.0019735647588157855],[1.2188362196692081E-4,5.959729495881496E-4,0.014338685655777004,0.018682903961055878,7.160658678157935E-5,1.6283945691547558E-4,4.3816957286850103E-4,8.851045517783351E-5,5.924942151624531E-5,0.0032875121399291267,4.5719201658853374E-5,1.6276815213390764E-4,1.03646248270684E-4,0.003695459038729124,1.5815088347862443E-4,1.6439417545197668E-4,2.648563070014525E-4,1.7212156364705824E-4,1.0,6.569125525953914E-4,1.3636172846486202E-4,1.6316359430065667E-4,2.142145330815809E-4,8.101254316563562E-4,2.49250179962653E-4,9.964835493329263E-5,0.006944658560484454,1.5069876041355114E-4,2.642836690935314E-4,0.002043393696576537,3.456052069286276E-4,1.5486402094038343E-4,0.02006849860984363,8.994845596540753E-5,6.46448091139185E-4,0.023120952709946723,1.602506141691941E-4,2.0647533466431847E-4,1.6405925965843474E-4,9.954704037534199E-5,1.4243409078458963E-4,1.3650019526672785E-4,7.636713224708507E-4,3.1223483801215483E-4,3.929323848428574E-4,2.998475577251481E-4,1.573042638957898E-4,1.1651688278016358E-4,0.01019762296144074,7.119323674416127E-5,0.0016430794183038173,0.002281678900178178,1.320283740386924E-4,1.4718413574717123E-4,2.780596095365933E-4,1.304266835891334E-4,2.229051748560931E-4,0.0012887295146434847],[5.847007014818756E-4,0.001620171334689761,0.013789338040357894,0.040506147699925346,0.0014150168533518246,3.9407016847096E-4,0.0014782093112322803,0.0012888769621300453,4.719652400229242E-4,0.0019194551234475758,5.733228775011955E-4,0.0014543107796389718,5.115808967259318E-4,0.008048820417274187,0.001300132137115015,3.342324713515809E-4,0.0014732717227327894,0.0010841434229454951,6.569125525953914E-4,1.0,0.0013142820700847379,7.827817579658873E-4,9.7884931985969E-4,0.0014165096968479208,0.0013919542948741329,2.9991258838606936E-4,0.00941321854198004,7.28953780037752E-4,0.0014971652215833913,0.0019009183607735258,0.0011475772154372944,4.1714463591536175E-4,0.0049530177352471085,3.858210065022034E-4,0.001965952587543469,0.009504059981541819,3.4370161184321625E-4,9.077065729225089E-4,1.9272888252520312E-4,7.033595007323272E-4,6.112510735048814E-4,2.550725520699394E-4,0.0016972806552573696,9.36303882936029E-4,6.054109245319642E-4,0.0012299469196047825,8.434227668681817E-4,1.1832044580403967E-4,0.010619035871664337,9.711887174763289E-4,0.0016523171334980726,0.0017599454340851005,5.549166290760672E-4,4.665707514509206E-4,9.408246233900564E-4,2.2128564434178814E-4,0.0011591668610484622,0.0028645489635676126],[9.613004093693028E-5,0.0013492461931450068,0.0029970336753257845,0.002298566698548782,8.814063787574511E-5,1.0197848983415111E-4,9.072930999317573E-4,7.817370353876444E-5,4.852879790535517E-5,0.005489219937975919,4.070101447752866E-5,1.7353695724886737E-4,7.185760067378384E-5,0.01280162128548011,1.035492209414753E-4,1.3112287637716055E-4,3.5273330254317187E-4,1.3912329697406833E-4,1.3636172846486202E-4,0.0013142820700847379,1.0,1.140987452912152E-4,1.5570636079851056E-4,0.0011683138209122098,7.903506559856877E-4,8.141353592673017E-5,0.010013422611015002,1.0051558707838829E-4,2.7903879928398774E-4,4.056447308472216E-4,2.641807878104053E-4,9.246470883996538E-5,0.0013234251484936068,4.905719248197054E-5,2.741340037503255E-4,0.021858788824468785,1.1699255689252463E-4,2.386266087814021E-4,1.5714601025540714E-4,4.566940032514964E-5,1.2983462460152323E-4,9.457891258525274E-5,0.0014775707141549738,3.169130957356288E-4,3.097406204990631E-4,4.5445790419124734E-4,1.847613736688293E-4,3.213336410228798E-5,0.011289266843165013,6.963663941788917E-5,0.001737968430289417,0.0026866881324659406,8.613866102645149E-5,1.0855399150866916E-4,1.453948863261841E-4,5.174186585568985E-5,1.983309242160305E-4,6.782139061423789E-4],[1.335440912165815E-4,0.00172483641010699,0.006417068070702822,0.008627426239479326,3.403363012334686E-5,1.816498321000876E-4,7.72394213892708E-4,1.454300708798793E-4,8.208263690870686E-5,8.493943857038062E-4,5.581335273995982E-5,1.75139288490311E-4,7.992352069823323E-5,0.008437144589517115,1.6286475004790256E-4,1.7051701232384433E-4,3.8169002593968753E-4,1.934674914030702E-4,1.6316359430065667E-4,7.827817579658873E-4,1.140987452912152E-4,1.0,1.7790703663847523E-4,6.736305946766154E-4,0.001026162966211786,1.4787246407380386E-5,0.008567246556845405,1.5563140278921248E-4,9.017943562189782E-4,9.154406381903842E-4,1.7488832417481156E-4,1.6641141184532574E-4,0.021928761119320878,1.3066105521249139E-4,6.186197326721074E-4,0.0012658858559696032,1.673476822204269E-4,1.9141344154054204E-4,1.6741595632799213E-4,5.580570541523099E-5,1.4080265028270476E-4,1.508444587348253E-4,0.0014379210089412846,3.2548306394124927E-4,3.0350683105651835E-4,4.3555643138762265E-4,1.99479227048618E-4,1.0413028430120405E-4,9.509168483944001E-4,3.977161869604331E-5,0.0012058713227874698,0.0019347235356321321,7.199460052656575E-5,1.379510260596921E-4,3.533494157609491E-4,1.448556117098851E-4,2.4790452778082026E-4,0.002931631062470924],[2.1025637657070767E-4,4.3643406169321974E-4,0.007160863954267084,0.03235425420913005,2.2739645264429302E-4,2.003671917634342E-4,8.59072085193288E-4,7.775257097239844E-5,1.64580673388653E-4,0.0012683452011340796,2.15373981694272E-4,2.0359101859987837E-4,1.7563987000881798E-4,0.007893530973200535,2.1731863235432836E-4,2.142519643396692E-4,2.899633985227151E-4,2.295670571459391E-4,2.142145330815809E-4,9.7884931985969E-4,1.5570636079851056E-4,1.7790703663847523E-4,1.0,0.0011688813906934581,7.021201628056372E-4,3.3505505891119216E-5,0.010269022899370449,1.7428184702374583E-4,0.0014767866098200756,0.0017407718754416822,5.45987909264212E-4,1.899147044178338E-4,0.014224082331622404,1.6326986827586794E-4,4.340771723568048E-4,0.015771737190367733,1.9848043841357347E-4,2.298024795697874E-4,1.694724407236074E-4,2.060945113252354E-4,1.5795697255107304E-4,1.516309071912989E-4,0.00134509932557455,2.64975565672411E-4,3.2462400019870973E-4,5.444717574511042E-4,2.104015169589775E-4,7.253183462870567E-5,0.011992140151168822,1.3932516001545015E-4,6.992309040411914E-4,0.003065349103691379,1.9417469733200976E-4,1.4393621157487795E-4,2.9619146727094715E-4,1.0533815673160702E-4,3.074934638131754E-4,0.0031242315958808164],[5.456831629242687E-4,0.0017802864048904517,0.013670955626816295,0.044307387285250355,0.0012998698656219122,0.0012514195210924658,0.0011059881786806382,2.3147717682604578E-4,2.3693430041328567E-4,0.00587216025654444,9.032917768534203E-4,2.9736720415818264E-4,0.0010775190377345918,0.007685855188625742,2.271696198278789E-4,4.4295008077455827E-4,0.0011318473737025486,7.082625904854731E-4,8.101254316563562E-4,0.0014165096968479208,0.0011683138209122098,6.736305946766154E-4,0.0011688813906934581,1.0,0.0013426341948537584,0.001050855550387594,0.0035885131491343054,0.0012786914334979355,0.001497332826975286,0.002209394751237728,0.0012425752004432584,0.001340565034915786,0.023898203019072813,6.499008872944484E-4,0.00174643242313683,0.012265585808627907,4.903924012516097E-4,6.17206701831336E-4,9.328366603862533E-4,4.464357011837181E-5,3.519658247301653E-4,2.4386312303316247E-4,0.0017380988375360863,0.001206580217343191,5.842031092962844E-4,0.0011790973831042365,0.0012776640645483538,0.0010413694557708513,0.008197364060470945,7.948518635318874E-4,0.0015389299005018574,0.0024849491364880294,4.283979794579158E-4,2.9639139632303495E-4,0.0012502049642608302,8.915228974777422E-4,0.0012823377071390176,0.002497598111553022],[2.0302941886439507E-4,0.001121720335015031,0.01438059024551663,0.03832186085095482,8.956718108179206E-4,2.9199817753884215E-4,0.0010199371168524444,7.71906403052771E-4,9.856297141066163E-4,0.0049787456145968315,8.417772084614437E-4,7.472595159265827E-4,5.065132085025378E-4,0.0021937113061526476,4.8172219271485635E-4,7.376215062889763E-4,8.436231661945262E-4,6.570703784605054E-4,2.49250179962653E-4,0.0013919542948741329,7.903506559856877E-4,0.001026162966211786,7.021201628056372E-4,0.0013426341948537584,1.0,5.911991653131186E-4,0.007950622481909949,5.007096125657313E-4,0.0013822395522818008,0.00147802467236782,9.995931948745056E-4,8.007512655911247E-4,0.0081049359114152,6.222896542937903E-4,0.00212110880482594,0.007023304677858989,2.473155227893575E-4,5.717133332926924E-4,6.760913598717171E-4,8.50053158854159E-4,4.2640008676921585E-4,3.359776212890175E-4,0.001194747802231591,0.0010095672428554235,8.238442821411712E-4,8.250350135254579E-4,7.60630012930498E-4,4.5053560746545685E-4,0.0011599634460810037,4.979707897750359E-4,0.0015955564633044815,0.0016744531582283781,1.5123327317739566E-4,9.88274888849394E-4,7.18958502596141E-4,1.0580844369893007E-4,4.476608024110819E-4,0.001501898592265041],[1.2864971988880839E-5,2.926109993957718E-5,0.002841062189481031,0.005460693051136972,1.2724658119563607E-5,1.0285466235758432E-4,5.81886449234593E-4,1.3614610990500046E-5,1.9154938208899764E-5,0.006427041212573329,2.568852786320358E-5,1.4969373867736882E-4,1.287528061206918E-5,0.011621191957681519,1.1230070856930264E-4,1.36093938482218E-4,1.5424157030449862E-4,5.764292432749068E-5,9.964835493329263E-5,2.9991258838606936E-4,8.141353592673017E-5,1.4787246407380386E-5,3.3505505891119216E-5,0.001050855550387594,5.911991653131186E-4,1.0,0.006414299985752691,9.548440947789239E-5,0.001250095375737999,0.0020032732223592585,2.9450054412927446E-4,4.995241499272314E-5,0.015560750144409325,3.903703978098709E-5,7.732730669482974E-4,0.018498438698263498,1.1167210830411205E-4,1.5525654770275212E-4,5.985349331953045E-5,1.2097747176963282E-5,1.3169021663446312E-4,6.589043081132582E-5,0.001963059034370125,2.9721957186672416E-4,3.2288437754287E-4,1.736915054373808E-4,1.4955797655248306E-4,1.218000110928968E-5,0.011482696126714145,2.017107154886038E-5,3.247958663733802E-4,0.0017225639272720485,1.2543686894308677E-5,7.347157656138525E-5,1.2049757126465497E-4,1.1322059714535882E-5,1.7195036620412855E-4,0.0030214550384416645],[0.01021835624911397,0.006277457602023938,0.013557832256876451,0.027034912610613672,0.007505742121190817,0.010064427127970097,0.004071151193735285,0.0014764325541414584,5.985358149535596E-4,0.01260311646111473,7.491031893210547E-4,0.010973068925149765,0.010521044380087092,0.012281745846832127,0.007317136655711216,0.0026293591841399164,0.01035843831871602,0.009978313485458804,0.006944658560484454,0.00941321854198004,0.010013422611015002,0.008567246556845405,0.010269022899370449,0.0035885131491343054,0.007950622481909949,0.006414299985752691,1.0,0.008974521064273308,0.007067562236203737,0.010190048006531451,0.00507969964589363,0.008375751658664785,0.021150723869811823,0.00969413279075881,0.005079731744971216,0.020892386951848592,0.004974048858113177,0.0018448966689212124,2.859407335778215E-4,0.004032296490980459,0.008773954241435313,0.002846773169352318,0.003608897917597677,0.005372815129171574,0.009367723424054125,0.001253220687436673,0.008168016212189955,0.006956314214666476,0.011860534115510402,0.004434554459636447,0.007933893255445398,0.0061568829521771356,0.006201192441296897,0.006337320161221652,0.00355528295106652,0.0015088586502515437,0.0024963552910074313,0.006816511101567115],[1.2153085614830355E-4,3.037290457845712E-4,0.01532438774131956,0.011257759064700886,3.1105998890920405E-5,1.7150636096457383E-4,4.5569393175968456E-4,1.2478507788585123E-4,5.379383329385181E-5,0.005599325016511511,5.123734356169549E-5,1.432093113071278E-4,1.0571670987906845E-4,0.0049019465317138985,1.4400830400381541E-4,1.6525284482001444E-4,1.6775515127701049E-4,2.399575326347417E-4,1.5069876041355114E-4,7.28953780037752E-4,1.0051558707838829E-4,1.5563140278921248E-4,1.7428184702374583E-4,0.0012786914334979355,5.007096125657313E-4,9.548440947789239E-5,0.008974521064273308,1.0,2.7009941961374565E-4,0.0020416076826165106,5.086640223346854E-4,1.287172572527555E-4,0.00510328919828763,4.4030785187720354E-5,5.86042951990471E-4,0.0064455392199291965,1.4171610844919657E-4,1.4544408221523391E-4,1.5727587007757096E-4,1.1922138301695045E-4,1.3004014888453748E-4,1.272178461717775E-4,0.001594800540393981,2.5339641078157024E-4,1.4779516641077905E-4,1.4951230596394626E-4,1.669615447097333E-4,1.5631131999272505E-5,0.009485349275122198,1.2550494256436157E-4,0.0015729123730254617,0.0013157118112144654,1.094811663913069E-4,1.202865133804565E-4,2.6629798273074994E-4,1.17198383367928E-4,1.6535970150010606E-4,0.0025239920174462316],[0.0013699855512531096,0.0017591946821935796,0.012262526472614825,0.0407038574288773,2.83246202907223E-4,8.056259898511988E-4,0.0014122245640331116,7.457083176327752E-4,6.337130969578286E-4,0.005308229908042171,2.4260833753625871E-4,7.83364805516517E-4,6.449964834338893E-4,0.003300279749447967,5.427968541325546E-4,6.223097858523367E-4,5.801772534854807E-4,0.0014402365758988613,2.642836690935314E-4,0.0014971652215833913,2.7903879928398774E-4,9.017943562189782E-4,0.0014767866098200756,0.001497332826975286,0.0013822395522818008,0.001250095375737999,0.007067562236203737,2.7009941961374565E-4,1.0,0.0016466222715782605,9.056068729852345E-4,0.001078105911798004,0.023015474596856086,0.0010386092465857755,0.00208302984728254,0.018424986423863705,0.0012073355710970693,8.52956896592141E-4,9.195862701448958E-4,8.026474162406593E-4,6.029020949198482E-4,9.326561939711985E-4,0.0017079633480411483,9.772226431224514E-4,0.001006220851941751,0.0011945862136775146,0.0011997131468693585,5.862386519199849E-4,0.002993310784523264,1.4807238902452607E-4,0.001678408900147694,0.0030171278708605413,1.2992333998742607E-4,9.298390244638401E-4,7.451485884406549E-4,0.0012387838957552807,5.234395723206077E-4,0.0031567084035709764],[1.5464667692028443E-4,0.002121068679590779,0.00651585222272652,0.021901241658054026,0.0012042952240368782,0.001460010275993673,0.0017361424105132878,0.001156960428576611,0.001149901366620311,0.011148329770536494,0.0015534680706943793,6.12123602123009E-4,0.00173784246131961,0.014428492499878785,0.001561329194163373,0.0014325271754260804,4.735262905630255E-4,0.0017526587278921123,0.002043393696576537,0.0019009183607735258,4.056447308472216E-4,9.154406381903842E-4,0.0017407718754416822,0.002209394751237728,0.00147802467236782,0.0020032732223592585,0.010190048006531451,0.0020416076826165106,0.0016466222715782605,1.0,0.0020405258118979127,0.0016841017364015013,0.0041185012660591505,4.341439450443059E-4,0.002137602948897789,0.013493657831081175,0.0015963057882467002,3.274080949993935E-4,0.0014023789169650934,0.0017391724504830794,3.881986004436517E-4,2.5770213345961424E-4,0.002112539341782111,0.0012169346674295572,9.567911613177227E-4,0.0018766247722190417,0.0017003817362574393,5.70546527455353E-4,0.007497785076362151,0.0011009355508033644,0.0021336975002899062,0.0026373907963481605,0.0014623367192614929,0.0014750406970406049,9.882404202287965E-4,0.0018613623399303025,6.482143929622845E-4,0.0035684597989291407],[2.74586916750939E-4,0.0014763448287850613,0.005477950049890718,0.025487589169815094,1.7346555125313413E-4,6.210884074756686E-4,7.826938728995738E-4,3.137960482768741E-4,5.09814836984964E-4,0.002895148559877896,5.020458258659597E-4,6.525874737253611E-4,6.657534146978374E-4,8.466323530484736E-4,2.783628447796288E-4,3.542281696604396E-4,5.401108413379927E-4,2.8805296128736325E-4,3.456052069286276E-4,0.0011475772154372944,2.641807878104053E-4,1.7488832417481156E-4,5.45987909264212E-4,0.0012425752004432584,9.995931948745056E-4,2.9450054412927446E-4,0.00507969964589363,5.086640223346854E-4,9.056068729852345E-4,0.0020405258118979127,1.0,6.801675904306186E-4,0.009243792105476907,5.952603967470019E-4,8.858419708902759E-4,0.0011087010565693591,3.501043429138124E-4,4.21233027647065E-4,4.3800305506587977E-4,5.706038379699982E-4,4.6042964768205934E-4,1.9222348229440742E-4,0.0016130017789125002,7.138635813446442E-4,5.14840783384312E-4,7.130148177043361E-4,4.530028919809522E-4,2.2100024952667935E-4,0.0040623555742529,6.435201513145033E-4,7.963677913782425E-4,0.0030990257564972173,4.7334281277834313E-4,7.13198378812784E-4,5.56106603018419E-4,1.1673290881286839E-4,7.091736189116398E-4,0.0028091907129896123],[1.2702900384487182E-4,0.0013644205644669505,0.014231291350673273,0.02634679776949293,6.359191594328257E-5,1.5991492186004965E-4,4.0208464253849835E-4,7.819935062456346E-5,4.442092018360786E-5,0.010066033056220048,1.1166093757924083E-4,1.7140385458778401E-4,1.1636685485997243E-4,0.007225986591145095,1.4124644343617982E-4,1.442292993333466E-4,3.407478201469195E-4,1.498386542015355E-4,1.5486402094038343E-4,4.1714463591536175E-4,9.246470883996538E-5,1.6641141184532574E-4,1.899147044178338E-4,0.001340565034915786,8.007512655911247E-4,4.995241499272314E-5,0.008375751658664785,1.287172572527555E-4,0.001078105911798004,0.0016841017364015013,6.801675904306186E-4,1.0,0.011454624987111946,8.878053767548734E-5,8.347105153606586E-4,0.01616648809437267,1.542413758934053E-4,2.0158228272878538E-4,1.3616380949476619E-4,7.441825516548499E-5,1.377775679201491E-4,1.1268816256415099E-4,3.392898593559576E-4,2.934100684594803E-4,3.311680200865099E-4,3.097756596193187E-4,1.9120432841889128E-4,3.5458867907647286E-5,0.011881835175380835,1.284537224782887E-4,0.0016632058154369277,0.0017530300642907611,1.2358119015036596E-4,1.326594777084355E-4,3.7566938556971095E-4,4.4511682993609336E-5,1.5803392375200907E-4,0.00256474791872906],[0.0073448127575944785,0.019677267187422194,0.022735198704691366,0.03907097203955441,0.014774633590267223,0.015060632725319732,0.022148448680839213,0.008565366067144644,0.023609200928937205,0.014159052449795078,0.0033551474818747174,0.018450594804046542,0.003942608656070504,0.015131462816711289,0.02489285904896254,0.011272189596123102,0.0034878481784759324,0.0029594013970202834,0.02006849860984363,0.0049530177352471085,0.0013234251484936068,0.021928761119320878,0.014224082331622404,0.023898203019072813,0.0081049359114152,0.015560750144409325,0.021150723869811823,0.00510328919828763,0.023015474596856086,0.0041185012660591505,0.009243792105476907,0.011454624987111946,1.0,0.013439679538273647,0.02484476753817907,0.025718208673005675,0.003377058293422996,0.02719044005180567,0.03015275677340198,0.01783834871597751,0.029500214673962067,0.009476975861402974,0.03014150186899316,0.0021440221721001755,0.014646389364701941,0.021507509091801102,0.026503639232269758,0.01066828950760009