[[1.0,0.0032993413796787423,5.390454474829174E-5,2.0965190195759492E-4,6.548786958498732E-4,1.246302829532028E-4,1.8967052577133892E-4,6.389834657827122E-4,1.2849599663261358E-4,1.9497845857956034E-4,1.0557858014949539E-4,1.7291804115959295E-4,0.011874785198924966,0.0012361738155105713,7.959769411096669E-4,3.1212003899187195E-4,2.337620089315104E-4,0.0036665634603827604,7.604107089911927E-5,2.044317219600657E-4,2.2840823952062906E-4,5.998586124021283E-4,0.0018647656049053697,1.308149068667375E-4,0.0011806288615313016,4.709174688377851E-5,9.340422392700401E-4,1.6923319122248552E-4,0.029383614500539078,2.236508897895956E-4,3.910590573341601E-4,2.82438178082791E-4,2.6052941536811443E-4,9.246287557923456E-4,1.3894120352553576E-4,2.285052122579139E-4,2.0749084072811674E-4,2.092579574160824E-4,4.473312848888229E-4,0.0674154390618459,0.0010674257580627039,0.002030236372279276,1.8164181168723987E-4,2.3489133648364123E-4,1.6103978558790948E-4],[0.0032993413796787423,1.0,0.005731525383269981,0.006946764542836194,0.0032564018097824676,0.0044667353332627485,0.004233932928355498,0.004224617071547164,2.011299629108672E-4,0.001214240204038734,0.00535152762928804,0.005656123722353211,0.023768936106395737,0.002954020975010933,0.0031573022341126284,0.006928851056533243,0.004957954962091559,0.008471236611435489,0.0021165256596352663,0.0015494968790489235,0.0016466421368648812,0.007196942454847978,0.006049216233476089,8.265323054771592E-4,0.00486652223330073,0.003046436454300258,0.007331498814383197,8.107767903740169E-4,0.021860041320513966,0.0035564028931622336,0.015754813606935508,0.00621994834221847,0.006510209710866235,0.0074957561359322794,0.004133747439915202,0.005696861106676964,4.8488324497375534E-4,0.002200748368830021,0.007069312551552872,0.075359256806182,0.0022231574487449365,0.04310384054527644,0.007438892051534991,0.005303623054424301,0.0048292860187924246],[5.390454474829174E-5,0.005731525383269981,1.0,9.874199910261749E-5,0.0018070933693412478,9.939599683403942E-5,6.057884215527362E-5,7.648835767395126E-5,2.4582840005936258E-5,2.9885176859895004E-5,1.7563978648473123E-5,1.1703904237440019E-5,0.020324358972422334,2.738713659061296E-5,8.110038816095155E-4,6.692121116212515E-4,4.656174465670906E-5,0.009574722001029238,1.1994278810570769E-5,2.0489126997421436E-5,1.7887853712242833E-5,0.0013587945495970425,0.002022326061293961,8.415504738102216E-5,0.0010262150160521716,1.248234644761166E-5,8.907143223329094E-5,4.4631736183153684E-5,0.01931927641951394,1.1887483372512628E-5,0.00220792167682447,1.595258726614345E-4,3.947092590118853E-4,3.334724593361358E-4,4.512959831324163E-5,1.4263239734690006E-5,1.0368187275869593E-4,1.7215104590693816E-4,0.001619562267172639,0.0030910380576828914,1.1849394699651951E-4,0.007069782836812251,4.4717344414879455E-5,1.2579104717057848E-5,8.089654580741289E-5],[2.0965190195759492E-4,0.006946764542836194,9.874199910261749E-5,1.0,0.0023514907002895992,1.1564634677596707E-4,1.220082529973554E-4,5.472136405526276E-4,7.986936621300184E-5,4.7211085424979345E-5,8.417631015343924E-5,1.1995415263475866E-5,0.05025487273763149,4.412798161196482E-4,6.369723456386795E-4,3.430455437272995E-4,1.9448346283615456E-4,0.007173356972393961,4.2642458658179954E-5,1.0789055560180016E-4,8.19103529499565E-5,4.4905147571881336E-4,1.8969727014248212E-4,1.0523531835675444E-4,4.5174236805303606E-4,8.128133498256278E-5,6.523890025675274E-4,1.4492860591935506E-4,0.028185664521717696,8.506738694725986E-5,0.005298456889687093,4.2554708686249086E-4,2.354099713110276E-4,4.69976886044642E-4,1.0625652370914852E-4,9.723922578645782E-5,1.239785875684619E-4,1.501742433485453E-4,7.106817816078134E-4,0.07409098939918528,0.0013785267293166834,0.05197044037702607,1.1104688365731821E-4,1.0759513511956361E-4,1.1448068822410144E-4],[6.548786958498732E-4,0.0032564018097824676,0.0018070933693412478,0.0023514907002895992,1.0,3.385247748668368E-4,0.0019843429639782354,0.0018084844450472427,0.001610429346812257,0.0012605369745169652,5.632529692541523E-4,0.0010249880570450773,0.027929720657397114,0.0023859493704770167,0.001649725315463059,0.0022973208327994863,0.0018257536517584925,0.003406038120148478,8.45334670584056E-4,0.0016941885628038796,2.6228309722490487E-4,0.0025477743297396133,0.002704026295068337,1.9329667118580342E-4,0.002522454703728699,0.0025341450037449057,0.002520171510974456,0.001329766425106765,0.010512501081321497,0.0019326067354338942,0.006008154698100354,0.0016926183096438747,0.0013042236556444322,0.0014943837173029056,0.002225074301641,4.3756837341552647E-4,3.62696604483605E-4,9.556370467362847E-4,0.0019017394400741385,0.020844776878183893,0.0023747297916314513,0.05102326174890798,1.81052520670553E-4,3.3286228086359487E-4,0.001266039375704096],[1.246302829532028E-4,0.0044667353332627485,9.939599683403942E-5,1.1564634677596707E-4,3.385247748668368E-4,1.0,1.255591906621845E-4,6.873894311268408E-4,7.384009940722916E-5,8.824567362932748E-5,5.094580970806939E-5,1.4177295087046803E-5,0.04369155939664735,0.0012167304968543277,8.413681386016664E-4,5.21212801088059E-4,1.3810304651698697E-4,0.00147327336154273,2.1037843280484262E-5,1.7855633345755678E-4,9.037560370028231E-5,8.979460498765254E-4,8.30294412646653E-4,1.1251676518712314E-4,7.268570348937383E-4,2.262586999802834E-5,9.611076213545969E-4,1.3478776524229933E-4,0.003977572395107186,1.083531557284166E-4,0.015665952937734814,9.882163822919154E-4,2.2998842080938886E-4,0.0012554758907834369,1.1774381214922419E-4,5.5173356323192525E-5,1.2055464819572887E-4,2.0416361255625874E-4,5.807811619719494E-4,0.07590677356705235,6.448100783405966E-4,0.04262708414508261,1.249594350901206E-4,1.1362511518098435E-4,1.2003462426449419E-4],[1.8967052577133892E-4,0.004233932928355498,6.057884215527362E-5,1.220082529973554E-4,0.0019843429639782354,1.255591906621845E-4,1.0,2.3952240116662665E-4,9.49211017967327E-5,1.2148011129794433E-4,3.7051042120818174E-5,4.629840762631704E-5,0.04692443647440004,0.001716015873058922,7.243698386930141E-4,2.979039810828912E-4,1.9511756667078912E-4,0.0032626050297038327,7.529784092463936E-5,1.361384295299748E-4,5.727845653968194E-5,3.1240975224493847E-4,0.0015428304302099235,1.1334306270287593E-4,4.057977976777052E-4,7.41384375809012E-5,4.5762671898090035E-4,1.3329237285047036E-4,0.02322725704690129,9.677291330264143E-5,0.010323017520585964,0.0014403310502680898,2.3086041827299387E-4,1.8226773373985133E-4,1.2420710653298159E-4,6.024474952440805E-5,1.284797762196588E-4,1.7281050493673855E-4,7.807816662548654E-4,0.06334300296203565,0.0010837355803566154,0.03964921953502273,1.3920034589104912E-4,1.2005661865754218E-4,1.2660205565058854E-4],[6.389834657827122E-4,0.004224617071547164,7.648835767395126E-5,5.472136405526276E-4,0.0018084844450472427,6.873894311268408E-4,2.3952240116662665E-4,1.0,8.956005229767631E-4,5.298444539753161E-4,3.5552038704514166E-4,8.579585910674591E-4,0.009884397615151275,0.0019849516355444387,0.0012619903815583396,6.937381724576979E-4,3.082511137733343E-4,0.006880970186027316,3.626634336784569E-4,2.0422061417831115E-4,3.522570035684042E-4,0.00223906475037079,0.0016100435412583936,7.022317325939826E-4,0.0013612130167083994,9.782877813699579E-4,0.001195983796208819,4.896925562313257E-4,0.031544496420901916,7.324309319470186E-4,0.017794707893968517,0.0014808947685582654,7.481948561457447E-4,0.001372072030163542,1.5615630147905324E-4,8.127535388387546E-4,5.421801507977916E-4,5.176531430476832E-4,0.0015963046101805593,0.08019011353508247,0.0015398034216610483,0.005027484125637429,5.841608566740932E-4,0.0012355847246886256,4.96763958138727E-4],[1.2849599663261358E-4,2.011299629108672E-4,2.4582840005936258E-5,7.986936621300184E-5,0.001610429346812257,7.384009940722916E-5,9.49211017967327E-5,8.956005229767631E-4,1.0,5.0744901933798854E-5,4.425917994814652E-5,3.6266910044621286E-5,0.027071868263190246,5.36678104438913E-4,1.2255433440511767E-4,2.418472999468647E-4,1.395765411526356E-4,0.00995142482697527,3.13765459926313E-5,1.0472006599620613E-4,2.5326546032287217E-5,0.001211567334280268,1.1750762665482494E-4,6.95885191069061E-5,3.709749815515604E-4,2.504932462513392E-5,1.561540997011696E-4,7.430646832238028E-5,0.0074551447531846695,4.470975337545645E-5,0.013637201249678968,0.0010889868868015683,4.191097599678378E-4,3.9616657417180005E-4,6.943375825841578E-5,3.4968004887814364E-5,9.896967881801144E-5,8.181094956764957E-5,0.0014062012602369428,0.06072462833608186,8.179502706956363E-4,0.049065827367052346,6.760822600113329E-5,9.193019740404487E-5,1.0318665646753505E-4],[1.9497845857956034E-4,0.001214240204038734,2.9885176859895004E-5,4.7211085424979345E-5,0.0012605369745169652,8.824567362932748E-5,1.2148011129794433E-4,5.298444539753161E-4,5.0744901933798854E-5,1.0,4.288938835072392E-5,4.507976308339496E-5,0.022258558941495,3.262600261902758E-4,2.345723540735762E-4,5.818716870644021E-4,2.1132342457689835E-4,0.0073043612293505695,1.4895568433925588E-5,7.71203950958449E-5,4.0115706116896485E-5,0.0020876586030387223,0.0013764289156444523,9.112160805781953E-5,7.32692424420867E-5,2.8390682262406128E-5,8.375294735908839E-4,1.2422355765902445E-4,0.025282774485791554,1.9927496659536076E-5,0.012376419764639848,2.745518115738907E-4,3.2775903497049135E-4,6.683073315534766E-4,8.928329909714656E-5,4.1379787574228305E-5,1.1750183936733777E-4,1.3467709598367222E-4,0.0015925299096383057,0.00762338899013119,0.0018026856180517895,0.024196568661911593,9.470560554631704E-5,4.779158923438527E-5,8.058070093237328E-5],[1.0557858014949539E-4,0.00535152762928804,1.7563978648473123E-5,8.417631015343924E-5,5.632529692541523E-4,5.094580970806939E-5,3.7051042120818174E-5,3.5552038704514166E-4,4.425917994814652E-5,4.288938835072392E-5,1.0,2.4697483826201922E-5,0.046889946047357536,0.0018754915239535058,4.444335258385678E-4,3.583306341980699E-4,1.0534078593671101E-4,0.0013220491371630301,2.3152726063351255E-5,1.090024156910799E-4,2.9582098750002406E-5,7.508084725899949E-4,9.376518248837314E-4,5.0869140433497354E-5,9.852774245058887E-4,1.9380049492420105E-5,8.674624979892492E-4,1.0184662339368994E-4,0.013565631821318307,1.9681214703320664E-5,0.0074954712063137075,6.975683282032137E-4,2.1978559500161526E-4,0.0011026935672056892,4.766076727638113E-5,1.5598386565901355E-5,9.196055184887982E-5,1.6292793428546537E-4,0.0010228164426840654,0.004842518611946643,7.494234496152746E-4,0.019473524340021833,5.2850040716531394E-5,8.76470830441929E-5,8.863011379206648E-5],[1.7291804115959295E-4,0.005656123722353211,1.1703904237440019E-5,1.1995415263475866E-5,0.0010249880570450773,1.4177295087046803E-5,4.629840762631704E-5,8.579585910674591E-4,3.6266910044621286E-5,4.507976308339496E-5,2.4697483826201922E-5,1.0,0.006744457902355697,6.752739821783219E-4,5.342149323811438E-4,4.058970156049245E-4,4.315473522175942E-5,0.007318666144190029,1.1869606782405897E-5,1.5046389955216332E-4,1.5341761256967234E-5,0.0020044839043220756,0.001512090312744142,9.390015958947597E-5,7.360693604000534E-5,1.232335101853273E-5,0.0010102322080258958,6.153637227669874E-5,0.0013121857127179636,1.1522585755068093E-5,0.005408185904272834,0.0010949970310953853,4.1775532831516603E-4,2.483440183919561E-4,7.904980395316315E-5,1.2886182288190136E-5,1.3261523641022286E-5,1.3223652099061462E-4,9.158030292778697E-4,0.021083793241436843,0.0015712905469241337,0.007767086763806032,7.145767240458876E-5,8.708806388172103E-5,8.54757995490622E-5],[0.011874785198924966,0.023768936106395737,0.020324358972422334,0.05025487273763149,0.027929720657397114,0.04369155939664735,0.04692443647440004,0.009884397615151275,0.027071868263190246,0.022258558941495,0.046889946047357536,0.006744457902355697,1.0,0.028628639969627757,0.04934860422429922,0.02321482811929691,0.014186386292141273,0.0396612959632694,0.016456509342594884,0.04130447739579578,0.0367382666522279,0.018547462098980057,0.030055451735130835,0.009822935188198594,0.030969458321145588,0.050937175888807806,0.048395722768421294,0.03362033526485559,0.04553727030967403,0.030053326958202568,0.04043849172505176,0.009339605623758008,0.04854262922098388,0.02717813908282706,0.04663191078178673,0.007688090281900747,0.03177065617930193,0.025473249687488285,0.017629424956092925,0.06595492400219151,0.03600241587079709,0.05267284851413894,0.04210260106422644,0.031248993343637694,0.014052677507360173],[0.0012361738155105713,0.002954020975010933,2.738713659061296E-5,4.412798161196482E-4,0.0023859493704770167,0.0012167304968543277,0.001716015873058922,0.0019849516355444387,5.36678104438913E-4,3.262600261902758E-4,0.0018754915239535058,6.752739821783219E-4,0.028628639969627757,1.0,0.0013480120827581963,7.565799162563414E-4,0.0012793993165563925,0.0025328977565612755,0.0016118793617646105,0.0019985514833121237,9.599504126212537E-4,0.002437253854037607,0.0026586746772691424,1.9045519230616998E-4,0.0015898513567073325,8.193670047638069E-4,0.001237230168201254,6.363169153259443E-4,0.018678979652199206,0.0017762228101181113,0.014266967821843893,0.001786727825977127,9.687421140426533E-4,0.0015827968074892105,8.904832760687061E-4,0.001942468459631602,1.8785392432651646E-4,0.0015383314986415144,0.0019051287651122228,0.028671420971324028,0.0021487586017889114,0.005200975106915239,7.656284018363532E-4,0.0016513609679758396,0.0017702331676287672],[7.959769411096669E-4,0.0031573022341126284,8.110038816095155E-4,6.369723456386795E-4,0.001649725315463059,8.413681386016664E-4,7.243698386930141E-4,0.0012619903815583396,1.2255433440511767E-4,2.345723540735762E-4,4.444335258385678E-4,5.342149323811438E-4,0.04934860422429922,0.0013480120827581963,1.0,0.0012061028790488217,2.7719411375425713E-4,0.007245895184803051,2.1901688611239707E-4,9.26195804307155E-4,0.001012672494142615,0.002195810972129588,0.0020385719292186676,0.0010962566791055453,0.0012844041776796274,7.695204278212588E-4,0.001208983955022916,8.10954385255403E-4,0.02997820877891723,6.085344551448111E-4,0.013877140159159789,0.0014454154977592306,7.547243522128383E-4,0.0012465072243122604,7.270280873798204E-4,1.1816777223438826E-4,8.871162728139757E-4,2.1771012018039976E-4,0.0013844375266341739,0.05159235767288289,0.0018558725150335908,0.03766112949739723,3.6514716459693235E-4,0.001109963847897523,2.956362362612465E-4],[3.1212003899187195E-4,0.006928851056533243,6.692121116212515E-4,3.430455437272995E-4,0.0022973208327994863,5.21212801088059E-4,2.979039810828912E-4,6.937381724576979E-4,2.418472999468647E-4,5.818716870644021E-4,3.583306341980699E-4,4.058970156049245E-4,0.02321482811929691,7.565799162563414E-4,0.0012061028790488217,1.0,5.068138769814872E-4,0.0018394810844438356,9.79323770814695E-5,4.781357191022945E-4,6.645382870350166E-4,9.272178722479962E-4,0.001922698321751582,2.0741102709298057E-4,0.0010016968816382987,4.139693791543343E-4,8.407905485347431E-4,6.664124644638875E-4,0.009690348928194528,2.0049426113261162E-5,0.014483950989436736,8.311473596912764E-4,4.974219832361234E-4,0.0012523408259911151,5.894053948185851E-4,5.476357904497098E-4,3.957872062179533E-4,2.933301493582334E-4,7.125258393169538E-4,0.05566880469148244,0.0012336624927634311,0.014058041160973284,1.8938723480283886E-4,4.40609873081299E-4,2.2473561930106675E-4],[2.337620089315104E-4,0.004957954962091559,4.656174465670906E-5,1.9448346283615456E-4,0.0018257536517584925,1.3810304651698697E-4,1.9511756667078912E-4,3.082511137733343E-4,1.395765411526356E-4,2.1132342457689835E-4,1.0534078593671101E-4,4.315473522175942E-5,0.014186386292141273,0.0012793993165563925,2.7719411375425713E-4,5.068138769814872E-4,1.0,0.0012357452640336774,1.7530009039033872E-4,2.153497638012388E-4,2.1690968402109258E-4,6.475336076747083E-4,0.0011262685582387859,1.6050429986546677E-4,6.330615823266613E-4,2.2070262764262112E-4,9.811536577769514E-4,2.2854831590750905E-4,0.015147974698731857,6.160858787656367E-5,0.0016472908217183893,7.818717581239182E-4,2.8122980460608025E-4,5.816060734625297E-4,1.176718492215845E-4,5.8575934879435355E-5,1.52671926146635E-4,2.3163103380598564E-4,0.0014153584715531947,0.018037696420539304,4.862458125137559E-4,0.03204143847891045,2.220291723057138E-4,1.8262658807339296E-4,2.3176710447429913E-4],[0.0036665634603827604,0.008471236611435489,0.009574722001029238,0.007173356972393961,0.003406038120148478,0.00147327336154273,0.0032626050297038327,0.006880970186027316,0.00995142482697527,0.0073043612293505695,0.0013220491371630301,0.007318666144190029,0.0396612959632694,0.0025328977565612755,0.007245895184803051,0.0018394810844438356,0.0012357452640336774,1.0,0.007311803306371708,0.0033108770379186416,0.009377072544259941,0.0059267418493767834,0.005583605687408759,0.005043117007925575,0.005810777850718148,0.0030310474398132195,0.0071970050714021214,2.8310566180953135E-4,0.02714792835498358,0.0020056135467816124,0.012691753973309785,0.010194185397919407,0.0013970936561535797,0.009882509905428835,0.008375643769071347,0.004745076247854224,0.009618311180939294,0.008886171434938802,0.0043305150240522195,0.0698869131182779,0.005965447460072307,0.034000243441921374,0.005962585278974576,0.004027245009656116,0.0029735228119407097],[7.604107089911927E-5,0.0021165256596352663,1.1994278810570769E-5,4.2642458658179954E-5,8.45334670584056E-4,2.1037843280484262E-5,7.529784092463936E-5,3.626634336784569E-4,3.13765459926313E-5,1.4895568433925588E-5,2.3152726063351255E-5,1.1869606782405897E-5,0.016456509342594884,0.0016118793617646105,2.1901688611239707E-4,9.79323770814695E-5,1.7530009039033872E-4,0.007311803306371708,1.0,2.7978042081789058E-5,1.902793416242698E-5,0.0013336427498784275,0.002639681426227019,6.309287047539464E-5,0.0013370304995621307,1.327673079600443E-5,4.0934204453832034E-4,1.4629891415436302E-4,0.015331888047002232,1.2894545553209245E-5,0.019495886730250465,0.0010658915966440972,3.241944965946067E-4,0.0010432697962245501,7.7590956719971E-5,1.3751795365662347E-5,7.016252469081789E-5,1.4356811900808855E-4,0.001146160730463345,0.015810083465022856,0.0011350497582934475,0.04805983812272381,1.4830243276801823E-4,4.373208955807168E-5,2.6331185596016263E-5],[2.044317219600657E-4,0.0015494968790489235,2.0489126997421436E-5,1.0789055560180016E-4,0.0016941885628038796,1.7855633345755678E-4,1.361384295299748E-4,2.0422061417831115E-4,1.0472006599620613E-4,7.71203950958449E-5,1.090024156910799E-4,1.5046389955216332E-4,0.04130447739579578,0.0019985514833121237,9.26195804307155E-4,4.781357191022945E-4,2.153497638012388E-4,0.0033108770379186416,2.7978042081789058E-5,1.0,9.905502681143044E-5,0.0013640296969486614,0.0023779081007235994,1.1326156085989108E-4,4.5795953088535615E-4,1.287370514922211E-4,0.0010410538073753071,1.7741654755259523E-4,0.012974627968275011,1.51727006996185E-4,0.0046071402933771325,5.344459874052656E-4,3.5108607901751065E-4,3.8255167952642934E-4,1.4248145559403187E-4,1.505875152786263E-4,1.3660899511200748E-4,2.010805802051779E-4,2.2719206572368203E-4,0.03850448334406808,9.712623153750632E-4,0.03799020951806898,1.7237744256120774E-4,1.847481363509867E-4,1.6249855053969466E-4],[2.2840823952062906E-4,0.0016466421368648812,1.7887853712242833E-5,8.19103529499565E-5,2.6228309722490487E-4,9.037560370028231E-5,5.727845653968194E-5,3.522570035684042E-4,2.5326546032287217E-5,4.0115706116896485E-5,2.9582098750002406E-5,1.5341761256967234E-5,0.0367382666522279,9.599504126212537E-4,0.001012672494142615,6.645382870350166E-4,2.1690968402109258E-4,0.009377072544259941,1.902793416242698E-5,9.905502681143044E-5,1.0,7.490884003790429E-4,2.0750408302372484E-4,7.154382172266562E-5,8.391242836870232E-4,1.8581425833772894E-5,9.839827927967267E-4,1.3070212173868343E-4,0.02813171386604129,1.820714223343937E-5,0.014983070472098046,0.001116830475101404,1.6561985090493935E-4,8.736722822653573E-4,4.6478500985849334E-5,1.7968180918561682E-5,1.1605247731596385E-4,2.021507209232631E-4,1.9082276684552132E-4,0.023193287161878438,5.534186525594687E-4,0.036375398402119334,1.1162205883735877E-4,2.6984338450726454E-5,1.0266251343786052E-4],[5.998586124021283E-4,0.007196942454847978,0.0013587945495970425,4.4905147571881336E-4,0.0025477743297396133,8.979460498765254E-4,3.1240975224493847E-4,0.00223906475037079,0.001211567334280268,0.0020876586030387223,7.508084725899949E-4,0.0020044839043220756,0.018547462098980057,0.002437253854037607,0.002195810972129588,9.272178722479962E-4,6.475336076747083E-4,0.0059267418493767834,0.0013336427498784275,0.0013640296969486614,7.490884003790429E-4,1.0,0.0026287979864978543,0.0015693936020331255,0.0015907285149367367,4.745218607271033E-4,0.0025312928693713805,0.002491186294952234,0.016178163531053717,3.7840090000591483E-4,0.012521333553216055,0.0024239605766453957,0.0016457686248054952,0.0014976390094779458,7.649962575914064E-4,0.0016555068958576061,0.002370891645570581,9.766235437612398E-4,0.002257918107871293,0.019250205634127097,0.002268338431787956,0.009204622710802485,0.0010615500484326894,6.289130202412956E-4,2.198108458926435E-4],[0.0018647656049053697,0.006049216233476089,0.002022326061293961,1.8969727014248212E-4,0.002704026295068337,8.30294412646653E-4,0.0015428304302099235,0.0016100435412583936,1.1750762665482494E-4,0.0013764289156444523,9.376518248837314E-4,0.001512090312744142,0.030055451735130835,0.0026586746772691424,0.0020385719292186676,0.001922698321751582,0.0011262685582387859,0.005583605687408759,0.002639681426227019,0.0023779081007235994,2.0750408302372484E-4,0.0026287979864978543,1.0,3.853502740864462E-4,0.0020894204336257306,5.760239848642771E-4,0.0022262261727692945,0.0012521405281265066,0.025200110515943393,0.0022946351772549257,0.014980189042281399,0.002134087286140914,0.0013554477291012152,0.0019101848980482969,4.679987649622603E-4,0.0023436200767081665,8.914420972880206E-4,0.0022263088233131396,0.0023695723258242637,0.05954531592552768,0.00228930078214405,0.024308359148436588,4.891170376358428E-4,0.0010126156104186474,0.0015429440951932067],[1.308149068667375E-4,8.265323054771592E-4,8.415504738102216E-5,1.0523531835675444E-4,1.9329667118580342E-4,1.1251676518712314E-4,1.1334306270287593E-4,7.022317325939826E-4,6.95885191069061E-5,9.112160805781953E-5,5.0869140433497354E-5,9.390015958947597E-5,0.009822935188198594,1.9045519230616998E-4,0.0010962566791055453,2.0741102709298057E-4,1.6050429986546677E-4,0.005043117007925575,6.309287047539464E-5,1.1326156085989108E-4,7.154382172266562E-5,0.0015693936020331255,3.853502740864462E-4,1.0,1.9370313484095E-4,1.0107290497667762E-4,4.373544378693235E-4,1.5284153157948656E-4,0.028582416751041416,3.5479020750677676E-5,2.2278675303187193E-4,2.0093876274614205E-4,4.044712807759712E-4,4.885258393724859E-4,1.1417956834996058E-4,3.272943607519407E-5,1.1876636492154762E-4,2.0142349381086264E-4,9.514553283313928E-4,0.0723730118856628,0.001687714932299431,0.02303368844024098,1.2158144459495443E-4,1.0655641136242085E-4,1.05062849391317E-4],[0.0011806288615313016,0.00486652223330073,0.0010262150160521716,4.5174236805303606E-4,0.002522454703728699,7.268570348937383E-4,4.057977976777052E-4,0.0013612130167083994,3.709749815515604E-4,7.32692424420867E-5,9.852774245058887E-4,7.360693604000534E-5,0.030969458321145588,0.0015898513567073325,0.0012844041776796274,0.0010016968816382987,6.330615823266613E-4,0.005810777850718148,0.0013370304995621307,4.5795953088535615E-4,8.391242836870232E-4,0.0015907285149367367,0.0020894204336257306,1.9370313484095E-4,1.0,2.1869949685725522E-4,0.0012949686466352003,5.651867606343207E-4,0.027793662412733944,0.0012853082910676305,0.008527586932788375,0.001465597027951351,5.697903241378504E-4,0.0013869625520110957,8.413338498516671E-4,2.908244364174466E-4,0.0011266885575705397,3.682645017749729E-4,0.001575107624515251,0.06923717708642768,0.001652295403121831,0.03623791372066988,1.9849381096708426E-4,6.658662002509075E-4,0.0012450652103944563],[4.709174688377851E-5,0.003046436454300258,1.248234644761166E-5,8.128133498256278E-5,0.0025341450037449057,2.262586999802834E-5,7.41384375809012E-5,9.782877813699579E-4,2.504932462513392E-5,2.8390682262406128E-5,1.9380049492420105E-5,1.232335101853273E-5,0.050937175888807806,8.193670047638069E-4,7.695204278212588E-4,4.139693791543343E-4,2.2070262764262112E-4,0.0030310474398132195,1.327673079600443E-5,1.287370514922211E-4,1.8581425833772894E-5,4.745218607271033E-4,5.760239848642771E-4,1.0107290497667762E-4,2.1869949685725522E-4,1.0,9.161963657160737E-4,9.37189169293805E-5,0.001714548133344699,1.3286511216675535E-5,0.010404151923301307,0.0012346420052037669,4.3740328597148645E-4,5.077856696358344E-4,9.337985151251882E-5,1.3888383448466875E-5,1.252065583452958E-4,1.3858012323003692E-4,3.098783843434511E-4,0.04982589961053393,0.0010923866368699338,0.025401017290505083,8.706888372729699E-5,7.20670787971973E-5,9.511994229157654E-5],[9.340422392700401E-4,0.007331498814383197,8.907143223329094E-5,6.523890025675274E-4,0.002520171510974456,9.611076213545969E-4,4.5762671898090035E-4,0.001195983796208819,1.561540997011696E-4,8.375294735908839E-4,8.674624979892492E-4,0.0010102322080258958,0.048395722768421294,0.001237230168201254,0.001208983955022916,8.407905485347431E-4,9.811536577769514E-4,0.0071970050714021214,4.0934204453832034E-4,0.0010410538073753071,9.839827927967267E-4,0.0025312928693713805,0.0022262261727692945,4.373544378693235E-4,0.0012949686466352003,9.161963657160737E-4,1.0,9.388450186327726E-4,0.01852432242028352,2.0276556203813472E-4,0.016855226073774595,0.001319900678340813,5.037514570896859E-4,0.0012970105828058478,0.001144325516643951,0.0011578890726644067,6.55745338476485E-4,0.0011619610821412452,0.0014399524700691472,0.03800740528249156,0.0013382368894893097,0.01517103105812533,0.0011138545538573938,7.213998965643645E-4,0.0011655593613658934],[1.6923319122248552E-4,8.107767903740169E-4,4.4631736183153684E-5,1.4492860591935506E-4,0.001329766425106765,1.3478776524229933E-4,1.3329237285047036E-4,4.896925562313257E-4,7.430646832238028E-5,1.2422355765902445E-4,1.0184662339368994E-4,6.153637227669874E-5,0.03362033526485559,6.363169153259443E-4,8.10954385255403E-4,6.664124644638875E-4,2.2854831590750905E-4,2.8310566180953135E-4,1.4629891415436302E-4,1.7741654755259523E-4,1.3070212173868343E-4,0.002491186294952234,0.0012521405281265066,1.5284153157948656E-4,5.651867606343207E-4,9.37189169293805E-5,9.388450186327726E-4,1.0,0.005039074917251582,1.3630994002184458E-4,0.010270375134582654,0.0013824057913097141,2.4147269265110228E-4,6.561195504446918E-4,1.6418817520068082E-4,5.1634719753004E-5,1.4657136274847998E-4,2.033147352973722E-4,3.121321336981537E-4,0.07880024303034648,0.0015923600836378806,0.029118342009274666,1.5278147710711968E-4,1.2745327818103414E-4,1.5822216303306295E-4],[0.029383614500539078,0.021860041320513966,0.01931927641951394,0.028185664521717696,0.010512501081321497,0.003977572395107186,0.02322725704690129,0.031544496420901916,0.0074551447531846695,0.025282774485791554,0.013565631821318307,0.0013121857127179636,0.04553727030967403,0.018678979652199206,0.02997820877891723,0.009690348928194528,0.015147974698731857,0.02714792835498358,0.015331888047002232,0.012974627968275011,0.02813171386604129,0.016178163531053717,0.025200110515943393,0.028582416751041416,0.027793662412733944,0.001714548133344699,0.01852432242028352,0.005039074917251582,1.0,0.015049403969574908,0.026720964953248428,0.015271390320624204,0.00871016772648181,0.006864589284611754,0.008199691691537558,8.475863414319082E-4,0.017741460842239435,5.457597034815533E-4,0.023075970487894008,0.07210628157716592,0.004573234469132338,0.04019711214310413,0.019640002364924837,0.02670976122542101,0.014568844043132493],[2.236508897895956E-4,0.0035564028931622336,1.1887483372512628E-5,8.506738694725986E-5,0.0019326067354338942,1.083531557284166E-4,9.677291330264143E-5,7.324309319470186E-4,4.470975337545645E-5,1.9927496659536076E-5,1.9681214703320664E-5,1.1522585755068093E-5,0.030053326958202568,0.0017762228101181113,6.085344551448111E-4,2.0049426113261162E-5,6.160858787656367E-5,0.0020056135467816124,1.2894545553209245E-5,1.51727006996185E-4,1.820714223343937E-5,3.7840090000591483E-4,0.0022946351772549257,3.5479020750677676E-5,0.0012853082910676305,1.3286511216675535E-5,2.0276556203813472E-4,1.3630994002184458E-4,0.015049403969574908,1.0,0.017631823158451673,9.049101481254962E-4,1.0432071473426578E-4,7.18418099693367E-4,9.578488004167395E-5,1.519315148339073E-5,7.369632086900367E-5,1.0293727461978407E-4,5.73241532738491E-4,0.03874535639519283,1.7071951151637218E-4,0.0021008622157291123,1.1531595419950742E-4,5.3834414709392105E-5,8.800411153749569E-5],[3.910590573341601E-4,0.015754813606935508,0.00220792167682447,0.005298456889687093,0.006008154698100354,0.015665952937734814,0.010323017520585964,0.017794707893968517,0.013637201249678968,0.012376419764639848,0.0074954712063137075,0.005408185904272834,0.04043849172505176,0.014266967821843893,0.013877140159159789,0.014483950989436736,0.0016472908217183893,0.012691753973309785,0.019495886730250465,0.0046071402933771325,0.014983070472098046,0.012521333553216055,0.014980189042281399,2.2278675303187193E-4,0.008527586932788375,0.010404151923301307,0.016855226073774595,0.010270375134582654,0.026720964953248428,0.017631823158451673,1.0,0.004682955850660878,0.005707088223570108,0.00702535412364579,0.0034522424791320295,0.018355703570965113,0.011547283306855274,0.007600919163512162,0.019936127069423413,0.07279214006612034,0.018048022538293094,0.02431072372635819,0.01704882610491658,0.0060259643921486755,0.008060877664339133],[2.82438178082791E-4,0.00621994834221847,1.595258726614345E-4,4.2554708686249086E-4,0.0016926183096438747,9.882163822919154E-4,0.0014403310502680898,0.0014808947685582654,0.0010889868868015683,2.745518115738907E-4,6.975683282032137E-4,0.0010949970310953853,0.009339605623758008,0.001786727825977127,0.0014454154977592306,8.311473596912764E-4,7.818717581239182E-4,0.010194185397919407,0.0010658915966440972,5.344459874052656E-4,0.001116830475101404,0.0024239605766453957,0.002134087286140914,2.0093876274614205E-4,0.001465597027951351,0.0012346420052037669,0.001319900678340813,0.0013824057913097141,0.015271390320624204,9.049101481254962E-4,0.004682955850660878,1.0,0.001372478922403711,0.001397654533880587,4.4385398869857697E-4,0.0012552387787323769,7.636638069467773E-4,7.942349807204044E-4,0.0015432337440846532,0.08079694465714866,0.001875098802447896,0.04423880308477347,0.0014587513194030833,0.001044505616869185,0.001036749173861727],[2.6052941536811443E-4,0.006510209710866235,3.947092590118853E-4,2.354099713110276E-4,0.0013042236556444322,2.2998842080938886E-4,2.3086041827299387E-4,7.481948561457447E-4,4.191097599678378E-4,3.2775903497049135E-4,2.1978559500161526E-4,4.1775532831516603E-4,0.04854262922098388,9.687421140426533E-4,7.547243522128383E-4,4.974219832361234E-4,2.8122980460608025E-4,0.0013970936561535797,3.241944965946067E-4,3.5108607901751065E-4,1.6561985090493935E-4,0.0016457686248054952,0.0013554477291012152,4.044712807759712E-4,5.697903241378504E-4,4.3740328597148645E-4,5.037514570896859E-4,2.4147269265110228E-4,0.00871016772648181,1.0432071473426578E-4,0.005707088223570108,0.001372478922403711,1.0,5.322712183676372E-4,3.3403062783502374E-4,3.179346566521951E-4,3.768255783869072E-4,2.9274356625627834E-4,5.551793002414006E-4,0.043467800308287854,7.772647497875506E-4,0.021445132907789027,3.0235518111051225E-4,2.0057982090137492E-4,2.6331256529363946E-4],[9.246287557923456E-4,0.0074957561359322794,3.334724593361358E-4,4.69976886044642E-4,0.0014943837173029056,0.0012554758907834369,1.8226773373985133E-4,0.001372072030163542,3.9616657417180005E-4,6.683073315534766E-4,0.0011026935672056892,2.483440183919561E-4,0.02717813908282706,0.0015827968074892105,0.0012465072243122604,0.0012523408259911151,5.816060734625297E-4,0.009882509905428835,0.0010432697962245501,3.8255167952642934E-4,8.736722822653573E-4,0.0014976390094779458,0.0019101848980482969,4.885258393724859E-4,0.0013869625520110957,5.077856696358344E-4,0.0012970105828058478,6.561195504446918E-4,0.006864589284611754,7.18418099693367E-4,0.00702535412364579,0.001397654533880587,5.322712183676372E-4,1.0,5.251112570585848E-4,1.9307746842425394E-4,8.903908799882737E-4,0.001217126884133629,0.0015302440290213915,0.06988160913084158,0.0015586327043672372,0.003533146325123063,9.580188007411258E-4,6.639243283356733E-4,0.0012057365461604261],[1.3894120352553576E-4,0.004133747439915202,4.512959831324163E-5,1.0625652370914852E-4,0.002225074301641,1.1774381214922419E-4,1.2420710653298159E-4,1.5615630147905324E-4,6.943375825841578E-5,8.928329909714656E-5,4.766076727638113E-5,7.904980395316315E-5,0.04663191078178673,8.904832760687061E-4,7.270280873798204E-4,5.894053948185851E-4,1.176718492215845E-4,0.008375643769071347,7.7590956719971E-5,1.4248145559403187E-4,4.6478500985849334E-5,7.649962575914064E-4,4.679987649622603E-4,1.1417956834996058E-4,8.413338498516671E-4,9.337985151251882E-5,0.001144325516643951,1.6418817520068082E-4,0.008199691691537558,9.578488004167395E-5,0.0034522424791320295,4.4385398869857697E-4,3.3403062783502374E-4,5.251112570585848E-4,1.0,9.833856291490595E-5,1.1910773586312049E-4,1.8582419776237192E-4,5.397452988319081E-4,0.07103068670160835,1.712268291980285E-4,0.03537564692129791,1.3919506705976147E-4,1.1312401642707812E-4,1.1516057007228467E-4],[2.285052122579139E-4,0.005696861106676964,1.4263239734690006E-5,9.723922578645782E-5,4.3756837341552647E-4,5.5173356323192525E-5,6.024474952440805E-5,8.127535388387546E-4,3.4968004887814364E-5,4.1379787574228305E-5,1.5598386565901355E-5,1.2886182288190136E-5,0.007688090281900747,0.001942468459631602,1.1816777223438826E-4,5.476357904497098E-4,5.8575934879435355E-5,0.004745076247854224,1.3751795365662347E-5,1.505875152786263E-4,1.7968180918561682E-5,0.0016555068958576061,0.0023436200767081665,3.272943607519407E-5,2.908244364174466E-4,1.3888383448466875E-5,0.0011578890726644067,5.1634719753004E-5,8.475863414319082E-4,1.519315148339073E-5,0.018355703570965113,0.0012552387787323769,3.179346566521951E-4,1.9307746842425394E-4,9.833856291490595E-5,1.0,2.4778183217504254E-5,1.0858222016270932E-4,7.015066093601758E-4,0.04230327981804573,0.0018820951703860025,0.046190670268159394,7.366499895135382E-5,2.2461181033916208E-5,2.990655883389685E-5],[2.0749084072811674E-4,4.8488324497375534E-4,1.0368187275869593E-4,1.239785875684619E-4,3.62696604483605E-4,1.2055464819572887E-4,1.284797762196588E-4,5.421801507977916E-4,9.896967881801144E-5,1.1750183936733777E-4,9.196055184887982E-5,1.3261523641022286E-5,0.03177065617930193,1.8785392432651646E-4,8.871162728139757E-4,3.957872062179533E-4,1.52671926146635E-4,0.009618311180939294,7.016252469081789E-5,1.3660899511200748E-4,1.1605247731596385E-4,0.002370891645570581,8.914420972880206E-4,1.1876636492154762E-4,0.0011266885575705397,1.252065583452958E-4,6.55745338476485E-4,1.4657136274847998E-4,0.017741460842239435,7.369632086900367E-5,0.011547283306855274,7.636638069467773E-4,3.768255783869072E-4,8.903908799882737E-4,1.1910773586312049E-4,2.4778183217504254E-5,1.0,1.492448631721027E-4,0.001496296376590189,0.06610601780724089,0.0018059825441549713,0.02903113505535491,1.3619044523898322E-4,1.1060829806367938E-4,1.2739900142613597E-4],[2.092579574160824E-4,0.002200748368830021,1.7215104590693816E-4,1.501742433485453E-4,9.556370467362847E-4,2.0416361255625874E-4,1.7281050493673855E-4,5.176531430476832E-4,8.181094956764957E-5,1.3467709598367222E-4,1.6292793428546537E-4,1.3223652099061462E-4,0.025473249687488285,0.0015383314986415144,2.1771012018039976E-4,2.933301493582334E-4,2.3163103380598564E-4,0.008886171434938802,1.4356811900808855E-4,2.010805802051779E-4,2.021507209232631E-4,9.766235437612398E-4,0.0022263088233131396,2.0142349381086264E-4,3.682645017749729E-4,1.3858012323003692E-4,0.0011619610821412452,2.033147352973722E-4,5.457597034815533E-4,1.0293727461978407E-4,0.007600919163512162,7.942349807204044E-4,2.9274356625627834E-4,0.001217126884133629,1.8582419776237192E-4,1.0858222016270932E-4,1.492448631721027E-4,1.0,0.001125252105352755,0.08098283494917953,7.843719250533585E-4,0.02160758951994321,1.9763062772930762E-4,1.1753181511326734E-4,1.9274913282993822E-4],[4.473312848888229E-4,0.007069312551552872,0.001619562267172639,7.106817816078134E-4,0.0019017394400741385,5.807811619719494E-4,7.807816662548654E-4,0.0015963046101805593,0.0014062012602369428,0.0015925299096383057,0.0010228164426840654,9.158030292778697E-4,0.017629424956092925,0.0019051287651122228,0.0013844375266341739,7.125258393169538E-4,0.0014153584715531947,0.0043305150240522195,0.001146160730463345,2.2719206572368203E-4,1.9082276684552132E-4,0.002257918107871293,0.0023695723258242637,9.514553283313928E-4,0.001575107624515251,3.098783843434511E-4,0.0014399524700691472,3.121321336981537E-4,0.023075970487894008,5.73241532738491E-4,0.019936127069423413,0.0015432337440846532,5.551793002414006E-4,0.0015302440290213915,5.397452988319081E-4,7.015066093601758E-4,0.001496296376590189,0.001125252105352755,1.0,0.05178295582014073,0.002024607797137282,0.029137267995821774,6.472988136778722E-4,5.381913370382295E-4,0.0015084572245087583],[0.0674154390618459,0.075359256806182,0.0030910380576828914,0.07409098939918528,0.020844776878183893,0.07590677356705235,0.06334300296203565,0.08019011353508247,0.06072462833608186,0.00762338899013119,0.004842518611946643,0.021083793241436843,0.06595492400219151,0.028671420971324028,0.05159235767288289,0.05566880469148244,0.018037696420539304,0.0698869131182779,0.015810083465022856,0.03850448334406808,0.023193287161878438,0.019250205634127097,0.05954531592552768,0.0723730118856628,0.06923717708642768,0.04982589961053393,0.03800740528249156,0.07880024303034648,0.07210628157716592,0.03874535639519283,0.07279214006612034,0.08079694465714866,0.043467800308287854,0.06988160913084158,0.07103068670160835,0.04230327981804573,0.06610601780724089,0.08098283494917953,0.05178295582014073,1.0,0.05321213699947232,0.08006051105613418,0.002761358083272684,0.00977652004095489,0.04440135130809678],[0.0010674257580627039,0.0022231574487449365,1.1849394699651951E-4,0.0013785267293166834,0.0023747297916314513,6.448100783405966E-4,0.0010837355803566154,0.0015398034216610483,8.179502706956363E-4,0.0018026856180517895,7.494234496152746E-4,0.0015712905469241337,0.03600241587079709,0.0021487586017889114,0.0018558725150335908,0.0012336624927634311,4.862458125137559E-4,0.005965447460072307,0.0011350497582934475,9.712623153750632E-4,5.534186525594687E-4,0.002268338431787956,0.00228930078214405,0.001687714932299431,0.001652295403121831,0.0010923866368699338,0.0013382368894893097,0.0015923600836378806,0.004573234469132338,1.7071951151637218E-4,0.018048022538293094,0.001875098802447896,7.772647497875506E-4,0.0015586327043672372,1.712268291980285E-4,0.0018820951703860025,0.0018059825441549713,7.843719250533585E-4,0.002024607797137282,0.05321213699947232,1.0,0.03228056395985069,0.0013818623674642474,0.0013036696976843152,0.001623489769392941],[0.002030236372279276,0.04310384054527644,0.007069782836812251,0.05197044037702607,0.05102326174890798,0.04262708414508261,0.03964921953502273,0.005027484125637429,0.049065827367052346,0.024196568661911593,0.019473524340021833,0.007767086763806032,0.05267284851413894,0.005200975106915239,0.03766112949739723,0.014058041160973284,0.03204143847891045,0.034000243441921374,0.04805983812272381,0.03799020951806898,0.036375398402119334,0.009204622710802485,0.024308359148436588,0.02303368844024098,0.03623791372066988,0.025401017290505083,0.01517103105812533,0.029118342009274666,0.04019711214310413,0.0021008622157291123,0.02431072372635819,0.04423880308477347,0.021445132907789027,0.003533146325123063,0.03537564692129791,0.046190670268159394,0.02903113505535491,0.02160758951994321,0.029137267995821774,0.08006051105613418,0.03228056395985069,1.0,0.044670036934994585,0.004507881884931389,0.04751259961516695],[1.8164181168723987E-4,0.007438892051534991,4.4717344414879455E-5,1.1104688365731821E-4,1.81052520670553E-4,1.249594350901206E-4,1.3920034589104912E-4,5.841608566740932E-4,6.760822600113329E-5,9.470560554631704E-5,5.2850040716531394E-5,7.145767240458876E-5,0.04210260106422644,7.656284018363532E-4,3.6514716459693235E-4,1.8938723480283886E-4,2.220291723057138E-4,0.005962585278974576,1.4830243276801823E-4,1.7237744256120774E-4,1.1162205883735877E-4,0.0010615500484326894,4.89117037635842