[[1.0,8.051980135856437E-4,0.006375137642509624,0.0026924974095028443,0.0020758862931197627,0.003521718249356473,0.0036594972760392495,0.0022172120544084713,0.0026114611362569136,0.0027861634579543237,0.0032311843862510635,0.0032756267578539972,3.9637721143964845E-4,0.0066488661248544,0.0018085063538470067,0.002509669671407998,1.97722257608552E-4,0.017288483998482408,0.0024013766802676705,0.003435935768831665,0.0066056011026355685,0.0012292286638795928,8.27161645670929E-4,0.00530192231321618,0.014405522060472662,0.0021102290844350557,0.002238745517666157,0.009039963815133428,0.004275550473790206,0.015591024577298619,0.004273504273504274,0.0030146746868002293,0.010232324574985081,0.004082791226870446,0.004883287737397401,0.0397613109013665,0.0018749838046565115,0.002233683445350059,7.823816682400304E-4,0.003650054872719785,0.002039824130271633,0.0034956080563512478,0.002511416309678041,0.001867945951944564],[8.051980135856437E-4,1.0,0.004839124882088064,9.2250055734499E-4,9.58813794255908E-5,4.784704754558829E-4,1.8413893469587368E-4,4.0751817963177093E-5,1.8549197149321873E-5,1.1801910691754374E-4,5.816921485035961E-4,1.7944165805878243E-5,6.855643354378449E-5,0.02920402986213284,2.2348515417928593E-5,1.8986001833726578E-5,1.5665694147674314E-5,0.038363352398277865,7.755367818808959E-4,7.171351912090054E-4,0.006106730698777427,1.2979394122350979E-4,2.585021514947243E-4,0.0022752646831268853,0.029361127198732406,8.10951356017904E-5,0.0010685137005686399,0.0038646658042203828,7.465385463101701E-4,0.009054867227817454,0.002655224726177591,3.7018119049813335E-4,0.011052475886647532,4.4656209021091865E-5,0.0017417048092116193,0.02420264100021934,1.6093578654252932E-5,1.76657519782372E-5,1.0639516709061634E-4,5.139522587152063E-5,8.736478366411887E-4,1.1733466601973741E-5,3.177429132154927E-5,2.0981450274138946E-5],[0.006375137642509624,0.004839124882088064,1.0,0.005483664282631996,0.003759101874814273,0.008862954086227146,0.002073453943132113,0.008105556915356634,0.004210498342632428,0.008219415110899903,0.004969115340160595,9.154727525777075E-4,0.007983734651754585,0.028686419404390595,0.009431935239704337,0.007246442172370615,0.006104855451733325,0.01681861951703842,0.006227417140791988,0.0035296758336260817,0.01204712484044201,0.002086393087006658,0.004685873283092747,0.017112139888009276,0.014238441491722025,0.00334851974927759,0.0047341798495651646,0.011422508692257052,0.009814184604270103,0.01589341585333844,0.01087014097748435,0.009080836432636111,0.014086465867873633,0.005852939787944621,0.00814289053429858,0.02846229916469041,4.013186588634193E-4,0.0017594372557133491,0.003692004099370054,0.0064460611184678366,0.0018675199899760159,0.004693801899285154,0.009936325980320883,0.004769827542321295],[0.0026924974095028443,9.2250055734499E-4,0.005483664282631996,1.0,0.0014969376272547968,0.0010755027726172537,0.00172322339690683,0.0016230725603192495,0.0018242125542854875,6.365399742281527E-4,0.0014658073696322584,0.0016968196644844842,6.386242406437625E-4,0.0414281119225411,0.0014483525044008214,3.1856443029608104E-5,8.252299263540814E-4,0.03978328960611703,0.0020785012074110935,0.001493922887137904,0.01160926969496991,0.0012899535578150803,6.919133882712185E-4,0.0199193653511526,0.022808387748925123,7.118379750194329E-4,0.0015808539997652269,0.006146445703755377,0.003959025576708578,0.014354116885551526,0.0022931832769390904,0.002307702094198823,0.012540483869600475,0.0036067401814235756,0.0028791887294725045,0.004139622385907564,7.748668562858919E-4,0.0013892109081931334,8.522384254696869E-4,0.00135893648790321,0.0017733757246787113,0.0016028160296678094,0.0010081832436768018,8.09142719283762E-4],[0.0020758862931197627,9.58813794255908E-5,0.003759101874814273,0.0014969376272547968,1.0,3.549726262911943E-4,2.479928413006398E-4,6.971089827536583E-5,1.3264762742043183E-4,2.491988400743292E-4,3.39413101076881E-4,2.1434552225874323E-4,1.4060358109712118E-4,0.03949401982150897,1.2255420877115917E-4,7.700821585243897E-5,9.131899133732749E-5,0.018960833812727704,6.823253802909649E-4,5.353425122849647E-4,0.012839490537970672,1.949780074320322E-4,2.533699250496028E-4,0.018003690808660117,0.0039651179662766045,1.2779682448305538E-4,3.697555603258587E-4,0.01251294915905698,0.0020524432958880868,0.010568532482824786,0.0023291268408362135,0.001100846901584771,0.012244423030715029,0.0010282846712293863,0.0030610825179777004,0.027156811648493758,8.489399629412923E-5,2.9119972428761687E-5,2.1117202015133625E-4,2.3308231514141043E-4,0.0010375178131487766,2.30512158490129E-4,1.4699548521397642E-4,4.9981211227309455E-5],[0.003521718249356473,4.784704754558829E-4,0.008862954086227146,0.0010755027726172537,3.549726262911943E-4,1.0,3.9754455448131465E-4,9.490566312124051E-4,7.400958567623971E-5,8.241058739819306E-4,0.001131141566517143,3.3934297442015895E-4,5.414858656170025E-4,0.030237697019858747,4.2032335215214204E-4,4.893167790242992E-5,2.957357970256212E-4,0.003340115732204672,0.0020885383125441477,8.803161222678175E-4,0.009955434895306087,6.632166372717591E-4,7.815686840565401E-4,0.0056174652806512525,0.02602266829323706,4.936035982779634E-4,0.0010315539458676613,0.011969447125978716,0.0023517112444775548,0.00779118164254853,0.0031736475362616635,0.002400926768852475,0.009418315595672772,0.0010500094173318288,0.004531214892140641,0.03362861919006055,1.1401536592021774E-4,5.01059260018945E-4,1.409770537373839E-4,6.862265086824808E-4,0.0010858180221936901,1.565408260714086E-4,9.534565462414887E-4,3.411636772676283E-4],[0.0036594972760392495,1.8413893469587368E-4,0.002073453943132113,0.00172322339690683,2.479928413006398E-4,3.9754455448131465E-4,1.0,3.705194753782705E-4,1.8077990592641377E-4,3.593835073851835E-4,0.0012270943988192157,3.3551947756054634E-4,3.1711580597601274E-4,0.03602722678898064,2.3016410105825954E-4,2.4219445223717524E-4,1.482607969076101E-5,0.036767235599076735,6.078053438336852E-4,5.019697594507146E-4,0.01164896919408157,1.9211370338199365E-4,3.200566958376081E-4,0.002532050723161512,0.004124688676587285,3.164382032026941E-4,7.362184012617093E-4,0.012848728977286044,0.00321444772551738,0.013317571829803478,0.0021359092261855916,0.002343310450951119,0.00791487802731045,0.002517158002598081,0.0026573419723615816,0.03213587504240003,3.2485177052481634E-4,5.4232803298599777E-5,2.1248403214536244E-4,1.9658200825765676E-4,0.0010199165663125598,5.4790698527213166E-5,7.824152281527723E-5,3.6467134526522527E-4],[0.0022172120544084713,4.0751817963177093E-5,0.008105556915356634,0.0016230725603192495,6.971089827536583E-5,9.490566312124051E-4,3.705194753782705E-4,1.0,3.5073389075888885E-5,2.4615899775615017E-4,0.0012907924507762477,1.9030646090616218E-5,8.671570687539336E-5,0.018464153044341132,3.589721693505249E-5,2.1250703211206156E-5,1.7850830249756837E-5,0.013315789500955483,0.001468973347673956,5.867458681625299E-4,0.013382162536027926,4.7520619414430614E-5,1.9748336429875154E-4,0.0045722212359548065,0.010524880924744798,7.432576213245059E-5,6.817071936417467E-5,0.012122990001960536,0.004466635455898508,0.01799504012168472,0.0030806264493752965,0.0013785065290557686,0.008665130085269007,0.0025876782091758623,0.0015972247897757246,0.03978455372321464,2.8703697501823998E-5,2.7389165185666027E-5,1.0013494822181074E-4,6.258814442424756E-5,3.280588346365723E-4,1.6174303332642415E-5,3.61202339100849E-5,3.4800234006178135E-5],[0.0026114611362569136,1.8549197149321873E-5,0.004210498342632428,0.0018242125542854875,1.3264762742043183E-4,7.400958567623971E-5,1.8077990592641377E-4,3.5073389075888885E-5,1.0,1.3507143483312646E-4,4.943934720004666E-4,1.5077531260698392E-5,1.872219406384105E-5,0.026945116573872958,1.3649763130455937E-5,1.5111327089943397E-5,1.2971905415157054E-5,0.037748345987984135,0.0011211214916492657,7.770471496176157E-4,0.012407211519505013,1.9299788475873926E-5,2.454856626456266E-4,0.017471113463975615,0.0029958963722041027,1.1500261970080187E-4,9.117563841847547E-4,0.013560730247798403,3.85251483409032E-4,0.005528302362909009,0.002678391573732539,7.39481488122055E-4,6.902483807601034E-4,0.0017031310809342442,2.067465024779054E-4,0.027559329574756715,1.2678012334778194E-5,1.4862294261384195E-5,8.995511564705429E-5,1.1152477513573184E-4,3.924447515207141E-4,1.2844260171441756E-5,2.7237879505286698E-5,1.5900777766122502E-5],[0.0027861634579543237,1.1801910691754374E-4,0.008219415110899903,6.365399742281527E-4,2.491988400743292E-4,8.241058739819306E-4,3.593835073851835E-4,2.4615899775615017E-4,1.3507143483312646E-4,1.0,0.0011041143269522578,2.6192854584810214E-5,1.6378250656941745E-4,0.01821136316818262,6.126819588942653E-5,7.671394111314635E-5,2.0597455774474797E-4,0.03006848096446399,0.0015705906917679842,5.712755839810707E-4,0.011970543200359132,2.553461645541939E-4,2.6428684516312896E-4,0.010080617907163185,0.00564001808308121,1.5487313822270922E-4,6.234916710220822E-4,8.351533040495136E-4,0.003687746404992841,0.009848246511845493,9.796105008747055E-4,0.002013420101332877,0.003053970965628682,3.996647476009559E-4,0.0030406688755246557,0.03067286305115046,8.857889816896966E-5,1.3127626825081001E-4,2.4741766400769555E-4,2.366610275719029E-4,4.302258913058666E-4,4.2848649818772746E-5,5.7281863364641724E-5,2.635361025464697E-4],[0.0032311843862510635,5.816921485035961E-4,0.004969115340160595,0.0014658073696322584,3.39413101076881E-4,0.001131141566517143,0.0012270943988192157,0.0012907924507762477,4.943934720004666E-4,0.0011041143269522578,1.0,3.311021251931571E-4,1.3054222643183873E-4,0.04306147287615379,0.0012020467788379033,7.873073910878576E-5,1.3018383751066745E-4,0.014826480116695441,0.0015485246839783565,0.0012189194143506002,0.009134171814194401,6.894119653569246E-4,4.5542010203573067E-4,0.0047527428136812785,0.020873822935489096,2.84104895493056E-4,0.0012111954703107471,0.0015479259780921055,0.001316346239197089,0.010573587157526754,0.0019229825997656154,0.0022382653165555666,0.004693146964259037,0.0030595979637979215,0.0018585938840083465,0.023437616477405415,8.536128448127968E-4,0.00107761892063567,9.095957853824113E-4,0.001164472724837626,0.0012108715889258962,3.368611104799155E-4,2.271366550262137E-4,2.5976023164838623E-4],[0.0032756267578539972,1.7944165805878243E-5,9.154727525777075E-4,0.0016968196644844842,2.1434552225874323E-4,3.3934297442015895E-4,3.3551947756054634E-4,1.9030646090616218E-5,1.5077531260698392E-5,2.6192854584810214E-5,3.311021251931571E-4,1.0,1.0234762026193349E-4,0.006012216281971618,2.2323140669173842E-5,1.7842815471542885E-5,1.3873978282250627E-5,0.022900000312247842,0.002192155987856526,1.3283548336711598E-4,3.041125350988676E-4,9.730028037068169E-5,6.8733802327542E-5,0.001494197602703559,0.022952206844369227,1.128263200730625E-4,2.3866206616703374E-4,0.006267399910964146,0.003246914534935929,0.004010908952172543,0.002732018719865973,0.0014124446420772127,0.002834073856140959,0.0027089603817131193,0.0027656473537712267,0.008428452365855096,1.63195983010438E-5,1.7350648331892375E-5,7.42207168741879E-5,1.1026156730494261E-4,7.109124311190805E-4,1.4634962406895784E-5,3.227631509321486E-5,2.0600174146539067E-5],[3.9637721143964845E-4,6.855643354378449E-5,0.007983734651754585,6.386242406437625E-4,1.4060358109712118E-4,5.414858656170025E-4,3.1711580597601274E-4,8.671570687539336E-5,1.872219406384105E-5,1.6378250656941745E-4,1.3054222643183873E-4,1.0234762026193349E-4,1.0,0.005904748528462258,5.667390663564145E-5,2.523991642733494E-5,1.0238943626890745E-4,0.03469481442716364,0.0015498380145746728,3.3261742126351946E-4,0.011044763524789582,1.395722348523224E-4,2.0616869129624912E-4,0.009723729367802476,0.0047096449205451,1.1106208988831393E-4,9.554098718836629E-4,0.012939452006694474,0.003950815863503402,0.01796475962553726,0.004049141009274234,0.0015867788438975843,0.0034018200046882275,0.0021195007647392835,0.0011181324515785298,0.027066093310536457,9.82085064049693E-5,7.972144111918793E-5,1.1121716889242254E-4,1.3661472527026614E-4,5.169259457400544E-4,3.809900475539395E-5,8.071473369955847E-5,4.877508045803085E-5],[0.0066488661248544,0.02920402986213284,0.028686419404390595,0.0414281119225411,0.03949401982150897,0.030237697019858747,0.03602722678898064,0.018464153044341132,0.026945116573872958,0.01821136316818262,0.04306147287615379,0.006012216281971618,0.005904748528462258,1.0,0.009091885562903463,0.012112282706498226,0.021431407346571354,0.04159563308109632,0.009665523910843762,0.005809334943189108,0.04222401819223426,0.03098659612246647,0.03264976567033953,0.03774591184389906,0.04074576104159226,0.005810827934517371,0.03195954787223994,0.028781515358086346,0.04201501702716191,0.03760659227461015,0.035247231667858564,0.01172468521368724,0.02135176682241758,0.038172898280057946,0.011575827368362757,0.04189050964251459,0.006464670916640472,0.0147603128594214,0.028254532688171293,0.037440200272014466,0.004806961710094577,0.029824312168240077,0.01828974245835134,0.019176284763752948],[0.0018085063538470067,2.2348515417928593E-5,0.009431935239704337,0.0014483525044008214,1.2255420877115917E-4,4.2032335215214204E-4,2.3016410105825954E-4,3.589721693505249E-5,1.3649763130455937E-5,6.126819588942653E-5,0.0012020467788379033,2.2323140669173842E-5,5.667390663564145E-5,0.009091885562903463,1.0,2.237893560952516E-5,2.1485619858351806E-5,0.028051539587106326,9.483588755072901E-4,2.501071314085369E-4,0.004070898080643356,1.2590610373793885E-4,2.255650988068498E-4,0.00138863764959586,0.022446764682638808,4.989054415300883E-5,3.170869448853066E-5,0.010747770764985575,0.0012445668165739646,0.008115272764660262,0.0023056390075179415,0.0022853233040710246,0.004980498570773267,0.001028302355409768,0.0036540387835925516,0.024830634138223923,2.1999806913175726E-5,1.845540506230822E-5,9.757532874699984E-5,9.367216415457334E-5,4.789532204885596E-4,1.690531571203241E-5,3.213823014628005E-5,2.420545777037916E-5],[0.002509669671407998,1.8986001833726578E-5,0.007246442172370615,3.1856443029608104E-5,7.700821585243897E-5,4.893167790242992E-5,2.4219445223717524E-4,2.1250703211206156E-5,1.5111327089943397E-5,7.671394111314635E-5,7.873073910878576E-5,1.7842815471542885E-5,2.523991642733494E-5,0.012112282706498226,2.237893560952516E-5,1.0,1.7416839090554733E-5,0.025332078669179636,0.0016360808502328724,7.957660964955923E-4,0.006766277011197492,3.422271898079571E-5,3.1304592226101476E-5,0.002825380479883427,0.01916418055363293,1.031053479988112E-4,0.001119792249760076,0.011622352101516222,9.80587889005225E-4,0.014487850538279544,0.0027978672863387304,0.0013768462319036392,0.01271062142606129,0.0026382605936792437,0.005224199643955754,0.026150525810020014,1.4991266309097352E-5,1.806544285037598E-5,7.847825854159822E-5,5.200793782757553E-5,4.160571763932912E-4,1.8348004888503733E-5,2.7316011916476185E-5,2.2248632122702636E-5],[1.97722257608552E-4,1.5665694147674314E-5,0.006104855451733325,8.252299263540814E-4,9.131899133732749E-5,2.957357970256212E-4,1.482607969076101E-5,1.7850830249756837E-5,1.2971905415157054E-5,2.0597455774474797E-4,1.3018383751066745E-4,1.3873978282250627E-5,1.0238943626890745E-4,0.021431407346571354,2.1485619858351806E-5,1.7416839090554733E-5,1.0,0.021166039212149525,4.685510468786602E-4,6.763736687209839E-4,0.004128071575713573,9.999641416452556E-5,1.9175420551153157E-4,0.011651068970562799,0.02297185586797179,7.315464600798963E-5,7.420923938416796E-4,0.004723187338427602,0.0030387263315286893,0.0076109990861495756,0.003227535760253024,0.0013702155806434664,0.012645249979018907,0.0012672905546962901,0.004228969561747811,0.01119064994951894,1.295732216166516E-5,1.3065259265948824E-5,5.9003798788687976E-5,5.981138697936953E-5,1.4052634971400765E-4,1.2276467822157023E-5,3.344603896379957E-5,2.2280894074111597E-5],[0.017288483998482408,0.038363352398277865,0.01681861951703842,0.03978328960611703,0.018960833812727704,0.003340115732204672,0.036767235599076735,0.013315789500955483,0.037748345987984135,0.03006848096446399,0.014826480116695441,0.022900000312247842,0.03469481442716364,0.04159563308109632,0.028051539587106326,0.025332078669179636,0.021166039212149525,1.0,0.02689116776418067,0.03306870252223209,0.037730399557221794,0.03722641281400745,0.03288502207626075,0.03911955377380818,0.036188378072772004,0.02602415216895434,0.01747600197864227,0.02933178377522077,0.008770079008852894,0.03212736605701685,0.022394047212277134,0.005408882546393989,0.03832805675764851,0.02472778903421083,0.02499240682192703,0.04,0.02759727328304106,0.02547040215634413,0.015982643205531867,0.009070951642902492,0.039444804033302604,0.028477554265951773,0.02813670292684121,0.016191842782152313],[0.0024013766802676705,7.755367818808959E-4,0.006227417140791988,0.0020785012074110935,6.823253802909649E-4,0.0020885383125441477,6.078053438336852E-4,0.001468973347673956,0.0011211214916492657,0.0015705906917679842,0.0015485246839783565,0.002192155987856526,0.0015498380145746728,0.009665523910843762,9.483588755072901E-4,0.0016360808502328724,4.685510468786602E-4,0.02689116776418067,1.0,0.001033840882546316,0.012850907257891281,2.57835036091969E-4,0.0021601204267668213,0.004602653326903495,0.022136434421736403,0.0017730603981459475,0.0020218924185597576,0.006077638629980951,0.004424984206099039,0.0037068988467357736,0.0033235267202936726,0.002301066045400694,0.002396987337698259,0.003093237795507285,0.0044780543697428,0.008379309218641485,0.001392971359604887,4.990050779193889E-4,0.001639968611238079,5.28239499212909E-4,0.001320213096096244,0.001974661590001321,0.0016340290281831008,0.0015275204291540845],[0.003435935768831665,7.171351912090054E-4,0.0035296758336260817,0.001493922887137904,5.353425122849647E-4,8.803161222678175E-4,5.019697594507146E-4,5.867458681625299E-4,7.770471496176157E-4,5.712755839810707E-4,0.0012189194143506002,1.3283548336711598E-4,3.3261742126351946E-4,0.005809334943189108,2.501071314085369E-4,7.957660964955923E-4,6.763736687209839E-4,0.03306870252223209,0.001033840882546316,1.0,0.010268263440666066,2.3559796564133267E-4,4.147759011464674E-4,0.01932149485890088,0.026857458616233287,3.657573280104744E-4,0.0011759695484070654,0.0019151358614293403,0.0020894884848914326,0.0014379900862621343,0.0037119457149902336,0.0014727041939615686,0.0030954469852498313,0.0018568738268766342,0.0019657233501998573,0.026881338896988686,8.041353256616277E-4,5.760600902826709E-4,1.6074879459743697E-4,4.7187145521738983E-4,8.571957455039095E-4,5.112299130399617E-4,2.468777482634411E-4,3.82133312721576E-4],[0.0066056011026355685,0.006106730698777427,0.01204712484044201,0.01160926969496991,0.012839490537970672,0.009955434895306087,0.01164896919408157,0.013382162536027926,0.012407211519505013,0.011970543200359132,0.009134171814194401,3.041125350988676E-4,0.011044763524789582,0.04222401819223426,0.004070898080643356,0.006766277011197492,0.004128071575713573,0.037730399557221794,0.012850907257891281,0.010268263440666066,1.0,0.0026880420350290078,0.005282666790474763,0.01514276735757483,0.015506138092192482,0.00411658129784765,0.005952879065174095,0.014237588860144531,0.011336784313710574,0.013812860209017713,0.006505090572954055,0.00841014672052969,0.01436008972496829,0.010029460962830576,0.007751050023094228,0.03791008106378049,0.010949227793757864,0.010851794663752046,0.008997662235024042,0.00336124616452796,0.0019541530510386058,0.012172458901531692,0.004516747459747246,0.008421709065167435],[0.0012292286638795928,1.2979394122350979E-4,0.002086393087006658,0.0012899535578150803,1.949780074320322E-4,6.632166372717591E-4,1.9211370338199365E-4,4.7520619414430614E-5,1.9299788475873926E-5,2.553461645541939E-4,6.894119653569246E-4,9.730028037068169E-5,1.395722348523224E-4,0.03098659612246647,1.2590610373793885E-4,3.422271898079571E-5,9.999641416452556E-5,0.03722641281400745,2.57835036091969E-4,2.3559796564133267E-4,0.0026880420350290078,1.0,1.472041725691363E-4,0.005397734351942577,0.02575104512759401,1.3686954118553678E-4,5.438663784141302E-4,0.011006267785230617,0.0024520226963829785,0.005109944307929345,0.0018632416831175543,5.848534900686982E-4,0.00797023324785318,0.003519018790145361,0.0022130856439940855,0.01957465172924205,3.820262456393705E-5,1.272167088245532E-4,1.1735067693348952E-4,1.4326045848075207E-4,3.6915094276417754E-4,6.850377759192579E-5,9.525769827209283E-5,9.18890839615074E-5],[8.27161645670929E-4,2.585021514947243E-4,0.004685873283092747,6.919133882712185E-4,2.533699250496028E-4,7.815686840565401E-4,3.200566958376081E-4,1.9748336429875154E-4,2.454856626456266E-4,2.6428684516312896E-4,4.5542010203573067E-4,6.8733802327542E-5,2.0616869129624912E-4,0.03264976567033953,2.255650988068498E-4,3.1304592226101476E-5,1.9175420551153157E-4,0.03288502207626075,0.0021601204267668213,4.147759011464674E-4,0.005282666790474763,1.472041725691363E-4,1.0,0.019464612366269007,0.02951734351804072,2.501266963182183E-4,6.623671462079903E-4,0.0017055499647439317,0.003824768713571202,0.008610542185781838,0.00419347695570847,0.001973984611576302,0.0029603019921637143,5.095188555669822E-4,0.001271360284237545,0.013320841666312823,8.907031544294923E-5,9.451787581169006E-5,1.3323315044394286E-4,2.396549285325486E-4,0.0010720262320319937,9.315941514752324E-5,7.452428128740262E-5,2.513931280600414E-4],[0.00530192231321618,0.0022752646831268853,0.017112139888009276,0.0199193653511526,0.018003690808660117,0.0056174652806512525,0.002532050723161512,0.0045722212359548065,0.017471113463975615,0.010080617907163185,0.0047527428136812785,0.001494197602703559,0.009723729367802476,0.03774591184389906,0.00138863764959586,0.002825380479883427,0.011651068970562799,0.03911955377380818,0.004602653326903495,0.01932149485890088,0.01514276735757483,0.005397734351942577,0.019464612366269007,1.0,0.02992624377479789,0.009022479826432839,0.019238047702353135,0.01950178717199309,0.012726730297806337,0.018645940216565463,0.005473970777214808,0.005823531335987885,0.018750054074340786,0.017359848724551465,0.007126099310374628,0.02686919471348589,0.010888084266455522,0.0012868429991298022,0.01829902470213773,0.01818695875970207,0.01640049141601581,0.015271135626183924,0.013320418231617719,0.018304891785602323],[0.014405522060472662,0.029361127198732406,0.014238441491722025,0.022808387748925123,0.0039651179662766045,0.02602266829323706,0.004124688676587285,0.010524880924744798,0.0029958963722041027,0.00564001808308121,0.020873822935489096,0.022952206844369227,0.0047096449205451,0.04074576104159226,0.022446764682638808,0.01916418055363293,0.02297185586797179,0.036188378072772004,0.022136434421736403,0.026857458616233287,0.015506138092192482,0.02575104512759401,0.02951734351804072,0.02992624377479789,1.0,0.018253971797939986,0.01630511635391042,0.031796394699947314,0.009531624722427948,0.02519078829710564,0.02184499864911208,0.009694308062866083,0.01637244000254194,0.005663801640570504,0.01301994224249611,0.03304767963879221,0.014058525412142258,0.012144449544427309,0.005634489591215315,0.011113202407705388,0.00851673359668098,0.021336057592476854,0.01110963100410932,0.007096024180692052],[0.0021102290844350557,8.10951356017904E-5,0.00334851974927759,7.118379750194329E-4,1.2779682448305538E-4,4.936035982779634E-4,3.164382032026941E-4,7.432576213245059E-5,1.1500261970080187E-4,1.5487313822270922E-4,2.84104895493056E-4,1.128263200730625E-4,1.1106208988831393E-4,0.005810827934517371,4.989054415300883E-5,1.031053479988112E-4,7.315464600798963E-5,0.02602415216895434,0.0017730603981459475,3.657573280104744E-4,0.00411658129784765,1.3686954118553678E-4,2.501266963182183E-4,0.009022479826432839,0.018253971797939986,1.0,3.7219302179751767E-4,0.007871750495634475,0.0030124173866537102,0.010295503055593,0.00279636447427774,0.0024362913229849167,0.0027250029040140848,7.980864907523189E-4,0.00501228757981787,0.006637059408752933,1.1123363479345163E-4,2.526755262713033E-5,1.181310457104759E-4,1.3117721738818803E-4,1.3540498180862284E-4,7.02720927840044E-5,1.0628537775719409E-4,1.1363631237797651E-4],[0.002238745517666157,0.0010685137005686399,0.0047341798495651646,0.0015808539997652269,3.697555603258587E-4,0.0010315539458676613,7.362184012617093E-4,6.817071936417467E-5,9.117563841847547E-4,6.234916710220822E-4,0.0012111954703107471,2.3866206616703374E-4,9.554098718836629E-4,0.03195954787223994,3.170869448853066E-5,0.001119792249760076,7.420923938416796E-4,0.01747600197864227,0.0020218924185597576,0.0011759695484070654,0.005952879065174095,5.438663784141302E-4,6.623671462079903E-4,0.019238047702353135,0.01630511635391042,3.7219302179751767E-4,1.0,0.0068537751786270865,0.004546592626131947,0.01777466528097028,0.0020133095568659587,0.002032982225971326,0.005186853427122714,0.00248869264788432,0.002188992066593513,0.010477816448448347,0.0010467516092157896,3.94519178874688E-4,9.980488142672381E-4,7.860070910388246E-4,0.0011633172496435984,2.5033653264625055E-4,0.0011136545757902247,2.2719728631518234E-4],[0.009039963815133428,0.0038646658042203828,0.011422508692257052,0.006146445703755377,0.01251294915905698,0.011969447125978716,0.012848728977286044,0.012122990001960536,0.013560730247798403,8.351533040495136E-4,0.0015479259780921055,0.006267399910964146,0.012939452006694474,0.028781515358086346,0.010747770764985575,0.011622352101516222,0.004723187338427602,0.02933178377522077,0.006077638629980951,0.0019151358614293403,0.014237588860144531,0.011006267785230617,0.0017055499647439317,0.01950178717199309,0.031796394699947314,0.007871750495634475,0.0068537751786270865,1.0,0.006057101972847579,0.016309901435727605,0.005324705196215291,0.015045813332215493,0.015053175568854214,0.011728852578810203,0.007760342097101799,0.017976158608744124,0.007894399182340915,0.008596478567296869,0.010010061352481227,0.006035968389827197,0.011676025584486036,0.0033593014538527894,0.005553933157363536,0.004457892849898438],[0.004275550473790206,7.465385463101701E-4,0.009814184604270103,0.003959025576708578,0.0020524432958880868,0.0023517112444775548,0.00321444772551738,0.004466635455898508,3.85251483409032E-4,0.003687746404992841,0.001316346239197089,0.003246914534935929,0.003950815863503402,0.04201501702716191,0.0012445668165739646,9.80587889005225E-4,0.0030387263315286893,0.008770079008852894,0.004424984206099039,0.0020894884848914326,0.011336784313710574,0.0024520226963829785,0.003824768713571202,0.012726730297806337,0.009531624722427948,0.0030124173866537102,0.004546592626131947,0.006057101972847579,1.0,0.007704418043219672,0.004318490108494766,0.003908819930945981,0.012110201396423548,0.00435816369895019,0.005271663085252241,0.025780171024223333,0.0019235309862171552,0.00229843470958017,0.0026881576783367826,0.0033832691976319745,0.0033134785564279453,0.0028308436779043173,0.002776882905358484,0.0029110779076882503],[0.015591024577298619,0.009054867227817454,0.01589341585333844,0.014354116885551526,0.010568532482824786,0.00779118164254853,0.013317571829803478,0.01799504012168472,0.005528302362909009,0.009848246511845493,0.010573587157526754,0.004010908952172543,0.01796475962553726,0.03760659227461015,0.008115272764660262,0.014487850538279544,0.0076109990861495756,0.03212736605701685,0.0037068988467357736,0.0014379900862621343,0.013812860209017713,0.005109944307929345,0.008610542185781838,0.018645940216565463,0.02519078829710564,0.010295503055593,0.01777466528097028,0.016309901435727605,0.007704418043219672,1.0,0.009111214302775183,0.006889503663505629,0.016498195969446815,0.010456868856695974,0.015313467378234852,0.03928130361698946,0.016079593835453796,0.00660256232820791,0.002988869682560502,0.013168340769586619,0.0024157708590487274,0.0076731849245972004,0.012604186871472271,0.014261290764883217],[0.004273504273504274,0.002655224726177591,0.01087014097748435,0.0022931832769390904,0.0023291268408362135,0.0031736475362616635,0.0021359092261855916,0.0030806264493752965,0.002678391573732539,9.796105008747055E-4,0.0019229825997656154,0.002732018719865973,0.004049141009274234,0.035247231667858564,0.0023056390075179415,0.0027978672863387304,0.003227535760253024,0.022394047212277134,0.0033235267202936726,0.0037119457149902336,0.006505090572954055,0.0018632416831175543,0.00419347695570847,0.005473970777214808,0.02184499864911208,0.00279636447427774,0.0020133095568659587,0.005324705196215291,0.004318490108494766,0.009111214302775183,1.0,0.0037968292121423972,0.010394440453652837,0.004056868411627967,0.004700022767118764,0.029341581512359743,0.0019904656515761124,0.0023292071142572163,0.001713756905150871,0.0029960701484508462,0.0017242764582255537,0.001105062352965309,0.0016824059174207593,0.004218540980117387],[0.0030146746868002293,3.7018119049813335E-4,0.009080836432636111,0.002307702094198823,0.001100846901584771,0.002400926768852475,0.002343310450951119,0.0013785065290557686,7.39481488122055E-4,0.002013420101332877,0.0022382653165555666,0.0014124446420772127,0.0015867788438975843,0.01172468521368724,0.0022853233040710246,0.0013768462319036392,0.0013702155806434664,0.005408882546393989,0.002301066045400694,0.0014727041939615686,0.00841014672052969,5.848534900686982E-4,0.001973984611576302,0.005823531335987885,0.009694308062866083,0.0024362913229849167,0.002032982225971326,0.015045813332215493,0.003908819930945981,0.006889503663505629,0.0037968292121423972,1.0,0.011268861453128972,0.003494049480095786,0.003597287812348625,0.03317173014796004,0.0018683887538790001,4.102026570728087E-4,6.931090775066981E-4,0.0024302885406646884,0.002430521825010239,8.616992736469941E-4,0.0011651452976895226,1.208248744478485E-4],[0.010232324574985081,0.011052475886647532,0.014086465867873633,0.012540483869600475,0.012244423030715029,0.009418315595672772,0.00791487802731045,0.008665130085269007,6.902483807601034E-4,0.003053970965628682,0.004693146964259037,0.002834073856140959,0.0034018200046882275,0.02135176682241758,0.004980498570773267,0.01271062142606129,0.012645249979018907,0.03832805675764851,0.002396987337698259,0.0030954469852498313,0.01436008972496829,0.00797023324785318,0.0029603019921637143,0.018750054074340786,0.01637244000254194,0.0027250029040140848,0.005186853427122714,0.015053175568854214,0.012110201396423548,0.016498195969446815,0.010394440453652837,0.011268861453128972,1.0,0.013689582920013675,0.00842568111834413,0.0281501659201321,0.01469354139328232,0.012994391991331913,0.013016793282667792,0.011827271136274211,0.009641174595804143,0.006493775214737737,0.008809058711912492,0.014229783586606185],[0.004082791226870446,4.4656209021091865E-5,0.005852939787944621,0.0036067401814235756,0.0010282846712293863,0.0010500094173318288,0.002517158002598081,0.0025876782091758623,0.0017031310809342442,3.996647476009559E-4,0.0030595979637979215,0.0027089603817131193,0.0021195007647392835,0.038172898280057946,0.001028302355409768,0.0026382605936792437,0.0012672905546962901,0.02472778903421083,0.003093237795507285,0.0018568738268766342,0.010029460962830576,0.003519018790145361,5.095188555669822E-4,0.017359848724551465,0.005663801640570504,7.980864907523189E-4,0.00248869264788432,0.011728852578810203,0.00435816369895019,0.010456868856695974,0.004056868411627967,0.003494049480095786,0.013689582920013675,1.0,0.005211865330375947,0.01843756368786499,0.0036990812870408294,6.701490072183946E-4,7.828911113733849E-4,0.0013204445086718141,0.0011746920143264681,0.0029150195517993497,9.810217875600347E-4,0.001654611544947589],[0.004883287737397401,0.0017417048092116193,0.00814289053429858,0.0028791887294725045,0.0030610825179777004,0.004531214892140641,0.0026573419723615816,0.0015972247897757246,2.067465024779054E-4,0.0030406688755246557,0.0018585938840083465,0.0027656473537712267,0.0011181324515785298,0.011575827368362757,0.0036540387835925516,0.005224199643955754,0.004228969561747811,0.02499240682192703,0.0044780543697428,0.0019657233501998573,0.007751050023094228,0.0022130856439940855,0.001271360284237545,0.007126099310374628,0.01301994224249611,0.00501228757981787,0.002188992066593513,0.007760342097101799,0.005271663085252241,0.015313467378234852,0.004700022767118764,0.003597287812348625,0.00842568111834413,0.005211865330375947,1.0,0.009388321283264153,0.0011562438086311386,0.003201114229137898,0.0010857676292655317,7.921709243657197E-4,0.005021998618421381,0.002462925371401295,0.002760165092335369,0.0017878595747094037],[0.0397613109013665,0.02420264100021934,0.02846229916469041,0.004139622385907564,0.027156811648493758,0.03362861919006055,0.03213587504240003,0.03978455372321464,0.027559329574756715,0.03067286305115046,0.023437616477405415,0.008428452365855096,0.027066093310536457,0.04189050964251459,0.024830634138223923,0.026150525810020014,0.01119064994951894,0.04,0.008379309218641485,0.026881338896988686,0.03791008106378049,0.01957465172924205,0.013320841666312823,0.02686919471348589,0.03304767963879221,0.006637059408752933,0.010477816448448347,0.017976158608744124,0.025780171024223333,0.03928130361698946,0.029341581512359743,0.03317173014796004,0.0281501659201321,0.01843756368786499,0.009388321283264153,1.0,0.010855723279344386,0.026201014105048315,0.020948357432693798,0.014568525707229689,0.0319282651223059,0.025735907229799727,0.03548155886631064,0.025918092104394337],[0.0018749838046565115,1.6093578654252932E-5,4.013186588634193E-4,7.748668562858919E-4,8.489399629412923E-5,1.1401536592021774E-4,3.2485177052481634E-4,2.8703697501823998E-5,1.2678012334778194E-5,8.857889816896966E-5,8.536128448127968E-4,1.63195983010438E-5,9.82085064049693E-5,0.006464670916640472,2.1999806913175726E-5,1.4991266309097352E-5,1.295732216166516E-5,0.02759727328304106,0.001392971359604887,8.041353256616277E-4,0.010949227793757864,3.820262456393705E-5,8.907031544294923E-5,0.010888084266455522,0.014058525412142258,1.1123363479345163E-4,0.0010467516092157896,0.007894399182340915,0.0019235309862171552,0.016079593835453796,0.0019904656515761124,0.0018683887538790001,0.01469354139328232,0.0036990812870408294,0.0011562438086311386,0.010855723279344386,1.0,1.6660407130504487E-5,6.81503011875826E-5,3.2248958385606587E-5,2.5920046168227424E-4,1.2082401882098133E-5,2.8038294736949146E-5,2.219527326382422E-5],[0.002233683445350059,1.76657519782372E-5,0.0017594372557133491,0.0013892109081931334,2.9119972428761687E-5,5.01059260018945E-4,5.4232803298599777E-5,2.7389165185666027E-5,1.4862294261384195E-5,1.3127626825081001E-4,0.00107761892063567,1.7350648331892375E-5,7.972144111918793E-5,0.0147603128594214,1.845540506230822E-5,1.806544285037598E-5,1.3065259265948824E-5,0.02547040215634413,4.990050779193889E-4,5.760600902826709E-4,0.010851794663752046,1.272167088245532E-4,9.451787581169006E-5,0.0012868429991298022,0.012144449544427309,2.526755262713033E-5,3.94519178874688E-4,0.008596478567296869,0.00229843470958017,0.00660256232820791,0.0023292071142572163,4.102026570728087E-4,0.012994391991331913,6.701490072183946E-4,0.003201114229137898,0.026201014105048315,1.6660407130504487E-5,1.0,4.3538812613671586E-5,1.1097803975154142E-4,9.727296200128591E-5,1.355533409733187E-5,2.9522556696723136E-5,2.567178294044973E-5],[7.823816682400304E-4,1.0639516709061634E-4,0.003692004099370054,8.522384254696869E-4,2.1117202015133625E-4,1.409770537373839E-4,2.1248403214536244E-4,1.0013494822181074E-4,8.995511564705429E-5,2.4741766400769555E-4,9.095957853824113E-4,7.42207168741879E-5,1.1121716889242254E-4,0.028254532688171293,9.757532874699984E-5,7.847825854159822E-5,5.9003798788687976E-5,0.015982643205531867,0.001639968611238079,1.6074879459743697E-4,0.008997662235024042,1.1735067693348952E-4,1.3323315044394286E-4,0.01829902470213773,0.005634489591215315,1.181310457104759E-4,9.980488142672381E-4,0.010010061352481227,0.0026881576783367826,0.002988869682560502,0.001713756905150871,6.931090775066981E-4,0.013016793282667792,7.828911113733849E-4,0.0010857676292655317,0.020948357432693798,6.81503011875826E-5,4.3538812613671586E-5,1.0,1.2203624925657206E-4,8.374293773650357E-4,1.1425049424171853E-4,9.939551710487764E-5,8.795277582845747E-5],[0.003650054872719785,5.139522587152063E-5,0.0064460611184678366,0.00135893648790321,2.3308231514141043E-4,6.862265086824808E-4,1.9658200825765676E-4,6.258814442424756E-5,1.1152477513573184E-4,2.366610275719029E-4,0.001164472724837626,1.1026156730494261E-4,1.3661472527026614E-4,0.037440200272014466,9.367216415457334E-5,5.200793782757553E-5,5.981138697936953E-5,0.009070951642902492,5.28239499212909E-4,4.7187145521738983E-4,0.00336124616452796,1.4326045848075207E-4,2.396549285325486E-4,0.01818695875970207,0.011113202407705388,1.3117721738818803E-4,7.860070910388246E-4,0.006035968389827197,0.0033832691976319745,0.013168340769586619,0.0029960701484508462,0.0024302885406646884,0.011827271136274211,0.0013204445086718141,7.921709243657197E-4,0.014568525707229689,3.2248958385606587E-5,1.1097803975154142E-4,1.2203624925657206E-4,1.0,0.0010323902484252558,1.417641439711865E-4,1.2487243742709763E-4,5.605262903623617E-5],[0.002039824130271633,8.736478366411887E-4,0.0018675199899760159,0.0017733757246787113,0.0010375178131487766,0.0010858180221936901,0.0010199165663125598,3.280588346365723E-4,3.924447515207141E-4,4.302258913058666E-4,0.0012108715889258962,7.109124311190805E-4,5.169259457400544E-4,0.004806961710094577,4.789532204885596E-4,4.160571763932912E-4,1.4052634971400765E-4,0.039444804033302604,0.001320213096096244,8.571957455039095E-4,0.0019541530510386058,3.6915094276417754E-4,0.0010720262320319937,0.01640049141601581,0.00851673359668098,1.3540498180862284E-4,0.0011633172496435984,0.011676025584486036,0.0033134785564279453,0.0024157708590487274,0.0017242764582255537,0.002430521825010239,0.009641174595804143,0.0011746920143264681,0.005021998618421381,0.0319282651223059,2.5920046168227424E-4,9.727296200128591E-5,8.374293773650357E-4,0.0010323902484252558,1.0,9.831568738921203E-4,7.340743656641162E-4,8.754855209763497E-4],[0.0034956080563512478,1.1733466601973741E-5,0.004693801899285154,0.0016028160296678094,2.30512158490129E-4,1.565408260714086E-4,5.4790698527213166E-5,1.6174303332642415E-5,1.2844260171441756E-5,4.2848649818772746E-5,3.368611104799155E-4,1.4634962406895784E-5,3.809900475539395E-5,0.029824312168240077,1.690531571203241E-5,1.8348004888503733E-5,1.2276467822157023E-5,0.028477554265951773,0.001974661590001321,5.112299130399617E-4,0.012172458901531692,6.850377759192579E-5,9.315941514752324E-5,0.015271135626183924,0.021336057592476854,7.02720927840044E-5,2.5033653264625055E-4,0.0033593014538527894,0.0028308436779043173,0.0076731849245972004,0.001105062352965309,8.616992736469941E-4,0.006493775214737737,0.0029150195517993497,0.002462925371401295,0.025735907229799727,1.2082401882098133E-5,1.355533409733187E-5,1.1425049424171853E-4,1.417641439711865E-4,9.831568738921203E-4,1.0,2.0617497758300963E-5,2.0817508065528987E-5],[0.002511416309678041,3.177429132154927E-5,0.009936325980320883,0.0010081832436768018,1.4699548521397642E-4,9.534565462414887E-4,7.824152281527723E-5,3.61202339100849E-5,2.7237879505286698E-5,5.7281863364641724E-5,2.271366550262137E-4,3.227631509321486E-5,8.071473369955847E-5,0.01828974245835134,3.213823014628005E-5,2.7316011916476185E-5,3.344603896379957E-5,0.02813670292684121,0.0016340290281831008,2.468777482634411E-4,0.004516747459747246,9.525769827209283E-5,7.452428128740262E-5,0.013320418231617719,0.01110963100410932,1.0628537775719409E-4,0.0011136545757902247,0.005553933157363536,0.002776882905358484,0.012604186871472271,0.0016824059174207593,0.0011651452976895226,0.008809058711912492,9.810217875600347E-4,0.002760165092335369,0.03548155886631064,2.8038294736949146E-5,2.9522556696723136E-5,9.939551710487764E-5,1.2487243742709763E-4,7.340743656641162E-4,2.0617497758300963E-5,1.0,3.2105191269198124E-5],[0.001867945951944564,2.0981450274138946E-5,0.004769827542321295,8.09142719283762E-4,4.9981211227309455E-5,3.411636772676283E-4,3.6467134526522527E-4,3.4800234006178135E-5,1.5900777766122502E-5,2.635361025464697E-4,2.5976023164838623E-4,2.0600174146539067E-5,4.877508045803085E-5,0.019176284763752948,2.420545777037916E-5,2.2248632122702636E-5,2.2280894074111597E-5,0.016191842782152313,0.0015275204291540845,3.82133312721576E-4,0.008421709065167435,9.18890839615074E-5,2.513931280600414E-4,0.018304891785602323,0.007096024180692052,1.1363631237797651E-4,2.2719728631518234E-4,0.004457892849898438,0.0029110779076882503,0.014261290764883217,0.004218540980117387