[[1.0,0.0020696461058056555,9.150961164136663E-4,0.001235883952787834,0.0016244102053557842,1.450759908752753E-4,0.004630767725296141,0.002907172085347692,0.002414154040742862,0.0029551403000129864,0.002685214545759759,0.001009008240825647,0.002497114429488228,0.004789582056716088,0.002167064640433413,0.002576981381687363,0.003661349147410941,0.004921273458167272,0.02246430978675263,0.004151207886491454,0.0036342550259802616,0.0021421291901925444,0.0015819706645892359,0.002579748570753029,0.0028672979229289156,0.003181869598189,0.0016639199463891307,0.004329740658156645,3.6577469228244776E-4,9.675580569396747E-4,0.012277906204180785,3.6698130099069683E-4,0.0046296368120895375,0.004266463054114194,0.00301761134726855,0.011069017016002648,0.0038022250470546195,0.004387484533505026,0.001583872425355611,0.004012017768573087,0.001508524573831325,0.0014482742699669466,0.0026106755211872633,0.004654403508532233,0.004537155885762415,0.0030952141691431958,0.039993801937090186,0.005148684410730178,0.005245118637117431,8.079289295907124E-4,0.001366832885460355,0.004362081087864777,0.015515331845752227,0.00486195872095036,2.478861997692803E-4,0.004887826036128411,0.0036727653202326565,0.004661520590863133,0.09039984853523476],[0.0020696461058056555,1.0,1.6380269361756562E-4,2.360989905348896E-4,0.0010020075101561275,2.151958076553687E-4,0.0010066657880048752,1.3889458092743772E-4,0.0010435328387110782,1.7570344081328947E-4,6.619123645532092E-4,1.9201020551877238E-4,4.642308505475697E-4,2.36248726000316E-4,2.5217224178997785E-4,1.5521736948404875E-4,7.61726780460678E-4,2.1818945182035764E-4,0.006839928684254679,6.511595039127881E-4,2.3064534436950467E-4,2.1381374370687807E-4,2.7322014640922916E-4,4.0446272700409404E-4,9.123103911589249E-4,1.4335810713357716E-4,3.946624165315646E-4,2.191562925527316E-4,1.595248885330835E-4,2.7220366724956446E-4,0.013002561075077393,3.4943363785176944E-5,1.3702142383295617E-4,0.0012974213396321566,7.376877726677621E-5,0.01146711861797473,7.835770035230426E-4,0.001004033610956881,1.647684806057882E-4,7.050258826499629E-4,1.2041461723355996E-4,1.9261128388912993E-4,2.688362673903572E-4,4.73004500051709E-4,8.88734768939942E-4,0.0015494067933569506,0.04301834902879997,4.3577477302089386E-5,0.003297107457333045,2.7925610391209364E-4,2.171373919583819E-4,3.228047006353219E-5,0.0014389445617961514,0.0013682332027104053,2.46475250344289E-4,0.001184589994740485,3.445488115206623E-5,2.3618371390422957E-4,0.06934612268130758],[9.150961164136663E-4,1.6380269361756562E-4,1.0,1.341047474840284E-4,1.219607986939028E-4,1.724548923337614E-5,0.0010050079189838138,1.1859923769170424E-4,0.002016601580283208,1.3542010375008264E-4,7.587540519344467E-4,1.0430454995669962E-4,2.3812152317182871E-4,1.2016084314747288E-4,4.583724386608244E-5,3.9736966833803475E-5,2.9290965340434164E-4,1.266110966403933E-4,0.01911760295732149,2.9011666486587263E-4,6.411956607225592E-5,1.168403943681812E-4,1.284018232415912E-4,8.600144840492505E-4,0.0012520880430913594,9.664741308066086E-5,1.51858185961822E-4,4.419290252933996E-5,1.0428377181687704E-4,4.327055043493373E-5,0.009798336897847959,5.256872360900552E-5,7.699024768377619E-5,0.0011664564889840596,9.727069341204105E-5,0.008764424815014032,0.0010365706669319035,8.747285757755829E-4,1.0370791407877432E-4,0.0013034109528310626,3.6481702544837686E-5,1.1872188994950616E-4,7.826230521474374E-5,0.00299567791741623,0.0031006113907253684,0.0011098231478814341,0.03201543468400542,4.453316526073781E-5,0.005609049045443186,1.1566766731022653E-4,9.798276350672121E-5,9.465380131957721E-5,0.009560529614069812,5.844676945023737E-4,1.331978240608322E-4,3.2973570147313224E-4,6.134530433463811E-5,1.4773561870573348E-4,0.09525241088757988],[0.001235883952787834,2.360989905348896E-4,1.341047474840284E-4,1.0,4.155624974468303E-4,7.235056592862023E-5,8.059777487687966E-4,1.3726347921781657E-4,9.26305863136161E-4,1.459446937316709E-4,0.002021304503726776,1.6108388647874245E-4,1.7313365859674036E-4,1.4703001574079488E-4,1.0553496555432653E-4,1.0005760394307258E-4,5.812834280628868E-4,1.5658907687112348E-4,0.018271194497986067,1.5679522978203462E-4,1.1984910441026769E-4,1.4236473778763946E-4,2.594186055422736E-4,8.104661240607897E-4,0.001756305339308649,1.3370393703316974E-4,2.132400410543433E-4,9.695481537897017E-5,1.1683455069242344E-4,9.179236981300618E-5,0.011705479525822222,9.938852552561821E-5,8.958682024726438E-5,0.0016157904243889606,1.048034330942259E-4,0.012545823689884512,4.961656599462519E-4,8.673695431506231E-4,1.1504421981567459E-4,0.0014310680884177863,7.537196473730067E-5,1.4960485172061565E-4,1.1425339642382368E-4,6.012586826481489E-4,0.0027261578643361824,0.0015693491406190507,0.0395599351459121,5.889879334848803E-5,8.289563951411498E-4,2.6715491491791733E-4,1.249004233473247E-4,1.0508796026705786E-4,0.012914861571035843,9.429143007834445E-4,1.4510236746539018E-4,0.0012885384254154898,1.1479702989179339E-4,1.451021576112439E-4,0.030199452882776052],[0.0016244102053557842,0.0010020075101561275,1.219607986939028E-4,4.155624974468303E-4,1.0,2.151475319748414E-4,0.0011430898603044825,0.001117532221090268,0.001890296149479642,3.633759000211132E-4,0.001960455003585121,2.1155364791492292E-4,0.0011825756974900316,2.7421382408419524E-4,1.1947014961733926E-4,5.551222594612996E-4,0.0010731267690780198,7.451301911782808E-4,0.0023415606772954883,0.0010578021592638227,1.2981871155499165E-4,8.825922216391022E-4,9.183121421736649E-4,0.0011592093128191692,0.0013655410538461858,3.8843594759832E-4,6.101798310508177E-4,9.124444765781918E-4,2.0977610439466637E-4,1.075772484919968E-4,0.007410850108085021,5.697383645195519E-4,4.6023677164985257E-4,0.0018277480654996028,2.9611003383140587E-4,0.010924680882066077,0.001095379531385081,0.001090608290160393,8.391149417985074E-4,0.0018954831358684076,5.137985610234872E-4,7.061349047641013E-4,1.695968699065172E-4,0.0019247554565810683,0.0013847281106909566,0.0019160096614718744,0.004854486009481545,7.319117421919527E-4,0.005369294879125837,5.155526165297638E-4,9.059704762953592E-4,8.884830052186467E-4,0.010014227585810982,0.0014361106056473946,8.022593872769781E-4,0.0012483312219897578,4.547937995868249E-4,1.5882857305164186E-4,0.0915480373037594],[1.450759908752753E-4,2.151958076553687E-4,1.724548923337614E-5,7.235056592862023E-5,2.151475319748414E-4,1.0,1.8102850383379268E-4,1.3091244108877635E-4,0.0019185672369965083,7.422370468460883E-5,0.0016940289259693895,1.6686936171649377E-4,9.757614915290336E-4,1.4745540015292195E-4,1.0809674762856774E-5,3.310250207153366E-5,5.766670557311223E-4,9.489022583876114E-5,0.01123845606663524,7.577249816886864E-4,1.1842754669914049E-5,7.356645152064553E-5,1.779251037909767E-4,7.205207310590958E-4,0.0018827463642925744,1.768105291860959E-5,3.5529313406988043E-4,1.5156064089896244E-5,3.569218197001786E-5,1.6917180096284126E-5,0.013379620040642413,1.2608173142289392E-5,1.0465629388206431E-5,0.00248035219043878,2.7912378070176755E-5,0.0074692819869924985,8.448647324433585E-4,6.951902330101649E-4,9.804423064740604E-5,0.0018858473014156333,1.0436578489481893E-5,5.733224071938037E-5,3.643703216605848E-5,0.001818508858678232,0.004126899130941772,4.503277533405833E-5,0.04399731340487124,1.1662137606436612E-5,0.005474835111100727,2.0583914897417393E-4,2.0954616371168887E-5,1.0169080633890038E-5,0.009458299883941477,4.440730181543891E-5,8.677506119172962E-5,0.0011225495540394038,1.2542340132193088E-5,9.361787303011579E-5,0.05457675795336965],[0.004630767725296141,0.0010066657880048752,0.0010050079189838138,8.059777487687966E-4,0.0011430898603044825,1.8102850383379268E-4,1.0,3.092869258303622E-4,0.002071759677443159,8.943666552988222E-4,0.001607777602305912,0.0011223038079718856,0.001181131758806204,7.263156300937191E-4,9.32005396299497E-4,8.497240116841785E-4,0.0010613767347011852,2.4167103598464397E-4,0.02276469746636091,0.0010742290138174627,1.7732248770454433E-4,0.001124368897743766,6.429463993313821E-4,0.0012122272819683588,0.0019044935441399791,5.031538204092603E-4,5.775311734457217E-4,5.008637099307618E-4,7.425874224988095E-4,1.4872457733542733E-4,0.013310616205933296,3.3612290004683763E-4,4.332221462966956E-5,0.0024517755045724027,2.0079403771486033E-4,0.011469192271977836,0.001138117001935309,0.0011160246884308468,9.203286057003268E-4,0.0015365540408810163,3.4167108103494095E-4,4.612445412239827E-4,6.366543364349107E-4,0.0024380650957156165,0.0026949334202670955,0.0011924000139703604,0.006593085054556684,0.001012160182886285,0.0035051884967728063,4.889564588286298E-4,4.675578220498296E-4,6.770278530394449E-4,0.011024950777911735,0.0014279407753465688,3.9911268171909054E-4,0.0013125649606048802,4.0725213036794613E-4,0.0010706519660772817,0.04622616706228415],[0.002907172085347692,1.3889458092743772E-4,1.1859923769170424E-4,1.3726347921781657E-4,0.001117532221090268,1.3091244108877635E-4,3.092869258303622E-4,1.0,0.0021451447277191765,1.3882765040005145E-4,0.0011941933789842338,1.6079234291147915E-4,9.280661693658662E-4,1.416577455474564E-4,9.092882827695388E-5,9.864575685632269E-5,7.159542653800839E-4,1.7838324365557288E-4,0.010641864300254203,2.686592993502547E-4,3.5483817523339205E-5,1.3490900496882882E-4,2.452212229666484E-4,3.928326750885658E-4,0.002750731570905652,1.2669402278375573E-4,2.1824367984100848E-4,2.2483841078244027E-5,1.301683891890285E-4,4.886283300776617E-5,0.012079012832080523,1.1954275158680149E-4,7.31397607182255E-5,0.0010718343380957103,1.0558627550960514E-4,0.0020779404169922627,7.632977837448267E-4,6.799886707562318E-4,1.1780128307083508E-4,5.673168746126347E-4,9.168792849664841E-5,1.6027692589998206E-4,1.0684890502162132E-4,0.0023425449478274678,7.894242880992716E-4,0.0014087501281722548,0.047564864930465765,2.222704879691947E-5,0.002396127611773497,2.597421117225408E-4,9.809885379044708E-5,4.2312896692399204E-5,0.015428240525970745,0.0011292792851359344,1.5427904555868153E-4,0.001008504820884994,1.0912807496682341E-4,1.4967553043157534E-4,0.04418247613103665],[0.002414154040742862,0.0010435328387110782,0.002016601580283208,9.26305863136161E-4,0.001890296149479642,0.0019185672369965083,0.002071759677443159,0.0021451447277191765,1.0,0.0017540025534673006,0.0022484653219570234,0.0017256698271017668,0.0018003126464767214,3.2714400274476527E-4,2.4814179014288147E-4,0.0015753274863794437,0.0017862719937730108,0.0011711481466037254,0.02364543759961001,0.0011580821595322693,0.0019378976660266347,0.0018261180587587978,0.0017159546487208006,0.0018923036210562322,0.0025112272638247364,3.5001394208248763E-4,7.187982989974703E-4,0.002134101506602018,0.001785331589832261,0.0014918844443066427,0.004995977671585211,0.001999762683519848,0.0010005824059516075,0.0026602814716659958,5.472499812522787E-4,0.00502970568506499,0.0021023256427844276,0.0021201481310969394,0.0018122756878590682,0.0021879963263634616,0.002052083556710247,9.752689164619654E-4,0.0016075489078300111,0.002838403558691969,0.004209621362570574,0.0020785942132388467,0.01182443099088898,0.001626781294844724,0.004097822007406349,9.459044107225747E-4,6.804286319729223E-4,0.0014452516384808923,0.0064098081689161705,0.0021380547703228744,0.0013195019438646668,0.0016066019549960428,2.9209012638911624E-4,6.70284409333064E-4,0.07467506180901082],[0.0029551403000129864,1.7570344081328947E-4,1.3542010375008264E-4,1.459446937316709E-4,3.633759000211132E-4,7.422370468460883E-5,8.943666552988222E-4,1.3882765040005145E-4,0.0017540025534673006,1.0,0.0011063302659121135,1.785715842634857E-4,4.422783059850036E-4,1.5353161143196145E-4,4.699192075239176E-5,1.3260012134986838E-4,6.408977161949195E-4,1.8039779085514732E-4,0.020417636657897788,5.812130318520964E-4,1.49151114988959E-4,1.5124910141425877E-4,1.5274238582063248E-4,9.197954085543949E-4,0.0024191879295598364,7.79550272277086E-5,3.7910886868689576E-4,1.2534686396427274E-4,1.1684820956889372E-4,9.751346428837672E-5,0.0015215282188765994,1.0611283627883465E-4,5.5802550655470635E-5,0.0026997252443436053,9.660835359850125E-5,0.00535884066115836,5.744718476398382E-4,8.399872190310929E-4,1.3186549898687986E-4,6.47586677148907E-4,3.134383789624216E-5,1.6148266346435497E-4,1.2276226654954725E-4,0.001082193632437992,3.1351507079004147E-4,0.0012597539609596792,0.02483914342739938,7.971489949901705E-5,0.004760173253338237,2.523514639140291E-4,8.213929741571788E-5,1.1962308044489733E-4,0.0012171943448568304,0.0014095883574813046,1.5167152454657667E-4,0.0010783779426408395,1.1818937201181375E-4,1.511116319207059E-4,0.09538843132511414],[0.002685214545759759,6.619123645532092E-4,7.587540519344467E-4,0.002021304503726776,0.001960455003585121,0.0016940289259693895,0.001607777602305912,0.0011941933789842338,0.0022484653219570234,0.0011063302659121135,1.0,0.0020812145966396206,0.0012770436893729256,0.0013482692075904709,2.9672626759070353E-4,8.830714387943864E-4,0.0019497748230116923,0.0014969316819415353,0.019430564427885877,0.0015067569330784038,2.614909168149257E-4,0.0022733088195446127,0.0016757399250483564,0.00171728347623592,0.002341388856164113,0.001882311196036295,0.0015164963392412026,0.0010975841421846965,9.531388375445432E-4,1.5749523056358681E-4,0.0060428717366547095,3.699209928703458E-4,0.0011528737030782053,0.0029410945647382605,0.0018984183260626827,0.011557946272699564,0.0012637371060447902,0.0016644230526196273,7.231159898291305E-4,0.0022031244464961602,3.784184465428976E-5,8.833866205361409E-4,0.001988366249665804,0.0023852360353316,0.0037395930517842195,0.0022679744053533354,0.04901782769723317,6.657150893496309E-4,0.005658394899699659,0.002022214763228865,9.558025826236689E-4,0.0010872035766748475,0.013206616299669249,0.002073406162802968,0.002142561277575461,0.0017839276662958347,0.0011130188067432964,0.0012144014195881072,0.019899770437792813],[0.001009008240825647,1.9201020551877238E-4,1.0430454995669962E-4,1.6108388647874245E-4,2.1155364791492292E-4,1.6686936171649377E-4,0.0011223038079718856,1.6079234291147915E-4,0.0017256698271017668,1.785715842634857E-4,0.0020812145966396206,1.0,3.6158563485513037E-4,1.633603098274629E-4,3.3951316609994624E-5,1.2220720005330695E-4,3.9078818612029944E-4,1.876532500967957E-4,0.004788495029849675,5.610482239459222E-4,1.7724031227016709E-4,1.8101699564361122E-4,1.9058454779330664E-4,7.993845430037389E-4,0.0017772089880200039,1.8574887714511304E-4,3.363653199359301E-4,8.024792164414598E-5,1.2403236156799025E-4,4.871036322550889E-5,0.010725719289328564,1.351982000650269E-4,2.312282665613409E-5,3.36156358242718E-4,1.7056453051794826E-4,0.007821671412010279,6.790041671470049E-4,9.013479450779096E-4,1.423635300280357E-4,4.4476056244629656E-4,1.314436606650567E-4,1.8648159926648494E-4,1.146802669718472E-4,3.8959473430935686E-4,7.016804966907225E-4,8.939834183164403E-4,0.003796626840774919,1.397237287269142E-4,0.004318796769596563,2.425520835610417E-4,1.327818766193725E-4,9.849180407008745E-5,0.008790499673612208,0.0012446554804065669,1.74313185173953E-4,7.327167449328539E-4,1.4616767646154886E-4,1.7845852765077446E-4,0.0074435844544774015],[0.002497114429488228,4.642308505475697E-4,2.3812152317182871E-4,1.7313365859674036E-4,0.0011825756974900316,9.757614915290336E-4,0.001181131758806204,9.280661693658662E-4,0.0018003126464767214,4.422783059850036E-4,0.0012770436893729256,3.6158563485513037E-4,1.0,4.488434242630945E-4,6.469518317484073E-4,4.299115209937725E-4,0.001156132816214526,5.157472071928972E-4,0.010165499540907267,0.0011168452879567676,8.711198457201883E-4,7.411372822909051E-4,4.150223220739219E-4,0.0012168568092254678,0.002525847401653507,1.9775086224702566E-4,9.426367763629342E-4,0.0010504743604614084,8.182017085792284E-4,4.456293348946026E-4,0.012485338128948663,4.1531971103862385E-4,8.305518986256903E-4,0.002210713269127451,0.0011873305424180962,0.008137722202304496,0.0011387755355505463,0.001135466351084434,4.6579450906800656E-4,0.0013099705217141052,0.0010450598575887993,3.6794064770015564E-4,9.427709270640325E-4,0.0023732187683568346,0.004144139399441277,0.0014795393073753697,0.03037733661578114,3.1477450381056275E-4,0.0030712197204892104,5.034870048061986E-4,0.0011440827131936047,4.149731078612057E-4,0.005455195326030872,0.0014310045200119374,7.9833402345174E-4,0.001369896518589429,9.109787710908153E-4,3.353614520143967E-4,0.07589743009580918],[0.004789582056716088,2.36248726000316E-4,1.2016084314747288E-4,1.4703001574079488E-4,2.7421382408419524E-4,1.4745540015292195E-4,7.263156300937191E-4,1.416577455474564E-4,3.2714400274476527E-4,1.5353161143196145E-4,0.0013482692075904709,1.633603098274629E-4,4.488434242630945E-4,1.0,1.5430393859193318E-4,7.084155853744626E-5,8.370058813031268E-4,1.8472240572170928E-4,0.0038616613957083304,9.545842963282452E-4,4.511422090431055E-5,1.5827060148839787E-4,1.5738796195187936E-4,9.972023297203892E-4,0.0016545224768708797,8.637192589800587E-5,4.5066116938977433E-4,3.52544647253538E-5,1.3555899143635451E-4,3.720640016924313E-5,0.01465084952541193,1.9762317021330406E-5,7.430221301066447E-5,0.002974217806929275,1.182556377501867E-4,0.008288739291856419,5.437208345083621E-4,4.022604067525558E-4,1.4902164893152548E-4,0.001586642372794026,6.076811117358917E-5,1.6443886747530468E-4,1.5621002489268985E-4,0.0022355522218215685,0.0019054318583923875,6.704385582412331E-4,0.01699277204255357,5.226438981301693E-5,0.004471646184600345,2.3971508899291904E-4,1.1361893810068812E-4,1.1028839575525192E-4,5.326795549964196E-4,6.516987349502212E-4,1.6160461295594797E-4,2.712650287134028E-4,6.565647088821802E-5,1.5310708264885606E-4,0.09376923883413493],[0.002167064640433413,2.5217224178997785E-4,4.583724386608244E-5,1.0553496555432653E-4,1.1947014961733926E-4,1.0809674762856774E-5,9.32005396299497E-4,9.092882827695388E-5,2.4814179014288147E-4,4.699192075239176E-5,2.9672626759070353E-4,3.3951316609994624E-5,6.469518317484073E-4,1.5430393859193318E-4,1.0,3.400348907064324E-5,3.789797280304757E-4,1.8539606894279578E-4,0.00904728289205325,2.9192967156158457E-4,1.7553632116946087E-5,8.063468103234555E-5,1.5643704079959013E-4,9.044533447559735E-4,0.002704349908431165,1.491017390696567E-5,3.626865138237675E-4,1.978143632098815E-5,6.829570565341237E-5,1.60616896218377E-5,0.0026415387099942445,1.3306953777156586E-5,1.4276921483335034E-5,0.0022702968811558234,2.748740836140732E-5,0.004138225205454808,9.561242327682496E-4,4.262486644505046E-4,1.044725641110851E-4,5.597998906740147E-4,1.382034513495428E-5,4.4207085685912635E-5,1.6203463204735084E-5,0.002874980867026318,0.0010818207670507038,9.594857777479281E-4,0.04401909064970193,1.333473363843638E-5,0.005095054944076933,2.5786530149329585E-4,2.735844121062166E-5,1.4838016931419018E-5,0.012800256298305036,8.864942329640123E-4,1.302243320885831E-4,8.360593927954445E-4,1.552880597150029E-5,5.095130801818177E-5,0.0015525116982712018],[0.002576981381687363,1.5521736948404875E-4,3.9736966833803475E-5,1.0005760394307258E-4,5.551222594612996E-4,3.310250207153366E-5,8.497240116841785E-4,9.864575685632269E-5,0.0015753274863794437,1.3260012134986838E-4,8.830714387943864E-4,1.2220720005330695E-4,4.299115209937725E-4,7.084155853744626E-5,3.400348907064324E-5,1.0,2.654537726848368E-4,1.8272779961047672E-4,0.020347729266539796,9.525764059168683E-4,3.10722199130031E-5,4.400433274675117E-5,6.796647501717417E-5,7.584355672609037E-4,0.0019738735889855315,3.531456118939555E-5,3.196515802009954E-4,2.1391814161577588E-5,7.98887243266177E-5,3.5134139232416035E-5,0.001074035456920045,3.496633217096091E-5,2.1061158430106294E-5,0.0015075398967229732,3.946084617718908E-5,9.541129118657751E-4,3.3779205012468273E-4,6.529285722064512E-4,9.85340866177278E-5,0.0010724885566809213,3.002489361345756E-5,5.192363642751291E-5,3.7394054266281716E-5,0.0026209049866920517,0.004085958283422108,0.0017150524477351984,0.019013044007898116,2.675536204528146E-5,8.014910710309433E-4,6.826283718764849E-5,3.7107046702769096E-5,2.69269803192734E-5,0.014545007916360804,4.967330801421062E-4,4.75887747469618E-5,0.0013156056963782173,2.7828463162475334E-5,1.2777063974764083E-4,0.08975757389864822],[0.003661349147410941,7.61726780460678E-4,2.9290965340434164E-4,5.812834280628868E-4,0.0010731267690780198,5.766670557311223E-4,0.0010613767347011852,7.159542653800839E-4,0.0017862719937730108,6.408977161949195E-4,0.0019497748230116923,3.9078818612029944E-4,0.001156132816214526,8.370058813031268E-4,3.789797280304757E-4,2.654537726848368E-4,1.0,8.754409618447155E-4,0.025898726612305297,9.415971668456988E-4,8.518187349974796E-4,3.5470084488872994E-4,5.629317863469308E-4,0.001204722215902029,0.0027513083910993396,1.077793128122798E-4,9.042007465053406E-4,1.794830808093516E-4,6.323997395463636E-4,6.547467510695683E-4,0.006119922037515269,7.853625562676299E-4,2.0330913690356454E-5,0.0029716313026657013,3.496076311964963E-4,0.009683764875909348,0.0010109677329987684,9.235512899867111E-4,7.038795829956712E-4,0.0014674576725657565,9.038283450254201E-4,7.183457682625015E-4,4.1198847248691495E-4,0.002019588489006841,0.002424410372252734,0.0018591035179740226,0.011927386750045345,4.404045161693342E-4,0.003376112582506886,7.306381399767923E-4,6.096402370229873E-5,5.822819012722775E-4,0.014970062013890138,0.001405783272270877,3.951732145957823E-4,9.621379281602366E-4,5.277268745919743E-4,1.6131303978996077E-4,0.036839726343709925],[0.004921273458167272,2.1818945182035764E-4,1.266110966403933E-4,1.5658907687112348E-4,7.451301911782808E-4,9.489022583876114E-5,2.4167103598464397E-4,1.7838324365557288E-4,0.0011711481466037254,1.8039779085514732E-4,0.0014969316819415353,1.876532500967957E-4,5.157472071928972E-4,1.8472240572170928E-4,1.8539606894279578E-4,1.8272779961047672E-4,8.754409618447155E-4,1.0,0.0010757039778842075,0.0010317026304862708,1.2885021892962474E-4,1.7477131026552798E-4,2.1354456902607607E-4,9.80997141098113E-4,0.0011823740062402973,6.563353257111355E-5,3.018350724196682E-4,4.2516898872439064E-5,1.6895551916648507E-4,1.8699446716701195E-4,0.005453751700705273,1.5017510898555163E-4,1.5520132734531312E-4,0.0027426854138526205,1.1877461340707761E-4,0.012764772058487086,6.104541614690254E-4,7.597541135517941E-4,1.3646783301612744E-4,0.0014515544037941924,1.7293692459305153E-4,1.8398375571190107E-4,1.1534359140317579E-4,0.001107387845456731,0.0036495577197732288,6.423573848219303E-4,0.02260671512601823,4.200584294149348E-5,0.003372267724586751,1.9115210505507907E-4,1.0442255173029826E-4,8.275060568943562E-5,0.010988944379393528,0.0013846190191004028,1.8721928369081528E-4,0.001023912839997142,1.9215124815835772E-5,1.5912559514577699E-4,0.05852313931197612],[0.02246430978675263,0.006839928684254679,0.01911760295732149,0.018271194497986067,0.0023415606772954883,0.01123845606663524,0.02276469746636091,0.010641864300254203,0.02364543759961001,0.020417636657897788,0.019430564427885877,0.004788495029849675,0.010165499540907267,0.0038616613957083304,0.00904728289205325,0.020347729266539796,0.025898726612305297,0.0010757039778842075,1.0,0.00659540347159692,0.0025515637954882696,0.006743111536625565,0.017294527190869078,0.025113102496028758,0.011391423150856424,0.002631672355344331,0.008701272956849117,0.006701193000474864,0.0011623261639686388,0.019776113976346908,0.02281813717663469,0.015602896391951147,0.012498928069351462,0.01001691622247589,0.020143596950492868,0.01793748580696558,0.01632004037770803,0.013839481939887495,0.018186042130058856,0.023199244526876692,0.012186616075997667,0.017901739041614736,0.02112465984101424,0.014268163185418918,0.005686972074100949,0.019798354955067838,0.048775517622768785,0.010400552804425972,0.010071092076398794,0.015246732657972613,0.014667202412524777,0.004012008449943855,0.018264056755605454,0.012469995974947723,0.0026887440773437103,0.0014106478712694246,0.025162533170993068,0.016628959407509,0.06900513258571292],[0.004151207886491454,6.511595039127881E-4,2.9011666486587263E-4,1.5679522978203462E-4,0.0010578021592638227,7.577249816886864E-4,0.0010742290138174627,2.686592993502547E-4,0.0011580821595322693,5.812130318520964E-4,0.0015067569330784038,5.610482239459222E-4,0.0011168452879567676,9.545842963282452E-4,2.9192967156158457E-4,9.525764059168683E-4,9.415971668456988E-4,0.0010317026304862708,0.00659540347159692,1.0,3.479343431831241E-4,6.094447130028682E-4,3.816083465838067E-4,0.00108505054403883,0.0012478075994482103,5.278599213934713E-4,5.856717599346324E-4,2.6441898888137353E-4,8.080318894028805E-4,9.017975218350251E-4,0.008246940996589552,9.093771396668778E-4,2.1731987257235985E-4,0.002589803053607009,8.541641408510087E-4,0.002930873264473161,0.001054545952597256,0.001047221958897065,6.488643305046128E-4,0.0016706758399147757,1.4364333526736755E-4,9.518185896277901E-4,2.2158227292000366E-4,0.0025337824517566356,0.0021277732764958283,0.0012204721385680568,0.02083927962270174,3.64887960045302E-4,0.0038055177425355864,8.156925588572786E-4,9.039006164258734E-4,2.157577312820918E-4,0.011397699148674039,0.0012950064019213038,8.374026890587284E-4,0.0010940722358499173,9.355941047426499E-4,5.961024125528285E-4,0.03090178035777454],[0.0036342550259802616,2.3064534436950467E-4,6.411956607225592E-5,1.1984910441026769E-4,1.2981871155499165E-4,1.1842754669914049E-5,1.7732248770454433E-4,3.5483817523339205E-5,0.0019378976660266347,1.49151114988959E-4,2.614909168149257E-4,1.7724031227016709E-4,8.711198457201883E-4,4.511422090431055E-5,1.7553632116946087E-5,3.10722199130031E-5,8.518187349974796E-4,1.2885021892962474E-4,0.0025515637954882696,3.479343431831241E-4,1.0,9.021039500020775E-5,9.846019098006912E-5,2.684103365704278E-4,0.001142109672188446,2.6021750655971742E-5,3.595628517386964E-4,2.8972465413940243E-5,8.557782305926659E-5,3.088406042111623E-5,7.50996995024484E-4,1.9851459259014373E-5,1.297716567702226E-5,0.00295839027058231,3.860696505731883E-5,0.0111588515188729,4.043448153496602E-4,3.782350456231526E-4,3.3448620460082254E-5,7.227105785727662E-4,1.816139330793104E-5,3.4192605215967986E-5,4.3519016173455426E-5,2.5252210580599036E-4,1.5791237284418176E-4,4.638298344183773E-4,0.027845043685190144,2.449453185678592E-5,0.002698544991846244,7.371656339444298E-5,3.317831753987053E-5,2.969258458116538E-5,0.011132802327313531,0.0012502061048882461,9.662435588385133E-5,0.0012279848784888948,2.5364351389476E-5,1.2776006385831312E-4,0.05864124370856011],[0.0021421291901925444,2.1381374370687807E-4,1.168403943681812E-4,1.4236473778763946E-4,8.825922216391022E-4,7.356645152064553E-5,0.001124368897743766,1.3490900496882882E-4,0.0018261180587587978,1.5124910141425877E-4,0.0022733088195446127,1.8101699564361122E-4,7.411372822909051E-4,1.5827060148839787E-4,8.063468103234555E-5,4.400433274675117E-5,3.5470084488872994E-4,1.7477131026552798E-4,0.006743111536625565,6.094447130028682E-4,9.021039500020775E-5,1.0,1.757617233511987E-4,8.465553590844427E-4,6.445911400367348E-4,1.1767457570954121E-4,2.459101864359196E-4,1.367199771634622E-4,1.1278166923620143E-4,5.266654951118104E-5,0.0032961955449827625,8.901987161117733E-5,1.513802529756524E-4,0.0012307660925398476,1.0219312532374765E-4,5.949140858668177E-4,3.113699477546039E-4,6.205153024866616E-4,1.229609328764544E-4,0.0014792827221045879,1.8365837839776542E-5,1.645768989769579E-4,1.2917678465265838E-4,0.0028922791491736094,0.0013020469066437911,0.0014016559544650761,0.03706524415573538,5.286852146042511E-5,0.0015254206518186492,2.90892739286818E-4,1.2962803107675032E-4,1.4902564960970463E-4,0.00801046227507266,5.75925271630335E-4,1.6260016623801884E-4,8.086593051225436E-4,9.137485522096755E-5,1.5496227907829265E-4,0.09686054721794722],[0.0015819706645892359,2.7322014640922916E-4,1.284018232415912E-4,2.594186055422736E-4,9.183121421736649E-4,1.779251037909767E-4,6.429463993313821E-4,2.452212229666484E-4,0.0017159546487208006,1.5274238582063248E-4,0.0016757399250483564,1.9058454779330664E-4,4.150223220739219E-4,1.5738796195187936E-4,1.5643704079959013E-4,6.796647501717417E-5,5.629317863469308E-4,2.1354456902607607E-4,0.017294527190869078,3.816083465838067E-4,9.846019098006912E-5,1.757617233511987E-4,1.0,3.6229513699066295E-4,0.002424727956702532,1.381896571451477E-4,4.299147899369948E-4,1.0464147597286022E-4,1.4396573086821574E-4,1.4726874328987798E-4,0.012519667143064869,1.1068831053749412E-4,2.1570493179524515E-4,0.0024874099616012907,9.242720018547905E-5,0.0018152168925810988,9.204966212704871E-4,5.73150255526121E-4,1.4750371316199777E-4,0.0017760635903811253,2.71009754869407E-4,1.8341542368767883E-4,1.61541827397232E-4,0.0022647886359945016,4.4952542472945385E-4,3.7643333803214624E-4,0.024885219798705505,1.8333713846036538E-4,0.0015908938141101934,2.900163784031711E-4,1.7350251254260172E-4,1.3265882422228283E-4,0.014290818584029363,0.0010258306594455268,2.658904043141273E-4,7.47536232981804E-4,2.5956928053330846E-4,1.873574227954978E-4,0.08177721353937484],[0.002579748570753029,4.0446272700409404E-4,8.600144840492505E-4,8.104661240607897E-4,0.0011592093128191692,7.205207310590958E-4,0.0012122272819683588,3.928326750885658E-4,0.0018923036210562322,9.197954085543949E-4,0.00171728347623592,7.993845430037389E-4,0.0012168568092254678,9.972023297203892E-4,9.044533447559735E-4,7.584355672609037E-4,0.001204722215902029,9.80997141098113E-4,0.025113102496028758,0.00108505054403883,2.684103365704278E-4,8.465553590844427E-4,3.6229513699066295E-4,1.0,0.0024957995246424934,2.1915141500205093E-4,0.0011940141374531163,6.036647689593298E-4,2.8405173670435524E-4,9.097520416945236E-4,0.004302808303714328,8.057913216711157E-4,6.338294117508428E-4,0.0012939395182440363,3.4968345938434566E-4,0.0019004670450151206,0.0010677849661975293,0.001175133196650777,8.207550697406389E-4,0.0015701873187272644,6.729059881892992E-4,3.7296966473680923E-4,6.743725307067708E-4,0.001420842414111129,0.0017458238819969218,0.0018141117978902324,0.024671879026149653,6.508647490903361E-4,0.004753630188718149,7.036598648898886E-4,2.616848463183901E-4,6.780132980773755E-4,0.015053796780871518,0.001457562339585061,3.251229828959769E-4,0.001298011355724543,3.3831294690311376E-4,5.755656079433586E-4,0.058252617776862234],[0.0028672979229289156,9.123103911589249E-4,0.0012520880430913594,0.001756305339308649,0.0013655410538461858,0.0018827463642925744,0.0019044935441399791,0.002750731570905652,0.0025112272638247364,0.0024191879295598364,0.002341388856164113,0.0017772089880200039,0.002525847401653507,0.0016545224768708797,0.002704349908431165,0.0019738735889855315,0.0027513083910993396,0.0011823740062402973,0.011391423150856424,0.0012478075994482103,0.001142109672188446,6.445911400367348E-4,0.002424727956702532,0.0024957995246424934,1.0,0.002317812413941338,0.0015884803967918817,0.0026026296333981815,6.739832298105418E-4,0.0021196200783680156,0.012591746666983,0.0014622884609405951,0.001330991659063081,0.0029917526565875364,0.00184913267651584,0.009031155955696537,0.0018058529078981804,0.002731484134823964,6.017057738158981E-4,0.002659825408328628,9.227257312397529E-4,0.0020945153685293155,0.0014540579120469826,0.0029618679489432373,0.0038344400637069483,0.002120978587655156,0.0257458927729372,5.55675690404092E-4,0.004898775074441333,0.0023254371328002175,8.497482281356507E-4,0.0023318056004062336,0.014149136100480554,0.0018216939313752763,0.0016638071666617794,0.0023723062266403938,6.303383130459252E-4,0.0017888284638619366,0.05776232078971799],[0.003181869598189,1.4335810713357716E-4,9.664741308066086E-5,1.3370393703316974E-4,3.8843594759832E-4,1.768105291860959E-5,5.031538204092603E-4,1.2669402278375573E-4,3.5001394208248763E-4,7.79550272277086E-5,0.001882311196036295,1.8574887714511304E-4,1.9775086224702566E-4,8.637192589800587E-5,1.491017390696567E-5,3.531456118939555E-5,1.077793128122798E-4,6.563353257111355E-5,0.002631672355344331,5.278599213934713E-4,2.6021750655971742E-5,1.1767457570954121E-4,1.381896571451477E-4,2.1915141500205093E-4,0.002317812413941338,1.0,3.480844793056594E-4,2.27955052985011E-5,5.2146061643858446E-5,2.6782518739106814E-5,0.008074039744927167,2.0682441030465525E-5,1.924519347759473E-5,0.0018419381590649296,2.9444671171301975E-5,0.0033288873613231892,6.673452525269404E-4,4.337148330521571E-4,9.768623115740067E-5,5.121863123942105E-4,1.8230461046951498E-5,8.304508696321238E-5,7.254521199119E-5,7.529113931445115E-4,8.697422834585997E-5,7.182213340547077E-4,0.037945126326622544,1.3123825120360991E-5,0.0040254012091411355,1.6003473998763408E-4,2.8596710138057586E-5,2.489881549847014E-5,0.002807915854514653,0.0012253662444729181,1.54693402154395E-4,1.383567609376345E-4,2.546927453170179E-5,1.4439598021689825E-4,0.00884744109807208],[0.0016639199463891307,3.946624165315646E-4,1.51858185961822E-4,2.132400410543433E-4,6.101798310508177E-4,3.5529313406988043E-4,5.775311734457217E-4,2.1824367984100848E-4,7.187982989974703E-4,3.7910886868689576E-4,0.0015164963392412026,3.363653199359301E-4,9.426367763629342E-4,4.5066116938977433E-4,3.626865138237675E-4,3.196515802009954E-4,9.042007465053406E-4,3.018350724196682E-4,0.008701272956849117,5.856717599346324E-4,3.595628517386964E-4,2.459101864359196E-4,4.299147899369948E-4,0.0011940141374531163,0.0015884803967918817,3.480844793056594E-4,1.0,5.283800042076044E-5,1.6865675758175492E-4,4.275736531097952E-4,0.004000280424833326,2.5628547146032106E-4,3.4925124383275745E-4,0.002641785066520983,4.963513046256638E-4,0.007174176827619294,8.129665508928474E-4,5.36459516890867E-4,1.365298214118014E-4,0.00210414834058025,4.566461023583336E-4,3.3587609813382044E-4,5.058732534346428E-4,0.001762441042384118,0.0019107962422913512,6.726179922026999E-4,0.022711894185833238,1.5237013251290699E-4,6.518256047329303E-4,3.690590438697602E-4,2.688299137784968E-4,2.916976236662715E-4,0.005248786143901076,5.380560918699318E-4,2.0184416019059686E-4,6.243870005885532E-4,4.07264003776859E-4,4.208017499435022E-4,0.044258576579987954],[0.004329740658156645,2.191562925527316E-4,4.419290252933996E-5,9.695481537897017E-5,9.124444765781918E-4,1.5156064089896244E-5,5.008637099307618E-4,2.2483841078244027E-5,0.002134101506602018,1.2534686396427274E-4,0.0010975841421846965,8.024792164414598E-5,0.0010504743604614084,3.52544647253538E-5,1.978143632098815E-5,2.1391814161577588E-5,1.794830808093516E-4,4.2516898872439064E-5,0.006701193000474864,2.6441898888137353E-4,2.8972465413940243E-5,1.367199771634622E-4,1.0464147597286022E-4,6.036647689593298E-4,0.0026026296333981815,2.27955052985011E-5,5.283800042076044E-5,1.0,4.683633169291892E-5,2.7758235083789845E-5,0.0033135804489916694,1.507413241935781E-5,1.7492952655400768E-5,0.0011938300700909093,4.284309847661656E-5,0.005881531422844852,9.917781209618892E-4,0.0010235509721880426,9.060068860510608E-5,6.086296550288716E-4,1.918053946633831E-5,1.6385755558542242E-4,5.491218946087134E-5,0.002771866180290655,0.002564436474177811,0.0014322910784410566,0.004087987003524975,1.630455507585838E-5,0.005232053267238978,1.4752285003604725E-4,3.2447982594570775E-5,2.003813197115501E-5,0.01264995212924467,3.727841226609948E-4,5.2055101264783494E-5,9.510423361933398E-4,1.9510663667597997E-5,4.502790553515215E-5,0.010254195641945],[3.6577469228244776E-4,1.595248885330835E-4,1.0428377181687704E-4,1.1683455069242344E-4,2.0977610439466637E-4,3.569218197001786E-5,7.425874224988095E-4,1.301683891890285E-4,0.001785331589832261,1.1684820956889372E-4,9.531388375445432E-4,1.2403236156799025E-4,8.182017085792284E-4,1.3555899143635451E-4,6.829570565341237E-5,7.98887243266177E-5,6.323997395463636E-4,1.6895551916648507E-4,0.0011623261639686388,8.080318894028805E-4,8.557782305926659E-5,1.1278166923620143E-4,1.4396573086821574E-4,2.8405173670435524E-4,6.739832298105418E-4,5.2146061643858446E-5,1.6865675758175492E-4,4.683633169291892E-5,1.0,9.67728527366728E-5,0.014685615659872765,2.9072132217091695E-5,2.299197646441124E-5,0.0021592704256716967,7.11865291196854E-5,0.005099639753558976,2.0008526324473717E-4,2.7902022635487185E-4,1.1077731156382555E-4,0.001680075475339797,7.284637201489267E-5,1.5660914339592365E-4,9.662985133408431E-5,0.001816598228478054,0.004247057231623419,0.001319827628971113,0.021035797970699655,1.0306843003554284E-4,0.0037991433470375294,2.212845261163866E-4,6.448024228124423E-5,9.193573451104586E-5,0.013005904887633346,0.0010905242084104057,1.247569315831178E-4,9.100128072547374E-4,9.704133646310635E-5,1.195764579617169E-4,0.06234938687297679],[9.675580569396747E-4,2.7220366724956446E-4,4.327055043493373E-5,9.179236981300618E-5,1.075772484919968E-4,1.6917180096284126E-5,1.4872457733542733E-4,4.886283300776617E-5,0.0014918844443066427,9.751346428837672E-5,1.5749523056358681E-4,4.871036322550889E-5,4.456293348946026E-4,3.720640016924313E-5,1.60616896218377E-5,3.5134139232416035E-5,6.547467510695683E-4,1.8699446716701195E-4,0.019776113976346908,9.017975218350251E-4,3.088406042111623E-5,5.266654951118104E-5,1.4726874328987798E-4,9.097520416945236E-4,0.0021196200783680156,2.6782518739106814E-5,4.275736531097952E-4,2.7758235083789845E-5,9.67728527366728E-5,1.0,0.010595642776801719,2.0359766033315457E-5,2.602674749973546E-5,0.0023207735986605603,3.370204053850807E-5,0.0034120755890744664,2.3748117185910924E-4,2.986115753854418E-4,9.749299016117414E-5,5.337531362004978E-4,2.020339622248893E-5,9.306940824552317E-5,6.943790248482519E-5,2.2707625703116896E-4,7.355366851226582E-4,8.871159295494263E-4,0.04632431179320353,2.219934503078315E-5,0.004595014982714472,1.766944473083307E-4,3.407153629245885E-5,2.6635974182870103E-5,0.010376588053215481,2.744339016515013E-4,1.1751780248755557E-4,0.0010963226804535289,2.8833864700869833E-5,5.3019858775683786E-5,0.005173230989308682],[0.012277906204180785,0.013002561075077393,0.009798336897847959,0.011705479525822222,0.007410850108085021,0.013379620040642413,0.013310616205933296,0.012079012832080523,0.004995977671585211,0.0015215282188765994,0.0060428717366547095,0.010725719289328564,0.012485338128948663,0.01465084952541193,0.0026415387099942445,0.001074035456920045,0.006119922037515269,0.005453751700705273,0.02281813717663469,0.008246940996589552,7.50996995024484E-4,0.0032961955449827625,0.012519667143064869,0.004302808303714328,0.012591746666983,0.008074039744927167,0.004000280424833326,0.0033135804489916694,0.014685615659872765,0.010595642776801719,1.0,0.002745776019170135,0.003637943357657441,0.0066193420260276924,0.0019338745753920599,0.013741913997631056,0.012114201672089688,0.0019293148199560366,0.010029648592980774,0.004568779155330651,0.006398061976558596,0.012541892025582724,0.005126943740559339,0.01434625626737535,0.011404021263890467,0.010543944935702244,0.03531445034174662,0.01255547682726913,0.006664515637026658,0.003968336645895305,0.011976274044260363,0.00840189713583526,0.015411589256634346,0.01081331826527027,0.0017796396525565025,0.003983162600710816,0.001966054761483732,0.005862824936892678,0.02337213105800889],[3.6698130099069683E-4,3.4943363785176944E-5,5.256872360900552E-5,9.938852552561821E-5,5.697383645195519E-4,1.2608173142289392E-5,3.3612290004683763E-4,1.1954275158680149E-4,0.001999762683519848,1.0611283627883465E-4,3.699209928703458E-4,1.351982000650269E-4,4.1531971103862385E-4,1.9762317021330406E-5,1.3306953777156586E-5,3.496633217096091E-5,7.853625562676299E-4,1.5017510898555163E-4,0.015602896391951147,9.093771396668778E-4,1.9851459259014373E-5,8.901987161117733E-5,1.1068831053749412E-4,8.057913216711157E-4,0.0014622884609405951,2.0682441030465525E-5,2.5628547146032106E-4,1.507413241935781E-5,2.9072132217091695E-5,2.0359766033315457E-5,0.002745776019170135,1.0,1.3011871636149664E-5,0.0018734084888838624,4.5443394874321384E-5,0.0013792858105702661,2.0610575772089923E-4,2.8964534959724275E-4,2.936122437260813E-5,0.0019042251435201932,1.247443171583161E-5,6.509719333873795E-5,6.212384592791633E-5,6.938435861777481E-4,9.749308592941092E-4,0.0014292534755273392,0.05025365439939009,1.3090189489607943E-5,0.0032989150979640825,1.7226714533163852E-4,1.6218848420263873E-5,1.454482104930398E-5,0.014676008834392412,0.0011790347530951325,7.433986441165848E-5,7.432156789672727E-4,1.3426236317718617E-5,8.458967723205346E-5,0.04106166970317017],[0.0046296368120895375,1.3702142383295617E-4,7.699024768377619E-5,8.958682024726438E-5,4.6023677164985257E-4,1.0465629388206431E-5,4.332221462966956E-5,7.31397607182255E-5,0.0010005824059516075,5.5802550655470635E-5,0.0011528737030782053,2.3122826