[[1.0,0.0029339024257066136,1.600636922179385E-4,9.922715566309799E-4,8.068349579269699E-4,2.4143329388754252E-4,0.0019901250001556946,0.007895418152950437,1.6396556429803432E-4,2.2029186199413393E-4,0.0015745991448570095,0.003891739935898793,0.001050485542187665,0.020354192394926512,7.578755104461325E-4,0.0043375175154473375,1.6103728740563656E-4,1.9990472506902337E-4,6.725208194199402E-4,0.0023636161656812606,0.0027312798062146364,1.550651187974143E-4,0.0021845741442031003,0.0010712894530222703,1.605049877121605E-4,0.017038288586011634,1.0208863356455153E-4,5.104913967099646E-4,7.725076235167653E-4,0.0011515284996459522,2.065348797504288E-4,3.378065422575892E-4,0.013641453035616109,6.991027516158045E-4,2.0240276945814484E-4,2.340525779199596E-4,5.51664380616636E-4,0.007853004372140975,0.03652967227137643,1.7039968071580524E-4,1.2761591912427973E-4,5.298510139379617E-4,0.0012631499504932484,2.3442223728143785E-4,5.043036232844269E-4,3.569002690786767E-4,0.0013068655144651649,1.5993095456406578E-4,0.01846105449456738,4.227194160157902E-4,3.810919543533438E-4,2.496166786626337E-4,3.1686015323710164E-4,4.6407671725893053E-4,0.006250249965374758,0.018019630271323014,2.0420908618937748E-4,2.3601126128701243E-4,1.9623197350521446E-4,1.1850027867726557E-4],[0.0029339024257066136,1.0,0.007235035424948291,0.00908206940473745,0.007326739455749813,0.0025390606570119536,0.005666249002693871,0.01101016414786096,0.004076988027778937,0.007718349403073812,0.01061973121633542,0.008425027224077347,0.010073459154774402,0.03082280389982953,0.010389233569229083,0.010434203689297754,0.011870179874542138,0.004296080716683998,0.010198064586451259,0.00985172428665833,0.011177681368480498,0.008441267564638562,0.008810998014391823,0.007065920254098461,0.011393565410227563,0.031105844827472175,0.004325852147033824,0.005976633422348371,0.0033036603192708055,0.008026207225750547,0.00455828008211051,0.005366747321155949,0.01605033752472229,0.0033478798415519425,0.00518273881956572,0.007541594583588579,0.005479230556930244,0.011458469911221536,0.031244499528190778,0.004254323977220266,0.008750359036758448,0.004049096750239203,0.0017316223219451777,0.009669517180373855,0.007797068143648483,0.006555539720086945,0.027160378221688628,0.0034452221810822733,0.018525179415606295,0.008726190722457602,0.010821575484835604,0.005243753283101411,0.010632812751868025,0.01138739235363641,0.011031468925683276,0.013321276930924227,0.004594377003126305,0.004524908607231876,0.0036715965860116082,0.011534001975658638],[1.600636922179385E-4,0.007235035424948291,1.0,5.162762167595862E-4,0.0011361010996034531,1.1571675807177532E-4,0.0014507747772911628,0.010707259592335231,1.1095488152115265E-4,2.429161042636864E-4,0.0036633178447860204,5.801686173662533E-4,0.0010670864444402813,0.003414891818446637,0.0011946653908596343,0.004992555910098587,1.099158631778803E-4,1.1372288117964697E-4,0.0012070817046156003,0.0020361592726354442,7.431900659856295E-4,1.1067847094391113E-4,0.0011400625264140654,0.0017138263322543452,1.2221650961700801E-4,0.026820498701756942,7.88206275019003E-5,0.004790419057073425,6.784523752264125E-4,9.286484879820026E-4,1.1426442565300829E-4,1.2401387081670026E-4,0.008644469164192882,1.324689946923085E-4,1.3182094690135084E-4,4.981417910312518E-4,1.6832648919439094E-4,0.008620873535333176,0.03662724744053302,1.0725612510667622E-4,1.0800040877386558E-4,4.904779683750972E-4,7.654850387619541E-4,1.585674786263159E-4,2.0299522280211582E-4,9.242850501034944E-4,0.022519598997982226,1.0956289193927998E-4,0.013624150618936886,4.93001357995765E-4,4.5655934073378954E-4,1.121146451028434E-4,2.4047129877418957E-4,0.0010207371874582202,0.008164715025997062,0.0014371919321868483,1.1400758467201876E-4,2.507867532173117E-4,1.5898595800996774E-4,7.418597659669785E-5],[9.922715566309799E-4,0.00908206940473745,5.162762167595862E-4,1.0,0.002687527795283615,3.459359209471248E-4,0.0014284683128752721,0.007033079578387018,9.061806616149953E-4,2.693756458057365E-4,0.0018416360136800107,0.004812653291783544,0.0013804773567917955,0.02718745360739451,0.0012413879579427581,0.002498431833535361,3.6666343853774E-4,9.158011510188504E-4,0.0011508350358629513,0.0023301038410974274,0.0019135532027383171,1.2066936351725892E-4,0.0015116272230216712,0.0017423502152407993,1.4431535988457573E-4,0.028604955684054932,7.004785903331112E-4,0.002657743144538345,0.0012972494002308937,0.0011355056501972237,5.117352443064526E-4,4.236719593835775E-4,0.007451843199174659,9.564843507679555E-4,7.97657464192383E-4,7.805080667790435E-4,7.778101351533404E-4,0.00993805266118742,0.02433003154020952,9.719863566661484E-4,9.7364085558862E-4,8.844294693364323E-4,0.0012765028375131058,2.925664480606858E-4,9.629280285888783E-4,0.0011882554849063332,0.04060566755852573,3.3472561388580473E-4,0.01345576912455045,0.0010887803695779127,7.457223378140245E-4,5.924053159510766E-4,0.0016202573397050427,0.0010908316366981734,0.0035458962926114635,0.018110636794548333,6.768084998109E-4,6.421745711691103E-4,8.701638440535456E-4,2.41758396418263E-4],[8.068349579269699E-4,0.007326739455749813,0.0011361010996034531,0.002687527795283615,1.0,0.0022710811351851047,0.0035445097490107436,0.006865278690465116,0.0031010422100251453,0.0024688348878335697,0.004945088348354945,0.0037248030811404802,0.003205796686828034,0.016335321091091357,0.0018329137657617147,0.004138612875330067,0.001092899849200699,1.7389204640026415E-4,0.0023967919534218897,0.003358903991444017,0.0035188786126303315,0.0025026880388712355,0.002957436456137538,0.0025365774160299587,0.0026333175358720763,0.007691107249889541,0.003341106730927666,0.0039717254114233925,0.002257438173473545,0.0019440554043399841,0.001524499643653951,8.255876737016274E-4,0.00999532509806916,0.0018102317331942512,0.0026087436764525187,0.0035557846920871604,0.001084378802706115,0.006732912061852071,0.032795152279288586,1.2544269863166537E-4,6.700497932860905E-4,0.001393120580153116,0.002892013825596865,0.002361991774581089,0.0020527592684017456,0.0021289453815040538,0.04824464274424227,9.675029416168332E-4,0.01088064362385854,0.0030685748654688816,0.0016548459143974515,0.0026311259396529702,0.0031072249005660003,0.00182115901497735,0.00901044316486371,0.020206616741437096,0.0022202119519062753,8.71468572678558E-4,0.0025331085621018517,0.0019903673360619715],[2.4143329388754252E-4,0.0025390606570119536,1.1571675807177532E-4,3.459359209471248E-4,0.0022710811351851047,1.0,0.0010946712615143397,0.0031400081471925825,2.7163693919185386E-4,2.6245233699213525E-4,8.050199049817567E-4,3.263501752335712E-4,5.053843942033616E-4,0.027467886605729158,0.001198394115967853,0.0032104667589710383,2.592848425996716E-4,2.2911118100640515E-4,6.238962451710543E-4,5.923762163513348E-4,0.002020697156259049,2.1965648188523954E-4,0.0012594215320540865,0.0014312031718413986,1.8744905983845495E-4,0.013548288710648206,1.354892659125838E-4,5.279948495636039E-4,3.043232511674388E-4,4.970614553968792E-4,1.7262073948138027E-4,3.2999611833226227E-4,0.011195376133958181,5.878676329445405E-4,2.0909203240328315E-4,3.755544175279895E-4,3.3842368368941056E-4,0.01018521183800526,0.035758909759105034,1.7498931276669575E-4,1.1720237885668594E-4,4.6902911940853074E-4,0.0013299388390342053,2.6619165925075244E-4,4.034195721403741E-4,0.0010541817924589736,0.054913812730329074,1.8194293074485878E-4,0.002709858524834731,4.465223558464841E-4,4.136026403984758E-4,3.122584082183553E-4,0.0020027360209031453,8.769875353464276E-4,0.008939589369885273,0.01219049395156031,1.9618845045140423E-4,3.509813952233433E-4,2.495198051331339E-4,2.0029065210525195E-4],[0.0019901250001556946,0.005666249002693871,0.0014507747772911628,0.0014284683128752721,0.0035445097490107436,0.0010946712615143397,1.0,0.009483474563572345,0.0018349969627870762,0.0016165943531219968,0.002521168003433989,0.0047413578057867445,0.001988997857010813,0.0143384685435427,0.001953394522867705,0.0027852579422578553,7.082101074116473E-4,1.5939822979561612E-4,0.0019989504073283566,0.0023342412948705277,0.002338146805262244,5.068615488436038E-4,0.0023560542934412086,0.0024042719917283647,2.0287574139451703E-4,0.03918283404489119,7.08169327134381E-4,0.004375893887322793,0.001854595005372545,0.0019526437240147928,0.0016966088140992369,0.0018436059732635777,0.005791998893861167,0.0011537026805757387,5.829323791751077E-4,0.001207508259448934,9.674781566108957E-4,0.00466286692006314,0.005526648185364874,0.0018443550942060507,0.0012001817622205254,0.0018052048985959276,0.0019251326204179065,5.000169491345388E-4,0.001230611722407341,0.0020091992054429974,0.020435790376963338,9.577227943930384E-4,0.004595056960961267,0.0017178090636797527,0.0015674077834487328,8.898066111787033E-4,0.0022716704650462003,0.001860151244223622,0.010064116736222234,0.023629797038293637,0.001845216516443706,0.0014287351982052567,5.034285585765938E-4,7.299030668714496E-4],[0.007895418152950437,0.01101016414786096,0.010707259592335231,0.007033079578387018,0.006865278690465116,0.0031400081471925825,0.009483474563572345,1.0,0.002812220137464783,0.010422621600474153,0.007316891873152858,0.009641180703795528,0.007940122108840422,0.019395816521315442,0.003346874930208096,0.006468490683287885,0.010780598097861398,0.008274476815907511,0.0031974997019594284,0.0036692358808820603,0.00780867043851724,0.008565854735055688,0.0033752820327938304,0.005757887338091404,0.0014717280500994424,0.03891024246354581,0.0035872739646970087,0.005943432689922195,0.006546661212948264,0.009461802575279756,9.847789323632456E-4,0.0031592828954406507,0.01683580901526385,0.010357358847374412,0.0021755720105410456,0.008237048429425861,0.008011312140112616,0.011019863288196586,0.046854269367336755,0.010847078392233608,0.0013919569153600757,0.008801209758986024,0.0024513444666190752,0.0017656672499145353,0.009768601235873448,0.0027842864581038972,0.05245866435774119,0.0012323565559652404,0.013953765507579463,0.007192636201738106,0.0091067794174492,0.0031688819719921184,0.004241369890646596,0.00947840494231034,0.010606309843867293,0.01766180554992687,0.007292102520046747,0.007955789527227025,0.010010589603830368,0.0035376609991785617],[1.6396556429803432E-4,0.004076988027778937,1.1095488152115265E-4,9.061806616149953E-4,0.0031010422100251453,2.7163693919185386E-4,0.0018349969627870762,0.002812220137464783,1.0,2.1380960611725252E-4,0.0024009120629054853,0.00392829713486955,0.001289459070987356,0.0251915680685219,2.9080565095600974E-4,0.0015983088194586337,1.0790866605509144E-4,1.1217676219789908E-4,8.463616018645249E-4,0.0019186774787208385,0.0014133392079378096,1.1082639350450071E-4,0.002478282785474364,4.063059423239359E-4,1.1314248598511461E-4,0.023240091571358316,7.920999543514185E-5,0.0015556256393597975,5.602334354210701E-4,8.971942630948398E-4,1.1396827457145015E-4,1.6454438785588925E-4,8.361220753153971E-4,1.254172076598407E-4,1.199146307607216E-4,3.5948367348170537E-4,4.3212795579167457E-4,0.00836829980745142,0.027368387592398857,1.1118812844990748E-4,1.0320341312613986E-4,3.8698573636275995E-4,5.858769567966815E-4,1.6786308363106765E-4,5.225152874843226E-4,2.536848802428866E-4,0.019086820699318302,1.0900775641995946E-4,0.013638923218882937,3.4124274364989585E-4,4.3134982597312657E-4,3.124114313284634E-4,1.3044256968426144E-4,2.8487390185270834E-4,0.004912219503314668,0.01739789755205315,1.4019575581302233E-4,1.7311471301416524E-4,1.5033232244776433E-4,2.859232931919407E-5],[2.2029186199413393E-4,0.007718349403073812,2.429161042636864E-4,2.693756458057365E-4,0.0024688348878335697,2.6245233699213525E-4,0.0016165943531219968,0.010422621600474153,2.1380960611725252E-4,1.0,0.0011946173821473093,8.316129917979833E-4,8.584017897197561E-4,0.01485018018888765,9.906653844540634E-4,4.0696261095341364E-4,2.4460657185552286E-4,1.1811494260067403E-4,2.9286923778874363E-4,3.063130003715548E-4,5.410044645988783E-4,2.0060146182459662E-4,0.0010908524637734788,0.002263641884115449,2.1682245494865457E-4,0.01985821165723239,2.600424839723365E-4,0.00277664756245459,4.1573048541160225E-4,0.0010333680707304842,1.4848140512164782E-4,3.528243088484171E-4,0.01378296389141978,4.698274121793743E-4,2.1877019588077188E-4,2.9684393532741326E-4,2.757687783244635E-4,0.004911430061153649,0.017170347279585066,1.2769186107927842E-4,2.158945134535175E-4,4.67555111224927E-4,6.215704014154954E-4,2.5567329451144934E-4,5.535405102287882E-4,3.0173247126792603E-4,0.05171274596572819,2.1825612204684857E-4,0.008515436885147127,0.001138247776051803,3.478269760189813E-4,2.6896675329076797E-4,3.3767809694353865E-4,8.00614683500685E-4,0.002581638534953104,0.009597452709441269,1.6220832947159235E-4,3.1540960806644106E-4,2.338667023716724E-4,2.5590791536779517E-4],[0.0015745991448570095,0.01061973121633542,0.0036633178447860204,0.0018416360136800107,0.004945088348354945,8.050199049817567E-4,0.002521168003433989,0.007316891873152858,0.0024009120629054853,0.0011946173821473093,1.0,0.005067837668298038,0.0033669154488358576,0.02509816656623772,0.004766998813600879,0.005247352549077093,0.0017479019140051702,0.0037287654162503694,0.002385920982759042,0.0034781160911042273,0.0031016841051199197,0.0029224656495573866,0.004432627020060406,0.004485051251298004,0.004784878777843785,0.02447400047875311,6.110997425849476E-4,0.0050875477230232745,0.002778689038914918,0.0027730558386716364,0.00246085347344904,0.0025635638718660187,0.015835814858774392,0.004482806616235965,0.0016156507927853603,8.773964525219775E-4,0.0026132737664972235,0.009550753660284152,0.0060424056161300236,0.0010831542461609586,0.0013777742521680239,0.0034320062489858714,0.0025888018307010517,0.0033842972739930688,0.004119018250077577,0.0028674820370744357,0.044434693787111526,0.003689632058626062,0.01932509355285573,0.0032939971964329475,0.0016890055197292756,0.004310499661675409,0.003331209060440213,0.0023673795854349867,0.00544768533252711,0.02310996220345274,0.005031088549624418,0.001620225888490415,0.002629169772790173,0.0033632113282055383],[0.003891739935898793,0.008425027224077347,5.801686173662533E-4,0.004812653291783544,0.0037248030811404802,3.263501752335712E-4,0.0047413578057867445,0.009641180703795528,0.00392829713486955,8.316129917979833E-4,0.005067837668298038,1.0,0.0017894371957542401,0.011206369221018694,0.0020115125122685124,0.0052438374858783015,0.001515823771526325,0.0030891744014373067,0.004027985624596329,0.0034208853642470564,0.0050375984736975065,0.003908987946912064,0.005015964025854271,0.004322725094824957,0.0015981680166994956,0.01774036879859206,0.003163465202719814,0.005185144129375561,0.002240810789401784,0.002855924582372169,0.0036607174254198412,0.00282364426909369,0.01667615585241845,0.004303355580179178,0.0036780425900666963,0.002861167073068163,0.0019659105085490796,0.010595564641574632,0.04209787514582577,0.0016769617842741678,0.004414381328599507,0.0011734617092674187,0.002995830548896697,0.0032476735637265667,0.004822780488484141,0.001754998454055831,0.0077552020821434215,0.004173067093591492,0.005628285019328735,0.00418713907663717,0.004150122032222017,7.746442498830759E-4,0.0026698241393896278,0.004028462218705545,0.007200619226056175,0.02037275553963764,0.004907865105448028,0.001459898986185486,0.0032487783493989025,0.0042465495187535346],[0.001050485542187665,0.010073459154774402,0.0010670864444402813,0.0013804773567917955,0.003205796686828034,5.053843942033616E-4,0.001988997857010813,0.007940122108840422,0.001289459070987356,8.584017897197561E-4,0.0033669154488358576,0.0017894371957542401,1.0,0.02164969998677458,0.001450808846512338,0.0025638496275916427,0.0014516669250926831,8.786686814749678E-4,0.0013103374980546912,0.0018761030967425552,0.0018471581181518668,8.053616741483694E-4,0.002620688696096383,0.001702917286312786,5.025462480629988E-4,0.035158266678072286,0.0013113787256655276,0.00430999069378468,0.0014243479111337451,0.0014585519999988502,0.0014179853999532236,0.00140718680827153,0.008338967184024817,0.0010492220990867464,8.61038085402383E-4,5.646723620126986E-4,8.102824871553279E-4,0.0027611408003220027,0.025736138367423198,0.0010108717278807587,0.0012644891505269123,9.391865813260886E-4,0.0015242018509866496,0.0010373740037202652,6.318666004910498E-4,0.0014506796524380479,0.029681734899600222,2.6852263554958967E-4,0.014875865823189317,0.0013683634335773446,0.0011791697684575303,0.001019235602522945,0.001846611832888965,0.0014687301589640252,0.00959553387327141,0.010372823973693029,5.264242814259294E-4,0.0012281353433344325,0.0014734289378717093,0.0012856511174454042],[0.020354192394926512,0.03082280389982953,0.003414891818446637,0.02718745360739451,0.016335321091091357,0.027467886605729158,0.0143384685435427,0.019395816521315442,0.0251915680685219,0.01485018018888765,0.02509816656623772,0.011206369221018694,0.02164969998677458,1.0,0.029862505564607077,0.011858954514328727,0.0160215440131275,0.015278122688860718,0.015150164153369238,0.019028294206853057,0.010435977996874329,0.02153490373249098,0.016453986015442422,0.020418928519074165,0.012482456258440376,0.03828861499879593,0.0030370163533232747,0.02546159333937396,0.027907610470512996,0.004223197431288191,0.02223885508331641,0.01960900430232801,0.023210761848874387,0.008382679937663982,0.002180723520764527,0.020642122470662272,0.02464900506971124,0.017418086277386925,0.034320511412654055,0.023900458343658518,0.0016953918114549894,0.029794797283970588,0.019896443805353485,0.005222693948971401,0.022454688616646727,0.0022956191810236566,0.05244719359988837,0.017268120441558406,0.020653184947025876,0.031047374256119,0.01584633114899995,0.02677308509018604,0.011871843398047942,0.006299380489432705,0.012932272784185739,0.02793207861009545,0.019081360485395736,0.008629261938727715,0.002819471214358384,0.003521814607088774],[7.578755104461325E-4,0.010389233569229083,0.0011946653908596343,0.0012413879579427581,0.0018329137657617147,0.001198394115967853,0.001953394522867705,0.003346874930208096,2.9080565095600974E-4,9.906653844540634E-4,0.004766998813600879,0.0020115125122685124,0.001450808846512338,0.029862505564607077,1.0,0.002388755686001046,5.924224555371388E-4,3.3198852054012177E-4,0.0013394472383657,0.0015654104279238545,0.002414347548621001,0.001270230567883272,0.0018944630690577347,0.00196207254125248,6.790384460092895E-4,0.03833287841706116,9.74035266943989E-4,0.002480764337344611,0.0014138387967762862,0.0013957709534086335,5.171017471271514E-4,7.176487766578094E-4,0.008019032613698785,7.220675686839371E-4,0.0014052184464994873,0.0010035905520015117,7.500660422331804E-4,0.00834069241979746,0.03708065502804933,0.0010034730444225784,3.700003819248586E-4,0.0014150944316185,0.0014581276712989934,0.0011381780167091149,0.001234728986745853,0.0014161497586504298,0.05950036775125958,5.937229879287786E-4,0.013174591896915116,0.0013687112968357373,0.0013355973513205612,3.5216436256130305E-4,0.0016106247659435002,0.001192744853154398,0.008395748525382387,0.018063257041816435,7.991165084170609E-4,4.99999636331419E-4,3.588756791196829E-4,1.2283423042310472E-4],[0.0043375175154473375,0.010434203689297754,0.004992555910098587,0.002498431833535361,0.004138612875330067,0.0032104667589710383,0.0027852579422578553,0.006468490683287885,0.0015983088194586337,4.0696261095341364E-4,0.005247352549077093,0.0052438374858783015,0.0025638496275916427,0.011858954514328727,0.002388755686001046,1.0,0.0025343764276441606,0.004079475105010275,0.005419926761445848,0.004234200120279868,0.003075057152192955,0.003201320354566226,0.003485619725736735,0.004175036546235392,4.879720350320229E-4,0.022322264698044072,0.004191482531397057,0.005268239962761095,0.004799395588723899,0.0039249007195937755,0.002320795111045458,0.004050795451404033,0.012103812506771042,0.002781852155729836,0.0015277381595674973,0.00516150933299848,0.0016704010384651783,0.009495506777295746,0.03659830249515081,0.0015233278910988315,3.9490751545424396E-4,0.0010789058489691604,0.002964766614157157,0.0017561726765830256,0.0016848689693461257,0.00513895200459781,0.020062807076464587,0.0028769326147934466,0.015578923383226015,0.004120007309930646,0.004462076253720649,0.0033049423304799376,0.0033163950964434264,0.005246867249156725,0.006155706825416192,0.011550877580369866,3.7215535210788787E-4,0.001359417296756403,0.004816266488040496,8.08879453619247E-4],[1.6103728740563656E-4,0.011870179874542138,1.099158631778803E-4,3.6666343853774E-4,0.001092899849200699,2.592848425996716E-4,7.082101074116473E-4,0.010780598097861398,1.0790866605509144E-4,2.4460657185552286E-4,0.0017479019140051702,0.001515823771526325,0.0014516669250926831,0.0160215440131275,5.924224555371388E-4,0.0025343764276441606,1.0,1.1358555781862069E-4,4.427616799605117E-4,0.00205470691550082,0.002413567726696862,1.0979759811779632E-4,0.0015224292535380552,8.654468898608117E-4,1.102111694426333E-4,0.03599451596654742,1.0199426565714231E-4,0.003035061542623557,7.799663808972063E-4,2.3441073501404743E-4,1.0656317271269122E-4,1.4640991063485275E-4,0.013557222046427968,5.874829197664536E-4,1.709620934608064E-4,3.0557186164569417E-4,3.4423862105418884E-4,0.010459806637970701,0.048443173830472426,1.0496146307962154E-4,1.045015955681272E-4,3.270499000297488E-4,0.0015774843933054514,1.5666098332833237E-4,1.2148594798679562E-4,0.0011328014199269965,0.016615358256789683,1.0839770925659533E-4,0.008188858187778944,0.00110995247487963,2.228166446621845E-4,1.497401451396857E-4,0.002328472375387814,4.0678098750891853E-4,0.00810927191362435,0.019392939375446096,1.3459894060424186E-4,3.229825693141286E-4,1.5195076000621522E-4,7.773724873722678E-5],[1.9990472506902337E-4,0.004296080716683998,1.1372288117964697E-4,9.158011510188504E-4,1.7389204640026415E-4,2.2911118100640515E-4,1.5939822979561612E-4,0.008274476815907511,1.1217676219789908E-4,1.1811494260067403E-4,0.0037287654162503694,0.0030891744014373067,8.786686814749678E-4,0.015278122688860718,3.3198852054012177E-4,0.004079475105010275,1.1358555781862069E-4,1.0,1.390530585858046E-4,0.001661174300220217,0.001608845604837058,1.121575429260518E-4,0.0023514171248982282,0.002180910589195511,1.2214662258855797E-4,0.004304785368349606,1.0596120679970782E-4,0.00274466278981961,8.810366371964056E-4,0.0013465387643816504,1.1421144507549275E-4,2.3210711964238569E-4,0.011456525185569342,6.092252892550548E-4,1.321216407139976E-4,3.234469896213847E-4,3.304894991659665E-4,0.0031018140551556045,0.03231529721723039,1.0590019212989667E-4,1.0929774003675646E-4,3.532525178331306E-4,9.364146437866698E-4,1.9353387756413688E-4,2.4164365255192178E-4,0.0010045459687466707,0.023063229148009342,1.1082621682128384E-4,0.00319979896265901,3.684801782698789E-4,2.3378385452668313E-4,2.4991304076958686E-4,0.0012251049291577213,7.697772458095469E-4,0.004776681007133254,0.012172288381746686,1.1700026668342625E-4,2.0123038410113832E-4,1.7088838690383214E-4,1.1080894396140946E-4],[6.725208194199402E-4,0.010198064586451259,0.0012070817046156003,0.0011508350358629513,0.0023967919534218897,6.238962451710543E-4,0.0019989504073283566,0.0031974997019594284,8.463616018645249E-4,2.9286923778874363E-4,0.002385920982759042,0.004027985624596329,0.0013103374980546912,0.015150164153369238,0.0013394472383657,0.005419926761445848,4.427616799605117E-4,1.390530585858046E-4,1.0,0.0019736842101528754,0.0025229585756480185,0.0010135676508830835,0.0015242186471068676,0.0015944391373212243,5.243032498304756E-4,0.03413368050808781,1.4768118503597557E-4,0.0022614393803934148,0.001233372078883395,0.0012401148682566255,4.868043559159779E-4,8.508141811640192E-4,0.012449436161414395,7.020876344292331E-4,0.001020446316138972,7.737613807663109E-4,0.0010147956711015931,0.006066160966948456,0.026664974719527307,5.224293626807483E-4,0.0010713026969830551,6.964106181608234E-4,0.001469581964407167,9.94678818717436E-4,9.24076806186341E-4,0.0013763257466306595,0.0260096468614438,3.762938417615866E-4,0.006360700118024901,0.0012257108029721513,7.259203619654722E-4,4.1920207358928747E-4,0.0020011104563671983,0.0011647429239350009,0.007596735858599971,0.008228510376202055,2.4159304137833594E-4,0.0011442803625669037,4.04817921936959E-4,2.0907822909961885E-4],[0.0023636161656812606,0.00985172428665833,0.0020361592726354442,0.0023301038410974274,0.003358903991444017,5.923762163513348E-4,0.0023342412948705277,0.0036692358808820603,0.0019186774787208385,3.063130003715548E-4,0.0034781160911042273,0.0034208853642470564,0.0018761030967425552,0.019028294206853057,0.0015654104279238545,0.004234200120279868,0.00205470691550082,0.001661174300220217,0.0019736842101528754,1.0,0.002863271810266046,1.7977874375564378E-4,0.0024954159216588386,0.002384854172223845,0.0010046329739468959,0.003864449789576778,0.0011932657217704598,0.002585414880446111,0.0023726786241158107,0.0023353540754714346,0.0023679519714374857,4.604096168666911E-4,0.014897547768118028,0.0019928707644501532,0.0013938150617697322,7.883107720371787E-4,0.0014878044418464684,0.003840480067887919,0.029632234753483252,0.0015104490299019785,0.0015850700732322053,0.0010918534237380625,0.0021645131870669555,0.0018470564472991603,8.396421348459205E-4,0.002259599544551972,0.05190126224935978,0.001508690735417227,0.014292268356276186,0.0015079182323801238,0.0011459565204748907,6.274139194064431E-4,0.0023794431225882835,0.0020977915052979735,0.009918743529258367,0.002663876156111943,2.3968495101936088E-4,0.002355739024204727,2.1596085231973604E-4,0.001282092006354383],[0.0027312798062146364,0.011177681368480498,7.431900659856295E-4,0.0019135532027383171,0.0035188786126303315,0.002020697156259049,0.002338146805262244,0.00780867043851724,0.0014133392079378096,5.410044645988783E-4,0.0031016841051199197,0.0050375984736975065,0.0018471581181518668,0.010435977996874329,0.002414347548621001,0.003075057152192955,0.002413567726696862,0.001608845604837058,0.0025229585756480185,0.002863271810266046,1.0,0.0017507725699311503,0.002819579456799123,0.002664346980961968,0.0026531839628010753,0.031154755871165753,0.0029365271079546946,0.0035044264683417397,0.002152557357387065,0.001840081071967416,0.0028328093249042853,6.730198990810136E-4,0.016225608912711357,9.33746968449426E-4,0.0017595942153628892,6.966252810396025E-4,0.0022123467546187863,0.009504845858583164,0.014676839776351034,0.0028333481052014026,0.0029546939808673288,0.0019142652553185663,0.0021391716684150018,0.0013479499906790158,0.0012901306618411652,0.0027455814696818867,0.007108097313762339,0.0016646004992290856,0.01144302771485165,0.0014434608148556985,0.0013859280115537873,0.0021115351804265915,0.002401570476979073,0.0018638457397727767,0.008201160654397358,0.02346285108836148,0.0020746962064091467,0.0013786094430508719,0.0010750695060076994,0.0019206657651212123],[1.550651187974143E-4,0.008441267564638562,1.1067847094391113E-4,1.2066936351725892E-4,0.0025026880388712355,2.1965648188523954E-4,5.068615488436038E-4,0.008565854735055688,1.1082639350450071E-4,2.0060146182459662E-4,0.0029224656495573866,0.003908987946912064,8.053616741483694E-4,0.02153490373249098,0.001270230567883272,0.003201320354566226,1.0979759811779632E-4,1.121575429260518E-4,0.0010135676508830835,1.7977874375564378E-4,0.0017507725699311503,1.0,7.43179407972834E-4,0.0023427937720502143,1.1649133527363358E-4,0.006045692889750376,7.565205718252383E-5,0.003081443954991628,2.9284608807180076E-4,5.020954682065977E-4,1.1210255173373505E-4,2.665444669814835E-4,0.009849009246816485,3.9389731044167057E-4,1.2096537964358136E-4,2.1638058726933807E-4,2.065029725460933E-4,0.009867355118699359,0.011746851252050446,1.0586374533230168E-4,1.090059823028281E-4,1.9307856288824931E-4,2.5237442811431015E-4,2.078718019449061E-4,4.6119143501506093E-4,0.0011910726805013782,0.00131266165695137,1.105235108891265E-4,0.009185713374529149,9.54270053361511E-4,3.495268573748788E-4,2.9694511439391297E-4,9.810353315969896E-4,1.2652632015739215E-4,0.009908416886183772,0.0223091455756767,1.343574358842257E-4,1.5509942250874732E-4,1.5542599979768306E-4,1.4121026455670463E-5],[0.0021845741442031003,0.008810998014391823,0.0011400625264140654,0.0015116272230216712,0.002957436456137538,0.0012594215320540865,0.0023560542934412086,0.0033752820327938304,0.002478282785474364,0.0010908524637734788,0.004432627020060406,0.005015964025854271,0.002620688696096383,0.016453986015442422,0.0018944630690577347,0.003485619725736735,0.0015224292535380552,0.0023514171248982282,0.0015242186471068676,0.0024954159216588386,0.002819579456799123,7.43179407972834E-4,1.0,0.002585054928771384,0.0017105968535114592,0.030778128686235227,0.0026608587115821113,0.005171455791979992,0.0023671712755219967,0.001647130918207358,0.0011038117917091658,0.0026768306164577094,0.008202115950254628,0.002773886298107479,0.002694356019093141,0.001531335165538413,0.0026451671400751055,0.007929043345438282,0.015974022842505254,0.0020690580234869705,0.001148795889479906,0.0016664872735108107,0.0016227499021988965,4.646499002311174E-4,0.0012687456091057246,0.0016655276289099495,0.061610134095839736,0.0015776961574085731,0.009088492148690811,0.0017544666403390783,0.0011922915159196515,0.0024671035633284937,0.0026252338713555062,0.0016784825568665726,0.005007667136276423,0.005791276811072729,0.002711801638109011,5.470767785006707E-4,6.680899885144998E-4,0.0026298059757622573],[0.0010712894530222703,0.007065920254098461,0.0017138263322543452,0.0017423502152407993,0.0025365774160299587,0.0014312031718413986,0.0024042719917283647,0.005757887338091404,4.063059423239359E-4,0.002263641884115449,0.004485051251298004,0.004322725094824957,0.001702917286312786,0.020418928519074165,0.00196207254125248,0.004175036546235392,8.654468898608117E-4,0.002180910589195511,0.0015944391373212243,0.002384854172223845,0.002664346980961968,0.0023427937720502143,0.002585054928771384,1.0,0.0018758354228368215,0.026585362118225278,9.236498190634615E-4,0.004074389113843053,0.0013327193674855374,0.0014250985339859914,0.001360684361342658,0.0016807896180721332,0.014062337677783695,0.0017675776204902041,0.002259029301094805,0.0016326119175867262,0.0014795558027046276,0.007782740142114492,0.00981067045897018,0.001792241750009567,7.176868135981619E-4,0.001653867153188346,0.002130619130614125,0.0021482452705079993,0.0011740601132128883,0.0018189237809947505,0.05777706398757328,0.001047598279670478,0.01266739869473327,0.001471730654860408,0.0011810617253825806,8.634091192045655E-4,0.0023915503212388854,0.001402975015449813,0.004712576574691981,0.013208297794514936,6.159248139089098E-4,8.428640424690533E-4,0.0022505768641712955,7.776334493908823E-4],[1.605049877121605E-4,0.011393565410227563,1.2221650961700801E-4,1.4431535988457573E-4,0.0026333175358720763,1.8744905983845495E-4,2.0287574139451703E-4,0.0014717280500994424,1.1314248598511461E-4,2.1682245494865457E-4,0.004784878777843785,0.0015981680166994956,5.025462480629988E-4,0.012482456258440376,6.790384460092895E-4,4.879720350320229E-4,1.102111694426333E-4,1.2214662258855797E-4,5.243032498304756E-4,0.0010046329739468959,0.0026531839628010753,1.1649133527363358E-4,0.0017105968535114592,0.0018758354228368215,1.0,0.023682924670123794,9.738436676046227E-5,0.0038764791001814677,0.001148721097928926,4.1026058648722247E-4,1.327176354578992E-4,2.1991118321297096E-4,0.008562065772638506,3.058004175071131E-4,1.7156168577908695E-4,3.872676197520658E-4,4.1414390301231527E-4,0.0032952827250553648,0.012640550850966758,1.047462245256025E-4,1.0758468898731424E-4,5.83994475478421E-4,0.0013831836482694007,1.9760475712261193E-4,2.960187584036091E-4,0.0013771296954879257,0.04687388976149695,1.2870678789540929E-4,0.006297012299635978,6.757974390833596E-4,4.3234893423610594E-4,2.853728386632696E-4,0.0013845184548051377,5.151339883432834E-4,0.002356468904783869,0.009418495903025003,1.3850247503851014E-4,2.444443330682877E-4,1.741318729129445E-4,2.977659842032475E-5],[0.017038288586011634,0.031105844827472175,0.026820498701756942,0.028604955684054932,0.007691107249889541,0.013548288710648206,0.03918283404489119,0.03891024246354581,0.023240091571358316,0.01985821165723239,0.02447400047875311,0.01774036879859206,0.035158266678072286,0.03828861499879593,0.03833287841706116,0.022322264698044072,0.03599451596654742,0.004304785368349606,0.03413368050808781,0.003864449789576778,0.031154755871165753,0.006045692889750376,0.030778128686235227,0.026585362118225278,0.023682924670123794,1.0,0.02765297244939828,0.03257731189866019,0.009025005034268004,0.031303343835777125,0.02356864316731767,0.023276086131899694,0.0330005749160581,0.007088319241669788,0.011641268626975475,0.01613255325695151,0.00929656015442894,0.034410556278463275,0.04561462689296254,0.014070634851461936,0.03202084214992927,0.031345018129759816,0.029697829223347367,0.026857588546432932,0.014404572759968391,0.0062957033386168626,0.055403863478873355,0.02031111445903475,0.03717109588183765,0.009832230454527255,0.038493988295295885,0.025579840087564722,0.03758842377184237,0.022221374945413874,0.02687816712809707,0.02672619855892204,0.018681110492594636,0.02010862906021854,0.03876039217014903,0.007481111672562776],[1.0208863356455153E-4,0.004325852147033824,7.88206275019003E-5,7.004785903331112E-4,0.003341106730927666,1.354892659125838E-4,7.08169327134381E-4,0.0035872739646970087,7.920999543514185E-5,2.600424839723365E-4,6.110997425849476E-4,0.003163465202719814,0.0013113787256655276,0.0030370163533232747,9.74035266943989E-4,0.004191482531397057,1.0199426565714231E-4,1.0596120679970782E-4,1.4768118503597557E-4,0.0011932657217704598,0.0029365271079546946,7.565205718252383E-5,0.0026608587115821113,9.236498190634615E-4,9.738436676046227E-5,0.02765297244939828,1.0,0.003800662730075481,5.997707219731447E-4,1.6377616160222523E-4,1.0079054880089602E-4,2.8946076990497914E-4,0.012756705152896475,2.4162112235310803E-4,1.128724711503445E-4,3.338631327454968E-4,5.886696127853868E-4,3.3826953687333267E-4,0.03788077566824586,8.795046633382832E-5,6.094130617573313E-5,5.34612241780736E-4,2.698578582399874E-4,1.766042848955431E-4,2.8139377917901564E-4,3.2507124106072847E-4,0.02079890142748779,7.875996353092879E-5,0.003272036122337972,3.5770291715280867E-4,4.2234303423195315E-4,2.042208510812797E-4,0.001493400824091241,8.376449677153049E-4,0.006778622702059144,0.0022337916919045932,8.032799302434876E-5,1.8987244934673365E-4,7.105906027240138E-5,5.7623982795933286E-5],[5.104913967099646E-4,0.005976633422348371,0.004790419057073425,0.002657743144538345,0.0039717254114233925,5.279948495636039E-4,0.004375893887322793,0.005943432689922195,0.0015556256393597975,0.00277664756245459,0.0050875477230232745,0.005185144129375561,0.00430999069378468,0.02546159333937396,0.002480764337344611,0.005268239962761095,0.003035061542623557,0.00274466278981961,0.0022614393803934148,0.002585414880446111,0.0035044264683417397,0.003081443954991628,0.005171455791979992,0.004074389113843053,0.0038764791001814677,0.03257731189866019,0.003800662730075481,1.0,0.004559566852777492,0.0031897440518460383,0.003959249099034157,0.003647869335184443,0.011954085012101087,0.002538935508738629,0.0030097180940587085,0.0034468758238728695,0.004005382552336673,0.00717523318276533,0.03242553959434556,0.0014383832557429692,6.607445143629237E-4,0.0012468043303834754,0.00238744691842218,0.0024476876237779902,0.0042186396910926915,0.004128603737494128,0.03274773691887457,0.005027244923703552,0.009988329416037695,0.00524065494697787,0.003226020006358808,7.550595614155993E-4,0.003707936362432776,0.002037273690855621,0.009221338169539562,0.018766395173220506,0.0011610622751468992,0.002723163000648302,0.005232070528181882,0.0024173782095352754],[7.725076235167653E-4,0.0033036603192708055,6.784523752264125E-4,0.0012972494002308937,0.002257438173473545,3.043232511674388E-4,0.001854595005372545,0.006546661212948264,5.602334354210701E-4,4.1573048541160225E-4,0.002778689038914918,0.002240810789401784,0.0014243479111337451,0.027907610470512996,0.0014138387967762862,0.004799395588723899,7.799663808972063E-4,8.810366371964056E-4,0.001233372078883395,0.0023726786241158107,0.002152557357387065,2.9284608807180076E-4,0.0023671712755219967,0.0013327193674855374,0.001148721097928926,0.009025005034268004,5.997707219731447E-4,0.004559566852777492,1.0,0.0013906299848509382,3.7920626350866E-4,3.764818849108544E-4,0.0066315596545221565,0.001166414038581606,8.007316991143136E-4,0.0010935141266852225,0.0010738082263465351,0.008532153849516451,0.01056617864859483,6.049465467496411E-4,6.363023993291321E-4,9.148530321313015E-4,0.0015341594117616784,4.074401833650737E-4,6.371128876882532E-4,0.0013279247453198077,0.04897158821163281,0.0012966996804594808,0.007636127534164263,0.0012779249280557203,7.295167425335016E-4,0.001003795536811675,0.002001698381191133,0.001126840047850505,0.00902596415336433,0.021302293727387563,4.18419908518202E-4,0.0011066826812346573,5.386765450835904E-4,5.976881280132634E-4],[0.0011515284996459522,0.008026207225750547,9.286484879820026E-4,0.0011355056501972237,0.0019440554043399841,4.970614553968792E-4,0.0019526437240147928,0.009461802575279756,8.971942630948398E-4,0.0010333680707304842,0.0027730558386716364,0.002855924582372169,0.0014585519999988502,0.004223197431288191,0.0013957709534086335,0.0039249007195937755,2.3441073501404743E-4,0.0013465387643816504,0.0012401148682566255,0.0023353540754714346,0.001840081071967416,5.020954682065977E-4,0.001647130918207358,0.0014250985339859914,4.1026058648722247E-4,0.031303343835777125,1.6377616160222523E-4,0.0031897440518460383,0.0013906299848509382,1.0,0.0011410240581767462,0.0012770300967496343,0.011534521891422752,0.00111171392169726,9.65122947551844E-4,0.0010188679016434757,8.205131117100989E-4,0.005562704720999396,0.03175564499233043,0.0010846430517659255,0.001002126294566071,6.426533979021302E-4,0.00150820646813828,0.001345242697945806,7.460725847695472E-4,0.0014014177576053585,0.054080153118004,0.0013815367367653608,0.018747747019366386,0.0013733423268609908,0.0011819224174766398,3.424676598328293E-4,0.001971890824726921,0.0011555430848194984,0.01029002821183597,0.01129370773384897,5.525606951401123E-4,7.774450130754818E-4,7.453078402432871E-4,1.5142959522284244E-4],[2.065348797504288E-4,0.00455828008211051,1.1426442565300829E-4,5.117352443064526E-4,0.001524499643653951,1.7262073948138027E-4,0.0016966088140992369,9.847789323632456E-4,1.1396827457145015E-4,1.4848140512164782E-4,0.00246085347344904,0.0036607174254198412,0.0014179853999532236,0.02223885508331641,5.171017471271514E-4,0.002320795111045458,1.0656317271269122E-4,1.1421144507549275E-4,4.868043559159779E-4,0.0023679519714374857,0.0028328093249042853,1.1210255173373505E-4,0.0011038117917091658,0.001360684361342658,1.327176354578992E-4,0.02356864316731767,1.0079054880089602E-4,0.003959249099034157,3.7920626350866E-4,0.0011410240581767462,1.0,1.5758381717469124E-4,0.007531266105259179,3.868859522331544E-4,1.619416144661646E-4,4.327384080645717E-4,4.7265191870272765E-4,1.287925086618587E-4,0.025862502865993637,1.0813648506336925E-4,1.0695898528214404E-4,5.035965213289454E-4,1.39230706293785E-4,2.4580497701261016E-4,2.5219755570186534E-4,7.02006342691922E-4,0.0383803819185825,1.1086565866666233E-4,0.010243237475304093,5.905291128088097E-4,4.611878222783809E-4,1.8486625434649856E-4,8.793474526765673E-4,5.186612620534183E-4,0.008200790661984031,0.012204018602710016,1.3009701261631896E-4,1.6858908171495744E-4,1.3247131080003604E-4,2.4338871517872792E-5],[3.378065422575892E-4,0.005366747321155949,1.2401387081670026E-4,4.236719593835775E-4,8.255876737016274E-4,3.2999611833226227E-4,0.0018436059732635777,0.0031592828954406507,1.6454438785588925E-4,3.528243088484171E-4,0.0025635638718660187,0.00282364426909369,0.00140718680827153,0.01960900430232801,7.176487766578094E-4,0.004050795451404033,1.4640991063485275E-4,2.3210711964238569E-4,8.508141811640192E-4,4.604096168666911E-4,6.730198990810136E-4,2.665444669814835E-4,0.0026768306164577094,0.0016807896180721332,2.1991118321297096E-4,0.023276086131899694,2.8946076990497914E-4,0.003647869335184443,3.764818849108544E-4,0.0012770300967496343,1.5758381717469124E-4,1.0,0.011303999908911547,6.734839026554496E-4,2.9156738393437155E-4,4.970956204918104E-4,6.549039409005955E-4,0.0030798505263842737,0.04339723145567034,1.5445487309634034E-4,1.355580436183623E-4,5.543769659615359E-4,4.56569196723833E-4,3.46521913436