[[1.0,5.975574318366467E-4,0.033686170625483056,3.405505766439346E-4,0.0012082685817589184,0.0015684762898877777,5.720570730540476E-4,6.427119545394551E-4,5.427279187132071E-4,2.6571588935443877E-5,0.005843565823756963,7.663452202562394E-4,5.208523777282057E-4,0.036684667943682824,6.564752164982023E-4,4.43287044522589E-4,9.430133385552522E-4,5.807901822877219E-4,9.628124919297329E-4,0.003331515549722643,2.965833432420892E-4,0.01358542444674322,6.511046289723361E-4,3.660579057293909E-4,4.206008568183641E-4,5.909925953886716E-4,6.865502163402508E-4,2.4295295589832683E-4,0.03137773693203306,3.0983951865884446E-4,6.501702869336418E-4,0.0010837487688635835,7.300607258388628E-4,5.144542436293238E-4,3.5575868087143016E-4,3.0006286734824523E-4,0.0031780588123973214,0.0016634892052792081,7.057965803229383E-4,8.588176605786879E-4,1.725887992072761E-4,5.847255445002975E-4,3.949021251411426E-4,9.133714039958951E-4,9.752720743586124E-4,0.0013475343844937772,0.0019247243343312203,0.015575435083949346,2.3957769307445732E-4,3.8463446407146747E-4,2.392743153823878E-4,3.1930746137309696E-4,3.355959253927296E-4,0.001023293020706187,7.219741580855904E-4],[5.975574318366467E-4,1.0,0.025257852201120902,3.337651054657775E-4,5.97587231115749E-4,7.757698636984257E-4,5.677143258271109E-4,5.911366611135338E-4,4.842421763256729E-4,5.50106719239095E-4,0.0031173420940417574,7.639575446325314E-4,4.50873547669688E-4,0.08813533190711018,5.975358072982473E-4,5.171148058561677E-4,0.0011817489075543102,5.903920477830771E-4,0.002357197495370309,0.001084006529772896,3.2847278602147974E-4,0.010843194233603477,1.0031687936107347E-4,2.7508124549192897E-4,3.9581977739169415E-4,5.456527055687118E-4,5.87348962052161E-4,2.54186116110424E-4,0.015969481717197063,2.3712504345720979E-4,4.105940954109827E-4,0.0017012718689200408,9.808084829781186E-5,1.7456781477269846E-4,2.49260746602363E-4,5.341221981378383E-4,0.002036945326980056,9.018795357990066E-4,3.8485599005595587E-4,8.976802892333087E-4,2.6495752100045964E-4,5.25689242642184E-4,5.579994684732277E-4,7.662193477098977E-4,0.0013562743136262675,8.573858900258488E-4,0.0022710565705485264,0.008178756192170782,4.2519198956575334E-4,5.821147625454357E-4,3.845499170997566E-4,3.96623363073335E-4,3.069566273239036E-4,0.0010521737998527769,6.031054560156562E-4],[0.033686170625483056,0.025257852201120902,1.0,0.05845656197544098,0.008562654185186596,0.05515604334272646,0.03975241112640695,0.04268806240391457,0.013511567795920196,0.03577925351645004,0.059941701479729374,0.03895897864135518,0.03389518982522094,0.06962268208446053,0.01965764335493484,0.02159388624016676,0.004516483529585903,0.00984990734300081,0.022943853373093046,0.05545393680274184,0.03318456725584285,0.018755364576008682,0.023637166978829605,0.005990845989188926,0.007945843789174543,0.013455640826065964,0.037537077733770234,0.017059434895268497,0.061826565890912046,0.006092775688785827,0.011096277169163555,0.045303653340568954,0.002093705752750133,0.05456016677860275,0.004011737011062577,0.010226198822500412,0.06174810219079814,0.04931835332537344,0.048312468405922744,0.060168817932279316,0.006840354748128094,0.01756035463132855,0.016997696928441688,0.02645926708019802,0.050877888804367055,0.04297863192763614,0.005512224860197668,0.03762538430867851,0.03568480097410871,0.05234220889977376,0.009075932946782746,0.03427817533832194,0.001987295366556196,0.01807122982640718,0.05416289287377904],[3.405505766439346E-4,3.337651054657775E-4,0.05845656197544098,1.0,2.2755401654586208E-4,0.0022132098995100136,6.103274189541185E-5,2.721497524145743E-4,6.915914352314171E-5,3.0535589723648175E-5,0.001715354143121407,7.295958574427642E-4,8.083457706429975E-5,0.07650292136243107,2.46152855649047E-4,8.934682378255189E-5,0.001582718798575159,2.4373167108325265E-4,0.001873326711969337,2.4817528349598927E-4,9.053222328365962E-5,0.0035571842035803268,5.2133377949345415E-5,4.4721355317446446E-5,1.6724875087759634E-4,1.7442003604557877E-4,4.88753868451755E-4,4.443044356206293E-5,0.01611496343121991,4.346053136417109E-5,8.911847082626423E-5,0.001965971415194481,3.5859303374053916E-5,4.046245939612838E-5,5.217539816472528E-5,5.071575511411137E-5,0.002040199214526436,0.0011970287054945997,1.1936449594056079E-4,1.710521890263331E-4,1.0863192999653357E-4,1.2644680036405514E-4,6.055819578258838E-5,0.0010930991937611123,5.191879262780622E-4,7.534453211294357E-4,2.1749410808670914E-4,0.01164816319438649,3.8447252283892216E-5,2.1916238548597247E-4,4.822542326594839E-5,1.6473276926540625E-5,4.2668520503263766E-5,8.661850287083471E-4,2.4361034281236647E-4],[0.0012082685817589184,5.97587231115749E-4,0.008562654185186596,2.2755401654586208E-4,1.0,0.0020703685633323855,4.8034859080827656E-4,8.096281891549239E-4,5.437966439301611E-4,3.2093736160513384E-4,0.003391120615966548,0.0010253244507568327,0.0011374145842761776,0.036922581489258643,7.61996373265107E-4,7.175308519370635E-4,0.001666299495936656,8.307917200084725E-4,0.0017091215852558664,0.0026217678044434594,5.89535241960051E-4,0.013431108226123069,4.0817395278864975E-4,2.7966024163444524E-4,6.925820711486076E-4,0.0010597472476327455,0.0010693239015818602,0.0011664341823813772,0.01444246219059202,6.221070224662504E-4,6.108579657080151E-4,0.00197912657594263,0.0012429566635566841,3.8082360871049924E-4,6.33849879743964E-4,9.74229718669634E-5,0.00323585071458362,0.0017350803546652624,0.0010103889531615214,0.001171589836534555,9.683680209674667E-4,3.4679035717528016E-4,4.4248575704357676E-4,0.001243408363119853,0.0013897520721273314,0.0014293462068570924,0.0022743161671270784,0.006396414874253525,1.952646959814822E-4,5.945667051886981E-4,2.045149090302243E-4,7.858956593484298E-4,7.788070271492288E-5,0.0015584895116538748,0.0010987552696877124],[0.0015684762898877777,7.757698636984257E-4,0.05515604334272646,0.0022132098995100136,0.0020703685633323855,1.0,8.209496697746044E-4,0.001518999313724654,0.0018621415756938779,3.364093344488806E-4,0.0059313510123679795,0.0017699625563295353,0.0020648041637413516,0.02339560264288892,0.002052027464106025,0.001218886618195142,0.0017759019866783695,0.0010808418489351049,0.0025000144662694025,0.002689931267249849,0.0013372999452251485,0.005390735180997443,0.0022843672402939625,0.002315423749574003,6.050757684949122E-4,0.0014508923896739653,0.0023646683958879183,8.392769332892601E-4,0.020727414080645705,0.0013039381166870146,0.001881702423585012,0.0022532665103144997,9.994480783487233E-4,0.0014891694857575896,0.0013819732787564301,0.0013448722935253052,0.002643971576020827,0.002499458192233464,5.116524170401342E-4,0.0014233281367541366,9.242035461509008E-4,1.9651748684468477E-4,1.7464461909285703E-4,0.001632028124419923,0.0024447804471167435,0.002146860590079023,0.002567657615911515,0.01256856127130142,0.001654633379791871,0.0017833043757629278,0.001799916619842236,7.606273628463203E-4,0.0012720323478196828,0.0016879153786170476,0.002084996249392787],[5.720570730540476E-4,5.677143258271109E-4,0.03975241112640695,6.103274189541185E-5,4.8034859080827656E-4,8.209496697746044E-4,1.0,2.8437098501165817E-4,1.495926195429646E-4,2.2578110451069243E-5,0.005226917810333345,3.272648292409663E-4,1.842793960157206E-4,0.011769195193577843,2.9128592975658673E-4,2.444900729032628E-4,0.0016193383065827068,3.81314012613799E-4,0.0022576499110950362,0.0019286221580417343,2.7517184187016955E-4,0.010539664389067071,2.712837736484832E-4,1.7860126830083914E-4,2.753270533464767E-4,3.183373765393821E-4,2.8516498731028384E-4,6.649492239999398E-5,0.010254704440645308,1.799232576688445E-4,3.068036007179663E-4,9.662164844288724E-4,2.8834897294851494E-5,5.426382475800453E-5,2.441546018713671E-4,7.964454714861377E-5,0.002351899630903713,4.8734457178730805E-4,2.4039481120853058E-4,6.897433519655213E-4,2.651768424655644E-4,1.908110995089299E-4,1.478375649164511E-4,8.919247105499402E-4,0.0012154257312666202,8.306227859866819E-4,0.0013176310118012359,0.004120841644847239,1.3052729910579413E-4,2.724020657079756E-4,2.2290970120885867E-4,4.853341931696944E-5,2.5236085443312026E-4,0.00148614398375804,4.7002354181571813E-4],[6.427119545394551E-4,5.911366611135338E-4,0.04268806240391457,2.721497524145743E-4,8.096281891549239E-4,0.001518999313724654,2.8437098501165817E-4,1.0,2.653110680267543E-4,3.043043268486885E-4,0.004936377123576434,4.734663296326477E-4,2.631863305636701E-4,0.05606447636325259,3.340001905511911E-4,2.1542921122245717E-4,7.576959531078811E-4,3.2004338414792647E-4,0.0025703032118616093,3.569357758353858E-4,2.789356078255852E-4,0.006347304515491464,6.633936811667702E-5,1.424347263402932E-4,2.9774097721396015E-4,4.239182882328349E-4,5.242137814643933E-4,1.7360828470205954E-4,0.026243829370317735,1.8864086795144922E-4,3.3736604511846904E-4,0.0019154336914062155,2.521937826640373E-4,2.475846770310615E-4,2.4414858040942904E-4,1.1976981135416636E-4,7.9756537975542E-4,0.00122933448431222,2.734075903752897E-4,0.001055968931461278,2.4974494320694916E-4,2.570702365925528E-4,2.0654897545502028E-4,6.576492156302092E-4,0.0011317138102383117,7.677635706772752E-4,0.0011196840287238997,0.0200812454837189,1.6592965080386568E-4,3.006162676951651E-4,4.833471876630807E-5,1.523895512953282E-4,3.020760459036226E-4,8.70821864675264E-4,5.326133093099852E-4],[5.427279187132071E-4,4.842421763256729E-4,0.013511567795920196,6.915914352314171E-5,5.437966439301611E-4,0.0018621415756938779,1.495926195429646E-4,2.653110680267543E-4,1.0,9.522346827026369E-5,3.3173415661599614E-4,3.228911908237039E-4,1.468217600139147E-4,0.019149242901843225,3.695855506244078E-4,1.0361136015861789E-4,3.8168387917460786E-4,3.752427912813282E-4,0.0012860986691854382,0.0022060579293719804,2.245969404170382E-4,0.0058326964132299625,1.338027301447537E-4,3.569450532092599E-5,2.1232446952870748E-4,4.348617187921347E-4,4.275940692290385E-4,8.766791483074198E-5,0.007717605993138049,6.061299013105799E-5,2.8404694115718835E-4,0.0012161333616511835,1.1899076472724637E-4,8.09001347278264E-5,1.0882905053739453E-4,8.476705732823019E-5,0.0017521510479763139,4.621713171071198E-4,1.4496742402903416E-4,3.203649149800199E-4,1.303171212748548E-4,1.6205903239158574E-4,1.3574575349642904E-4,2.910868889892961E-4,3.08273732787748E-4,6.561413391315353E-4,0.0010021398470417215,6.770549441666771E-4,1.1518289995448585E-4,2.6273783220249623E-4,1.1038893713063201E-4,5.473452402661075E-5,7.704505657892115E-5,3.826931656853461E-4,3.8015376655109847E-4],[2.6571588935443877E-5,5.50106719239095E-4,0.03577925351645004,3.0535589723648175E-5,3.2093736160513384E-4,3.364093344488806E-4,2.2578110451069243E-5,3.043043268486885E-4,9.522346827026369E-5,1.0,0.005054893510844304,7.398545875740889E-4,6.967417961253029E-5,0.011084107436242456,1.2004531632735619E-4,8.669519550989592E-5,0.0015818432847287025,3.805532268140324E-4,0.001970425463026797,0.003240187005165704,2.242358873062531E-4,0.0068335608025593755,1.899077533218083E-5,1.2121876208893559E-5,6.878707296510231E-5,3.63907522484391E-4,6.164177362397584E-5,1.2869655642133861E-5,0.031041057728545034,3.045187224183858E-5,3.36443257356893E-4,0.0012297912900513346,1.39862893750642E-5,1.327023275413855E-5,3.362424918058093E-5,3.849587582110401E-5,0.0010172327984855174,3.4277716088522306E-4,4.92718408496124E-5,5.961465428559156E-4,4.773403200530039E-5,9.746233653525482E-5,9.568794122122522E-5,4.5858412379317254E-4,0.001429112482466768,0.0011453918297761143,0.001245439197041769,0.0014273297103486583,1.3399612476439433E-5,1.1763631249483503E-4,1.3713739217936321E-5,1.3525636785334959E-5,1.3007840223453689E-5,0.0011097284181627218,1.6227279752384794E-4],[0.005843565823756963,0.0031173420940417574,0.059941701479729374,0.001715354143121407,0.003391120615966548,0.0059313510123679795,0.005226917810333345,0.004936377123576434,3.3173415661599614E-4,0.005054893510844304,1.0,0.0010509840074119114,7.989255982497669E-4,0.08219734564646808,0.00641198531078946,0.005290529858327926,0.004332329223306342,0.002885167687237713,0.004293510725529933,0.006100280856220339,0.005582431696559771,0.013663421039009707,0.0018942913178075383,0.004089129251950016,0.006449111067311102,0.003821571189132967,0.00347070816570946,0.0036231615791848305,0.014103706353430227,0.006466319777505259,0.003847013802915828,0.0021468868590878137,0.0052211957166417855,0.001421479713085158,6.053499352487198E-4,0.006466138454311869,0.004298335521483989,0.005352361668162473,0.006444302659007691,0.00260002166913022,8.731390321645662E-4,0.004366258141432028,0.004578522519854771,0.005173328355292921,0.004997048340195305,0.0016314703303797612,0.0038204841360471955,0.01640135280012576,0.004603914876917091,0.004987364732620509,0.0025263475836615023,0.004617160729998416,0.005865825850305141,0.005699984514983276,0.002864700299487614],[7.663452202562394E-4,7.639575446325314E-4,0.03895897864135518,7.295958574427642E-4,0.0010253244507568327,0.0017699625563295353,3.272648292409663E-4,4.734663296326477E-4,3.228911908237039E-4,7.398545875740889E-4,0.0010509840074119114,1.0,2.7483097572015197E-4,0.036781373149317176,7.614506195462953E-4,6.885287338761148E-4,0.0010237827187894962,5.467399390225229E-4,9.975426882491282E-4,0.001957881412635745,3.958723217158605E-4,0.005305492548289012,7.007872989015435E-4,3.449604267024644E-4,2.82938998129657E-4,5.576793479583898E-4,5.796493399458553E-4,7.161089951400879E-4,0.019091994273964706,7.160977895148077E-4,5.439740897169127E-4,0.0013819491374252452,2.7059166524138086E-5,1.9339652571094302E-4,5.616431937917518E-4,3.088560999217998E-4,0.0020015809132962552,7.924099780552699E-4,2.1329545563575765E-4,0.0010197911885825835,1.3234896386240646E-4,6.977846375214405E-4,4.992299821963622E-4,7.895450964367918E-4,9.703479596859367E-4,9.377724906423697E-4,0.0012737681572939702,0.01836956543127903,4.2097119947815564E-4,5.982213232707612E-4,7.434336444984554E-5,2.1042530182395692E-4,3.614172084940823E-4,0.0015952705354218013,7.659371254045255E-4],[5.208523777282057E-4,4.50873547669688E-4,0.03389518982522094,8.083457706429975E-5,0.0011374145842761776,0.0020648041637413516,1.842793960157206E-4,2.631863305636701E-4,1.468217600139147E-4,6.967417961253029E-5,7.989255982497669E-4,2.7483097572015197E-4,1.0,0.04298562560316475,3.416690275253127E-4,1.3781998846455138E-4,0.0011616957278444365,2.2300011852140094E-4,9.307200238778916E-4,0.0022912056297168647,2.5261762654235414E-4,0.011423280898056418,6.354172090051015E-5,1.0151998889465487E-4,2.31231247208402E-4,3.924980962337468E-4,3.399771770754808E-4,8.482936076876788E-5,0.01920249453504922,1.622764688415863E-4,2.101821715489693E-4,2.7243382109536616E-4,1.1502434338690593E-4,1.2302745062701644E-4,1.5124636503307802E-4,7.570094434159151E-5,5.157510794757697E-4,6.480256015053813E-4,1.6956942193886045E-4,7.55233210273635E-4,1.4561996749116508E-4,1.745862188684617E-4,1.4651439804228973E-4,5.067740944483711E-4,8.188952780096011E-4,0.0010267528691443627,0.002096714115102573,0.015562411722954026,1.3443062627556063E-4,1.9100151465006578E-4,5.5150345480129624E-5,1.355109125520839E-4,7.534462887310531E-5,9.952401338106554E-4,5.98315531585044E-4],[0.036684667943682824,0.08813533190711018,0.06962268208446053,0.07650292136243107,0.036922581489258643,0.02339560264288892,0.011769195193577843,0.05606447636325259,0.019149242901843225,0.011084107436242456,0.08219734564646808,0.036781373149317176,0.04298562560316475,1.0,0.06674912472406429,0.007695840275455773,0.04878102170574166,0.09068124810695125,0.07239193248636892,0.07223282275673577,0.04263628601715621,0.03841147337121742,0.0649240805981991,0.07615454599182513,0.04843817789254831,0.022476175694509888,0.07633696063617672,0.055456354186085716,0.06324377292725554,0.07070398888975299,0.06464312372965765,0.04627514029837753,0.07012289879654178,0.03718316110446628,0.07682927113401819,0.03033868077113274,0.008703350535597985,0.03133442260584095,0.061365214870257034,0.04273646307113001,0.020486997958764,0.0021069213670430968,0.07666330851758492,0.05846034056242977,0.006940201711854298,0.02296499473709667,0.0640626339775506,0.057758347208702654,0.06570910555744199,0.08886927537662881,0.0868586428981794,0.016810061839806316,0.07109052883683896,0.05676136189225393,0.02853283695329418],[6.564752164982023E-4,5.975358072982473E-4,0.01965764335493484,2.46152855649047E-4,7.61996373265107E-4,0.002052027464106025,2.9128592975658673E-4,3.340001905511911E-4,3.695855506244078E-4,1.2004531632735619E-4,0.00641198531078946,7.614506195462953E-4,3.416690275253127E-4,0.06674912472406429,1.0,5.882841348553633E-4,0.0015353022269131921,5.653225379916521E-4,0.002393605775212295,0.002112205681374348,5.434899745998675E-4,0.002329021989474011,1.8967684421118488E-4,2.4321647051001616E-4,5.605313992499777E-4,4.829795661439268E-4,5.847640234816209E-4,4.0386330235838E-4,9.737151461536761E-4,4.511342807085068E-4,3.93761552554117E-4,0.001922240922013849,4.502861137353078E-4,1.6217366254052987E-4,5.23624364744181E-4,2.790085452996815E-4,0.0010132423842972539,0.0012619911835045194,3.531958542290068E-4,8.736482815419204E-4,1.6549698889884297E-4,3.446275562419947E-4,1.4423125488757725E-4,6.677195318171372E-4,7.075006784137998E-4,8.618955360543619E-4,9.260199339267009E-4,0.01625612357248555,1.4417155722106664E-4,5.24346545606865E-4,1.7519982803881917E-4,1.1595846620264152E-4,1.2549535535429725E-4,8.001112240521207E-4,6.111582314134613E-4],[4.43287044522589E-4,5.171148058561677E-4,0.02159388624016676,8.934682378255189E-5,7.175308519370635E-4,0.001218886618195142,2.444900729032628E-4,2.1542921122245717E-4,1.0361136015861789E-4,8.669519550989592E-5,0.005290529858327926,6.885287338761148E-4,1.3781998846455138E-4,0.007695840275455773,5.882841348553633E-4,1.0,0.0011925524594575557,1.924739062808342E-4,0.0017083323759514047,0.002402070625649392,1.0550657364695888E-4,0.008485277538317583,8.718293655105494E-5,3.503770695531807E-5,1.715394456342294E-4,3.331177066004368E-4,1.6062252279178786E-4,7.598318720656429E-5,0.005021554272789844,6.428229326392033E-5,2.8524797296261106E-4,3.454160000652718E-4,8.710741051538536E-5,4.755385077401749E-5,7.66806490217623E-5,6.707116900277696E-5,0.0033452932245120106,4.6589654240369876E-4,1.5539687194942773E-4,3.7530319198869887E-4,1.0890881417951306E-4,1.1597023541570119E-4,1.1307844373089827E-4,1.223597950291816E-4,8.100922733270984E-4,0.0013909216032794226,0.002404482362018537,0.01157657969063254,9.630218005252854E-5,1.2086032507626512E-4,9.725040040893598E-5,8.44544910422079E-5,7.549091368729726E-5,0.0013175784973129706,4.6270166849182227E-4],[9.430133385552522E-4,0.0011817489075543102,0.004516483529585903,0.001582718798575159,0.001666299495936656,0.0017759019866783695,0.0016193383065827068,7.576959531078811E-4,3.8168387917460786E-4,0.0015818432847287025,0.004332329223306342,0.0010237827187894962,0.0011616957278444365,0.04878102170574166,0.0015353022269131921,0.0011925524594575557,1.0,0.0013452141638825642,0.002062335614625155,0.002558384536932653,0.0013877276505068934,0.002083618901303454,5.064338382187981E-4,0.001092675167200097,4.947553502780921E-4,0.0014776040286948243,0.0014622910717441342,5.968600997203386E-4,0.004545483265438579,3.156948219280374E-4,9.90168570235627E-4,0.0018127246529024644,0.0012882955988042957,7.117034938375511E-4,0.0015006453997053512,1.532075621084793E-4,0.0021097798580277066,0.0016791850374689825,0.001232153973201494,0.0011838563772511442,0.001516513017559786,3.0372199317976376E-4,0.0016141846742428131,0.0013782947350338905,0.0015692896053774686,0.0015371005271969922,0.0018748704203525191,0.010947223081863872,0.0013065730988024299,0.0011347140093142228,6.19747289434728E-4,0.0015929859286671513,0.0013860686734340634,0.001623274670473601,0.001412894269056985],[5.807901822877219E-4,5.903920477830771E-4,0.00984990734300081,2.4373167108325265E-4,8.307917200084725E-4,0.0010808418489351049,3.81314012613799E-4,3.2004338414792647E-4,3.752427912813282E-4,3.805532268140324E-4,0.002885167687237713,5.467399390225229E-4,2.2300011852140094E-4,0.09068124810695125,5.653225379916521E-4,1.924739062808342E-4,0.0013452141638825642,1.0,0.0022905811224447456,0.0033459565220904782,3.119373145269866E-4,0.001661076836385098,3.357049596970499E-4,2.9013051569322815E-5,4.0909558155073134E-4,4.893107251230367E-4,5.213397363879864E-4,2.440321948799658E-5,0.017962477570484373,3.0902152679877293E-4,3.8522252905732763E-4,0.0017365209781616583,1.6431155687435568E-4,5.033190395984363E-4,3.6747904644779107E-4,2.732065930801047E-4,7.502687505224766E-4,0.0016800456098215095,4.664629270907081E-4,8.599185298097949E-4,4.952300615218061E-4,2.3236217770258825E-4,1.672007795132842E-4,0.0010509692340951947,0.0011708542151468277,0.001044329754657314,0.0013646860172994535,0.01787679961313052,4.852947074646631E-4,4.893916471845105E-4,4.321008949599914E-4,4.908444480012919E-4,1.611435033413684E-4,9.209765419435584E-4,5.147253762268566E-4],[9.628124919297329E-4,0.002357197495370309,0.022943853373093046,0.001873326711969337,0.0017091215852558664,0.0025000144662694025,0.0022576499110950362,0.0025703032118616093,0.0012860986691854382,0.001970425463026797,0.004293510725529933,9.975426882491282E-4,9.307200238778916E-4,0.07239193248636892,0.002393605775212295,0.0017083323759514047,0.002062335614625155,0.0022905811224447456,1.0,0.0033623052599705493,3.128052947375468E-4,0.008556234099215318,0.0010100263407676687,0.0023418385865111766,8.167101043137612E-4,0.0013403947656267336,0.001224858803898873,6.242769209114026E-4,0.004289489204602991,0.0011615154275147312,0.0013754930821232142,0.0020535272423644617,0.0017803780813780735,0.0021030900641231896,0.0011755581327175524,0.0026402928034028298,0.002763933473976596,0.001995396038698368,5.601447226480972E-4,0.002634204258492804,0.0021857957262604484,0.002548704114719519,5.293690323081664E-4,0.0021390341640019567,0.001939551282609954,0.0022808662893753846,0.00265799576534227,0.015076261428032377,9.615897513122697E-4,0.0018065463018413297,0.001120281762705818,0.0012748486951433475,0.002266739422379316,0.0017692697014265936,8.511397328289001E-4],[0.003331515549722643,0.001084006529772896,0.05545393680274184,2.4817528349598927E-4,0.0026217678044434594,0.002689931267249849,0.0019286221580417343,3.569357758353858E-4,0.0022060579293719804,0.003240187005165704,0.006100280856220339,0.001957881412635745,0.0022912056297168647,0.07223282275673577,0.002112205681374348,0.002402070625649392,0.002558384536932653,0.0033459565220904782,0.0033623052599705493,1.0,0.002412476340689911,0.010742680488347544,0.003122194930684354,0.0026553941834331096,6.470553378296834E-4,0.0023388030265500993,0.0012175268783983363,0.0015551715044958482,0.03230729950594536,0.0011299573771779625,0.0014528970177531647,0.003256918018859471,0.0017682942791573213,5.855569531316384E-4,8.005835688110302E-4,0.0012511935684722478,0.0034229560859668933,0.0026672657832836695,0.0027567172069706495,0.0023094751311033695,6.914621526656079E-4,0.003358797899655446,0.002321241909945642,0.0017683848449538315,0.0023036356636377603,0.0031087288593373164,0.002995140616485762,0.018311430213989077,4.368108507905376E-4,0.002561530623704505,9.963383896900797E-4,4.938025673903101E-4,0.002331300234188541,0.003093036829700682,0.002274041473676196],[2.965833432420892E-4,3.2847278602147974E-4,0.03318456725584285,9.053222328365962E-5,5.89535241960051E-4,0.0013372999452251485,2.7517184187016955E-4,2.789356078255852E-4,2.245969404170382E-4,2.242358873062531E-4,0.005582431696559771,3.958723217158605E-4,2.5261762654235414E-4,0.04263628601715621,5.434899745998675E-4,1.0550657364695888E-4,0.0013877276505068934,3.119373145269866E-4,3.128052947375468E-4,0.002412476340689911,1.0,0.011739798430023053,9.32273843825894E-5,9.10630594026909E-5,2.6916671239341107E-4,4.1100030914660357E-4,5.289424656253071E-4,1.6382440033550685E-4,0.004139576140242316,5.081182391240969E-5,2.852606876638492E-4,0.0018988608462479667,9.535075527706635E-5,1.9784642884445154E-4,2.0122787772962778E-4,2.1261801847811254E-4,0.003530973496080113,8.995396935022354E-4,1.883907445783961E-4,9.990178456331055E-4,1.4877757635758113E-4,2.2460770270072312E-4,2.709671954777309E-4,7.668763501146145E-4,0.0013613377583331385,7.372963849292501E-4,7.704922479337874E-4,0.0021881187512633907,3.2258749099249226E-5,2.7381514372998127E-4,3.0841171432489534E-5,1.3947637191870252E-4,1.3803993504157898E-4,0.0013235555241734292,5.000110784053183E-4],[0.01358542444674322,0.010843194233603477,0.018755364576008682,0.0035571842035803268,0.013431108226123069,0.005390735180997443,0.010539664389067071,0.006347304515491464,0.0058326964132299625,0.0068335608025593755,0.013663421039009707,0.005305492548289012,0.011423280898056418,0.03841147337121742,0.002329021989474011,0.008485277538317583,0.002083618901303454,0.001661076836385098,0.008556234099215318,0.010742680488347544,0.011739798430023053,1.0,0.003671124281455689,0.009695027568497437,0.003207411414200655,0.003625794750300319,0.01231631003690602,0.003332020794364688,0.02329135363959025,0.006060966175671989,0.0027131455208998117,0.0020246470664723915,0.013356484626069573,9.858260983761523E-4,0.004351528533543177,0.012776969992513341,0.012475170491295626,0.012194320067044555,0.004265378537725369,0.007541548818270196,0.011465474612526531,0.0019332331702831928,0.00579136605358949,0.009913306599084577,0.01054920689453061,0.006989990266339766,0.012818669035903101,0.017265451623860475,0.002307203382276964,0.0010136219234552506,0.0012627768361763872,0.0017736493964651337,0.01121611343911672,0.003866965455263241,0.0027835191027155972],[6.511046289723361E-4,1.0031687936107347E-4,0.023637166978829605,5.2133377949345415E-5,4.0817395278864975E-4,0.0022843672402939625,2.712837736484832E-4,6.633936811667702E-5,1.338027301447537E-4,1.899077533218083E-5,0.0018942913178075383,7.007872989015435E-4,6.354172090051015E-5,0.0649240805981991,1.8967684421118488E-4,8.718293655105494E-5,5.064338382187981E-4,3.357049596970499E-4,0.0010100263407676687,0.003122194930684354,9.32273843825894E-5,0.003671124281455689,1.0,1.619739952823165E-5,1.9149840930396045E-4,3.5426261397262463E-4,4.87327748707289E-4,3.733520924960143E-5,0.012568277795435925,4.365655169663252E-5,1.6822267643290057E-4,0.0013939654290534987,3.283140299440683E-5,4.928694526861771E-5,5.265569571489765E-5,5.6185063366087285E-5,0.0014364031690352048,0.001626055438578362,1.2699249447982997E-4,8.162836545050851E-4,9.819887317510835E-5,1.7850499965148934E-4,1.2778689256025892E-4,4.708929832535015E-4,4.997906968050678E-4,0.0014854782186159066,0.002287688999862655,0.008678916549409737,5.080196764805158E-5,2.5535458072983966E-4,4.102916776133525E-5,4.807642968508023E-5,2.688424810373098E-5,0.0014760658704422837,4.2708333788138875E-4],[3.660579057293909E-4,2.7508124549192897E-4,0.005990845989188926,4.4721355317446446E-5,2.7966024163444524E-4,0.002315423749574003,1.7860126830083914E-4,1.424347263402932E-4,3.569450532092599E-5,1.2121876208893559E-5,0.004089129251950016,3.449604267024644E-4,1.0151998889465487E-4,0.07615454599182513,2.4321647051001616E-4,3.503770695531807E-5,0.001092675167200097,2.9013051569322815E-5,0.0023418385865111766,0.0026553941834331096,9.10630594026909E-5,0.009695027568497437,1.619739952823165E-5,1.0,1.6530145692341205E-4,1.149960978225485E-4,3.9683099572728424E-4,1.050318958658913E-5,0.005059315644843917,3.8529937316660014E-5,1.825241162256626E-5,4.348640554700282E-4,1.651606876130038E-5,1.2971230846632544E-5,4.306193385739165E-5,2.1719017329999787E-5,5.694005587689134E-4,0.0015573868659051228,7.297027540511061E-5,9.400797351435296E-4,5.938514718729648E-5,6.445643024151591E-5,9.781598648230318E-5,8.165144642577172E-4,0.0013666490354562496,9.766973194165775E-4,0.0017503763155028477,0.011800187658667714,1.1572049718409606E-5,1.1089430424735581E-4,1.624527512904379E-5,1.2450842332809224E-5,1.1803529895452897E-5,1.6740301861510164E-4,4.8631197790404606E-4],[4.206008568183641E-4,3.9581977739169415E-4,0.007945843789174543,1.6724875087759634E-4,6.925820711486076E-4,6.050757684949122E-4,2.753270533464767E-4,2.9774097721396015E-4,2.1232446952870748E-4,6.878707296510231E-5,0.006449111067311102,2.82938998129657E-4,2.31231247208402E-4,0.04843817789254831,5.605313992499777E-4,1.715394456342294E-4,4.947553502780921E-4,4.0909558155073134E-4,8.167101043137612E-4,6.470553378296834E-4,2.6916671239341107E-4,0.003207411414200655,1.9149840930396045E-4,1.6530145692341205E-4,1.0,3.244370503465773E-4,3.4998573556938354E-4,5.5399047386985316E-5,0.029894740342910498,4.334460375851181E-5,2.729460368836168E-4,9.009049816103554E-4,6.690853059439477E-5,1.8270784035524183E-4,9.296741953053182E-5,1.2009769816427394E-4,0.001199549273858023,7.070818264824511E-4,2.540547007613352E-4,3.1441120114081354E-4,2.3816154004942263E-4,2.3034787079330972E-4,2.1498576623826883E-4,9.553406152613541E-4,0.001139553945558645,3.538370032885813E-4,0.0014316933280801012,0.014359613066248316,1.783849624271502E-4,2.6802229577392627E-4,5.768520913467556E-5,1.0799114574352344E-4,2.0671427650787564E-4,0.001447388009713177,4.5955598268476895E-4],[5.909925953886716E-4,5.456527055687118E-4,0.013455640826065964,1.7442003604557877E-4,0.0010597472476327455,0.0014508923896739653,3.183373765393821E-4,4.239182882328349E-4,4.348617187921347E-4,3.63907522484391E-4,0.003821571189132967,5.576793479583898E-4,3.924980962337468E-4,0.022476175694509888,4.829795661439268E-4,3.331177066004368E-4,0.0014776040286948243,4.893107251230367E-4,0.0013403947656267336,0.0023388030265500993,4.1100030914660357E-4,0.003625794750300319,3.5426261397262463E-4,1.149960978225485E-4,3.244370503465773E-4,1.0,4.548017152887117E-4,9.204539784729237E-5,0.022748808813906878,4.6135649237233505E-5,4.020133731878157E-4,0.0019202945793652297,3.667546410683713E-4,4.2232405423763935E-4,1.1357935910071575E-4,3.599632845928918E-4,0.0034500456950762085,8.350481777929658E-4,3.066479189038633E-4,6.991325588404035E-4,4.153993768694487E-4,3.3475362639918396E-4,3.4389505037016186E-4,5.799503671894642E-4,9.017529069369238E-4,0.0010743581367879454,0.0024013630500516825,0.010612995587336896,1.6291573757739892E-4,4.0167071864778426E-4,3.4295165152846595E-5,4.4322826837924867E-4,1.0302796754739768E-4,0.0014512400056683197,5.933818022972646E-4],[6.865502163402508E-4,5.87348962052161E-4,0.037537077733770234,4.88753868451755E-4,0.0010693239015818602,0.0023646683958879183,2.8516498731028384E-4,5.242137814643933E-4,4.275940692290385E-4,6.164177362397584E-5,0.00347070816570946,5.796493399458553E-4,3.399771770754808E-4,0.07633696063617672,5.847640234816209E-4,1.6062252279178786E-4,0.0014622910717441342,5.213397363879864E-4,0.001224858803898873,0.0012175268783983363,5.289424656253071E-4,0.01231631003690602,4.87327748707289E-4,3.9683099572728424E-4,3.4998573556938354E-4,4.548017152887117E-4,1.0,2.3195167826187358E-4,0.02728559794632541,6.24681774192828E-5,5.475251956069497E-4,0.001616155674561574,4.3680362501604476E-4,2.808262336339791E-4,3.0787055696275274E-4,3.1761459773644755E-4,0.0016634477649275334,0.0011638761478169645,3.0125858112283333E-4,7.03953397712261E-4,3.156293172580366E-4,4.7163868312784403E-4,3.7396324543477976E-4,9.435503104981507E-4,0.0014680101036214453,9.790407812493226E-4,0.002474445385756048,0.009724142943882744,2.3805127765869262E-4,5.455215486719571E-4,8.445735228224483E-5,4.1330630790294376E-4,4.938652501455068E-4,9.45088489457285E-4,5.908165930073992E-4],[2.4295295589832683E-4,2.54186116110424E-4,0.017059434895268497,4.443044356206293E-5,0.0011664341823813772,8.392769332892601E-4,6.649492239999398E-5,1.7360828470205954E-4,8.766791483074198E-5,1.2869655642133861E-5,0.0036231615791848305,7.161089951400879E-4,8.482936076876788E-5,0.055456354186085716,4.0386330235838E-4,7.598318720656429E-5,5.968600997203386E-4,2.440321948799658E-5,6.242769209114026E-4,0.0015551715044958482,1.6382440033550685E-4,0.003332020794364688,3.733520924960143E-5,1.050318958658913E-5,5.5399047386985316E-5,9.204539784729237E-5,2.3195167826187358E-4,1.0,0.029772672393659227,2.62251190796445E-5,2.831375905665843E-4,0.0015720626242789353,1.0772261206888426E-5,1.1375059871636292E-5,4.958574422145411E-5,3.4749194403009684E-5,0.0014705730541645118,9.802398813777119E-4,5.0372528874069225E-5,5.933020631067362E-4,1.0814086088327727E-4,1.59892728958872E-4,1.1527116365205098E-4,2.735183967898935E-4,0.0011769254266323426,9.168612582554181E-4,0.0025853962925117464,0.009307527389731961,1.0680862927433583E-5,8.677078639971574E-5,1.514320961463501E-5,1.0550224031690032E-5,1.2361734386182768E-5,0.0011174937953696577,4.959719970982402E-4],[0.03137773693203306,0.015969481717197063,0.061826565890912046,0.01611496343121991,0.01444246219059202,0.020727414080645705,0.010254704440645308,0.026243829370317735,0.007717605993138049,0.031041057728545034,0.014103706353430227,0.019091994273964706,0.01920249453504922,0.06324377292725554,9.737151461536761E-4,0.005021554272789844,0.004545483265438579,0.017962477570484373,0.004289489204602991,0.03230729950594536,0.004139576140242316,0.02329135363959025,0.012568277795435925,0.005059315644843917,0.029894740342910498,0.022748808813906878,0.02728559794632541,0.029772672393659227,1.0,0.02488352127438233,0.011985278163931282,0.026285141830017712,0.030370384579839895,0.010975663955241865,0.028584043462092232,0.026117718509136294,0.02218046360137127,0.009539340828864967,0.031698719637080125,0.003033188284729359,0.02965748876686723,0.005681622766407149,0.027850311086385814,0.02982197897811951,0.014136046296790397,0.010653292185953065,0.025957819773156605,0.030594041631953575,0.012604091087669127,0.014389373236573,0.01762907446747348,0.027817537068022796,0.022592406896998346,0.006586401186732625,0.0285415076901657],[3.0983951865884446E-4,2.3712504345720979E-4,0.006092775688785827,4.346053136417109E-5,6.221070224662504E-4,0.0013039381166870146,1.799232576688445E-4,1.8864086795144922E-4,6.061299013105799E-5,3.045187224183858E-5,0.006466319777505259,7.160977895148077E-4,1.622764688415863E-4,0.07070398888975299,4.511342807085068E-4,6.428229326392033E-5,3.156948219280374E-4,3.0902152679877293E-4,0.0011615154275147312,0.0011299573771779625,5.081182391240969E-5,0.006060966175671989,4.365655169663252E-5,3.8529937316660014E-5,4.334460375851181E-5,4.6135649237233505E-5,6.24681774192828E-5,2.62251190796445E-5,0.02488352127438233,1.0,1.2551114128537898E-4,9.314532077729914E-4,3.6224439599819E-5,2.9873849600944305E-5,4.9276359783075884E-5,5.482098584290992E-5,0.00325649572799886,2.1052096831713214E-4,1.2405875333969718E-4,3.086611711190167E-4,1.0553985522806761E-4,6.862678472423827E-5,1.2175114390631255E-4,4.888528506759512E-4,0.0010176763991179404,7.40963143870168E-4,6.219867719691465E-4,0.015916319204899623,2.999876036664011E-5,2.4945476970768287E-4,3.748173191339429E-5,1.795963931659524E-5,2.379270005880928E-5,0.0013723900974948638,4.923407920920824E-4],[6.501702869336418E-4,4.105940954109827E-4,0.011096277169163555,8.911847082626423E-5,6.108579657080151E-4,0.001881702423585012,3.068036007179663E-4,3.3736604511846904E-4,2.8404694115718835E-4,3.36443257356893E-4,0.003847013802915828,5.439740897169127E-4,2.101821715489693E-4,0.06464312372965765,3.93761552554117E-4,2.8524797296261106E-4,9.90168570235627E-4,3.8522252905732763E-4,0.0013754930821232142,0.0014528970177531647,2.852606876638492E-4,0.0027131455208998117,1.6822267643290057E-4,1.825241162256626E-5,2.729460368836168E-4,4.020133731878157E-4,5.475251956069497E-4,2.831375905665843E-4,0.011985278163931282,1.2551114128537898E-4,1.0,0.001915642628220918,2.9532882351844623E-4,1.6029298316658333E-4,2.8988489988279016E-4,1.8529849314133967E-4,0.0035350310589832346,0.0016553140543666854,3.2344439616721285E-4,3.8478779759642E-4,3.046238887143768E-4,2.145180618178556E-4,1.8579061342791732E-4,8.423735769555024E-4,8.957533037458607E-4,8.044262937617972E-4,0.0015383012875873755,0.009203330886975685,2.0035590046090074E-4,3.290622754883175E-4,2.9084914302132865E-4,2.8054056715280104E-4,1.5165405499706578E-4,0.001366100276321279,4.8798534033326344E-4],[0.0010837487688635835,0.0017012718689200408,0.045303653340568954,0.001965971415194481,0.00197912657594263,0.0022532665103144997,9.662164844288724E-4,0.0019154336914062155,0.0012161333616511835,0.0012297912900513346,0.0021468868590878137,0.0013819491374252452,2.7243382109536616E-4,0.04627514029837753,0.001922240922013849,3.454160000652718E-4,0.0018127246529024644,0.0017365209781616583,0.0020535272423644617,0.003256918018859471,0.0018988608462479667,0.0020246470664723915,0.0013939654290534987,4.348640554700282E-4,9.009049816103554E-4,0.0019202945793652297,0.001616155674561574,0.0015720626242789353,0.026285141830017712,9.314532077729914E-4,0.001915642628220918,1.0,0.0011038558212781936,6.701100390150141E-4,0.0012637265716739696,0.0011041615125628114,0.0032619911989643082,0.0019172354644176341,0.0012776054074147066,0.0018739343739225946,7.517874529880834E-4,7.100999706039752E-4,1.5908286765718515E-4,0.0016926941630553798,0.0015691961303653293,0.0017127885050102032,0.0024287406495379165,0.014750539666014658,0.0011631458569771685,5.350433183379112E-4,0.001764377292314318,1.948073831034408E-4,1.6138109773660694E-4,0.0017071661765208665,6.750681749826629E-4],[7.300607258388628E-4,9.808084829781186E-5,0.002093705752750133,3.5859303374053916E-5,0.0012429566635566841,9.994480783487233E-4,2.8834897294851494E-5,2.521937826640373E-4,1.1899076472724637E-4,1.39862893750642E-5,0.0052211957166417855,2.7059166524138086E-5,1.1502434338690593E-4,0.07012289879654178,4.502861137353078E-4,8.710741051538536E-5,0.0012882955988042957,1.6431155687435568E-4,0.0017803780813780735,0.0017682942791573213,9.535075527706635E-5,0.013356484626069573,3.283140299440683E-5,1.651606876130038E-5,6.690853059439477E-5,3.667546410683713E-4,4.3680362501604476E-4,1.0772261206888426E-5,0.030370384579839895,3.6224439599819E-5,2.9532882351844623E-4,0.0011038558212781936,1.0,1.4797183666943373E-5,5.021359722304343E-5,4.633408913644536E-5,0.001468529091892061,0.0015584247481912395,5.20662231342491E-5,9.113836580570235E-4,5.166668728227371E-5,1.5822592995790488E-4,7.202807203495094E-5,7.169873239796834E-5,2.87949580649475E-4,7.888986413309065E-4,5.557055331633679E-4,0.012177946737093201,2.109047977970512E-5,2.356641082324736E-4,1.9842928517265568E-5,1.8014150773523946E-5,1.6252768290981202E-5,0.0014583536458940324,3.084436591322153E-4],[5.144542436293238E-4,1.7456781477269846E-4,0.05456016677860275,4.046245939612838E-5,3.8082360871049924E-4,0.0014891694857575896,5.426382475800453E-5,2.475846770310615E-4,8.09001347278264E-5,1.327023275413855E-5,0.001421479713085158,1.9339652571094302E-4,1.2302745062701644E-4,0.03718316110446628,1.6217366254052987E-4,4.755385077401749E-5,7.117034938375511E-4,5.033190395984363E-4,0.0021030900641231896,5.855569531316384E-4,1.9784642884445154E-4,9.858260983761523E-4,4.928694526861771E-5,1.2971230846632544E-5,1.8270784035524183E-4,4.2232405423763935E-4,2.808262336339791E-4,1.1375059871636292E-5,0.010975663955241865,2.9873849600944305E-5,1.6029298316658333E-4,6.701100390150141E-4,1.4797183666943373E-5,1.0,5.209345430456454E-5,4.39911637880388E-5,0.002265969387385705,0.0018179977344165627,2.5574345451053013E-5,6.002296236869936E-4,8.814023016388833E-5,1.287335548586926E-4,9.163760813580832E-5,0.0010041770036185182,0.001540938122478091,0.0013338429501692011,0.0019648842270388626,0.007367734864423504,2.1090612231790648E-5,2.4184994621158595E-5,2.4234407588539514E-5,1.4015144003716727E-5,1.3985153937618033E-5,9.014258900180888E-4,3.9703686308737953E-4],[3.5575868087143016E-4,2.49260746602363E-4,0.004011737011062577,5.217539816472528E-5,6.33849879743964E-4,0.0013819732787564301,2.441546018713671E-4,2.4414858040942904E-4,1.0882905053739453E-4,3.362424918058093E-5,6.053499352487198E-4,5.616431937917518E-4,1.5124636503307802E-4,0.07682927113401819,5.23624364744181E-4,7.66806490217623E-5,0.0015006453997053512,3.6747904644779107E-4,0.0011755581327175524,8.005835688110302E-4,2.0122787772962778E-4,0.004351528533543177,5.265569571489765E-5,4.306193385739165E-5,9.296741953053182E-5,1.1357935910071575E-4,3.0787055696275274E-4,4.958574422145411E-5,0.028584043462092232,4.9276359783075884E-5,2.8988489988279016E-4,0.0012637265716739696,5.021359722304343E-5,5.209345430456454E-5,1.0,5.4068279078587034E-5,0.003432086449674739,0.0017253262109122177,8.372841783305641E-5,6.052596988817132E-4,1.2