[[1.0,6.79917826971145E-5,0.001484521613202379,8.54556186002458E-5,0.001327175325681194,0.010310052460804376,8.208109134766103E-4,1.4104745842834275E-4,6.0787226928779756E-5,1.1334880608561835E-5,2.8178894730913376E-5,4.9697715459745236E-5,0.0021570820906089668,2.664012321814619E-5,2.2440155413570917E-5,8.336336373168944E-5,0.007862234054989906,0.00300428427419482,0.03717441291626014,6.550164202920327E-5,1.3049771619062499E-5,1.357483587832815E-5,8.493105798064705E-4,2.636609896250297E-4,0.009607944191719621,9.34381446068406E-5,1.2981861038975007E-5,0.0013169006507526512,0.0020181494005222993,1.0135190680535296E-4,2.818030765644853E-4,1.055852981527542E-4,7.007084722324406E-4,0.007595286150685213,1.6244792952424574E-4,0.007748377669005155,6.379601182639477E-4,1.8049173445944483E-4,2.9796384488387296E-5,5.384518225054697E-5,7.13088732938375E-4,8.846138096188036E-5,6.648615203160543E-4,1.406014282547273E-5,4.175406671458018E-5,0.006595158906581986,4.936886862437883E-4,1.4671152237489662E-4,2.591723567786017E-4,0.0015081723392788128,0.007679433440241933],[6.79917826971145E-5,1.0,4.363377790222174E-4,3.5753091100837757E-4,0.0010231213925575994,0.011576146039961382,0.0010871983191899288,1.057907399028837E-4,1.0681724229187549E-4,9.678721323309804E-5,4.465535364568335E-5,1.6141254467169202E-4,0.005707922455125761,1.0437976130984572E-4,2.4981393057366572E-5,1.1880255291429586E-4,0.004418134360241752,1.1903153565499266E-4,0.02780952381063853,1.0270598342577296E-4,5.977099473408549E-5,6.498005469534459E-5,2.346695089678624E-4,2.617306191277472E-4,0.016414611839343222,1.0468896812444659E-4,4.923464518049942E-5,0.001166598703043386,0.0015450579374357884,1.2379842762296747E-4,5.343571555639322E-4,1.0472171908379388E-4,6.760460879670143E-4,0.008920208575860435,0.0018630250774764924,0.010045506071177077,0.0012871353120813974,4.0724991111981717E-4,7.348796747760359E-5,1.2576379743849524E-4,0.0017215971976848128,1.167661764353971E-4,7.549636198655808E-4,9.793984405497264E-5,6.085689380266283E-5,0.0052168727406391845,1.1096035123080283E-4,1.2945944811822044E-4,4.1041764881932547E-4,8.664850253367509E-4,0.012171103823793003],[0.001484521613202379,4.363377790222174E-4,1.0,0.0012891063432298087,0.0020827641031561242,0.00364040879255582,0.0014810301504428794,4.0552093304892353E-4,0.0021961893073729187,0.0014211040739955008,2.7383302868972493E-4,6.968584910681918E-4,0.005940648369893414,0.0019353210950077094,6.149503880008393E-4,0.0024590703126137876,0.007378614425780281,0.007983647157775792,0.04706834556898182,7.736962626691022E-4,8.476214582795413E-4,0.0023215891033183033,0.001976196184675936,4.014054868737036E-4,0.013803894944245346,0.0018270732380915378,1.7813397678245152E-4,0.0021064144194989248,0.003033853369386382,0.0023701787996966693,0.0017473845866533835,0.0019568079016597127,0.001733897026240103,0.007025516004496741,0.0020962715541244393,0.003122634010293894,0.0022841206644472613,0.0021568863192711596,7.895276769339226E-4,0.001324565901547645,0.002451256368383738,0.0016061240296082065,0.0017794008757289,0.0022746733811304784,5.228655365274307E-5,0.0035806372973559543,0.0025033446629190853,9.053973207930638E-4,0.0018923751297885757,0.002255368330377093,0.007282750229082781],[8.54556186002458E-5,3.5753091100837757E-4,0.0012891063432298087,1.0,0.0019155892322481331,0.01265324086954564,0.0012157351112700543,4.4547695359499517E-4,4.758228481403852E-4,5.872303172529343E-4,7.192504864741572E-4,0.0010337034567774938,0.007672353396707397,5.464989116502865E-4,4.532382715447978E-4,0.001002517463358661,0.001522498888153185,0.006710432163965488,0.03644257994990221,2.1028422100912732E-4,6.977806566834018E-4,3.120227295815188E-4,0.0010610479222271669,4.781827471856282E-4,0.004430866310280664,2.92863767084024E-4,4.749598573210149E-4,0.0014715662882975127,0.00196824250315776,0.0010382496553504022,0.0011073834853046686,3.2003212858211326E-4,0.0012109152032175048,0.002487945863256745,0.001756698590856252,0.00751192772965379,0.0011574039711270009,9.593991916238635E-4,5.983301009075892E-4,5.324937489137919E-4,0.001372081638053966,8.602041034163445E-4,0.0010662742875466222,6.108469836501365E-4,8.842262043754601E-4,0.004813869411577473,7.665065830057814E-4,9.000923299084579E-4,0.0010664704956172963,0.0010871742859765736,0.005728174091058406],[0.001327175325681194,0.0010231213925575994,0.0020827641031561242,0.0019155892322481331,1.0,0.012484681921695617,0.0018565027440730411,4.385528064515667E-4,7.72684954669706E-4,0.001249874503124904,0.0016518356367524092,7.245660962219027E-4,0.0030915581579007917,0.0013190263880762945,7.289518824462166E-4,0.0018090663968225677,0.00812101588877499,0.006034288909215662,0.026135805660257055,5.424957030441122E-4,0.0010381258450222386,0.001385098033806119,0.0015720847906672696,7.460208977770342E-4,0.008482777210934754,0.0015439727585198403,3.742100991779704E-4,0.0016725516248218136,0.003138134614513951,5.835430995717742E-4,0.0015773911103921414,0.0012171443170045494,0.0019312770147230283,0.0020028738533118084,0.0020904208658441125,0.009930220987994278,0.0016219302363996982,9.92316395377091E-4,5.222246457822638E-4,0.0017980993882896292,0.0023107755941996896,0.0019548271601740894,0.0012279325379957013,1.9363734194335932E-4,0.00134171620003778,0.00587227080109456,0.0012597195995384864,0.0016369566153828469,0.001320786067854543,0.0019863595895004264,0.013383073949265785],[0.010310052460804376,0.011576146039961382,0.00364040879255582,0.01265324086954564,0.012484681921695617,1.0,0.01167807095112223,0.011115285637865648,9.335243675298052E-4,0.01256539911865488,0.010597836717505114,0.0033309212443182303,0.012539437229723342,0.008825469231273479,0.0017176642236751295,0.010119567831094065,0.011646954813003787,0.010580515172032262,0.03627633730563772,0.007753851861296593,0.00276025808028127,0.002004818109097493,0.007617954628867469,0.008547943771464285,0.013099450825295796,0.0019050813305541685,0.004857973400740646,0.008115657109665369,0.011702063199026315,0.006794799051057805,0.002714692988778581,0.0020593442603309407,0.012570027490976604,0.013260745146249019,0.00769141282342093,0.011150099475722397,0.012620244338741711,0.009100092426880075,0.011746678927638005,0.002415137847531283,0.005613000996891809,0.00940703970058202,0.01185130819461022,0.004771545503981461,0.007262269552450948,0.009482839062890793,0.0064092578272534236,0.010113378421973235,0.002967681326389437,0.0026562772665802434,0.016839399695185962],[8.208109134766103E-4,0.0010871983191899288,0.0014810301504428794,0.0012157351112700543,0.0018565027440730411,0.01167807095112223,1.0,6.941918336276847E-4,7.611285613346163E-4,0.0011586067262714154,0.0010154145208069766,2.665888834383263E-4,0.009500702110283438,5.579672461870183E-4,7.357179933663252E-4,4.186313603643276E-4,0.00588610224366891,0.005310378361749263,0.01720648943138839,5.582534880763219E-4,3.3982079052219166E-4,3.4822020560917524E-4,0.0013018107320064013,5.700366469224585E-4,0.016431667833616135,3.3027799821503214E-4,8.323745408492269E-4,0.0012343144562794158,0.002329950167946092,9.273646033311021E-4,0.0012261623240741855,2.5981296462765705E-4,0.0012531890687761595,0.011413426999401805,0.0013343124026065393,0.0021940445067681865,0.001456638162483334,9.804729433221494E-4,0.0011861558946875803,2.851484603316857E-4,0.0023255333224905927,2.509851849747042E-4,0.0011929257245225852,1.870538325102547E-5,0.0011114867021462603,0.008362998927000915,0.0012119733200489978,0.0010155062247421713,0.0011595438241408802,0.0020283839728908806,0.007794415241496047],[1.4104745842834275E-4,1.057907399028837E-4,4.0552093304892353E-4,4.4547695359499517E-4,4.385528064515667E-4,0.011115285637865648,6.941918336276847E-4,1.0,1.5461442064433528E-4,1.624696722350443E-4,9.163443340030577E-5,1.785524646503363E-4,5.409701217461684E-4,1.5559324817977045E-4,4.692899863532958E-5,1.3286113937893018E-4,0.008150903761598174,0.005901259645170695,0.019601949342970958,1.5418184354443909E-4,1.0405289203260413E-4,8.22899684058711E-5,0.0013539750787082447,2.546845978066907E-4,0.015768812472539955,1.593752202786483E-4,1.9077398914351046E-5,9.146868137550259E-4,0.0027198177442710344,1.3829899001270734E-4,6.630486992875009E-4,1.577988320400232E-4,7.087784487178376E-4,0.007642493291751161,2.4295324063505172E-4,0.008715153240368593,0.0013823551413500652,3.3101898758719646E-4,1.1008627093883032E-4,1.542036380177762E-4,0.001142429206340563,1.574320285411613E-4,5.077441238609538E-4,1.2691928026542385E-4,1.0820412798218581E-4,0.003205590045351559,4.7134511716935936E-4,2.866401796700266E-4,9.70821468274249E-4,0.0012242738446392226,0.001513907436424556],[6.0787226928779756E-5,1.0681724229187549E-4,0.0021961893073729187,4.758228481403852E-4,7.72684954669706E-4,9.335243675298052E-4,7.611285613346163E-4,1.5461442064433528E-4,1.0,2.1977567813947347E-5,1.2377265298834378E-4,1.4019307428621167E-4,0.007532277634593972,1.2251539252517267E-4,1.0573877748225999E-4,1.2521465334532474E-4,0.004688265978432606,0.004459383612840558,0.01621706790634279,1.1351619406415506E-4,1.2181768418155604E-4,1.0562362958306873E-4,0.0012341393018917898,1.9467575094696138E-4,0.012246996992652866,1.176802984738712E-4,1.2461100213201744E-4,2.2746899875868826E-4,0.002164630325901011,1.2779000924368462E-4,2.0004417606985704E-4,1.2240348329090766E-4,0.001195782805115462,0.0029153980820984257,8.047965033725312E-4,0.009725682334308833,5.019988392784225E-4,4.605590671057783E-4,1.1167772664178125E-4,1.2993044211813187E-4,0.0023992334879219626,1.3555879488855242E-4,6.838453430261065E-4,3.959365952107176E-5,1.2573151497045166E-4,0.007991215825463834,4.2821517771835584E-4,2.554061845972206E-4,3.3517452858971615E-4,0.0015877187753271472,0.010472555652447367],[1.1334880608561835E-5,9.678721323309804E-5,0.0014211040739955008,5.872303172529343E-4,0.001249874503124904,0.01256539911865488,0.0011586067262714154,1.624696722350443E-4,2.1977567813947347E-5,1.0,3.892617283870034E-5,3.436519586482249E-5,0.0025189069553813318,9.540380956713308E-5,2.3294715239304053E-5,9.74882258871984E-5,0.005616648174277001,4.730664708712351E-4,0.046648515978915825,7.80687442886661E-5,1.1045446005928445E-5,1.409155031048094E-5,4.122072344815208E-4,2.156957456223762E-4,0.014851244148296633,2.984900997474525E-5,1.1069569249334152E-5,2.8067174687801286E-4,0.0014932037262041773,2.119843536001105E-5,3.8019603242799477E-4,5.44213774757741E-5,0.0013679257053804976,0.010928246207495646,0.0015509317056960534,0.00672776026201944,1.5463370071116018E-4,1.8021368386658622E-4,1.1528445315111189E-5,4.3783127491030846E-5,5.259128554905673E-4,1.274110850011903E-5,3.487764831028981E-4,1.1317076430356632E-5,4.871482844424365E-5,0.0065273363920288685,2.8721384239624947E-4,1.9925102440653618E-4,4.64739761162882E-4,0.001715235914923523,0.008500459920351023],[2.8178894730913376E-5,4.465535364568335E-5,2.7383302868972493E-4,7.192504864741572E-4,0.0016518356367524092,0.010597836717505114,0.0010154145208069766,9.163443340030577E-5,1.2377265298834378E-4,3.892617283870034E-5,1.0,7.76278058670142E-5,0.001482971078168608,5.840983774486047E-5,2.4454310916869958E-5,1.0354460240499512E-4,0.005730759255650168,0.00571976328634443,0.03374341741602369,8.376911533112501E-5,2.4758373710806173E-5,3.2813755707971785E-5,0.0012731763684931785,1.0040367151994294E-4,0.018817351250877044,8.821308074949383E-5,3.6916944965107835E-5,0.0015795158324612125,2.2142755361796785E-4,7.050502291240856E-5,6.204950119779992E-4,8.225363357142013E-5,0.0014239347549743475,0.013028901496678989,0.0011579634822017908,0.00429788081887024,2.574237411021917E-4,1.1063107782641689E-4,4.2279866854485314E-5,6.825781973019786E-5,0.0013887290198819672,7.225232925116801E-5,0.0010679016403943855,3.405112179846829E-5,4.689000904377741E-5,0.0017965894512248929,3.320201867388659E-4,1.0404936903320834E-4,9.921312017486443E-4,2.861923878105769E-4,0.011090811753754743],[4.9697715459745236E-5,1.6141254467169202E-4,6.968584910681918E-4,0.0010337034567774938,7.245660962219027E-4,0.0033309212443182303,2.665888834383263E-4,1.785524646503363E-4,1.4019307428621167E-4,3.436519586482249E-5,7.76278058670142E-5,1.0,0.003067688349116908,1.7736070944319215E-4,5.3793628844153445E-5,1.2281317087697733E-4,0.0035088232606827023,0.004098501736217367,0.048106631997280866,1.1436700165437665E-4,1.3412921173582473E-4,1.4398651854644962E-4,0.00109543958262142,2.129403273319679E-4,0.01939236160758726,1.4134848578722264E-4,4.483160177711579E-5,0.0011229452518563786,0.001777976607717204,1.6694461730743112E-4,8.881808282069094E-4,1.1871067819525651E-4,6.488636867235829E-4,0.011914178096161753,8.560995243719171E-4,0.00806264058110472,2.2607271135371238E-4,5.480921168200701E-4,1.781198823682913E-4,1.5466366852500468E-4,0.0010096094222209796,1.4793680042453485E-4,4.39383820336433E-4,9.543685319114455E-5,1.367818040906939E-4,0.008971677222330955,3.458957372020479E-4,3.105757220384773E-4,0.0010522662262655235,5.423306197808741E-4,0.012530528934584192],[0.0021570820906089668,0.005707922455125761,0.005940648369893414,0.007672353396707397,0.0030915581579007917,0.012539437229723342,0.009500702110283438,5.409701217461684E-4,0.007532277634593972,0.0025189069553813318,0.001482971078168608,0.003067688349116908,1.0,0.004037778860426336,0.005196035160811267,0.007772172048254915,0.00952654549896228,0.009347357343660224,0.04563189158166798,0.006534659861610173,0.008497495495679314,0.0056827493034402425,0.004073501215348474,0.0038766927054952574,0.013183325136734324,0.008554776301975693,0.004387904826689356,0.0038446242461571524,0.008300818131653672,0.009183587560343773,0.002703616021421307,7.792971476228754E-4,0.005478320693330776,0.010495268940882681,0.002549605535511609,0.010159506019094745,0.0037834879761807346,0.0076884877044397695,0.005343706197959641,0.004527119901556588,0.0036141436928043566,0.008119462066906571,0.005811202365375455,0.006105430187588395,0.005704117538031728,0.00921897833142236,0.008455448113321593,0.0058963024880221105,0.005680662885229703,0.00789771550955544,0.010065819148435327],[2.664012321814619E-5,1.0437976130984572E-4,0.0019353210950077094,5.464989116502865E-4,0.0013190263880762945,0.008825469231273479,5.579672461870183E-4,1.5559324817977045E-4,1.2251539252517267E-4,9.540380956713308E-5,5.840983774486047E-5,1.7736070944319215E-4,0.004037778860426336,1.0,5.191318215489976E-5,1.1697225065622671E-4,0.007025235302004928,0.00516593786949832,0.003660798207590385,1.0526239200877922E-4,1.0090865190149815E-4,8.906010334150234E-5,0.0014039657432559354,2.2945880893322047E-4,0.01803621939917929,1.0700881771613398E-4,9.070536825081769E-5,0.0015484535281207765,7.419123534194927E-4,1.2418832743587896E-4,3.8070600230922624E-4,1.0593471982392351E-4,3.1938326894417467E-4,0.005715166622061739,0.0016725146035596508,0.002407160668160552,0.0014860456723111498,3.3879847034051964E-4,7.906196340466116E-5,1.277830172684013E-4,7.794554466755184E-4,1.2695100719639424E-4,2.8582586154676825E-4,7.016390855912469E-5,6.63674167816457E-5,0.006105922283167334,2.6227976623451163E-4,2.1325696148851003E-4,8.557166980535027E-4,0.0012466638004142382,0.010199202718702324],[2.2440155413570917E-5,2.4981393057366572E-5,6.149503880008393E-4,4.532382715447978E-4,7.289518824462166E-4,0.0017176642236751295,7.357179933663252E-4,4.692899863532958E-5,1.0573877748225999E-4,2.3294715239304053E-5,2.4454310916869958E-5,5.3793628844153445E-5,0.005196035160811267,5.191318215489976E-5,1.0,3.0476513025916106E-5,0.008661418944858076,0.0065188727837362185,0.0018349041788986301,4.4909071281000254E-5,1.5624565788163687E-5,1.9108798936052976E-5,0.0012578144160478213,2.5714810802941854E-4,0.003233769835332156,9.916833011742326E-5,1.520605749562802E-5,0.0010044988413480936,0.002815988762559827,1.257528387452997E-4,0.0010577748930978895,5.147401559426487E-5,0.001324459280537144,0.008245522958203876,0.0015562737631649674,0.00634310600805083,0.001020318719704593,4.2917152065070555E-4,3.8683136479295756E-5,5.970013474468137E-5,8.49952136093961E-5,5.0945639835985214E-5,9.100501390112635E-4,1.8834532813329132E-5,2.4172273016356452E-5,0.007118322051467415,5.032507204492836E-4,9.837016069191818E-5,4.876577384780588E-4,0.0011659377481114696,0.017585854445045308],[8.336336373168944E-5,1.1880255291429586E-4,0.0024590703126137876,0.001002517463358661,0.0018090663968225677,0.010119567831094065,4.186313603643276E-4,1.3286113937893018E-4,1.2521465334532474E-4,9.74882258871984E-5,1.0354460240499512E-4,1.2281317087697733E-4,0.007772172048254915,1.1697225065622671E-4,3.0476513025916106E-5,1.0,0.006345621192813253,0.0034826678727523457,0.03714842111402224,1.1336449487667104E-4,4.647636618195896E-5,3.22773219687065E-5,4.097619833180467E-4,1.6668343165665008E-4,0.0029292565201261334,1.1962882678305287E-4,3.6516483345777736E-5,2.7388774050477046E-4,1.964755292109845E-4,1.26022835966681E-4,2.1910023969921025E-4,1.1421788141788445E-4,8.871561241825747E-4,0.013302558055185296,9.740890031276748E-4,0.0011098291751075466,4.7249170277318677E-4,2.415278082792994E-4,9.311122782702807E-5,1.2287629181377744E-4,0.002237632930491425,1.2108013034517453E-4,0.0010196148311433977,4.587973882052964E-5,5.439716893340051E-5,0.0060323345430720095,4.211858595319272E-4,2.8252235716094546E-4,8.027700735307751E-4,0.0015920066857411212,0.013759057878821606],[0.007862234054989906,0.004418134360241752,0.007378614425780281,0.001522498888153185,0.00812101588877499,0.011646954813003787,0.00588610224366891,0.008150903761598174,0.004688265978432606,0.005616648174277001,0.005730759255650168,0.0035088232606827023,0.00952654549896228,0.007025235302004928,0.008661418944858076,0.006345621192813253,1.0,0.008977484360142058,0.035238240753291315,0.009366296402970212,0.008738342618526802,0.009585445552949594,0.008593593630884178,0.004868004354695933,0.015180742044346409,0.0058383836286499315,9.57524992001855E-4,0.0043935580970723,0.00942740165930944,2.193765003363815E-4,0.0046808033374449685,0.008701857945254493,0.002360640445579313,0.012095347629467986,0.007914365708977359,0.010416666666666666,0.005384385894538597,0.005447216518535223,0.008204315812323658,0.007399189795095232,0.004121358801709463,0.008544167717783322,0.006831769349331818,0.004767144842610977,0.002205561367311274,0.009524018290737688,0.0011479224763199665,0.007049125721025555,0.006376809225889167,0.008436384722032349,0.01691508094844664],[0.00300428427419482,1.1903153565499266E-4,0.007983647157775792,0.006710432163965488,0.006034288909215662,0.010580515172032262,0.005310378361749263,0.005901259645170695,0.004459383612840558,4.730664708712351E-4,0.00571976328634443,0.004098501736217367,0.009347357343660224,0.00516593786949832,0.0065188727837362185,0.0034826678727523457,0.008977484360142058,1.0,0.013262853291444908,0.002207974579205794,0.0041474465079129295,3.2364638956242797E-4,0.0018308359707683332,0.007416519914679378,0.0166602145070449,0.003114055165750614,0.008311881645850882,0.007714575533890492,0.007574165237137399,0.007446909053518933,0.003236860987972659,2.81040773916945E-4,0.008449035570991477,0.012995638893223024,0.005908806877280035,0.008776809310227498,0.00823091779296004,0.002897006519986322,0.007744609770642972,0.001394845980327239,0.007797554801330292,0.008410412812984918,0.0012751367774578575,0.0013496808384896146,0.004196238779110862,0.008638405519563259,0.0026966706577428246,0.007711936607565524,0.00358531428387356,0.006545150190516099,0.013340254144305452],[0.03717441291626014,0.02780952381063853,0.04706834556898182,0.03644257994990221,0.026135805660257055,0.03627633730563772,0.01720648943138839,0.019601949342970958,0.01621706790634279,0.046648515978915825,0.03374341741602369,0.048106631997280866,0.04563189158166798,0.003660798207590385,0.0018349041788986301,0.03714842111402224,0.035238240753291315,0.013262853291444908,1.0,0.024744222646346105,0.02013630357002826,0.007576864173093769,0.023858133992491228,0.049025721500628484,0.03006878011375711,0.037595409366906064,0.015940987447990905,0.044891162765623785,0.010135032108729132,0.028915716813736284,0.007671465049030171,6.099109013099356E-4,0.030874436007538218,0.04710481730070126,0.025789401149247406,0.018350153006320168,0.036452818532714856,0.02800078590415246,0.004024589133508358,0.04848942298652706,0.025302619792218303,0.02572581378174587,0.01235311351023853,0.029459017862463212,0.017962615816337818,0.01283816047822455,0.04072856120515886,0.046038067431323174,0.021097366353521115,0.012334722959679727,0.037135122887672],[6.550164202920327E-5,1.0270598342577296E-4,7.736962626691022E-4,2.1028422100912732E-4,5.424957030441122E-4,0.007753851861296593,5.582534880763219E-4,1.5418184354443909E-4,1.1351619406415506E-4,7.80687442886661E-5,8.376911533112501E-5,1.1436700165437665E-4,0.006534659861610173,1.0526239200877922E-4,4.4909071281000254E-5,1.1336449487667104E-4,0.009366296402970212,0.002207974579205794,0.024744222646346105,1.0,9.996757381267343E-5,8.282526558411296E-5,1.6543644024527413E-4,2.5676910410315633E-4,0.016299891395254184,1.0840284567780132E-4,6.900732779826149E-5,2.59793719197222E-4,0.001288758120824246,1.2516518168166624E-4,7.744532914422878E-4,1.0551399251782749E-4,6.495104731035384E-4,0.0032638927607774783,3.8091075471515814E-4,0.00692206663392365,0.0015747472396722916,1.0665192094828796E-4,5.690855158583273E-5,1.0965324263387727E-4,0.0021193309868927984,1.3376235823794576E-4,3.0162051363869045E-4,5.268250151635802E-5,7.844361492012023E-5,0.007433079129984002,4.547037160211946E-4,1.5695350872082912E-4,5.214399949688448E-4,1.7622296224621453E-4,0.015516010786792954],[1.3049771619062499E-5,5.977099473408549E-5,8.476214582795413E-4,6.977806566834018E-4,0.0010381258450222386,0.00276025808028127,3.3982079052219166E-4,1.0405289203260413E-4,1.2181768418155604E-4,1.1045446005928445E-5,2.4758373710806173E-5,1.3412921173582473E-4,0.008497495495679314,1.0090865190149815E-4,1.5624565788163687E-5,4.647636618195896E-5,0.008738342618526802,0.0041474465079129295,0.02013630357002826,9.996757381267343E-5,1.0,1.3371018013054652E-5,6.87282307702969E-4,2.558365328242332E-4,0.005279653737339407,4.535580082511977E-5,1.2772296298873553E-5,8.897292704058645E-4,8.608239906357627E-4,3.5339492799039214E-5,8.578538424767149E-4,9.555414460509171E-5,0.0013482566590805043,0.0037118559810538814,5.277015858679287E-4,0.007909987668293284,0.0012791115014624318,4.5437416567600336E-4,3.855772681991407E-5,1.0813988848309754E-4,0.0021537108145205444,1.3666243296058024E-4,3.294669713851484E-4,1.3867842616388335E-5,2.556811636112768E-5,0.0025083752252804035,9.044345236788286E-5,3.0934551236292546E-4,1.75578359263705E-4,0.001576044764815882,0.0020616103921573333],[1.357483587832815E-5,6.498005469534459E-5,0.0023215891033183033,3.120227295815188E-4,0.001385098033806119,0.002004818109097493,3.4822020560917524E-4,8.22899684058711E-5,1.0562362958306873E-4,1.409155031048094E-5,3.2813755707971785E-5,1.4398651854644962E-4,0.0056827493034402425,8.906010334150234E-5,1.9108798936052976E-5,3.22773219687065E-5,0.009585445552949594,3.2364638956242797E-4,0.007576864173093769,8.282526558411296E-5,1.3371018013054652E-5,1.0,5.061118515346527E-4,1.1011306324256241E-4,0.020314403548327527,9.445712268553803E-5,1.3754777391366252E-5,3.927961817615945E-4,8.267175187677216E-4,7.275988272771646E-5,5.966368855192658E-4,8.751733906184573E-5,0.001068521065892173,0.01027792186485225,0.0016930240568968232,0.0019275090802747456,5.298562073453536E-4,4.86426479217108E-4,3.2752640752656724E-5,1.2482019344391436E-4,0.0012134501207723607,4.971715083605316E-5,9.593810848318316E-4,1.7026442492098094E-5,2.2325856586530697E-5,0.003380706385679459,2.0661734753943265E-4,1.9300993828139988E-4,1.8692624465118E-4,3.3795305398810733E-4,0.009207985813657718],[8.493105798064705E-4,2.346695089678624E-4,0.001976196184675936,0.0010610479222271669,0.0015720847906672696,0.007617954628867469,0.0013018107320064013,0.0013539750787082447,0.0012341393018917898,4.122072344815208E-4,0.0012731763684931785,0.00109543958262142,0.004073501215348474,0.0014039657432559354,0.0012578144160478213,4.097619833180467E-4,0.008593593630884178,0.0018308359707683332,0.023858133992491228,1.6543644024527413E-4,6.87282307702969E-4,5.061118515346527E-4,1.0,9.495614115474974E-4,0.0025526273122150763,5.114152140490441E-4,4.8448153245219E-4,0.0016009292804012314,0.003002662419966185,2.4055896218963462E-4,0.0013971435500937112,0.0011957554950022397,0.0014761421267468324,0.013163646683145456,0.0016120481827676348,0.0017910035689082105,0.0014711986355874541,7.676327515032754E-4,5.548698548815527E-4,0.0013102932564447519,0.001734242002661809,7.721450563909134E-4,0.0012381381192179328,6.635925500495222E-4,1.4439950507511451E-4,0.0045012019127317875,0.0012005843657329279,0.0013235990983668582,0.0013147013273298277,0.0019420522466818985,0.009385506898413923],[2.636609896250297E-4,2.617306191277472E-4,4.014054868737036E-4,4.781827471856282E-4,7.460208977770342E-4,0.008547943771464285,5.700366469224585E-4,2.546845978066907E-4,1.9467575094696138E-4,2.156957456223762E-4,1.0040367151994294E-4,2.129403273319679E-4,0.0038766927054952574,2.2945880893322047E-4,2.5714810802941854E-4,1.6668343165665008E-4,0.004868004354695933,0.007416519914679378,0.049025721500628484,2.5676910410315633E-4,2.558365328242332E-4,1.1011306324256241E-4,9.495614115474974E-4,1.0,0.018302709294356054,2.098710969010566E-4,1.2308121930536856E-5,0.001216246108198302,0.0022002592198547325,1.8751988106276466E-4,8.817697249262505E-4,2.807402414220059E-4,0.001061465566979408,0.008152945834681947,0.0020126518883753983,0.008191135583080954,4.93249718526419E-4,4.214592483655246E-4,2.5516061520121554E-4,2.477739988422424E-4,5.356619354093705E-4,2.954873523360729E-4,3.446092606308977E-4,2.463245522653777E-4,3.0516522305196886E-4,0.002225879510260202,4.3337410600832347E-4,3.199528599397182E-4,7.042377988670274E-4,0.0016150012470104971,0.005164655299147341],[0.009607944191719621,0.016414611839343222,0.013803894944245346,0.004430866310280664,0.008482777210934754,0.013099450825295796,0.016431667833616135,0.015768812472539955,0.012246996992652866,0.014851244148296633,0.018817351250877044,0.01939236160758726,0.013183325136734324,0.01803621939917929,0.003233769835332156,0.0029292565201261334,0.015180742044346409,0.0166602145070449,0.03006878011375711,0.016299891395254184,0.005279653737339407,0.020314403548327527,0.0025526273122150763,0.018302709294356054,1.0,0.005613990929157228,0.014928390802491752,0.015707851881203765,0.003983020055844115,0.013802846055223153,0.006060777369732404,0.00996340252721131,0.011813594939333748,0.02038452842786639,0.004435791125050455,0.019877735579576276,0.010671110580777644,0.018432893921526104,0.01358195727653701,0.01098203613683216,0.01111688728508651,0.015404802708541753,0.010326993848177262,0.008851323499632467,0.006528954443376609,0.010326168380772842,0.014411830067866194,0.006232405123973907,0.005140131705413654,0.019996607261645784,0.019980744338609132],[9.34381446068406E-5,1.0468896812444659E-4,0.0018270732380915378,2.92863767084024E-4,0.0015439727585198403,0.0019050813305541685,3.3027799821503214E-4,1.593752202786483E-4,1.176802984738712E-4,2.984900997474525E-5,8.821308074949383E-5,1.4134848578722264E-4,0.008554776301975693,1.0700881771613398E-4,9.916833011742326E-5,1.1962882678305287E-4,0.0058383836286499315,0.003114055165750614,0.037595409366906064,1.0840284567780132E-4,4.535580082511977E-5,9.445712268553803E-5,5.114152140490441E-4,2.098710969010566E-4,0.005613990929157228,1.0,8.466592464510888E-5,0.001123180589337948,3.9516041777074435E-4,1.162165227427097E-4,2.5120124103201466E-4,1.122081625356459E-4,7.21051336748025E-4,0.0044159941407877976,0.001951797544723337,0.001493515255274772,4.833268529678217E-4,1.7133597626180105E-4,5.172285734814501E-5,1.245405788777264E-4,0.001640067053524658,1.373402529638878E-4,2.5352815482893737E-4,9.10302540081963E-5,5.7890444508939276E-5,0.0018079392795280961,4.4617439129907146E-4,2.57257406788755E-4,0.0010376252203107535,0.0013437082104027923,0.01204419881147359],[1.2981861038975007E-5,4.923464518049942E-5,1.7813397678245152E-4,4.749598573210149E-4,3.742100991779704E-4,0.004857973400740646,8.323745408492269E-4,1.9077398914351046E-5,1.2461100213201744E-4,1.1069569249334152E-5,3.6916944965107835E-5,4.483160177711579E-5,0.004387904826689356,9.070536825081769E-5,1.520605749562802E-5,3.6516483345777736E-5,9.57524992001855E-4,0.008311881645850882,0.015940987447990905,6.900732779826149E-5,1.2772296298873553E-5,1.3754777391366252E-5,4.8448153245219E-4,1.2308121930536856E-5,0.014928390802491752,8.466592464510888E-5,1.0,0.0016174702072653156,0.0028328638496966795,1.4248266231180047E-5,5.094284125235696E-4,5.5045808577106216E-5,0.0014725288464275438,0.007518689828708647,1.1641538148082272E-4,0.004877043962260083,0.0015007571234993524,4.929098699650354E-4,3.186756456289482E-5,1.1146136728336629E-4,0.0023797063383023493,1.1504055140352188E-4,7.149024857615602E-5,1.5477857611616076E-5,1.866860342560685E-5,0.004355319500943823,3.8104001354537204E-4,1.4811401795815975E-4,0.001067289714055352,8.900521717224955E-4,0.01839726730974564],[0.0013169006507526512,0.001166598703043386,0.0021064144194989248,0.0014715662882975127,0.0016725516248218136,0.008115657109665369,0.0012343144562794158,9.146868137550259E-4,2.2746899875868826E-4,2.8067174687801286E-4,0.0015795158324612125,0.0011229452518563786,0.0038446242461571524,0.0015484535281207765,0.0010044988413480936,2.7388774050477046E-4,0.0043935580970723,0.007714575533890492,0.044891162765623785,2.59793719197222E-4,8.897292704058645E-4,3.927961817615945E-4,0.0016009292804012314,0.001216246108198302,0.015707851881203765,0.001123180589337948,0.0016174702072653156,1.0,0.001716281953001515,0.0010651826206394036,0.001321201345603853,0.0011395506615937867,0.0016680133339442287,0.00245960044602134,0.0018708990858740692,0.009442666996840474,0.0016661676740636672,9.642921940130661E-4,0.0014398503516283563,0.0013203390537685031,0.002270347802501297,9.78846994456958E-4,0.0011560807370849396,4.2549520580599005E-4,2.0390577580252565E-4,0.005105765019618006,0.0012668391344621255,3.667438393333762E-4,0.001137129483044742,0.0019456009817666491,0.004784401902326043],[0.0020181494005222993,0.0015450579374357884,0.003033853369386382,0.00196824250315776,0.003138134614513951,0.011702063199026315,0.002329950167946092,0.0027198177442710344,0.002164630325901011,0.0014932037262041773,2.2142755361796785E-4,0.001777976607717204,0.008300818131653672,7.419123534194927E-4,0.002815988762559827,1.964755292109845E-4,0.00942740165930944,0.007574165237137399,0.010135032108729132,0.001288758120824246,8.608239906357627E-4,8.267175187677216E-4,0.003002662419966185,0.0022002592198547325,0.003983020055844115,3.9516041777074435E-4,0.0028328638496966795,0.001716281953001515,1.0,3.413999484145992E-4,0.002360325575611535,0.001878262575511647,0.0030773111056903927,0.0037357039627126717,0.0027547625580297613,0.00320539381000096,0.0026172739868061453,0.0024974125541260225,6.138383121780813E-4,0.0027303670775257155,0.002632613215636754,1.6320107042927336E-4,0.0019699519690612346,0.003072474052587993,0.0020146277115270024,0.00760154509303541,0.001240255532233567,0.0018432493952791587,0.0028098536378673745,0.0028816019951150517,0.013190729582914777],[1.0135190680535296E-4,1.2379842762296747E-4,0.0023701787996966693,0.0010382496553504022,5.835430995717742E-4,0.006794799051057805,9.273646033311021E-4,1.3829899001270734E-4,1.2779000924368462E-4,2.119843536001105E-5,7.050502291240856E-5,1.6694461730743112E-4,0.009183587560343773,1.2418832743587896E-4,1.257528387452997E-4,1.26022835966681E-4,2.193765003363815E-4,0.007446909053518933,0.028915716813736284,1.2516518168166624E-4,3.5339492799039214E-5,7.275988272771646E-5,2.4055896218963462E-4,1.8751988106276466E-4,0.013802846055223153,1.162165227427097E-4,1.4248266231180047E-5,0.0010651826206394036,3.413999484145992E-4,1.0,0.0010669898712222458,1.1268387983004098E-4,6.283417656116283E-4,0.0027420393876701125,0.0017009983689340285,0.010205328503343084,8.012575274707923E-4,4.53071918978661E-4,4.862770816348888E-5,1.2777706348943664E-4,0.0023279872346007083,1.3821380806600938E-4,4.3625764532529104E-4,4.692083727249465E-5,7.942290568971082E-5,8.44804022958425E-4,5.697292972295558E-4,2.660641549481026E-4,3.427058163685005E-4,0.0010496049797173528,0.001605295584384052],[2.818030765644853E-4,5.343571555639322E-4,0.0017473845866533835,0.0011073834853046686,0.0015773911103921414,0.002714692988778581,0.0012261623240741855,6.630486992875009E-4,2.0004417606985704E-4,3.8019603242799477E-4,6.204950119779992E-4,8.881808282069094E-4,0.002703616021421307,3.8070600230922624E-4,0.0010577748930978895,2.1910023969921025E-4,0.0046808033374449685,0.003236860987972659,0.007671465049030171,7.744532914422878E-4,8.578538424767149E-4,5.966368855192658E-4,0.0013971435500937112,8.817697249262505E-4,0.006060777369732404,2.5120124103201466E-4,5.094284125235696E-4,0.001321201345603853,0.002360325575611535,0.0010669898712222458,1.0,7.93203945894408E-4,0.0012217632091177533,0.0058133306756947625,0.002054213736105423,0.0064093951757365295,0.0014131656023920706,8.469035237366485E-4,0.001030683202930964,0.0010833059478046663,0.00202959432098421,9.502309051461413E-4,0.0011363636363636363,5.175511759944315E-4,2.762598573143315E-4,0.009152632218019388,8.564308417916695E-4,9.150257354062004E-4,0.0011362027183578242,0.0018970400174001196,0.01082222368229785],[1.055852981527542E-4,1.0472171908379388E-4,0.0019568079016597127,3.2003212858211326E-4,0.0012171443170045494,0.0020593442603309407,2.5981296462765705E-4,1.577988320400232E-4,1.2240348329090766E-4,5.44213774757741E-5,8.225363357142013E-5,1.1871067819525651E-4,7.792971476228754E-4,1.0593471982392351E-4,5.147401559426487E-5,1.1421788141788445E-4,0.008701857945254493,2.81040773916945E-4,6.099109013099356E-4,1.0551399251782749E-4,9.555414460509171E-5,8.751733906184573E-5,0.0011957554950022397,2.807402414220059E-4,0.00996340252721131,1.122081625356459E-4,5.5045808577106216E-5,0.0011395506615937867,0.001878262575511647,1.1268387983004098E-4,7.93203945894408E-4,1.0,0.0011139447832730668,0.012750769580350235,1.863608367546177E-4,3.6441715886483266E-4,0.0015576224086185314,2.6450488379581695E-4,7.008304998594885E-5,1.146901233584794E-4,5.568660967976385E-4,1.289849151781908E-4,0.0011207229623687394,8.353840944243724E-5,7.063984045171414E-5,2.2462142950501181E-4,2.8569622991226137E-4,2.707914544080895E-4,9.817297761159562E-4,4.023779228762303E-4,0.015850166632147115],[7.007084722324406E-4,6.760460879670143E-4,0.001733897026240103,0.0012109152032175048,0.0019312770147230283,0.012570027490976604,0.0012531890687761595,7.087784487178376E-4,0.001195782805115462,0.0013679257053804976,0.0014239347549743475,6.488636867235829E-4,0.005478320693330776,3.1938326894417467E-4,0.001324459280537144,8.871561241825747E-4,0.002360640445579313,0.008449035570991477,0.030874436007538218,6.495104731035384E-4,0.0013482566590805043,0.001068521065892173,0.0014761421267468324,0.001061465566979408,0.011813594939333748,7.21051336748025E-4,0.0014725288464275438,0.0016680133339442287,0.0030773111056903927,6.283417656116283E-4,0.0012217632091177533,0.0011139447832730668,1.0,0.008297852653443325,0.0017770843031806195,0.01023704988542611,0.0014927146812625,0.0014752111787843815,0.0012260078201295466,3.3525913313173694E-4,0.0022011405888596883,5.484877486600741E-4,0.0012006031060088867,9.780385779757398E-4,0.0013582042912614776,0.00696548699010332,0.0012286937675096729,0.0013448885155770709,0.0014316917832892717,0.0016715111783669814,0.00698498248269525],[0.007595286150685213,0.008920208575860435,0.007025516004496741,0.002487945863256745,0.0020028738533118084,0.013260745146249019,0.011413426999401805,0.007642493291751161,0.0029153980820984257,0.010928246207495646,0.013028901496678989,0.011914178096161753,0.010495268940882681,0.005715166622061739,0.008245522958203876,0.013302558055185296,0.012095347629467986,0.012995638893223024,0.04710481730070126,0.0032638927607774783,0.0037118559810538814,0.01027792186485225,0.013163646683145456,0.008152945834681947,0.02038452842786639,0.0044159941407877976,0.007518689828708647,0.00245960044602134,0.0037357039627126717,0.0027420393876701125,0.0058133306756947625,0.012750769580350235,0.008297852653443325,1.0,0.003415302459231005,0.012221021605312028,0.0025756719188758208,0.011210308960612828,0.00801373472302268,0.0016304842931209097,0.004731940660856662,0.006610071140790271,0.010258273666570358,0.0017189324055397587,0.004886606247358247,0.012326124182263197,0.0088010281324844,0.00397773370411805,0.007464239908420331,0.012851835534740846,0.014716688989019872],[1.6244792952424574E-4,0.0018630250774764924,0.0020962715541244393,0.001756698590856252,0.0020904208658441125,0.00769141282342093,0.0013343124026065393,2.4295324063505172E-4,8.047965033725312E-4,0.0015509317056960534,0.0011579634822017908,8.560995243719171E-4,0.002549605535511609,0.0016725146035596508,0.0015562737631649674,9.740890031276748E-4,0.007914365708977359,0.005908806877280035,0.025789401149247406,3.8091075471515814E-4,5.277015858679287E-4,0.0016930240568968232,0.0016120481827676348,0.0020126518883753983,0.004435791125050455,0.001951797544723337,1.1641538148082272E-4,0.0018708990858740692,0.0027547625580297613,0.0017009983689340285,0.002054213736105423,1.863608367546177E-4,0.0017770843031806195,0.003415302459231005,1.0,0.00920596057917094,0.0017039036538543358,0.0016392230685836505,6.529706011597188E-4,0.0012494734655981667,0.002271646196329121,0.0012010039785803968,0.0016255284567393818,0.0020874651241561074,9.79057340568925E-4,0.0028879565142313156,0.002079416677794637,0.0017838826978717017,0.0013812647955393652,0.0020569638053688478,0.014144120520693138],[0.007748377669005155,0.010045506071177077,0.003122634010293894,0.00751192772965379,0.009930220987994278,0.011150099475722397,0.0021940445067681865,0.008715153240368593,0.009725682334308833,0.00672776026201944,0.00429788081887024,0.00806264058110472,0.010159506019094745,0.002407160668160552,0.00634310600805083,0.0011098291751075466,0.010416666666666666,0.008776809310227498,0.018350153006320168,0.00692206663392365,0.007909987668293284,0.0019275090802747456,0.0017910035689082105,0.008191135583080954,0.019877735579576276,0.001493515255274772,0.004877043962260083,0.009442666996840474,0.00320539381000096,0.010205328503343084,0.0064093951757365295,3.6441715886483266E-4,0.01023704988542611,0.012221021605312028,0.00920596057917094,1.0,0.005460366187504238,0.0012848194244785447,0.009222192986186288,0.0030895256627983744,0.0065867938461585205,0.010053748601259148,0.007131059589976785,0.0068350468989357505,0.002878111531201844,0.009953434606124086,0.007928787986216967,0.009663616171831077,0.006757289419299617,0.0038622404711937666,0.01390553281711654],[6.379601182639477E-4,0.0012871353120813974,0.0022841206644472613,0.0011574039711270009,0.0016219302363996982,0.012620244338741711,0.001456638162483334,0.0013823551413500652,5.019988392784225E-4,1.5463370071116018E-4,2.574237411021917E-4,2.2607271135371238E-4,0.0037834879761807346,0.0014860456723111498,0.001020318719704593,4.7249170277318677E-4,0.005384385894538597,0.00823091779296004,0.036452818532714856,0.0015747472396722916,0.0012791115014624318,5.298562073453536E-4,0.0014711986355874541,4.93249718526419E-4,0.010671110580777644,4.833268529678217E-4,0.0015007571234993524,0.0016661676740636672,0.0026172739868061453,8.012575274707923E-4,0.0014131656023920706,0.0015576224086185314,0.0014927146812625,0.0025756719188758208,0.0017039036538543358,0.005460366187504238,1.0,6.300431491872277E-4,2.7125205138017625E-4,0.0015282076854455772,0.002081362321555487,0.0013615842917370502,0.0012150274255700918,0.0014261581316603305,3.3311059266040205E-4,0.0076649654988691016,0.001270599293706992,7.682158356487124E-4,0.0015648946294445298,0.0019386069780428,0.008275997453904615],[1.8049173445944483E-4,4.0724991111981717E-4,0.0021568863192711596,9.593991916238635E-4,9.92316395377091E-4,0.009100092426880075,9.804729433221494E-4,3.3101898758719646E-4,4.605590671057783E-4,1.8021368386658622E-4,1.1063107782641689E-4,5.480921168200701E-4,0.0076884877044397695,3.3879847034051964E-4,4.2917152065070555E-4,2.415278082792994E-4,0.005447216518535223,0.002897006519986322,0.02800078590