[[1.0,0.0010277235448116107,0.002310552847922745,0.012539952379185705,3.2473394569735377E-4,1.0757517009317137E-4,5.8369056486376337E-5,4.608148221466668E-5,9.666890678467906E-5,2.1987135998061067E-5,2.9799896034481242E-5,3.1329948069287516E-5,2.92838909784386E-5,5.671406874123989E-4,7.645710964835603E-5,8.071075168147046E-5,0.0016700872636859097,3.0013008778004535E-4,4.21712715848175E-5,2.9887389341280157E-5,0.0010623259394819515,0.00673344454670615,5.449935354558202E-4,0.005143290837032309,0.0030197302367548475,8.812112771303494E-5,2.3086427385562224E-4,7.304885265496207E-5,0.0010115336298924826,8.911801013535168E-4,0.027150717525023113,2.8582809136883917E-5,0.0019668621999731407,3.00684961499944E-5,0.0015742043432225995,2.440887079288726E-5,0.0025484587907280264,6.194344094995712E-4,1.0953265142167224E-4,9.691291574782969E-4,9.65267339751371E-4,7.152210846416945E-4],[0.0010277235448116107,1.0,0.0031614598269444254,0.016976174721862407,0.0024461677362107607,0.0019195583664893135,0.0027097114648115847,0.0017691265793485151,0.0012233908286144617,5.206946493116841E-4,0.0031550048490739634,0.0035391643596456345,3.142816202378709E-4,0.0035882282583226278,0.0015534015359785329,0.0013323973455754087,0.0031048252106983414,0.01336837894747206,3.1708786226585325E-4,0.002782115871114239,0.0025505324626598084,0.006765463792201337,0.0010464900421681188,0.0037030338691693117,0.0071632058513596275,0.0030267316531150576,0.0014030547210635083,0.002502671702234629,0.003300340018350503,0.0019839246790973983,0.026501792964589967,0.003395904099154901,0.004045621530676968,0.0022437600244942556,0.0031423002607538363,0.0029752186301943402,0.003778966560913506,0.0022578102555765034,0.0019377135421782818,0.001484394547922568,0.0036319393283871944,0.0034665046226118714],[0.002310552847922745,0.0031614598269444254,1.0,0.01556119821929491,0.0018438241374765154,0.0010308853279774525,0.0017564864388118437,0.001131122779354872,0.0016152183910012083,0.002036208784489898,3.2564150253593376E-4,0.0019094878259968326,0.0020000280478944706,0.002760749475535096,0.0023507720838340093,9.666017445922593E-4,0.002888136007651173,0.0031414512087309765,6.987387174566732E-4,0.003005929203888197,0.0013661517493162797,0.006160829448902007,0.0019401590508964233,0.005453920759031871,0.004631352277371492,3.8751671504645723E-4,0.0016121406776144025,8.780813511692974E-4,0.0021864183749701793,0.0016743297325841535,0.03084872622834985,5.587774735174218E-4,0.004293475646889172,0.0028230309477849263,0.0024655453563299833,6.03235227152752E-4,0.0037406639112473328,0.0022613501850857255,0.0010316492456106615,0.0014242553554800028,0.0021107998688198524,0.0024243146853041584],[0.012539952379185705,0.016976174721862407,0.01556119821929491,1.0,0.006334266082947983,0.0182569795535549,6.50653729805419E-4,0.014508768090876624,0.01434352071795345,0.020802918788679774,0.0080064010270864,0.009867756602826804,0.010446191036976494,0.005276409906991524,0.004463876880853862,0.005591825326962539,0.021968268523505967,0.022189655107635767,0.014820552481836783,0.02145319475026367,0.004666051347505097,0.013704414575060952,0.016080151105240123,0.0059766338776559205,0.017999564010325663,0.01137145261656846,0.007772194586364742,0.007889632837731314,0.004745670408515091,0.0028798771661295705,0.026423082020400404,0.004588469838694136,0.014657538522163033,0.008239407027266374,0.005216992064056665,0.003965493741164162,0.00551796439403697,0.0036345678040937725,0.005188388070212158,0.014458993454306955,0.011202320840147745,0.012481980813010704],[3.2473394569735377E-4,0.0024461677362107607,0.0018438241374765154,0.006334266082947983,1.0,3.43931795923258E-4,6.928420231962578E-4,0.001285429505186439,1.4727963644373753E-4,8.811990287545942E-4,4.531624806645232E-4,9.082779830420874E-4,6.173003033692966E-4,0.0013514341439387592,2.3846582847268487E-4,5.459958484586474E-4,0.0026514788986207283,0.002824281392496496,1.9503986378584058E-4,0.001170079848590552,0.0013064423227003635,0.002975726571800379,8.904427516827466E-4,0.0018756863291046059,0.014657411506751265,0.0013604790251949797,0.001338582396189268,9.668176524419098E-4,0.00154352272658674,0.0014006675394357749,0.01946090096595217,4.538368493153541E-4,0.0028751482226551713,5.782902531415503E-4,0.001713904002357451,2.678579969691991E-5,0.003739857449343997,0.0014261337380200494,2.1714103568292332E-4,0.0013560483158206998,0.0013730920586855302,0.0013952852015930838],[1.0757517009317137E-4,0.0019195583664893135,0.0010308853279774525,0.0182569795535549,3.43931795923258E-4,1.0,2.0873976080871428E-4,7.315282679034385E-5,1.8619843950891575E-4,1.3352320087707176E-4,2.0594009168158542E-4,5.938660441276062E-5,2.0105873987698284E-4,7.438044301441934E-4,1.8072734907204101E-4,2.1617744369229082E-4,2.8732460754436024E-4,0.006410246190745983,1.8657917797837821E-4,3.3531078071194076E-5,4.5993391168107974E-4,0.0028486242113546388,5.557065081140649E-4,0.005693075241308644,0.0077058321386283815,2.958018824324099E-4,9.538278851932973E-4,2.004274780385046E-4,7.780441536208674E-4,5.657326378439852E-4,0.0326093888288531,6.176657828138379E-5,0.0013610751765065592,5.7166998275885513E-5,0.0014053150544828914,4.751594577272581E-5,0.0024485936929013715,9.585316702967352E-4,1.8905102366093267E-4,7.851161391212734E-4,2.374059733016469E-4,0.0013423631721345061],[5.8369056486376337E-5,0.0027097114648115847,0.0017564864388118437,6.50653729805419E-4,6.928420231962578E-4,2.0873976080871428E-4,1.0,9.566526964622352E-5,1.0404607232965523E-4,3.460690885660153E-5,9.884506262652245E-5,9.495121942476871E-5,7.47352518909066E-5,7.559050387837798E-4,1.1524730720794982E-4,9.584791454053496E-5,0.0014916729090258608,0.013157302796719218,7.500936785498095E-5,9.210874671963993E-5,9.522189516041726E-4,7.705090660342584E-4,4.8393812944945625E-4,0.00513560734087281,0.013301706960775712,2.5758882463688585E-4,1.8113315862714515E-4,1.3505168430601687E-4,0.0014503797494594332,0.001204525761387034,0.006452046115143882,7.912493526688196E-5,0.0021540735340057956,6.527900896621838E-5,0.0014295463458265218,8.757622446002953E-5,0.00251242021489727,0.0013464374005061114,1.5119125825531775E-4,1.5859539836726342E-4,1.4405301681119726E-4,8.039217846581896E-4],[4.608148221466668E-5,0.0017691265793485151,0.001131122779354872,0.014508768090876624,0.001285429505186439,7.315282679034385E-5,9.566526964622352E-5,1.0,9.125738190567706E-5,5.307856300033673E-5,5.33054919421068E-5,4.9257550906297224E-5,3.443199380947633E-5,4.7127578942319994E-4,8.992622224399674E-5,6.621789714433398E-5,0.0011708191289511649,1.6972549766727167E-4,5.79736017807984E-5,5.2301339823249374E-5,3.897053915551579E-4,0.006925462302100876,5.351345716877647E-4,4.0277788524130614E-4,0.013358992856096015,1.4179458445000786E-4,1.7040548951328938E-4,9.630833426209757E-5,7.401098166218713E-4,4.463669388628003E-4,0.021586445986660308,3.1663022648787764E-5,2.770301986677879E-4,2.9862255599054434E-5,0.0013519354399439097,2.557263823759847E-5,0.003807655845860965,4.161346787175354E-4,1.2397181177346E-4,1.0145666180275356E-4,1.5255883562667735E-4,0.001119195191286702],[9.666890678467906E-5,0.0012233908286144617,0.0016152183910012083,0.01434352071795345,1.4727963644373753E-4,1.8619843950891575E-4,1.0404607232965523E-4,9.125738190567706E-5,1.0,7.835381077793706E-5,8.726382886508786E-5,4.062366439780494E-5,9.9261804317774E-5,5.430903026665305E-4,1.134248345838648E-4,9.538792764179553E-5,0.0025942475115243724,0.0019937683574900575,6.274467150983472E-5,9.777271000607456E-5,0.0010174108051268743,0.0033707420480045525,4.313093983113603E-4,0.004895972903981267,0.007847895270161775,2.0833017017391484E-4,9.942723866861497E-4,1.3921033630781766E-4,0.0014842489164230994,8.181282357091487E-4,0.00329635526046603,3.531642120111362E-5,0.0016839942611869656,1.9986027735924944E-5,7.238667388603198E-4,1.917921659359925E-5,0.0031690630803957193,1.2783154172649243E-4,1.48227218628452E-4,2.270157708648406E-4,6.645358300298947E-4,6.055211932557309E-4],[2.1987135998061067E-5,5.206946493116841E-4,0.002036208784489898,0.020802918788679774,8.811990287545942E-4,1.3352320087707176E-4,3.460690885660153E-5,5.307856300033673E-5,7.835381077793706E-5,1.0,2.51441102238215E-5,1.380894780450714E-5,1.6572160403137983E-5,1.2654151170854027E-4,9.711886291603515E-5,6.538727261834038E-5,1.7415770295371117E-4,0.009002305876363805,2.2380978894790536E-5,1.5871127299550923E-5,6.974150057586458E-4,0.005420978963923302,3.541292026218143E-4,0.0026870192751743565,0.013292239969490556,1.6688332016409884E-4,1.465944026836655E-4,1.3705806997834285E-4,7.221480624728096E-4,9.276600824947163E-4,0.004546929813640005,1.6942184272619592E-5,0.0030606148852270866,1.6649963558798152E-5,2.4090473305743876E-4,1.3867438926159136E-5,0.001140618056324172,6.006125500857492E-4,6.912285685786178E-5,6.09542084410545E-4,9.83564713212132E-4,7.155104684257297E-4],[2.9799896034481242E-5,0.0031550048490739634,3.2564150253593376E-4,0.0080064010270864,4.531624806645232E-4,2.0594009168158542E-4,9.884506262652245E-5,5.33054919421068E-5,8.726382886508786E-5,2.51441102238215E-5,1.0,2.105830027010105E-5,2.10676811729061E-5,1.2901896862176418E-4,1.0597305346042476E-4,6.897043339581632E-5,2.3991994856347208E-4,0.006991385650799663,4.6185280815536534E-5,2.3887067336139072E-5,1.3293683293674505E-4,0.006126646577762296,1.5084807896425555E-4,0.0033460470994011115,5.975816985012641E-4,4.835114988243028E-5,4.7703981277415165E-4,1.428063756261118E-4,3.5822648265741193E-4,3.134900458172677E-4,0.02158344570825992,2.6330468370582783E-5,0.00319327212420522,1.9888365493426648E-5,0.0019330455871141427,1.4471631531952624E-5,6.011067776841079E-4,0.0013957453559738536,6.11117238861763E-5,7.817745015538111E-4,8.891467742585611E-4,8.395219474617591E-4],[3.1329948069287516E-5,0.0035391643596456345,0.0019094878259968326,0.009867756602826804,9.082779830420874E-4,5.938660441276062E-5,9.495121942476871E-5,4.9257550906297224E-5,4.062366439780494E-5,1.380894780450714E-5,2.105830027010105E-5,1.0,1.5275842140326294E-5,2.547901678318302E-4,8.269995473358292E-5,4.450509549356964E-5,0.0020254004163682802,0.014860745088326407,3.3968414565801187E-5,2.288855370560871E-5,4.403464865891964E-4,0.004559240273254019,2.9096095562909923E-4,0.005347316435223824,0.01462956227653951,2.883500011549218E-4,2.085598432062912E-4,1.421528599975508E-4,3.4369806291269326E-4,1.4146302794168516E-4,8.364552564336864E-4,2.5695542134046392E-5,0.001608852147955725,1.806625187423528E-5,0.0012131206097978115,1.3631638992174029E-5,0.0013685610727141083,0.001056793231942027,1.3978456767311585E-4,4.282267834258932E-4,7.259414109351762E-4,9.475591872560996E-4],[2.92838909784386E-5,3.142816202378709E-4,0.0020000280478944706,0.010446191036976494,6.173003033692966E-4,2.0105873987698284E-4,7.47352518909066E-5,3.443199380947633E-5,9.9261804317774E-5,1.6572160403137983E-5,2.10676811729061E-5,1.5275842140326294E-5,1.0,7.404784436046786E-4,1.1068278108445049E-4,2.4090939973717502E-5,7.728650027393762E-4,0.010300039974403331,4.6242028896414404E-5,2.165351502361533E-5,7.721621325656852E-4,0.0026759081372834666,5.757167056595413E-5,0.0035004419709109627,0.010844979392800647,9.091171481271985E-5,2.225168875340264E-4,9.05356663980716E-5,0.0014488264704331727,3.602199490491426E-4,0.03199993333892889,2.5169692902735378E-5,0.002135462907693302,1.813803896377017E-5,0.00162149775502096,1.7644192300907785E-5,0.0037650809321506237,6.732361569724478E-4,9.944602359763784E-5,5.652698371513317E-4,2.4381479146939563E-4,8.607619514975187E-5],[5.671406874123989E-4,0.0035882282583226278,0.002760749475535096,0.005276409906991524,0.0013514341439387592,7.438044301441934E-4,7.559050387837798E-4,4.7127578942319994E-4,5.430903026665305E-4,1.2654151170854027E-4,1.2901896862176418E-4,2.547901678318302E-4,7.404784436046786E-4,1.0,3.311109420179089E-4,4.947913252956066E-4,0.002248857655924728,0.013286318731162048,5.239582185812949E-4,2.1178920985149744E-4,8.768728698649545E-4,0.0026708434230401463,7.415725055572462E-4,0.0026448078672489327,0.005968843322497904,3.944307469959863E-4,0.0010943487795485886,2.4978458287043645E-4,0.0014929850085544033,0.0010704547123067988,0.03255650070670446,6.155656394910957E-4,0.0017322268072064038,7.565021422122313E-5,0.001660699277238318,2.791608231874022E-4,0.001995176662567588,0.001040212669727937,8.320170535342854E-4,9.126584844694857E-4,9.579452486588103E-4,0.0011837996557615925],[7.645710964835603E-5,0.0015534015359785329,0.0023507720838340093,0.004463876880853862,2.3846582847268487E-4,1.8072734907204101E-4,1.1524730720794982E-4,8.992622224399674E-5,1.134248345838648E-4,9.711886291603515E-5,1.0597305346042476E-4,8.269995473358292E-5,1.1068278108445049E-4,3.311109420179089E-4,1.0,1.0447606158654848E-4,0.0013143941061410302,0.015546561013550054,9.178134488530377E-5,2.463403601764155E-5,0.0011357847031965751,0.006479595622533025,1.2614303649023087E-4,0.0030220706111665826,0.014708909714702435,2.634416143252359E-4,8.073788367259148E-4,1.4119307064663873E-4,6.378141812182758E-4,0.0010420537200340567,0.0203990951037126,1.1601615231317751E-4,0.0030725833246076687,3.391574743595873E-5,0.0010958791329677426,5.7275870419739164E-5,0.002656641987632605,0.0017337063113218704,1.1828365768862702E-4,7.634761460525983E-4,0.0010606236196112923,0.0010183523225160834],[8.071075168147046E-5,0.0013323973455754087,9.666017445922593E-4,0.005591825326962539,5.459958484586474E-4,2.1617744369229082E-4,9.584791454053496E-5,6.621789714433398E-5,9.538792764179553E-5,6.538727261834038E-5,6.897043339581632E-5,4.450509549356964E-5,2.4090939973717502E-5,4.947913252956066E-4,1.0447606158654848E-4,1.0,0.0018668092142469284,0.004842717471263971,6.889623486227039E-5,2.747291126392433E-5,6.327959527589955E-4,0.0010195803870590135,2.535627547862273E-4,9.18140255695347E-4,3.577708253802172E-4,2.888841560646778E-4,0.0010483225727405115,1.2608748544475128E-4,6.364554097976166E-4,0.0013070862727416507,0.009307872200163572,7.4442943622052E-5,0.0035544815822521406,8.197081592812653E-5,0.0018782923348131737,4.1460535439902715E-5,3.360438821838478E-4,0.0013867825689912485,1.059980614685588E-4,4.825229224624783E-4,4.463205194969944E-4,0.0014144054641856507],[0.0016700872636859097,0.0031048252106983414,0.002888136007651173,0.021968268523505967,0.0026514788986207283,2.8732460754436024E-4,0.0014916729090258608,0.0011708191289511649,0.0025942475115243724,1.7415770295371117E-4,2.3991994856347208E-4,0.0020254004163682802,7.728650027393762E-4,0.002248857655924728,0.0013143941061410302,0.0018668092142469284,1.0,0.0038046968310704596,8.707462619943337E-4,5.209894668444704E-4,0.0021368668270112284,0.0037343949490854884,0.0012747145347542098,0.0036657578826622293,0.01433146529464524,9.84253352493554E-4,0.001770413936701502,8.318909065003815E-4,0.002639233233376917,0.0020940196303406086,0.027334820492973377,0.0013523876658741779,0.0038111298739472773,0.0011123430583707967,0.0025274317943203605,0.0015425077811115507,0.003007089557327604,0.0026459137249819622,0.0018790407192414544,0.001868466563829309,0.0019765865844420735,0.0017811097471963295],[3.0013008778004535E-4,0.01336837894747206,0.0031414512087309765,0.022189655107635767,0.002824281392496496,0.006410246190745983,0.013157302796719218,1.6972549766727167E-4,0.0019937683574900575,0.009002305876363805,0.006991385650799663,0.014860745088326407,0.010300039974403331,0.013286318731162048,0.015546561013550054,0.004842717471263971,0.0038046968310704596,1.0,0.0030483493884978386,0.005931620921912262,0.002094449666947404,0.013929314138383608,0.010003468668150635,0.008864244815268126,0.016176432834285867,9.864287655449433E-4,0.005233878360424416,0.012904699270473404,0.004303996075617761,0.0016468898710069173,0.023974672945638445,0.01141165362689687,0.004786714331371741,0.0070607352490819906,0.013708807493102253,0.014274947591856041,0.014910814892490316,0.010553547591447787,0.001727085514251109,0.0027826315939314936,0.005609774334333022,0.011785788297288288],[4.21712715848175E-5,3.1708786226585325E-4,6.987387174566732E-4,0.014820552481836783,1.9503986378584058E-4,1.8657917797837821E-4,7.500936785498095E-5,5.79736017807984E-5,6.274467150983472E-5,2.2380978894790536E-5,4.6185280815536534E-5,3.3968414565801187E-5,4.6242028896414404E-5,5.239582185812949E-4,9.178134488530377E-5,6.889623486227039E-5,8.707462619943337E-4,0.0030483493884978386,1.0,3.3441656077380954E-5,2.6669410070299265E-4,0.004699937338252578,3.6074876794922253E-4,1.242376643620334E-4,0.004547909899613463,2.726495927343449E-4,0.0010232208280618377,1.3154896776469477E-4,6.407530134316541E-4,0.0014645040264486193,0.004040148697318933,3.884525181934171E-5,0.0036828275158086953,1.9024318420847472E-5,0.0013902339187255527,3.735123661723187E-5,9.405094172832573E-4,0.001745438050427323,8.484454605291815E-5,8.072320827257214E-4,9.346157523935105E-4,9.108247559307583E-5],[2.9887389341280157E-5,0.002782115871114239,0.003005929203888197,0.02145319475026367,0.001170079848590552,3.3531078071194076E-5,9.210874671963993E-5,5.2301339823249374E-5,9.777271000607456E-5,1.5871127299550923E-5,2.3887067336139072E-5,2.288855370560871E-5,2.165351502361533E-5,2.1178920985149744E-4,2.463403601764155E-5,2.747291126392433E-5,5.209894668444704E-4,0.005931620921912262,3.3441656077380954E-5,1.0,0.001241314540620309,0.007062710607655083,5.500619163398379E-4,0.004595250285038878,0.005679690824886788,2.3676187869178995E-4,3.299893582056643E-4,1.406435276455757E-4,9.493867069748801E-4,5.429487166432014E-4,0.0019602490841336482,2.7187113048290512E-5,0.002021553712573074,2.1530554887809775E-5,5.127692377682355E-4,1.5681759978526004E-5,0.002923289472445096,0.0015522031759241798,1.1807257835763501E-4,7.018600114188317E-4,0.0011419588861410442,0.001224151073002756],[0.0010623259394819515,0.0025505324626598084,0.0013661517493162797,0.004666051347505097,0.0013064423227003635,4.5993391168107974E-4,9.522189516041726E-4,3.897053915551579E-4,0.0010174108051268743,6.974150057586458E-4,1.3293683293674505E-4,4.403464865891964E-4,7.721621325656852E-4,8.768728698649545E-4,0.0011357847031965751,6.327959527589955E-4,0.0021368668270112284,0.002094449666947404,2.6669410070299265E-4,0.001241314540620309,1.0,0.005994957121378812,0.001173734898254789,0.0027273573353703826,0.015119855292234162,9.357905168604489E-4,0.0011857055139535338,0.0011368338763733036,0.0013859069166259745,0.0014382984370790357,0.00960744706380887,2.685213069321623E-4,0.001808023405139649,0.0010703010799541176,0.0018405400162833368,7.585972819319659E-4,0.0026149091352457242,0.0013033334137223945,0.0012519727646066185,0.0010584990813788046,0.0012889641937077192,0.001367667270887662],[0.00673344454670615,0.006765463792201337,0.006160829448902007,0.013704414575060952,0.002975726571800379,0.0028486242113546388,7.705090660342584E-4,0.006925462302100876,0.0033707420480045525,0.005420978963923302,0.006126646577762296,0.004559240273254019,0.0026759081372834666,0.0026708434230401463,0.006479595622533025,0.0010195803870590135,0.0037343949490854884,0.013929314138383608,0.004699937338252578,0.007062710607655083,0.005994957121378812,1.0,0.007073533143865462,0.0067214395547411,0.011115127917369332,0.0019464980472944154,0.002279676750016324,0.0029885051047682807,0.00613692404428719,0.0018933694889110145,0.03223945748594447,0.007119643360558327,0.004436241468806875,9.510383510528596E-4,0.005109328824249837,0.0070749057624322235,0.004262616415476499,0.00442345424211663,0.004263082109352088,0.003924835758403723,0.0015302784246748107,0.0033990223692024982],[5.449935354558202E-4,0.0010464900421681188,0.0019401590508964233,0.016080151105240123,8.904427516827466E-4,5.557065081140649E-4,4.8393812944945625E-4,5.351345716877647E-4,4.313093983113603E-4,3.541292026218143E-4,1.5084807896425555E-4,2.9096095562909923E-4,5.757167056595413E-5,7.415725055572462E-4,1.2614303649023087E-4,2.535627547862273E-4,0.0012747145347542098,0.010003468668150635,3.6074876794922253E-4,5.500619163398379E-4,0.001173734898254789,0.007073533143865462,1.0,0.0016800152831475041,9.95222554358786E-4,5.268186316990545E-4,9.679566902248541E-4,3.4883136512420124E-4,0.0016327622111033649,0.0014368713333034275,0.001387971380324159,2.710900799790808E-4,0.0035493921986334354,3.7315293254558675E-5,8.599573531399064E-4,1.1796135137986762E-4,0.0025838173803908334,0.0016703608886542262,2.2647586065686675E-4,8.726247499832771E-4,0.0011048687940269728,8.44600747265906E-4],[0.005143290837032309,0.0037030338691693117,0.005453920759031871,0.0059766338776559205,0.0018756863291046059,0.005693075241308644,0.00513560734087281,4.0277788524130614E-4,0.004895972903981267,0.0026870192751743565,0.0033460470994011115,0.005347316435223824,0.0035004419709109627,0.0026448078672489327,0.0030220706111665826,9.18140255695347E-4,0.0036657578826622293,0.008864244815268126,1.242376643620334E-4,0.004595250285038878,0.0027273573353703826,0.0067214395547411,0.0016800152831475041,1.0,0.007233182130657219,0.005204376360708544,0.005356389417239468,8.08452005339068E-4,0.0020764343721152282,0.0015526885492270074,0.029831891340645268,0.001955975328831293,0.005622457405388183,0.005085887385195802,0.004683909501506385,0.0010105604463357155,0.005313987330330826,0.0038849791568173696,0.005485218073598345,0.0054718290749781965,0.0022804925099893236,0.004347316963302207],[0.0030197302367548475,0.0071632058513596275,0.004631352277371492,0.017999564010325663,0.014657411506751265,0.0077058321386283815,0.013301706960775712,0.013358992856096015,0.007847895270161775,0.013292239969490556,5.975816985012641E-4,0.01462956227653951,0.010844979392800647,0.005968843322497904,0.014708909714702435,3.577708253802172E-4,0.01433146529464524,0.016176432834285867,0.004547909899613463,0.005679690824886788,0.015119855292234162,0.011115127917369332,9.95222554358786E-4,0.007233182130657219,1.0,0.015262469656039107,0.011278164729707076,0.01150856662248217,0.011579879525198296,0.015709223386339958,0.029460745276892512,0.008276389479711812,0.013962683242278968,0.005889221087962771,0.011432314049191518,0.009587256906477505,0.0160796553993047,0.013461691423134095,0.0013261362992799774,0.007339665416560238,0.0019180707229909384,0.012519950583880253],[8.812112771303494E-5,0.0030267316531150576,3.8751671504645723E-4,0.01137145261656846,0.0013604790251949797,2.958018824324099E-4,2.5758882463688585E-4,1.4179458445000786E-4,2.0833017017391484E-4,1.6688332016409884E-4,4.835114988243028E-5,2.883500011549218E-4,9.091171481271985E-5,3.944307469959863E-4,2.634416143252359E-4,2.888841560646778E-4,9.84253352493554E-4,9.864287655449433E-4,2.726495927343449E-4,2.3676187869178995E-4,9.357905168604489E-4,0.0019464980472944154,5.268186316990545E-4,0.005204376360708544,0.015262469656039107,1.0,4.3013679625287593E-4,2.9328823226817795E-4,0.0015501569547131137,0.001489583640061685,0.0020944936314156015,1.2366664990479055E-4,0.004128609384039061,1.4562007221585906E-4,4.979548183567783E-4,2.1892091089378382E-4,0.00128913879788741,0.0010251319495089874,2.1314229079735794E-4,9.414619207325327E-4,9.172786312949925E-4,5.505357191269052E-4],[2.3086427385562224E-4,0.0014030547210635083,0.0016121406776144025,0.007772194586364742,0.001338582396189268,9.538278851932973E-4,1.8113315862714515E-4,1.7040548951328938E-4,9.942723866861497E-4,1.465944026836655E-4,4.7703981277415165E-4,2.085598432062912E-4,2.225168875340264E-4,0.0010943487795485886,8.073788367259148E-4,0.0010483225727405115,0.001770413936701502,0.005233878360424416,0.0010232208280618377,3.299893582056643E-4,0.0011857055139535338,0.002279676750016324,9.679566902248541E-4,0.005356389417239468,0.011278164729707076,4.3013679625287593E-4,1.0,8.888076951453648E-4,0.001518877861318187,0.001154307602155503,0.018121091276011504,5.493022358393029E-4,0.001192320287124787,7.922841739071431E-4,0.001451056211788755,9.787781192096214E-4,0.003625594493106677,0.0015945779002080967,7.019463237051395E-4,0.001107668953146433,0.0011941824095874432,0.0012648395276422346],[7.304885265496207E-5,0.002502671702234629,8.780813511692974E-4,0.007889632837731314,9.668176524419098E-4,2.004274780385046E-4,1.3505168430601687E-4,9.630833426209757E-5,1.3921033630781766E-4,1.3705806997834285E-4,1.428063756261118E-4,1.421528599975508E-4,9.05356663980716E-5,2.4978458287043645E-4,1.4119307064663873E-4,1.2608748544475128E-4,8.318909065003815E-4,0.012904699270473404,1.3154896776469477E-4,1.406435276455757E-4,0.0011368338763733036,0.0029885051047682807,3.4883136512420124E-4,8.08452005339068E-4,0.01150856662248217,2.9328823226817795E-4,8.888076951453648E-4,1.0,9.043791881422128E-4,9.204502167809872E-4,0.007080414635625482,7.187948618042076E-5,0.0038903435242924325,1.5939933628465112E-4,0.002196984747847726,5.8155817537303196E-5,0.002606309195720829,9.662019449024307E-4,1.6663314779000285E-4,7.147412066068801E-4,0.0010259601383945487,0.0010451620674993205],[0.0010115336298924826,0.003300340018350503,0.0021864183749701793,0.004745670408515091,0.00154352272658674,7.780441536208674E-4,0.0014503797494594332,7.401098166218713E-4,0.0014842489164230994,7.221480624728096E-4,3.5822648265741193E-4,3.4369806291269326E-4,0.0014488264704331727,0.0014929850085544033,6.378141812182758E-4,6.364554097976166E-4,0.002639233233376917,0.004303996075617761,6.407530134316541E-4,9.493867069748801E-4,0.0013859069166259745,0.00613692404428719,0.0016327622111033649,0.0020764343721152282,0.011579879525198296,0.0015501569547131137,0.001518877861318187,9.043791881422128E-4,1.0,0.0019192911689197333,0.022219995311983327,0.0010754349158713546,0.0023135729006675747,7.051431635250078E-4,0.0020283511892230537,0.001241087391722421,0.0023124866628623114,0.0019052827131012715,2.718418066737662E-4,0.0011906860558636972,0.0017645716654153634,0.0015971611132357903],[8.911801013535168E-4,0.0019839246790973983,0.0016743297325841535,0.0028798771661295705,0.0014006675394357749,5.657326378439852E-4,0.001204525761387034,4.463669388628003E-4,8.181282357091487E-4,9.276600824947163E-4,3.134900458172677E-4,1.4146302794168516E-4,3.602199490491426E-4,0.0010704547123067988,0.0010420537200340567,0.0013070862727416507,0.0020940196303406086,0.0016468898710069173,0.0014645040264486193,5.429487166432014E-4,0.0014382984370790357,0.0018933694889110145,0.0014368713333034275,0.0015526885492270074,0.015709223386339958,0.001489583640061685,0.001154307602155503,9.204502167809872E-4,0.0019192911689197333,1.0,0.025971252913905594,4.5779008150096024E-4,0.0015603739127834108,1.886351249435173E-4,0.0015361292800826717,8.274519202615952E-4,0.003675184387513174,0.0016865086867301224,7.504137164944855E-4,0.001125709070781528,0.0012473174830454608,0.0014491788813339478],[0.027150717525023113,0.026501792964589967,0.03084872622834985,0.026423082020400404,0.01946090096595217,0.0326093888288531,0.006452046115143882,0.021586445986660308,0.00329635526046603,0.004546929813640005,0.02158344570825992,8.364552564336864E-4,0.03199993333892889,0.03255650070670446,0.0203990951037126,0.009307872200163572,0.027334820492973377,0.023974672945638445,0.004040148697318933,0.0019602490841336482,0.00960744706380887,0.03223945748594447,0.001387971380324159,0.029831891340645268,0.029460745276892512,0.0020944936314156015,0.018121091276011504,0.007080414635625482,0.022219995311983327,0.025971252913905594,1.0,0.0072240990467359505,0.004769136736034088,0.006317766314293642,0.017517615945866306,0.017509332548272045,0.030430987167611126,0.02700253490804037,0.014787342441127463,0.010894312513132482,0.018196498757680524,0.027471715837088736],[2.8582809136883917E-5,0.003395904099154901,5.587774735174218E-4,0.004588469838694136,4.538368493153541E-4,6.176657828138379E-5,7.912493526688196E-5,3.1663022648787764E-5,3.531642120111362E-5,1.6942184272619592E-5,2.6330468370582783E-5,2.5695542134046392E-5,2.5169692902735378E-5,6.155656394910957E-4,1.1601615231317751E-4,7.4442943622052E-5,0.0013523876658741779,0.01141165362689687,3.884525181934171E-5,2.7187113048290512E-5,2.685213069321623E-4,0.007119643360558327,2.710900799790808E-4,0.001955975328831293,0.008276389479711812,1.2366664990479055E-4,5.493022358393029E-4,7.187948618042076E-5,0.0010754349158713546,4.5779008150096024E-4,0.0072240990467359505,1.0,0.0038445010835336294,2.4831301684963174E-5,0.0017485736269247266,1.993930663675137E-5,0.0018924754870899047,0.001389326886604954,5.490715178484352E-5,5.476880015225781E-4,1.242098975515693E-4,0.0010555383116318867],[0.0019668621999731407,0.004045621530676968,0.004293475646889172,0.014657538522163033,0.0028751482226551713,0.0013610751765065592,0.0021540735340057956,2.770301986677879E-4,0.0016839942611869656,0.0030606148852270866,0.00319327212420522,0.001608852147955725,0.002135462907693302,0.0017322268072064038,0.0030725833246076687,0.0035544815822521406,0.0038111298739472773,0.004786714331371741,0.0036828275158086953,0.002021553712573074,0.001808023405139649,0.004436241468806875,0.0035493921986334354,0.005622457405388183,0.013962683242278968,0.004128609384039061,0.001192320287124787,0.0038903435242924325,0.0023135729006675747,0.0015603739127834108,0.004769136736034088,0.0038445010835336294,1.0,0.002298991390197105,0.0025337279541627115,0.0025333178191069613,0.004219692516835305,0.0032420255145998436,0.004017391856901057,0.0014634794901193086,0.0025305547468185297,0.004177687512514245],[3.00684961499944E-5,0.0022437600244942556,0.0028230309477849263,0.008239407027266374,5.782902531415503E-4,5.7166998275885513E-5,6.527900896621838E-5,2.9862255599054434E-5,1.9986027735924944E-5,1.6649963558798152E-5,1.9888365493426648E-5,1.806625187423528E-5,1.813803896377017E-5,7.565021422122313E-5,3.391574743595873E-5,8.197081592812653E-5,0.0011123430583707967,0.0070607352490819906,1.9024318420847472E-5,2.1530554887809775E-5,0.0010703010799541176,9.510383510528596E-4,3.7315293254558675E-5,0.005085887385195802,0.005889221087962771,1.4562007221585906E-4,7.922841739071431E-4,1.5939933628465112E-4,7.051431635250078E-4,1.886351249435173E-4,0.006317766314293642,2.4831301684963174E-5,0.002298991390197105,1.0,0.0019512983551741225,1.6248046086679873E-5,0.0035432098316057997,3.592843892654692E-4,1.9730983985501694E-5,2.1912613194139378E-4,9.159962978294845E-4,3.284888499226465E-4],[0.0015742043432225995,0.0031423002607538363,0.0024655453563299833,0.005216992064056665,0.001713904002357451,0.0014053150544828914,0.0014295463458265218,0.0013519354399439097,7.238667388603198E-4,2.4090473305743876E-4,0.0019330455871141427,0.0012131206097978115,0.00162149775502096,0.001660699277238318,0.0010958791329677426,0.0018782923348131737,0.0025274317943203605,0.013708807493102253,0.0013902339187255527,5.127692377682355E-4,0.0018405400162833368,0.005109328824249837,8.599573531399064E-4,0.004683909501506385,0.011432314049191518,4.979548183567783E-4,0.001451056211788755,0.002196984747847726,0.0020283511892230537,0.0015361292800826717,0.017517615945866306,0.0017485736269247266,0.0025337279541627115,0.0019512983551741225,1.0,6.312095325539948E-4,0.002742551411746397,0.0021828431502817353,0.0014955732125394086,0.0015832370333110687,0.0012871145714426662,0.0014197190486302238],[2.440887079288726E-5,0.0029752186301943402,6.03235227152752E-4,0.003965493741164162,2.678579969691991E-5,4.751594577272581E-5,8.757622446002953E-5,2.557263823759847E-5,1.917921659359925E-5,1.3867438926159136E-5,1.4471631531952624E-5,1.3631638992174029E-5,1.7644192300907785E-5,2.791608231874022E-4,5.7275870419739164E-5,4.1460535439902715E-5,0.0015425077811115507,0.014274947591856041,3.735123661723187E-5,1.5681759978526004E-5,7.585972819319659E-4,0.0070749057624322235,1.1796135137986762E-4,0.0010105604463357155,0.009587256906477505,2.1892091089378382E-4,9.787781192096214E-4,5.8155817537303196E-5,0.001241087391722421,8.274519202615952E-4,0.017509332548272045,1.993930663675137E-5,0.0025333178191069613,1.6248046086679873E-5,6.312095325539948E-4,1.0,0.0034959244838323527,0.001357998782517786,7.207531695386653E-5,6.003440186855565E-4,1.3265426618760766E-4,0.0010175374673720902],[0.0025484587907280264,0.003778966560913506,0.0037406639112473328,0.00551796439403697,0.003739857449343997,0.0024485936929013715,0.00251242021489727,0.003807655845860965,0.0031690630803957193,0.001140618056324172,6.011067776841079E-4,0.0013685610727141083,0.0037650809321506237,0.001995176662567588,0.002656641987632605,3.360438821838478E-4,0.003007089557327604,0.014910814892490316,9.405094172832573E-4,0.002923289472445096,0.0026149091352457242,0.004262616415476499,0.0025838173803908334,0.005313987330330826,0.0160796553993047,0.00128913879788741,0.003625594493106677,0.002606309195720829,0.0023124866628623114,0.003675184387513174,0.030430987167611126,0.0018924754870899047,0.004219692516835305,0.0035432098316057997,0.002742551411746397,0.0034959244838323527,1.0,0.002743691015880915,0.0011008197813726862,0.0014215415498057798,0.0021050130472922207,0.0024914858722959914],[6.194344094995712E-4,0.0022578102555765034,0.0022613501850857255,0.0036345678040937725,0.0014261337380200494,9.585316702967352E-4,0.0013464374005061114,4.161346787175354E-4,1.2783154172649243E-4,6.006125500857492E-4,0.0013957453559738536,0.001056793231942027,6.732361569724478E-4,0.001040212669727937,0.0017337063113218704,0.0013867825689912485,0.0026459137249819622,0.010553547591447787,0.001745438050427323,0.0015522031759241798,0.0013033334137223945,0.00442345424211663,0.0016703608886542262,0.0038849791568173696,0.013461691423134095,0.0010251319495089874,0.0015945779002080967,9.662019449024307E-4,0.0019052827131012715,0.0016865086867301224,0.02700253490804037,0.001389326886604954,0.0032420255145998436,3.592843892654692E-4,0.0021828431502817353,0.001357998782517786,0.002743691015880915,1.0,0.0016525624780823237,0.0018168536837145715,0.0016051415196690329,0.0018735188527797522],[1.0953265142167224E-4,0.0019377135421782818,0.0010316492456106615,0.005188388070212158,2.1714103568292332E-4,1.8905102366093267E-4,1.5119125825531775E-4,1.2397181177346E-4,1.48227218628452E-4,6.912285685786178E-5,6.11117238861763E-5,1.3978456767311585E-4,9.944602359763784E-5,8.320170535342854E-4,1.1828365768862702E-4,1.059980614685588E-4,0.0018790407192414544,0.001727085514251109,8.484454605291815E-5,1.1807257835763501E-4,0.0012519727646066185,0.004263082109352088,2.2647586065686675E-4,0.005485218073598345,0.0013261362992799774,2.1314229079735794E-4,7.019463237051395E-4,1.6663314779000285E-4,2.718418066737662E-4,7.504137164944855E-4,0.014787342441127463,5.490715178484352E-5,0.004017391856901057,1.9730983985501694E-5,0.0014955732125394086,7.207531695386653E-5,0.0011008197813726862,0.0016525624780823237,1.0,2.4659065862211375E-4,0.0010544535094146922,0.0010989036200876644],[9.691291574782969E-4,0.001484394547922568,0.0014242553554800028,0.014458993454306955,0.0013560483158206998,7.851161391212734E-4,1.5859539836726342E-4,1.0145666180275356E-4,2.270157708648406E-4,6.09542084410545E-4,7.817745015538111E-4,4.282267834258932E-4,5.652698371513317E-4,9.126584844694857E-4,7.634761460525983E-4,4.825229224624783E-4,0.001868466563829309,0.0027826315939314936,8.072320827257214E-4,7.018600114188317E-4,0.0010584990813788046,0.003924835758403723,8.726247499832771E-4,0.0054718290749781965,0.007339665416560238,9.414619207325327E-4,0.001107668953146433,7.147412066068801E-4,0.0011906860558636972,0.001125709070781528,0.010894312513132482,5.476880015225781E-4,0.0014634794901193086,2.1912613194139378E-4,0.0015832370333110687,6.003440186855565E-4,0.0014215415498057798,0.0018168536837145715,2.4659065862211375E-4,1.0,0.0010562603650125656,0.0011342930167282247],[9.65267339751371E-4,0.0036319393283871944,0.0021107998688198524,0.011202320840147745,0.0013730920586855302,2.374059733016469E-4,1.4405301681119726E-4,1.5255883562667735E-4,6.645358300298947E-4,9.83564713212132E-4,8.891467742585611E-4,7.259414109351762E-4,2.4381479146939563E-4,9.579452486588103E-4,0.0010606236196112923,4.463205194969944E-4,0.0019765865844420735,0.005609774334333022,9.346157523935105E-4,0.0011419588861410442,0.0012889641937077192,0.0015302784246748107,0.0011048687940269728,0.0022804925099893236,0.0019180707229909384,9.172786312949925E-4,0.0011941824095874432,0.0010259601383945487,0.0017645716654153634,0.0012473174830454608,0.018196498757680524,1.242098975515693E-4,0.0025305547468185297,9.159962978294845E-4,0.0012871145714426662,1.3265426618760766E-4,0.0021050130472922207,0.0016051415196690329,0.0010544535094146922,0.0010562603650125656,1.0,0.0012532621748684591],[7.152210846416945E-4,0.0034665046226118714,0.0024243146853041584,0.012481980813010704,0.0013952852015930838,0.0013423631721345061,8.039217846581896E-4,0.001119195191286702,6.055211932557309E-4,7.155104684257297E-4,8.395219474617591E-4,9.475591872560996E-4,8.607619514975187E-5,0.0011837996557615925,0.0010183523225160834,0.0014144054641856507,0.0017811097471963295,0.011785788297288288,9.108247559307583E-5,0.001224151073002756,0.001367667270887662,0.0033990223692024982,8.44600747265906E-4,0.004347316963302207,0.012519950583880253,5.505357191269052E-4,0.0012648395276422346,0.0010451620674993205,0.0015971611132357903,0.0014491788813339478,0.027471715837088736,0.0010555383116318867,0.004177687512514245,3.284888499226465E-4,0.0014197190486302238,0.0010175374673720902,0.0024914858722959914,0.0018735188527797522,0.0010989036200876644,0.0011342930167282247,0.0012532621748684591,1.0]]