[[1.0,0.007572439854462907,0.0018918379869582286,6.00822119556032E-4,0.0014146685787808045,0.005452715034720064,0.0022239385657217285,0.002329062897872672,0.001937374046004891,0.007177026619402333,0.0052896955878751015,0.002065180675143837,9.47808837844504E-4,0.001348575012169224,3.791839099318764E-5,3.2015199045445567E-4,0.002396991366000379,1.9186999044321928E-4,0.0015390837193254875,0.011212240554238787,0.0012049865771890178,0.001202259925611484,0.0018431568190253188,4.139677264283317E-5,8.454418400201565E-4,0.031528905899561435,0.045618032496515915,0.0025607202203549694,0.0019291582539622903,0.003322857416767926,4.6722265855814616E-4,4.007655907267334E-4,0.005512022571349813,3.6431132117495754E-4,0.01050627584461885,0.0012652937878556488,0.0013979285761306357,0.0069560794472524005,0.0021439175886892553,0.0011761204853365111,0.0013465953043989036,8.800355402196961E-5,0.002453653822337756,0.0021002689888043437,0.0016075846328523539],[0.007572439854462907,1.0,0.014482260007799556,0.0056129907398190255,0.014604031974315288,0.014999024723769351,0.004602996110523192,0.008967881014148417,0.009608838741790042,0.01749423214441281,0.015092228073671997,0.0063174148802734335,0.010464639068173917,0.0028153665363505106,0.003557109143451153,0.007734771382265779,0.013953161654028129,0.0037935311742204195,0.01296724907604438,0.016993249025631575,0.013401618132185582,0.015414649058090724,0.006311224702262919,0.0028210674682284764,0.008953055098688453,0.02810555003402061,0.026507695367092222,0.008209442942275836,0.009310679537348591,0.007293734818153307,0.012665860346021011,0.007530777206518771,0.015198281502304343,0.0061696506745868565,0.01652486877921632,0.0013975570974970755,0.009552843726654162,0.02836479402848662,0.0028695279981849524,0.016762874403038523,0.00793461213569314,0.006379329923088745,0.005392611411941419,0.013249948697786696,0.009058206809329665],[0.0018918379869582286,0.014482260007799556,1.0,2.4241423402562184E-5,4.18906165435993E-5,4.0581898479137216E-4,2.3395385173296126E-5,9.806182049651517E-5,2.0937573814650787E-5,0.007337933871454865,0.008418924258973061,6.573170025906482E-5,8.374229078319425E-5,0.0011868036283002965,2.096678500566114E-5,2.3802827041698886E-5,0.0011073793266917417,1.7403093009516016E-5,0.0010542558672785131,0.013776196631877449,2.4781432027607718E-5,4.821873031727266E-5,2.404975716010549E-5,1.6492049390551914E-5,4.641152346342107E-5,0.0031316427182067966,0.05537781875154271,9.847318602457756E-4,0.001268284083248073,0.004308958374543443,2.064827686047394E-4,1.9158463931616832E-5,0.010666559388552625,4.0085671755506384E-5,0.004600694245095976,7.268121650203976E-4,5.550173803820286E-5,0.036534388344800564,8.926110206918431E-4,5.769724942017757E-4,1.4996126413953647E-4,2.3282740307983368E-5,1.6390267481529355E-4,2.335466069183156E-5,1.0094032651514147E-4],[6.00822119556032E-4,0.0056129907398190255,2.4241423402562184E-5,1.0,4.1751656801800936E-5,0.012601642619825713,1.8757667092434356E-5,6.178798748065833E-5,3.103231027495028E-5,0.008012793113302165,0.00861142378381165,1.7057741767714836E-4,1.3220733183093186E-4,8.857290423369469E-4,2.834149238093416E-5,3.2475321582728874E-5,2.908132421748807E-4,2.829108012455286E-5,6.836758261308527E-4,0.00568636064601307,3.2137444822694345E-5,8.673604826092978E-5,3.9512062498892574E-5,3.679337052981706E-5,4.3805643971908986E-5,0.011643291852733783,0.01557771435995079,0.0014554452471848734,0.0011225631470322497,0.0013349625256918465,1.9754556416890008E-4,2.507372732216711E-5,0.0019916182124332803,4.056113097517321E-5,0.011193503757087522,8.315343061057793E-4,5.395797738057858E-5,0.058419863013246254,5.650383347292761E-4,2.0294956785926797E-4,4.399485545020346E-4,2.407058255457613E-5,0.0012162539640405855,2.2828431225448842E-5,7.826992916230532E-5],[0.0014146685787808045,0.014604031974315288,4.18906165435993E-5,4.1751656801800936E-5,1.0,0.004245951025838849,1.769807469014148E-5,4.861417409050994E-5,3.94473943550221E-5,0.003540891142809835,0.0022687413332294747,2.975359219845302E-4,8.474034362355044E-5,8.54323341056227E-5,4.1768092373425136E-5,1.4202105465216581E-5,0.0011782790149027077,4.013792476706688E-5,5.860233984297838E-4,0.010379079995455598,2.9500335411921767E-5,5.312386875537623E-5,2.6092502911720637E-5,4.064902791948386E-5,6.847579049055368E-5,0.021241676599384682,0.00756401435599669,7.105881279248406E-4,0.0012601639987380679,3.014234592413204E-4,4.903613190733879E-5,3.411319241414946E-5,0.009942631524124005,4.251126478397368E-5,0.007210879566394995,5.612741999932155E-4,9.462782201975127E-5,0.026986587510433015,4.4210318873483365E-4,1.5296143925570553E-4,5.703737649485067E-5,2.8544653415682157E-5,4.95347482938898E-4,3.631630200356137E-5,1.5728587471775885E-4],[0.005452715034720064,0.014999024723769351,4.0581898479137216E-4,0.012601642619825713,0.004245951025838849,1.0,0.009456484971584965,0.008937812892328716,0.01083777996223697,0.011947305084054302,0.014652175257051737,0.008971308480968013,0.001889809129543389,0.011561031635700532,0.011750694446739178,0.005685837026713282,0.011999550651806554,0.013790326181699558,0.00820384184291562,0.014947150258613909,0.0017762933686689196,0.00710240899583554,0.011606830875802724,9.750876844794536E-4,0.01290256873583451,0.030213272233479707,0.060446581435990965,0.003071185850236052,0.010658485230108029,0.011226947585046566,8.868596799686472E-4,5.570519783450642E-4,0.01214792649497206,0.014047399246064983,0.014051577150990221,0.012278939890870979,0.011843141217569466,0.053665539272593724,0.0018073587294273798,0.014419658118292693,0.014289445194178584,0.011026953502774196,0.012419540147130204,0.0041906819430177445,0.014122412640825059],[0.0022239385657217285,0.004602996110523192,2.3395385173296126E-5,1.8757667092434356E-5,1.769807469014148E-5,0.009456484971584965,1.0,1.0628959828103939E-4,1.5483364901196547E-5,0.0036285918287820157,0.006618351751433945,1.9508398456793725E-4,2.160146464524679E-5,1.7918911553829235E-4,1.3611697414832655E-5,1.0416130105352945E-5,0.0023088886058941797,1.4591261643632258E-5,2.3723662517016397E-4,0.007117451785486836,2.1667460025645433E-5,9.078526245279137E-5,2.475654252715224E-5,1.4826144514571178E-5,2.3247729628440446E-5,0.01905493214752395,0.029402975500439618,0.002684417408666406,0.0011942804323197705,0.00413323480625104,1.650363433619284E-4,1.4126485681209256E-5,0.00948519436664164,1.4332188606771356E-5,0.010780971830014809,6.961731560388955E-4,2.437620941995437E-5,0.035749529767892224,4.694197386187847E-4,2.4367911322761187E-5,3.8891541597024077E-4,1.5199391642344721E-5,2.4886672229838835E-4,1.7589236675505966E-5,0.0010570707347070337],[0.002329062897872672,0.008967881014148417,9.806182049651517E-5,6.178798748065833E-5,4.861417409050994E-5,0.008937812892328716,1.0628959828103939E-4,1.0,9.827335349864385E-5,0.005315094861324619,0.004499394679319605,1.401789360144768E-4,1.180483672730929E-4,0.0011010766890290349,8.169466894765013E-5,1.0149981892978658E-4,0.0014973610133048284,3.0312202819654697E-5,7.998234988490231E-4,0.010822179971849982,7.651986072862961E-5,1.0387074812344017E-4,1.0423399183753874E-4,7.742996711908673E-5,1.1464840822605075E-4,0.025679761882942506,0.05696344170589014,5.886354956850197E-4,7.186048069605285E-4,0.0021043920720366593,1.119863355874085E-4,8.420162736409672E-5,0.006664391478234085,1.0293088050450472E-4,0.006658593563786511,1.7658072002210018E-4,1.032727003049709E-4,0.05447752644995333,7.723415474725472E-4,2.5370187733687275E-4,4.333031874545222E-4,4.301688370301316E-5,0.0012600366100612426,2.318070645217044E-5,1.3994892862720626E-4],[0.001937374046004891,0.009608838741790042,2.0937573814650787E-5,3.103231027495028E-5,3.94473943550221E-5,0.01083777996223697,1.5483364901196547E-5,9.827335349864385E-5,1.0,0.0042258302637033915,0.007749398049198964,1.1857870233082704E-4,9.595045832310903E-5,3.4339137093540513E-4,1.3750035771366296E-5,1.560325461053908E-5,9.512993317677603E-4,1.694242701207696E-5,0.0010450677880103005,0.003142586501252707,2.040043286711324E-5,8.112138633393937E-5,2.1012997625069504E-5,1.621521014806577E-5,5.81288166705482E-5,0.020353939930182443,0.0033357859588515936,0.002697183914895121,0.0011680054815874394,0.002846532473658435,6.918229874805967E-5,1.5046196895469004E-5,0.005258023500599339,1.728527740692591E-5,4.073203813547609E-4,2.460842116107352E-4,2.779866752983546E-5,0.016201573883955017,8.110776085516419E-4,5.904135635766007E-4,3.580975024877008E-4,1.7195787900315026E-5,9.369762513677627E-4,1.7754894317101887E-5,4.728539279885966E-4],[0.007177026619402333,0.01749423214441281,0.007337933871454865,0.008012793113302165,0.003540891142809835,0.011947305084054302,0.0036285918287820157,0.005315094861324619,0.0042258302637033915,1.0,0.014480136190474453,0.006862817577505967,0.002757932324209491,0.0016921478784659614,0.0033752713570702948,0.006330920138079045,0.010071755930421311,0.010597767258345346,0.00180731256908317,0.012688384517850882,0.002374873474142328,0.0016096348267600955,0.008999070573760771,0.0015240530665270684,0.003302358633961991,0.03241761404280968,0.03082246501348964,0.007435934882975911,0.00863057051230643,0.01058397166545326,0.008612266864394216,0.005141869543823962,0.012018865085195701,0.010388415276513262,0.013530307416698539,0.009626049869783925,0.008852500587687393,0.053961797652101365,0.00883911529034952,0.009382133319210518,0.0023890854597227963,0.0042230818137175535,0.0024322536199866845,0.009765427558744492,0.010000854922780696],[0.0052896955878751015,0.015092228073671997,0.008418924258973061,0.00861142378381165,0.0022687413332294747,0.014652175257051737,0.006618351751433945,0.004499394679319605,0.007749398049198964,0.014480136190474453,1.0,0.00785113079054213,0.00197543405692778,0.006968934750520844,0.002946167062896919,0.014355270374284732,0.012639189732788651,0.009661464295894973,0.004709919878513865,0.014637553438962286,9.85785485356063E-5,0.0032347643673199555,0.014243151209290796,0.006441787958497401,0.006701248414945805,0.016142968209679073,0.05690413122492396,0.008252058377708902,0.008089854690083133,0.009224383232224707,0.013885445849246024,0.005525346044709833,0.01266633105400378,0.008766716214513345,0.01424343594646018,0.0012895237556364903,0.011923546166287843,0.049403169944289366,0.0132924430635189,0.005951233149504822,0.008110210343669145,0.011801248901050854,0.009750954567516588,0.007372177821184806,0.008759146586348205],[0.002065180675143837,0.0063174148802734335,6.573170025906482E-5,1.7057741767714836E-4,2.975359219845302E-4,0.008971308480968013,1.9508398456793725E-4,1.401789360144768E-4,1.1857870233082704E-4,0.006862817577505967,0.00785113079054213,1.0,2.4282532228050776E-4,0.0013196155280594576,9.695405098548507E-5,2.1931450233508734E-4,0.0022776022611779388,3.1094996497213847E-4,6.027313382870151E-4,0.003862440430006875,1.012277166859552E-4,1.6836175527244133E-4,1.07239095451489E-4,3.298333011035036E-4,3.033243948376218E-4,0.027214168310955737,0.01249915960490084,0.0020928920499540776,0.0015729130639872573,0.002172368597191009,3.193928432398392E-4,2.432121281247726E-4,0.007786359208020101,1.7230000839442994E-4,0.012162070963068749,7.808215334130376E-4,1.682609204596494E-4,0.04492132362942435,0.0010573050784661985,3.879374295721541E-4,4.0036491784119194E-4,2.971865985141585E-4,6.31885743164254E-4,1.260013225404874E-4,0.0010195554345584774],[9.47808837844504E-4,0.010464639068173917,8.374229078319425E-5,1.3220733183093186E-4,8.474034362355044E-5,0.001889809129543389,2.160146464524679E-5,1.180483672730929E-4,9.595045832310903E-5,0.002757932324209491,0.00197543405692778,2.4282532228050776E-4,1.0,0.0011296010735492455,1.4544263339540266E-4,1.3632555486038014E-5,5.338830066257483E-4,4.089278942090714E-5,0.0010000126879683273,0.014588461107753296,1.282752466594601E-4,1.136413052616606E-4,5.851430616352446E-5,3.6890279164638164E-5,1.9145594693025325E-4,0.03547399854074311,0.02727535376668367,0.0019376117345368817,0.0018038371951440526,7.796330027415871E-4,2.0426275653312524E-4,7.938376172526829E-5,0.00569362725675347,6.64512186998233E-5,0.007866483073236074,8.30353508429777E-4,1.348713123934411E-4,0.022204951645090613,7.728653422623142E-4,2.023490273735846E-4,2.270273534851374E-4,9.738578261211712E-5,2.460392152649878E-4,1.2362838395335796E-4,7.1531275392388E-4],[0.001348575012169224,0.0028153665363505106,0.0011868036283002965,8.857290423369469E-4,8.54323341056227E-5,0.011561031635700532,1.7918911553829235E-4,0.0011010766890290349,3.4339137093540513E-4,0.0016921478784659614,0.006968934750520844,0.0013196155280594576,0.0011296010735492455,1.0,9.208633784865596E-5,7.715675656353612E-4,0.0019603763126739386,6.330220222228705E-4,0.0012805274224234637,0.005884203457537058,2.3974131348170603E-4,4.986007006260146E-4,5.165032026777398E-4,2.0951313149752797E-4,2.803324848739518E-4,0.027885307795970548,0.05475521090181947,0.001707107401988167,0.0018914719817150478,0.002664436951836131,5.218827070453689E-4,8.850958083068184E-4,0.010072682212363725,6.632023273506855E-4,0.004415689447164309,0.0010285032451099077,4.204872277285959E-4,0.00551240777661302,0.0013590133166635925,7.65072837447777E-4,0.0010755672855297554,4.4147742195410617E-4,0.0013554662693586997,9.903678611536376E-4,0.0013311148002910272],[3.791839099318764E-5,0.003557109143451153,2.096678500566114E-5,2.834149238093416E-5,4.1768092373425136E-5,0.011750694446739178,1.3611697414832655E-5,8.169466894765013E-5,1.3750035771366296E-5,0.0033752713570702948,0.002946167062896919,9.695405098548507E-5,1.4544263339540266E-4,9.208633784865596E-5,1.0,1.2938613052566415E-5,0.0019636272998013646,1.3857780534063624E-5,1.4849527911100005E-4,0.00794740744390589,2.248009482046762E-5,3.523075978797658E-5,2.2343270979157532E-5,1.4250632911491241E-5,7.969697276253336E-5,0.010721393059056561,0.005018471489027032,0.0019166676102199823,0.0010205039002145434,7.563026287965564E-4,1.340015084745885E-4,1.4259363442290864E-5,0.009086935020480648,4.1649089991342104E-5,0.0043591605704989675,2.7660570042694845E-4,5.668630625600571E-5,0.057765609538113084,0.0013955617450163867,1.1634128840077226E-4,4.5832969907028673E-4,1.8415984190083135E-5,0.0013101218699974686,1.8643271949705615E-5,8.334809223384659E-4],[3.2015199045445567E-4,0.007734771382265779,2.3802827041698886E-5,3.2475321582728874E-5,1.4202105465216581E-5,0.005685837026713282,1.0416130105352945E-5,1.0149981892978658E-4,1.560325461053908E-5,0.006330920138079045,0.014355270374284732,2.1931450233508734E-4,1.3632555486038014E-5,7.715675656353612E-4,1.2938613052566415E-5,1.0,9.240731449719054E-4,1.4653641109652749E-5,0.0010938581584628902,0.007233874573345074,1.1437166538079252E-5,5.032058528364485E-5,1.0117372059070601E-5,1.0441250005084742E-5,8.172106226424937E-5,0.005263427954199917,0.03614658088140839,0.002123906293194946,7.926840283280364E-5,0.0025321201280160536,1.369642098507893E-4,1.221912698141403E-5,0.011497754840261797,1.3561380172758462E-5,6.008550790053068E-4,7.199386440224604E-4,1.3173021275837756E-5,2.1676876268612676E-4,3.218042850712444E-4,2.5621710069915023E-4,2.36172451063371E-4,1.9534534036631912E-5,3.3954511034563347E-4,1.4558526864452272E-5,0.0010499452284424286],[0.002396991366000379,0.013953161654028129,0.0011073793266917417,2.908132421748807E-4,0.0011782790149027077,0.011999550651806554,0.0023088886058941797,0.0014973610133048284,9.512993317677603E-4,0.010071755930421311,0.012639189732788651,0.0022776022611779388,5.338830066257483E-4,0.0019603763126739386,0.0019636272998013646,9.240731449719054E-4,1.0,0.001292546114612586,0.0016470032638954836,0.003075268092008353,0.0013553316219655483,0.0015326726053066701,0.0017041772630027063,2.44245829557478E-4,0.0010755215675957886,0.033611383802267886,0.01761391208339725,0.0025727988778560563,0.0020543793430209747,0.00302855819889489,0.0012229901260625217,8.768411730685485E-4,0.008193112290473415,0.0015223137121870849,0.009604477411644514,0.0018180448149741591,0.00224412991493328,0.009930814876916296,0.0022323165975855486,9.859061997753516E-4,0.0010857833070579393,0.0015468063201840281,0.0017721524571316593,1.237493121040124E-4,0.0019425644381031242],[1.9186999044321928E-4,0.0037935311742204195,1.7403093009516016E-5,2.829108012455286E-5,4.013792476706688E-5,0.013790326181699558,1.4591261643632258E-5,3.0312202819654697E-5,1.694242701207696E-5,0.010597767258345346,0.009661464295894973,3.1094996497213847E-4,4.089278942090714E-5,6.330220222228705E-4,1.3857780534063624E-5,1.4653641109652749E-5,0.001292546114612586,1.0,0.0011487215115251592,0.006077388026683505,1.7541117746027335E-5,8.01761046663887E-5,2.1095044938443646E-5,1.6269095008912548E-5,1.311149556819574E-4,0.020434589372813703,0.01853808574843016,0.0027069066685203895,8.839862651971514E-4,5.835807529676819E-4,6.064735322896843E-5,1.5153109302026904E-5,0.011564625467209802,3.6420927693773085E-5,0.012483679381189758,4.890786027351893E-4,5.955515704004561E-5,0.043716690324521246,5.74657128303652E-5,3.063617301175583E-4,2.6594163075658694E-4,1.9668002369214487E-5,1.5314722876232296E-4,1.7703438632086815E-5,2.9232319974853486E-4],[0.0015390837193254875,0.01296724907604438,0.0010542558672785131,6.836758261308527E-4,5.860233984297838E-4,0.00820384184291562,2.3723662517016397E-4,7.998234988490231E-4,0.0010450677880103005,0.00180731256908317,0.004709919878513865,6.027313382870151E-4,0.0010000126879683273,0.0012805274224234637,1.4849527911100005E-4,0.0010938581584628902,0.0016470032638954836,0.0011487215115251592,1.0,0.007670414804224558,3.393199220148027E-4,8.795755385324826E-4,2.804316851418327E-4,0.0011054453015698986,3.293113909865207E-4,0.02597862633101805,0.03686662749462447,0.002377251127384306,0.0014022950616028732,0.0012912067261167423,0.0011529241111322554,8.707231903920392E-4,0.007155086112165217,2.1546915552675682E-4,0.002381918743419767,0.0011202452218677485,0.0010713828905167117,0.010814900697359926,0.001275570094711008,0.001208116118842587,8.484665695056229E-4,8.371213648943243E-4,0.0013332854434122121,3.4863390042848397E-5,0.0011501988169541101],[0.011212240554238787,0.016993249025631575,0.013776196631877449,0.00568636064601307,0.010379079995455598,0.014947150258613909,0.007117451785486836,0.010822179971849982,0.003142586501252707,0.012688384517850882,0.014637553438962286,0.003862440430006875,0.014588461107753296,0.005884203457537058,0.00794740744390589,0.007233874573345074,0.003075268092008353,0.006077388026683505,0.007670414804224558,1.0,0.012840835892974238,0.01427432884152567,0.0047436873236743095,0.0026133889699411837,0.004758939893119596,0.03919142410490552,0.033238596087910466,0.012046898422365724,0.014346625273489559,0.004783187400160599,0.009204996897098548,0.007570771788372498,0.012758921585187656,0.006156985555799821,0.014967697050479591,0.001596839417731765,0.0020117604623848223,0.05382872992923609,0.010505580633745137,0.013239468347437493,0.013868154331503551,0.009488858239149989,0.0042955771050122524,0.0017194054229886149,0.0027067079501318547],[0.0012049865771890178,0.013401618132185582,2.4781432027607718E-5,3.2137444822694345E-5,2.9500335411921767E-5,0.0017762933686689196,2.1667460025645433E-5,7.651986072862961E-5,2.040043286711324E-5,0.002374873474142328,9.85785485356063E-5,1.012277166859552E-4,1.282752466594601E-4,2.3974131348170603E-4,2.248009482046762E-5,1.1437166538079252E-5,0.0013553316219655483,1.7541117746027335E-5,3.393199220148027E-4,0.012840835892974238,1.0,3.951077657233311E-5,2.7981270857881343E-5,2.1690641715890323E-5,5.482733653981528E-5,6.393539308642885E-4,0.008910492717376687,5.485102846593112E-4,0.0014850695396767335,0.0016682936723861836,3.337398855201724E-5,2.119882745071786E-5,0.003659985070306869,3.091018998579811E-5,0.012017453534852876,9.041305692746973E-5,9.340347514513994E-5,0.043012383582534626,5.545323318696858E-4,3.4677097444533805E-4,1.802271927816214E-4,2.5084514450285227E-5,4.3320613377817414E-4,2.3573922206792755E-5,1.2262684715078954E-4],[0.001202259925611484,0.015414649058090724,4.821873031727266E-5,8.673604826092978E-5,5.312386875537623E-5,0.00710240899583554,9.078526245279137E-5,1.0387074812344017E-4,8.112138633393937E-5,0.0016096348267600955,0.0032347643673199555,1.6836175527244133E-4,1.136413052616606E-4,4.986007006260146E-4,3.523075978797658E-5,5.032058528364485E-5,0.0015326726053066701,8.01761046663887E-5,8.795755385324826E-4,0.01427432884152567,3.951077657233311E-5,1.0,7.546065816034094E-5,2.3199230758386733E-5,1.6296419672691187E-4,0.0010099742577274915,0.02772707888574901,8.989911932903901E-4,0.0014689174590740179,0.002797894707855981,1.750433480202224E-4,8.095756462630263E-5,0.008481998055037257,9.74933825876462E-5,0.005312044001504143,7.246638180958409E-4,1.0283972195745577E-4,0.03321212389547669,0.0013759194947927762,4.953570898859026E-4,3.142766973848939E-4,4.276381668714236E-5,0.001333391127678387,3.689861529817304E-5,4.358719751627082E-4],[0.0018431568190253188,0.006311224702262919,2.404975716010549E-5,3.9512062498892574E-5,2.6092502911720637E-5,0.011606830875802724,2.475654252715224E-5,1.0423399183753874E-4,2.1012997625069504E-5,0.008999070573760771,0.014243151209290796,1.07239095451489E-4,5.851430616352446E-5,5.165032026777398E-4,2.2343270979157532E-5,1.0117372059070601E-5,0.0017041772630027063,2.1095044938443646E-5,2.804316851418327E-4,0.0047436873236743095,2.7981270857881343E-5,7.546065816034094E-5,1.0,2.2889096956003627E-5,1.2940870709591423E-4,0.0040036983295376905,0.012163547259590774,0.0026468562064808077,4.863817428129505E-5,0.002923703325773121,5.411752558461977E-5,2.1695474631823805E-5,0.009882726280220236,2.6197285897303448E-5,0.011912057524963444,1.417516627463295E-4,6.456642417683457E-5,0.03801260210847394,3.1223930913135784E-4,1.617418490985441E-4,1.9062482149626188E-4,2.4433200390949997E-5,0.0013467230690360297,2.3690978771647913E-5,9.056467767729604E-4],[4.139677264283317E-5,0.0028210674682284764,1.6492049390551914E-5,3.679337052981706E-5,4.064902791948386E-5,9.750876844794536E-4,1.4826144514571178E-5,7.742996711908673E-5,1.621521014806577E-5,0.0015240530665270684,0.006441787958497401,3.298333011035036E-4,3.6890279164638164E-5,2.0951313149752797E-4,1.4250632911491241E-5,1.0441250005084742E-5,2.44245829557478E-4,1.6269095008912548E-5,0.0011054453015698986,0.0026133889699411837,2.1690641715890323E-5,2.3199230758386733E-5,2.2889096956003627E-5,1.0,1.8152471882006992E-4,0.035887786454558666,0.045767368359206737,3.4080690362661226E-4,0.0017352826575235047,0.0010970914540464906,1.2538691275196E-4,1.609335623971348E-5,0.0025384015124882585,2.7009796868343913E-5,0.005105068443671766,3.853588527604512E-4,5.3909168146351635E-5,0.003548132857071953,0.0013736667922446565,2.2946548047625024E-4,3.354942825211672E-4,1.6223937196263016E-5,0.0012880340477797903,1.754280178646159E-5,6.453146743410365E-4],[8.454418400201565E-4,0.008953055098688453,4.641152346342107E-5,4.3805643971908986E-5,6.847579049055368E-5,0.01290256873583451,2.3247729628440446E-5,1.1464840822605075E-4,5.81288166705482E-5,0.003302358633961991,0.006701248414945805,3.033243948376218E-4,1.9145594693025325E-4,2.803324848739518E-4,7.969697276253336E-5,8.172106226424937E-5,0.0010755215675957886,1.311149556819574E-4,3.293113909865207E-4,0.004758939893119596,5.482733653981528E-5,1.6296419672691187E-4,1.2940870709591423E-4,1.8152471882006992E-4,1.0,0.029234884699487554,0.0604103661567409,0.0013936959526791603,5.565961168464673E-4,9.924354463481649E-4,2.0983181996588903E-4,7.973312882924738E-5,0.0033671155999119573,7.413206087157044E-5,0.005176095410930709,7.749951745815834E-4,1.059937320093455E-4,0.001565297238421007,6.229604763508245E-4,3.162222803228409E-4,3.6947054608183925E-4,7.358691149212043E-5,7.197442330826658E-4,7.088199956159264E-5,5.158166162189062E-4],[0.031528905899561435,0.02810555003402061,0.0031316427182067966,0.011643291852733783,0.021241676599384682,0.030213272233479707,0.01905493214752395,0.025679761882942506,0.020353939930182443,0.03241761404280968,0.016142968209679073,0.027214168310955737,0.03547399854074311,0.027885307795970548,0.010721393059056561,0.005263427954199917,0.033611383802267886,0.020434589372813703,0.02597862633101805,0.03919142410490552,6.393539308642885E-4,0.0010099742577274915,0.0040036983295376905,0.035887786454558666,0.029234884699487554,1.0,0.054105001699074756,0.031701876122724265,0.022921624193977294,0.027069526186042643,0.039275109661870304,0.023317337131043524,0.025121685143644348,0.03383878373415346,0.025148748182635086,0.035319192629857686,0.002860190207803239,0.05033074089565958,0.0022646695397417413,0.036112065689471444,0.0035819660209321464,0.015166156325570616,0.025378410954479368,0.0010572698217299263,0.025689237896522287],[0.045618032496515915,0.026507695367092222,0.05537781875154271,0.01557771435995079,0.00756401435599669,0.060446581435990965,0.029402975500439618,0.05696344170589014,0.0033357859588515936,0.03082246501348964,0.05690413122492396,0.01249915960490084,0.02727535376668367,0.05475521090181947,0.005018471489027032,0.03614658088140839,0.01761391208339725,0.01853808574843016,0.03686662749462447,0.033238596087910466,0.008910492717376687,0.02772707888574901,0.012163547259590774,0.045767368359206737,0.0604103661567409,0.054105001699074756,1.0,0.04859266734268224,0.0065891632833596685,0.025955938118620292,0.054576081822148244,0.026384380647152008,0.017843435809551257,0.03686801736545833,0.03267038756243937,0.062260671458651835,0.059772869376952927,0.060873985351571375,0.009880462426253057,0.018560326824309057,0.049048112023127276,0.03194203249367257,0.02349101202703768,0.031062751796219853,0.0503942913736079],[0.0025607202203549694,0.008209442942275836,9.847318602457756E-4,0.0014554452471848734,7.105881279248406E-4,0.003071185850236052,0.002684417408666406,5.886354956850197E-4,0.002697183914895121,0.007435934882975911,0.008252058377708902,0.0020928920499540776,0.0019376117345368817,0.001707107401988167,0.0019166676102199823,0.002123906293194946,0.0025727988778560563,0.0027069066685203895,0.002377251127384306,0.012046898422365724,5.485102846593112E-4,8.989911932903901E-4,0.0026468562064808077,3.4080690362661226E-4,0.0013936959526791603,0.031701876122724265,0.04859266734268224,1.0,0.0026541852217053406,0.003770377092569356,0.001365292841121288,0.0023565267169827937,0.010139002412924982,9.541817370525558E-5,0.009816180389808981,0.001485541502418684,0.0014700697518823945,0.04287932975678389,0.002067517205374229,0.0021925215021155854,5.898788872944216E-4,2.2490104804803003E-4,0.0019171450911483847,1.9859416377849005E-4,0.0019454724962536295],[0.0019291582539622903,0.009310679537348591,0.001268284083248073,0.0011225631470322497,0.0012601639987380679,0.010658485230108029,0.0011942804323197705,7.186048069605285E-4,0.0011680054815874394,0.00863057051230643,0.008089854690083133,0.0015729130639872573,0.0018038371951440526,0.0018914719817150478,0.0010205039002145434,7.926840283280364E-5,0.0020543793430209747,8.839862651971514E-4,0.0014022950616028732,0.014346625273489559,0.0014850695396767335,0.0014689174590740179,4.863817428129505E-5,0.0017352826575235047,5.565961168464673E-4,0.022921624193977294,0.0065891632833596685,0.0026541852217053406,1.0,0.003457620718897807,9.722422847522077E-4,0.0011156979959654923,0.006519524220214119,2.3170797186187998E-4,0.012363610648909042,0.0012289158482424961,0.001339014882346521,0.033260335731247266,0.0016750253683929998,0.0011252661104624267,0.001348396397918625,0.0012879623042317157,0.0016846565204186455,7.772778142106516E-4,0.00185343769185252],[0.003322857416767926,0.007293734818153307,0.004308958374543443,0.0013349625256918465,3.014234592413204E-4,0.011226947585046566,0.00413323480625104,0.0021043920720366593,0.002846532473658435,0.01058397166545326,0.009224383232224707,0.002172368597191009,7.796330027415871E-4,0.002664436951836131,7.563026287965564E-4,0.0025321201280160536,0.00302855819889489,5.835807529676819E-4,0.0012912067261167423,0.004783187400160599,0.0016682936723861836,0.002797894707855981,0.002923703325773121,0.0010970914540464906,9.924354463481649E-4,0.027069526186042643,0.025955938118620292,0.003770377092569356,0.003457620718897807,1.0,0.002449322598259972,0.003646111092803045,0.009479178383780106,0.0018168849348638885,0.004857217450696698,0.003266486786619504,0.0020082781384965906,0.03901749942213475,0.002355610867678288,0.003586242273509863,0.0024439073773675083,0.0026597054562263055,0.003228838076031197,0.0026740090287167588,0.0029088387659250083],[4.6722265855814616E-4,0.012665860346021011,2.064827686047394E-4,1.9754556416890008E-4,4.903613190733879E-5,8.868596799686472E-4,1.650363433619284E-4,1.119863355874085E-4,6.918229874805967E-5,0.008612266864394216,0.013885445849246024,3.193928432398392E-4,2.0426275653312524E-4,5.218827070453689E-4,1.340015084745885E-4,1.369642098507893E-4,0.0012229901260625217,6.064735322896843E-5,0.0011529241111322554,0.009204996897098548,3.337398855201724E-5,1.750433480202224E-4,5.411752558461977E-5,1.2538691275196E-4,2.0983181996588903E-4,0.039275109661870304,0.054576081822148244,0.001365292841121288,9.722422847522077E-4,0.002449322598259972,1.0,2.0704675553960306E-4,0.003046298796180792,9.356287488549732E-5,0.013669147417241338,9.175651209956231E-4,1.7758528133535444E-4,0.03699150464010029,0.001092577746080283,5.884447753084916E-4,3.072965713055328E-4,1.2008587819815749E-4,4.6679587056569423E-4,1.6186442666826084E-4,4.759570353136576E-4],[4.007655907267334E-4,0.007530777206518771,1.9158463931616832E-5,2.507372732216711E-5,3.411319241414946E-5,5.570519783450642E-4,1.4126485681209256E-5,8.420162736409672E-5,1.5046196895469004E-5,0.005141869543823962,0.005525346044709833,2.432121281247726E-4,7.938376172526829E-5,8.850958083068184E-4,1.4259363442290864E-5,1.221912698141403E-5,8.768411730685485E-4,1.5153109302026904E-5,8.707231903920392E-4,0.007570771788372498,2.119882745071786E-5,8.095756462630263E-5,2.1695474631823805E-5,1.609335623971348E-5,7.973312882924738E-5,0.023317337131043524,0.026384380647152008,0.0023565267169827937,0.0011156979959654923,0.003646111092803045,2.0704675553960306E-4,1.0,0.010133979181657168,4.22804781530595E-5,0.008285293348009,2.1062977549770484E-5,1.9487536012365473E-5,0.0073389158133258465,0.0013109923327944257,7.791416865523218E-5,7.619021101042529E-5,2.0350334503306686E-5,6.315413250783751E-4,1.6516134750210216E-5,3.342209211926021E-4],[0.005512022571349813,0.015198281502304343,0.010666559388552625,0.0019916182124332803,0.009942631524124005,0.01214792649497206,0.00948519436664164,0.006664391478234085,0.005258023500599339,0.012018865085195701,0.01266633105400378,0.007786359208020101,0.00569362725675347,0.010072682212363725,0.009086935020480648,0.011497754840261797,0.008193112290473415,0.011564625467209802,0.007155086112165217,0.012758921585187656,0.003659985070306869,0.008481998055037257,0.009882726280220236,0.0025384015124882585,0.0033671155999119573,0.025121685143644348,0.017843435809551257,0.010139002412924982,0.006519524220214119,0.009479178383780106,0.003046298796180792,0.010133979181657168,1.0,0.0014667466936139693,0.012164502600220629,0.0070534573612065134,0.004537961953322308,0.019761162709577933,0.006762173144593769,0.008663904928037865,0.0017633230183329662,0.0022899155369409687,0.0016160574147015363,0.00989352787263231,0.008435425901471796],[3.6431132117495754E-4,0.0061696506745868565,4.0085671755506384E-5,4.056113097517321E-5,4.251126478397368E-5,0.014047399246064983,1.4332188606771356E-5,1.0293088050450472E-4,1.728527740692591E-5,0.010388415276513262,0.008766716214513345,1.7230000839442994E-4,6.64512186998233E-5,6.632023273506855E-4,4.1649089991342104E-5,1.3561380172758462E-5,0.0015223137121870849,3.6420927693773085E-5,2.1546915552675682E-4,0.006156985555799821,3.091018998579811E-5,9.74933825876462E-5,2.6197285897303448E-5,2.7009796868343913E-5,7.413206087157044E-5,0.03383878373415346,0.03686801736545833,9.541817370525558E-5,2.3170797186187998E-4,0.0018168849348638885,9.356287488549732E-5,4.22804781530595E-5,0.0014667466936139693,1.0,0.0070104270670630076,5.7024870671368934E-5,7.3482304446669E-5,0.03347727698424864,0.0013557131064179397,2.87946089275507E-4,2.367849515391255E-4,2.5260932101602935E-5,8.244526996635366E-4,2.2547764245506794E-5,7.34789287846176E-4],[0.01050627584461885,0.01652486877921632,0.004600694245095976,0.011193503757087522,0.007210879566394995,0.014051577150990221,0.010780971830014809,0.006658593563786511,4.073203813547609E-4,0.013530307416698539,0.01424343594646018,0.012162070963068749,0.007866483073236074,0.004415689447164309,0.0043591605704989675,6.008550790053068E-4,0.009604477411644514,0.012483679381189758,0.002381918743419767,0.014967697050479591,0.012017453534852876,0.005312044001504143,0.011912057524963444,0.005105068443671766,0.005176095410930709,0.025148748182635086,0.03267038756243937,0.009816180389808981,0.012363610648909042,0.004857217450696698,0.013669147417241338,0.008285293348009,0.012164502600220629,0.0070104270670630076,1.0,0.006739794232416793,0.011330652063141754,0.039463113956511586,0.007354903951799282,0.002036907893027572,0.007567280215655728,8.79386437938504E-4,0.009952938511102665,0.0055295408912406675,0.0017775768857907685],[0.0012652937878556488,0.0013975570974970755,7.268121650203976E-4,8.315343061057793E-4,5.612741999932155E-4,0.012278939890870979,6.961731560388955E-4,1.7658072002210018E-4,2.460842116107352E-4,0.009626049869783925,0.0012895237556364903,7.808215334130376E-4,8.30353508429777E-4,0.0010285032451099077,2.7660570042694845E-4,7.199386440224604E-4,0.0018180448149741591,4.890786027351893E-4,0.0011202452218677485,0.001596839417731765,9.041305692746973E-5,7.246638180958409E-4,1.417516627463295E-4,3.853588527604512E-4,7.749951745815834E-4,0.035319192629857686,0.062260671458651835,0.001485541502418684,0.0012289158482424961,0.003266486786619504,9.175651209956231E-4,2.1062977549770484E-5,0.0070534573612065134,5.7024870671368934E-5,0.006739794232416793,1.0,1.793584876185739E-4,0.01657715970957093,0.001105084036673668,8.37370500968572E-4,4.8185379635273747E-4,5.411191239564584E-4,0.0011523534365677473,8.473560272132222E-4,0.0010837483631982035],[0.0013979285761306357,0.009552843726654162,5.550173803820286E-5,5.395797738057858E-5,9.462782201975127E-5,0.011843141217569466,2.437620941995437E-5,1.032727003049709E-4,2.779866752983546E-5,0.008852500587687393,0.011923546166287843,1.682609204596494E-4,1.348713123934411E-4,4.204872277285959E-4,5.668630625600571E-5,1.3173021275837756E-5,0.00224412991493328,5.955515704004561E-5,0.0010713828905167117,0.0020117604623848223,9.340347514513994E-5,1.0283972195745577E-4,6.456642417683457E-5,5.3909168146351635E-5,1.059937320093455E-4,0.002860190207803239,0.059772869376952927,0.0014700697518823945,0.001339014882346521,0.0020082781384965906,1.7758528133535444E-4,1.9487536012365473E-5,0.004537961953322308,7.3482304446669E-5,0.011330652063141754,1.793584876185739E-4,1.0,0.05553022766929124,6.348526501180438E-4,2.723680574888185E-4,3.785620056488794E-4,5.1949189143383824E-5,9.288292281095649E-4,4.731831989499926E-5,9.334465946192162E-4],[0.0069560794472524005,0.02836479402848662,0.036534388344800564,0.058419863013246254,0.026986587510433015,0.053665539272593724,0.035749529767892224,0.05447752644995333,0.016201573883955017,0.053961797652101365,0.049403169944289366,0.04492132362942435,0.022204951645090613,0.00551240777661302,0.057765609538113084,2.1676876268612676E-4,0.009930814876916296,0.043716690324521246,0.010814900697359926,0.05382872992923609,0.043012383582534626,0.03321212389547669,0.03801260210847394,0.003548132857071953,0.001565297238421007,0.05033074089565958,0.060873985351571375,0.04287932975678389,0.033260335731247266,0.03901749942213475,0.03699150464010029,0.0073389158133258465,0.019761162709577933,0.03347727698424864,0.039463113956511586,0.01657715970957093,0.05553022766929124,1.0,0.03901691084182438,0.0201689334430302,0.054254797143831066,0.048210538962354534,0.05482181692033331,0.05379678937010414,0.008157944651027387],[0.0021439175886892553,0.0028695279981849524,8.926110206918431E-4,5.650383347292761E-4,4.4210318873483365E-4,0.0018073587294273798,4.694197386187847E-4,7.723415474725472E-4,8.110776085516419E-4,0.00883911529034952,0.0132924430635189,0.0010573050784661985,7.728653422623142E-4,0.0013590133166635925,0.0013955617450163867,3.218042850712444E-4,0.0022323165975855486,5.74657128303652E-5,0.001275570094711008,0.010505580633745137,5.545323318696858E-4,0.0013759194947927762,3.1223930913135784E-4,0.0013736667922446565,6.229604763508245E-4,0.0022646695397417413,0.009880462426253057,0.002067517205374229,0.0016750253683929998,0.002355610867678288,0.001092577746080283,0.0013109923327944257,0.006762173144593769,0.0013557131064179397,0.007354903951799282,0.001105084036673668,6.348526501180438E-4,0.03901691084182438,1.0,6.726954747894556E-4,5.129069344146181E-4,2.332758575895259E-4,0.0013641615842749017,1.0113589525057138E-4,0.0011747805446897493],[0.0011761204853365111,0.016762874403038523,5.769724942017757E-4,2.0294956785926797E-4,1.5296143925570553E-4,0.014419658118292693,2.4367911322761187E-5,2.5370187733687275E-4,5.904135635766007E-4,0.009382133319210518,0.005951233149504822,3.879374295721541E-4,2.023490273735846E-4,7.65072837447777E-4,1.1634128840077226E-4,2.5621710069915023E-4,9.859061997753516E-4,3.063617301175583E-4,0.001208116118842587,0.013239468347437493,3.4677097444533805E-4,4.953570898859026E-4,1.617418490985441E-4,2.2946548047625024E-4,3.162222803228409E-4,0.036112065689471444,0.018560326824309057,0.0021925215021155854,0.0011252661104624267,0.003586242273509863,5.884447753084916E-4,7.791416865523218E-5,0.008663904928037865,2.87946089275507E-4,0.002036907893027572,8.37370500968572E-4,2.723680574888185E-4,0.0201689334430302,6.726954747894556E-4,1.0,5.019674333110853E-4,5.832982901390187E-5,7.774598603197998E-4,6.84501312763503E-5,8.03922754318733E-4],[0.0013465953043989036,0.00793461213569314,1.4996126413953647E-4,4.399485545020346E-4,5.703737649485067E-5,0.014289445194178584,3.8891541597024077E-4,4.333031874545222E-4,3.580975024877008E-4,0.0023890854597227963,0.008110210343669145,4.0036491784119194E-4,2.270273534851374E-4,0.0010755672855297554,4.5832969907028673E-4,2.36172451063371E-4,0.0010857833070579393,2.6594163075658694E-4,8.484665695056229E-4,0.013868154331503551,1.802271927816214E-4,3.142766973848939E-4,1.9062482149626188E-4,3.354942825211672E-4,3.6947054608183925E-4,0.0035819660209321464,0.049048112023127276,5.898788872944216E-4,0.001348396397918625,0.0024439073773675083,3.072965713055328E-4,7.619021101042529E-5,0.0017633230183329662,2.367849515391255E-4,0.007567280215655728,4.8185379635273747E-4,3.785620056488794E-4,0.054254797143831066,5.129069344146181E-4,5.019674333110853E-4,1.0,1.3748080147217578E-4,7.940883805160823E-4,4.4759396483737426E-4,9.511191581455014E-4],[8.800355402196961E-5,0.006379329923088745,2.3282740307983368E-5,2.407058255457613E-5,2.8544653415682157E-5,0.011026953502774196,1.5199391642344721E-5,4.301688370301316E-5,1.7195787900315026E-5,0.0042230818137175535,0.011801248901050854,2.971865985141585E-4,9.738578261211712E-5,4.4147742195410617E-4,1.8415984190083135E-5,1.9534534036631912E-5,0.0015468063201840281,1.9668002369214487E-5,8.371213648943243E-4,0.009488858239149989,2.5084514450285227E-5,4.276381668714236E-5,2.4433200390949997E-5,1.6223937196263016E-5,7.358691149212043E-5,0.015166156325570616,0.03194203249367257,2.2490104804803003E-4,0.0012879623042317157,0.0026597054562263055,1.2008587819815749E-4,2.0350334503306686E-5,0.0022899155369409687,2.5260932101602935E-5,8.79386437938504E-4,5.411191239564584E-4,5.1949189143383824E-5,0.048210538962354534,2.332758575895259E-4,5.832982901390187E-5,1.3748080147217578E-4,1.0,6.23138473978139E-5,2.0988228702935967E-5,6.624305253610241E-4],[0.002453653822337756,0.005392611411941419,1.6390267481529355E-4,0.0012162539640405855,4.95347482938898E-4,0.012419540147130204,2.4886672229838835E-4,0.0012600366100612426,9.369762513677627E-4,0.0024322536199866845,0.009750954567516588,6.31885743164254E-4,2.460392152649878E-4,0.0013554662693586997,0.0013101218699974686,3.3954511034563347E-4,0.0017721524571316593,1.5314722876232296E-4,0.0013332854434122121,0.0042955771050122524,4.3320613377817414E-4,0.001333391127678387,0.0013467230690360297,0.0012880340477797903,7.197442330826658E-4