[[1.0,0.009052367714233824,0.004904240088325804,0.002055389825924832,0.01890406270312704,0.003408821033636671,0.011319314129069497,0.011226599881864656,0.009227270987286963,0.028929949082487083,0.011708238256807927,0.00841103897548343,0.002909041599973823,0.0017810847040095781,0.0033116533523137874,0.017834603198624177,0.005484626485929917,0.0058432552803339985,0.011247990156470038,0.010434557686378472,0.004854506736793457,0.00821782575069644,0.01274254092006152,0.006075142608983841,0.01729117334623277,0.006439036648073039,0.01444449236410959,0.011279446269173495,0.008447893438693154,6.303569132527901E-4,0.025015679333601444,0.01074294556506958,0.0023858468305950377,0.006221538286136497,0.0035696842248648846,0.011850703383470162,0.005064338799240516,0.0051650977034232185,0.012040588610596129,0.0034273701771788795,0.00909018303075277,0.011569524555841428,0.003051051139658487,0.002016206041310501,0.010652210384922247],[0.009052367714233824,1.0,9.125128589273068E-4,2.8308234681508954E-4,0.014548335488877148,0.0021238226453665146,0.0026383792827639647,0.006764641351068608,0.0016114014087104814,0.01817817537131636,0.00900730463298868,0.001842772603869254,8.181590924800542E-4,0.001695371486040503,6.296334695933549E-4,0.02848043288522201,4.5153518080503965E-4,0.001453584683238066,0.001683200416035066,2.996063213173541E-4,7.102247723111207E-4,0.002192304929485893,0.002635683676763732,0.0029640021990392416,0.017709431744490012,9.828716342651072E-4,0.024444002354462434,0.0032372895957774794,0.00197470583511951,2.800363466311267E-4,0.0024979240518691573,0.006379332192465606,0.0018773838904716676,0.0010063739360671507,0.0020675664452082694,0.0082120226609764,0.002181138203857786,0.0015011483104133282,0.001627550724896628,6.402784897809609E-4,8.053675791206258E-4,0.001957202563237248,0.0021700352842224623,0.001466515626881652,2.1189196572908984E-4],[0.004904240088325804,9.125128589273068E-4,1.0,2.6828773364181957E-5,0.020231217579593716,3.184936950988029E-5,0.0040775090213049535,8.065703299995551E-4,1.6141222133852277E-5,0.02794232304161448,0.008513665737718489,2.0169607854769877E-4,9.299846920190848E-5,2.9655056580883397E-5,2.6202144988831743E-5,0.02552172087571545,7.683108208700264E-5,5.92147863939886E-4,8.543323718739018E-4,1.9742898963627342E-5,2.7321213297666108E-5,0.0020446073420860174,0.009056192920463219,5.301384824148363E-4,0.018468559230350814,1.869899893112992E-5,0.01889207323426431,0.003046593054868001,2.4482300262251714E-4,1.3593954432491562E-5,0.009982428086848747,0.006841871895864677,9.975820224805375E-4,5.5387386974793176E-5,2.197686519287723E-5,0.004304793532836083,0.0013558143531853142,1.6881282195866047E-5,6.650808371515807E-4,1.0348483504719585E-4,4.7496035461110516E-5,3.8374565730113664E-5,9.603825069788907E-4,5.3747654896849E-5,1.326394600912045E-5],[0.002055389825924832,2.8308234681508954E-4,2.6828773364181957E-5,1.0,0.011877063882271187,7.106203488064204E-5,7.421683484431877E-5,0.005977514488166496,2.2792645422840988E-5,0.027673285093942634,0.0070406746311283295,1.455385459743534E-4,7.713981824568603E-5,3.0703127114137264E-5,9.101730635338842E-5,0.01224234378495856,1.1976111582085308E-4,3.088558184689433E-4,0.0011653223995346743,2.8758247752961618E-5,6.512930198692839E-5,0.0011675818899559958,0.022893151026515592,0.0014425054740119694,0.008776162386501904,2.64162022707875E-5,0.004519245392339555,0.009169527620841013,5.319659896163876E-4,2.3431423101782166E-5,0.01578913770534708,7.317371326816261E-4,3.1084004358526273E-4,1.8068759944059144E-4,2.8177185138619128E-5,0.006518241778831263,0.0028954565898739537,2.2422672959064765E-5,1.265709203269253E-4,4.966452028882052E-5,6.813992787295584E-5,6.340300596645157E-5,0.0020713479264299634,8.043305643244656E-5,1.3872688041399996E-5],[0.01890406270312704,0.014548335488877148,0.020231217579593716,0.011877063882271187,1.0,0.002050623905770713,0.0070249368897960475,0.015465220937795227,0.004806878525805577,0.025484524595187408,0.016845891594425386,0.004989973759276662,0.008312922298637265,0.010877066416189175,0.01824966546998826,0.02233182293952685,0.01404159335967856,0.018141062686870046,0.006326309184694537,0.005124936498584768,0.01697460958378079,0.016483738043657877,0.023178265514347235,0.01832715794662572,0.019982970908624654,0.011760014044113637,0.023519477191671828,0.016166890908011385,0.006395703205717018,0.01894179783796479,0.022842700031318726,0.019023685060393918,0.002787496063043426,0.013201365873124442,0.00986343000662415,0.01612821224203117,0.01824774101011235,0.003943726051828889,0.010885322493516099,0.018085176428758887,0.0016784364279911518,0.010194058932619755,0.004939572932923389,0.015921350645267947,0.003128543993757273],[0.003408821033636671,0.0021238226453665146,3.184936950988029E-5,7.106203488064204E-5,0.002050623905770713,1.0,0.0029548589307114405,6.479065952509314E-4,1.806058822054584E-5,0.013733994200918977,0.005189722248913349,1.456070170488426E-4,1.254013168377086E-4,1.03805288252634E-4,1.1322848179114492E-4,0.004513864168180951,1.3806138389873315E-4,1.983707194016935E-4,4.280594205597409E-4,3.287453389325618E-5,1.0530638581539508E-4,0.0020123571170132136,0.017636565773122493,0.002548028787691581,0.012970949883272279,4.957109850814232E-5,0.006990460148433799,0.0011223477724742843,4.1553768085676593E-4,4.395607031735426E-5,0.0038266678089123453,0.004178592184978213,0.0010051826900903844,2.0974797310613534E-4,6.65557437458973E-5,0.0019453131445594058,0.003228169520322615,9.604337181358215E-5,4.627602070207358E-4,1.0635463733228903E-4,1.0961623925364114E-4,1.0449690085803057E-4,0.0011951688569120393,1.122277512947413E-4,3.6150491205257334E-5],[0.011319314129069497,0.0026383792827639647,0.0040775090213049535,7.421683484431877E-5,0.0070249368897960475,0.0029548589307114405,1.0,0.006946933468662284,0.0017772391834584506,0.008128996117589098,0.010611603704539074,0.0041485608774939915,4.892009149682706E-4,0.0012178858681017037,0.003787110817702996,0.006673149765754255,7.24626534307062E-4,0.00425084428661922,0.0015268340227384575,2.234661150303488E-4,3.8224906469997767E-4,0.0028486208810738485,0.012808063939584691,0.0035178818550451346,0.012282953145894986,0.003897159366504959,0.0153628613727264,0.007088199636635185,0.0015887374917429229,0.001378421171451992,0.008638672061996765,0.004937239182483795,0.0020871642075801517,5.135115944795406E-4,0.0036251562718804826,0.009962127982241737,0.0041579141929567725,0.003230996815303878,0.0032629193482148653,0.0027898822636030912,0.0038925953483537833,8.395136881491571E-4,0.0021970716137054134,0.0017137410419563476,0.003126396006674121],[0.011226599881864656,0.006764641351068608,8.065703299995551E-4,0.005977514488166496,0.015465220937795227,6.479065952509314E-4,0.006946933468662284,1.0,0.0067629192361052205,0.02055929809206303,0.010332643070750464,0.005838425041626511,0.002949067607586194,0.004623866277900866,8.475047317400295E-4,0.016944325808430222,0.007752543276686794,0.004303767427124479,0.007200194058475498,0.001823077337748707,0.0010327982847352251,0.007841605299674108,0.013785493381789497,0.007529107427325344,0.01875658606087509,0.0031293591561316753,0.021718258294219195,0.010004329915748818,0.007760592506599003,0.001556229043011322,0.015772803980314686,0.00809296687114669,0.005173927172105665,0.002331855252771599,0.003060715003968603,0.009462846415445368,0.00771664493615763,2.821635677203177E-4,0.0017052945741001517,0.006447420767257402,0.004046104022048076,0.006904063556006486,0.003491558376498027,2.5490968634176304E-4,0.007542560266591373],[0.009227270987286963,0.0016114014087104814,1.6141222133852277E-5,2.2792645422840988E-5,0.004806878525805577,1.806058822054584E-5,0.0017772391834584506,0.0067629192361052205,1.0,7.236708447428894E-4,0.010456896584385896,9.721370257302944E-5,9.134576746640067E-5,2.9873329501375712E-5,9.130581240331566E-5,0.025177349136183646,6.849075382365235E-5,6.422766859907679E-4,1.6382095427708285E-4,2.8612708379560058E-5,9.336370014176464E-5,2.5654176916318545E-4,0.0028441662127051846,2.92727738253355E-4,1.3423103001255094E-4,1.5667517422824094E-5,0.016330224083438073,0.0022729536446107813,0.001094310807992209,1.3839699833783705E-5,0.024018601281210483,0.006650488147167988,2.112795560404974E-4,1.4292280115748557E-4,1.8872910392854566E-5,0.0026455638783076255,9.266290308331911E-4,1.2618670920743284E-5,4.932237955062444E-4,2.652662681371015E-5,5.8858774071944954E-5,1.2257893770937857E-4,0.0010969187485492663,9.42030894442198E-5,1.3574467168002033E-5],[0.028929949082487083,0.01817817537131636,0.02794232304161448,0.027673285093942634,0.025484524595187408,0.013733994200918977,0.008128996117589098,0.02055929809206303,7.236708447428894E-4,1.0,0.020522007804592457,0.028881907549400555,0.0037611873450393244,0.007322797611216318,0.018862640588466817,0.030684388845790552,0.023522374570166045,0.002338558524507828,0.022406584918958524,0.024879290996702035,0.01284204839188272,0.019568045972772893,0.02596441552065855,0.023613322964066468,0.0281653029324012,0.0010118197211170324,0.027471220839678484,0.028749786665705483,0.0033181478098330943,0.024250598007035183,0.028751980069433445,0.007935035991237965,0.005851739054613074,0.012812472944544866,0.021439848389857307,0.026907186915318876,0.013165906718820442,0.028938186958306973,0.010373301112986495,0.027781101992817834,0.006571932063335383,0.0014717263349007114,0.020517120139265373,9.010342172304048E-4,0.004077405354383389],[0.011708238256807927,0.00900730463298868,0.008513665737718489,0.0070406746311283295,0.016845891594425386,0.005189722248913349,0.010611603704539074,0.010332643070750464,0.010456896584385896,0.020522007804592457,1.0,0.005666410491246978,0.006647343822707227,0.006546005030805459,0.010455073376395856,0.028008766271323787,0.0010086217481079774,0.006779612287470702,0.0018528582958579336,0.00546750463152885,0.004445642186270217,0.004887294079202395,0.01661024939189337,0.0053123888483274095,0.013091550109751379,0.003300044795566391,0.014530184509676924,0.010156661325117005,0.009589758222268424,0.006166386289133056,0.02271629498184088,0.008001300527789306,0.003367949318840733,0.007925453644272077,0.0037322121469024563,0.011363636363636364,0.007256565630260839,5.666138402584084E-5,0.010746199431533751,0.009883958274242084,0.0078152206384039,0.006182948363699312,0.002533235729676917,0.006465535761297548,9.380257386028376E-4],[0.00841103897548343,0.001842772603869254,2.0169607854769877E-4,1.455385459743534E-4,0.004989973759276662,1.456070170488426E-4,0.0041485608774939915,0.005838425041626511,9.721370257302944E-5,0.028881907549400555,0.005666410491246978,1.0,1.639392847456251E-4,4.015418128236357E-5,1.6181208251554236E-4,0.010014387233438402,2.158198238597193E-4,4.678735652291066E-4,5.680306188028083E-4,1.019672098659948E-4,1.7960169016759011E-4,0.0013034097115404296,0.0018444041149006736,9.971427492915259E-4,0.006546273591057894,1.2044913408692995E-4,0.012014925887290721,0.002310149506712202,7.267344833280722E-4,1.4368762252531516E-4,0.025039028529890584,0.0063893828624733365,4.0117132113864093E-4,2.1477486638966413E-4,1.985465906387616E-4,0.003371422612618862,0.0011705876959835803,1.440617339258723E-4,7.766951828228264E-4,1.3657051928656362E-4,2.1673289431211373E-4,1.8661168323691788E-4,2.9141023224142447E-4,1.7685849418281008E-4,1.7663969674331623E-4],[0.002909041599973823,8.181590924800542E-4,9.299846920190848E-5,7.713981824568603E-5,0.008312922298637265,1.254013168377086E-4,4.892009149682706E-4,0.002949067607586194,9.134576746640067E-5,0.0037611873450393244,0.006647343822707227,1.639392847456251E-4,1.0,9.672923431949202E-5,1.326851267173527E-4,0.013200219237728702,1.511953204253857E-4,7.287300222653436E-4,4.2293461072231693E-4,1.2897969981434798E-4,1.2889919245251456E-4,5.49043221023552E-4,0.01248293022073862,0.002728029987750719,0.001641991801574927,8.710820380632397E-5,0.02520128584538522,0.0036462574136883284,4.3752206139680407E-4,5.579113875164493E-5,0.01993528373476668,9.261237579065966E-4,0.0012151392150567227,1.8271647855864782E-4,4.776713302344797E-5,0.005538262517220823,0.0011374118978697326,4.90110964452553E-5,5.895010639488106E-4,1.6018019954882893E-4,1.4576934231373993E-4,1.5625052592901283E-4,8.699302821206308E-4,1.395755884395169E-4,9.18775621077538E-5],[0.0017810847040095781,0.001695371486040503,2.9655056580883397E-5,3.0703127114137264E-5,0.010877066416189175,1.03805288252634E-4,0.0012178858681017037,0.004623866277900866,2.9873329501375712E-5,0.007322797611216318,0.006546005030805459,4.015418128236357E-5,9.672923431949202E-5,1.0,1.0590156834029211E-4,0.009995037487006819,1.015908724475986E-4,3.8156976285123747E-5,4.0450604347999175E-4,3.2271356338775744E-5,8.465879486844248E-5,2.825551010967788E-4,0.009974054071261612,0.0027985693449389237,0.016015488329473113,1.960000709047125E-5,0.019494754823772283,0.006232359536253868,8.809392720935737E-4,3.286641566383738E-5,0.023532933754637986,2.5230257182099196E-4,6.256634790726095E-4,7.87927372554075E-5,2.437688342585813E-5,0.010482628713705039,0.002354932704452107,3.258986743745783E-5,7.638270615601848E-4,8.237766498563723E-5,3.355313128938769E-5,3.637161127002491E-5,0.0015078465929217913,1.1358898989258614E-4,2.0818601182391252E-5],[0.0033116533523137874,6.296334695933549E-4,2.6202144988831743E-5,9.101730635338842E-5,0.01824966546998826,1.1322848179114492E-4,0.003787110817702996,8.475047317400295E-4,9.130581240331566E-5,0.018862640588466817,0.010455073376395856,1.6181208251554236E-4,1.326851267173527E-4,1.0590156834029211E-4,1.0,0.006101415045929617,1.4815725425177485E-4,3.413737427256944E-4,1.546545483399024E-4,6.3290155746554E-5,1.1789877788221112E-4,0.0015565336016925134,0.0017840528895813647,6.157359910001816E-4,0.00668082678239377,4.666183869389308E-5,0.014695425331343215,0.005143363794523068,0.001197160887745354,7.664490044566579E-5,0.006031474797708054,0.006693327950083658,4.45608886225987E-4,1.344422917902077E-4,4.2971183936191E-5,0.002260240939705728,0.0027634862314990793,1.1032984455031867E-4,6.859061912850722E-4,1.106078769369687E-4,1.1401917043442733E-4,1.3079448697275156E-4,0.0019512813189513166,1.1437287502023983E-4,4.942914869385954E-5],[0.017834603198624177,0.02848043288522201,0.02552172087571545,0.01224234378495856,0.02233182293952685,0.004513864168180951,0.006673149765754255,0.016944325808430222,0.025177349136183646,0.030684388845790552,0.028008766271323787,0.010014387233438402,0.013200219237728702,0.009995037487006819,0.006101415045929617,1.0,0.0067222248824487406,0.022682402613376184,0.004685633924942173,0.019955294327085253,0.01944987393213088,0.003151124732895257,0.030173758814047442,0.011825224231813746,0.02742677118755628,0.03003357922368643,0.02665802703996193,0.014454260509379185,0.008891665122209746,0.0021548026615649377,0.02803800264753124,0.010204913911876714,0.030412459674069352,0.026520636002017307,0.019429609081983944,0.01293204746887774,0.013216931486133591,0.0060270696501997486,0.014083041643659491,0.018061786593668368,0.01165104200120439,0.009967407295037157,0.0056889740208424825,0.01966821659763669,0.01113567903057294],[0.005484626485929917,4.5153518080503965E-4,7.683108208700264E-5,1.1976111582085308E-4,0.01404159335967856,1.3806138389873315E-4,7.24626534307062E-4,0.007752543276686794,6.849075382365235E-5,0.023522374570166045,0.0010086217481079774,2.158198238597193E-4,1.511953204253857E-4,1.015908724475986E-4,1.4815725425177485E-4,0.0067222248824487406,1.0,2.460849244375719E-4,0.0012282013249590423,8.002145350493849E-5,1.3382160788496597E-4,6.172621445181001E-4,0.01450858217614352,0.001994749435987495,0.0025608500189894605,3.803171293677834E-5,0.0029720904745890093,0.005665624772842052,6.359211850105763E-4,7.97401339754461E-5,0.024413960562706016,0.00726806350808611,9.183934405955412E-4,1.6302320124585786E-4,1.1752712671659683E-4,0.009963955447222356,0.003167105167092683,7.758591095743666E-5,9.287993658010081E-4,1.3246774220225405E-4,1.1706128432680842E-4,1.4116789869848386E-4,0.0010012724258307544,1.2144093434951627E-4,1.0120980067541868E-4],[0.0058432552803339985,0.001453584683238066,5.92147863939886E-4,3.088558184689433E-4,0.018141062686870046,1.983707194016935E-4,0.00425084428661922,0.004303767427124479,6.422766859907679E-4,0.002338558524507828,0.006779612287470702,4.678735652291066E-4,7.287300222653436E-4,3.8156976285123747E-5,3.413737427256944E-4,0.022682402613376184,2.460849244375719E-4,1.0,0.0010604100404109592,3.2845899689211666E-4,7.145501670085824E-4,0.001134555860497888,0.005949957249343839,0.002161075930868303,0.012399963657789012,3.2981429007732E-4,0.005654769172862577,0.00808404539420499,0.001104013361779092,5.375068817571128E-4,0.022869000343532113,0.004316077806355838,8.043321710502095E-4,3.0624332403068026E-4,3.203188917099266E-4,0.005526339208290889,0.003644364276316622,1.846696357756791E-4,8.869569132109322E-4,3.5220982589893185E-4,4.202113645533132E-4,5.385832145341473E-4,8.579760859874278E-4,3.149931111702138E-4,1.3100173434116614E-4],[0.011247990156470038,0.001683200416035066,8.543323718739018E-4,0.0011653223995346743,0.006326309184694537,4.280594205597409E-4,0.0015268340227384575,0.007200194058475498,1.6382095427708285E-4,0.022406584918958524,0.0018528582958579336,5.680306188028083E-4,4.2293461072231693E-4,4.0450604347999175E-4,1.546545483399024E-4,0.004685633924942173,0.0012282013249590423,0.0010604100404109592,1.0,0.0010034738431029073,6.837221436330547E-4,0.001265491879238131,0.02125265116859849,0.0015872753484158556,0.0075303091618540265,9.482817343256048E-4,0.0024469186551732175,0.006135977560285133,0.0012450219073308643,1.0150281098654705E-4,0.01707525583078207,0.0021955116009573163,0.0014039584365264644,6.895600510069596E-4,2.1607131702870995E-4,0.004399614778468285,0.0017153602397259366,6.238752371875704E-5,0.0012216140210673317,0.0011060097132497182,3.084291112263951E-4,9.093305724935563E-4,0.001876147453418184,3.278339080396164E-4,4.867038314104444E-4],[0.010434557686378472,2.996063213173541E-4,1.9742898963627342E-5,2.8758247752961618E-5,0.005124936498584768,3.287453389325618E-5,2.234661150303488E-4,0.001823077337748707,2.8612708379560058E-5,0.024879290996702035,0.00546750463152885,1.019672098659948E-4,1.2897969981434798E-4,3.2271356338775744E-5,6.3290155746554E-5,0.019955294327085253,8.002145350493849E-5,3.2845899689211666E-4,0.0010034738431029073,1.0,1.1406679890803334E-4,0.0012140100756089505,0.0018262655244697204,0.0030530511447605575,0.015218785693776948,2.0303409074137183E-5,0.025178972114325737,0.006905542384876644,2.2336356394654639E-4,2.5099040626313184E-5,0.023656367805534945,5.532108000882863E-4,1.8909930148815375E-4,5.135067562477636E-5,2.917602787381959E-5,0.007763034418826204,0.0032155545315954073,1.4337786466028603E-5,6.440039296755824E-4,7.051995192414648E-5,7.590728511078301E-5,5.083880821521828E-5,0.0014824424124942725,1.0360436569134223E-4,1.4423853685853583E-5],[0.004854506736793457,7.102247723111207E-4,2.7321213297666108E-5,6.512930198692839E-5,0.01697460958378079,1.0530638581539508E-4,3.8224906469997767E-4,0.0010327982847352251,9.336370014176464E-5,0.01284204839188272,0.004445642186270217,1.7960169016759011E-4,1.2889919245251456E-4,8.465879486844248E-5,1.1789877788221112E-4,0.01944987393213088,1.3382160788496597E-4,7.145501670085824E-4,6.837221436330547E-4,1.1406679890803334E-4,1.0,0.001401025544980367,0.009626452483575987,0.0022502406480833176,0.006419858527184691,6.058373309656411E-5,0.011639559356911557,0.003939602968445626,0.0011257339781554257,6.458030958441345E-5,0.016401954761261293,0.0038683214070523763,0.001064294562077642,1.3320653319992337E-4,2.3874573754382545E-5,0.008947015531243475,0.0016202348958050848,1.1882408603626207E-5,4.5173100331725454E-4,1.1239336460845266E-4,1.1831111414428314E-4,1.2371665062626947E-4,4.133717851424983E-4,1.2059364684518251E-4,2.5051126830157228E-5],[0.00821782575069644,0.002192304929485893,0.0020446073420860174,0.0011675818899559958,0.016483738043657877,0.0020123571170132136,0.0028486208810738485,0.007841605299674108,2.5654176916318545E-4,0.019568045972772893,0.004887294079202395,0.0013034097115404296,5.49043221023552E-4,2.825551010967788E-4,0.0015565336016925134,0.003151124732895257,6.172621445181001E-4,0.001134555860497888,0.001265491879238131,0.0012140100756089505,0.001401025544980367,1.0,0.010803889279364662,0.0031174308945630027,0.004448380380894443,0.0012927924240121378,0.02469506594870498,0.0029891889883590095,0.0015680622858217747,2.4315318256777459E-4,0.012733788597360744,0.004893814312768588,0.0021705916164393097,0.0019327406981324536,1.6223733113092403E-4,0.00673518431060522,0.002778524678473375,5.929552626878549E-4,0.0020305869054936783,2.3626758296827486E-4,2.1143544753171936E-4,0.0013790876453466045,0.0021512571926877895,0.002173008652314662,4.022820819465186E-4],[0.01274254092006152,0.002635683676763732,0.009056192920463219,0.022893151026515592,0.023178265514347235,0.017636565773122493,0.012808063939584691,0.013785493381789497,0.0028441662127051846,0.02596441552065855,0.01661024939189337,0.0018444041149006736,0.01248293022073862,0.009974054071261612,0.0017840528895813647,0.030173758814047442,0.01450858217614352,0.005949957249343839,0.02125265116859849,0.0018262655244697204,0.009626452483575987,0.010803889279364662,1.0,0.00574660098026383,0.021443425208518517,0.01822241959028858,0.024225916165145932,0.014855638417524467,0.018431276940940072,0.006228736820751688,0.02603452973789505,0.021960086452340745,0.010895019831004696,0.005323662861812332,0.00892215084078169,0.01684513281112153,0.019173907831922844,0.006322653853445601,0.02085955226894017,0.019525935318913508,3.478091583234674E-4,0.002247060613266167,0.00736312658374383,3.956769540461516E-4,0.0072690424266313065],[0.006075142608983841,0.0029640021990392416,5.301384824148363E-4,0.0014425054740119694,0.01832715794662572,0.002548028787691581,0.0035178818550451346,0.007529107427325344,2.92727738253355E-4,0.023613322964066468,0.0053123888483274095,9.971427492915259E-4,0.002728029987750719,0.0027985693449389237,6.157359910001816E-4,0.011825224231813746,0.001994749435987495,0.002161075930868303,0.0015872753484158556,0.0030530511447605575,0.0022502406480833176,0.0031174308945630027,0.00574660098026383,1.0,0.016613124167660517,0.002236960339784849,0.018344583579268773,0.003616316013380445,0.0021176677691047835,0.0027088286590653673,0.009065318208754792,0.005136439141361105,0.003128738336349377,0.001839965617151313,8.352377639034233E-4,0.0062332838085352804,0.0035678711047691276,2.0844575376426558E-4,0.0027519131685209966,0.0031204925993485715,0.0021209002727300436,8.120658469472066E-4,0.0025488436276838466,8.786970912118773E-4,0.002546399151837895],[0.01729117334623277,0.017709431744490012,0.018468559230350814,0.008776162386501904,0.019982970908624654,0.012970949883272279,0.012282953145894986,0.01875658606087509,1.3423103001255094E-4,0.0281653029324012,0.013091550109751379,0.006546273591057894,0.001641991801574927,0.016015488329473113,0.00668082678239377,0.02742677118755628,0.0025608500189894605,0.012399963657789012,0.0075303091618540265,0.015218785693776948,0.006419858527184691,0.004448380380894443,0.021443425208518517,0.016613124167660517,1.0,0.009192445873197556,0.022504715843658648,0.012736709172573961,0.016981339180378845,0.013228060245687751,0.02216450244299646,0.017520718305058504,0.016122114782184598,0.00577502122246039,0.004215151288344881,0.015011561999340221,0.016890160201948237,0.017185060824877096,0.017564812053535987,0.008224031142197438,0.004470546255250491,0.011269408966419096,0.012674222127874796,0.0025963177971412292,0.004974845994253583],[0.006439036648073039,9.828716342651072E-4,1.869899893112992E-5,2.64162022707875E-5,0.011760014044113637,4.957109850814232E-5,0.003897159366504959,0.0031293591561316753,1.5667517422824094E-5,0.0010118197211170324,0.003300044795566391,1.2044913408692995E-4,8.710820380632397E-5,1.960000709047125E-5,4.666183869389308E-5,0.03003357922368643,3.803171293677834E-5,3.2981429007732E-4,9.482817343256048E-4,2.0303409074137183E-5,6.058373309656411E-5,0.0012927924240121378,0.01822241959028858,0.002236960339784849,0.009192445873197556,1.0,0.019046972952649215,0.0026198829674827554,3.177306262089856E-5,1.2036139721937434E-5,0.010403446997754284,0.0033826876913988888,2.472782090786411E-4,1.738392650061117E-4,1.6685714047521808E-5,0.0038299164787097746,0.0029928293573972076,1.143827609313769E-5,2.500077101025395E-4,7.456057621661193E-5,4.827224473733108E-5,1.2082498217191435E-4,4.742547253570659E-4,2.9653237064816232E-5,1.346200508808813E-5],[0.01444449236410959,0.024444002354462434,0.01889207323426431,0.004519245392339555,0.023519477191671828,0.006990460148433799,0.0153628613727264,0.021718258294219195,0.016330224083438073,0.027471220839678484,0.014530184509676924,0.012014925887290721,0.02520128584538522,0.019494754823772283,0.014695425331343215,0.02665802703996193,0.0029720904745890093,0.005654769172862577,0.0024469186551732175,0.025178972114325737,0.011639559356911557,0.02469506594870498,0.024225916165145932,0.018344583579268773,0.022504715843658648,0.019046972952649215,1.0,0.024728321994810613,0.023415587608499284,0.014163630693250167,0.025978589274466286,0.024876429550221364,0.01967495726997088,0.009206636623656478,0.009140718580628607,0.020079597803935336,0.024057152691142215,0.008146182760095511,0.003185872552676397,0.008302051707768172,3.339410369581983E-4,0.007845608215190796,0.011867177344712572,0.02368245339007992,0.02078140067292074],[0.011279446269173495,0.0032372895957774794,0.003046593054868001,0.009169527620841013,0.016166890908011385,0.0011223477724742843,0.007088199636635185,0.010004329915748818,0.0022729536446107813,0.028749786665705483,0.010156661325117005,0.002310149506712202,0.0036462574136883284,0.006232359536253868,0.005143363794523068,0.014454260509379185,0.005665624772842052,0.00808404539420499,0.006135977560285133,0.006905542384876644,0.003939602968445626,0.0029891889883590095,0.014855638417524467,0.003616316013380445,0.012736709172573961,0.0026198829674827554,0.024728321994810613,1.0,0.006010868295976669,0.005671754212268846,0.0207802781000213,0.00870546006873474,0.008418659498083578,0.003647115449366134,0.005455533424045501,0.011230548178028649,0.004949160850047745,0.005869076402866251,0.006836510911559615,0.005736131717307899,0.0013924784272433797,9.523416210487964E-4,0.005664286926530679,0.008358009359035107,0.00822963018293486],[0.008447893438693154,0.00197470583511951,2.4482300262251714E-4,5.319659896163876E-4,0.006395703205717018,4.1553768085676593E-4,0.0015887374917429229,0.007760592506599003,0.001094310807992209,0.0033181478098330943,0.009589758222268424,7.267344833280722E-4,4.3752206139680407E-4,8.809392720935737E-4,0.001197160887745354,0.008891665122209746,6.359211850105763E-4,0.001104013361779092,0.0012450219073308643,2.2336356394654639E-4,0.0011257339781554257,0.0015680622858217747,0.018431276940940072,0.0021176677691047835,0.016981339180378845,3.177306262089856E-5,0.023415587608499284,0.006010868295976669,1.0,9.242079956416824E-4,0.0015249548663664868,0.005986103097627171,0.0012370288031435036,0.001094233188234335,3.3164965096898677E-4,0.0058839945348889205,0.002198716034866397,3.666946205446165E-4,0.0011366146833393501,4.458794915630362E-4,8.720147659203312E-4,8.603317980467485E-4,0.0019422248059746635,2.1691089760480142E-4,3.6275407546871577E-4],[6.303569132527901E-4,2.800363466311267E-4,1.3593954432491562E-5,2.3431423101782166E-5,0.01894179783796479,4.395607031735426E-5,0.001378421171451992,0.001556229043011322,1.3839699833783705E-5,0.024250598007035183,0.006166386289133056,1.4368762252531516E-4,5.579113875164493E-5,3.286641566383738E-5,7.664490044566579E-5,0.0021548026615649377,7.97401339754461E-5,5.375068817571128E-4,1.0150281098654705E-4,2.5099040626313184E-5,6.458030958441345E-5,2.4315318256777459E-4,0.006228736820751688,0.0027088286590653673,0.013228060245687751,1.2036139721937434E-5,0.014163630693250167,0.005671754212268846,9.242079956416824E-4,1.0,0.024756875265745597,4.579443998792575E-4,0.0014727587956163014,6.39095402849875E-5,1.1485567450593271E-5,0.011299273243808217,4.681589542809112E-4,1.0670339445932842E-5,1.8404308738490643E-5,6.53864162051583E-5,9.006911677922837E-5,8.495036414299799E-5,0.0018921791675798264,4.20316432054291E-5,1.1912115129623114E-5],[0.025015679333601444,0.0024979240518691573,0.009982428086848747,0.01578913770534708,0.022842700031318726,0.0038266678089123453,0.008638672061996765,0.015772803980314686,0.024018601281210483,0.028751980069433445,0.02271629498184088,0.025039028529890584,0.01993528373476668,0.023532933754637986,0.006031474797708054,0.02803800264753124,0.024413960562706016,0.022869000343532113,0.01707525583078207,0.023656367805534945,0.016401954761261293,0.012733788597360744,0.02603452973789505,0.009065318208754792,0.02216450244299646,0.010403446997754284,0.025978589274466286,0.0207802781000213,0.0015249548663664868,0.024756875265745597,1.0,0.023387159500525445,0.011787585051288975,0.02072845367997922,0.01550895710531687,0.02271978381708145,0.010525751434538804,0.0035693627306422862,0.01903035813830125,0.0014187668813756972,0.025703161680137036,0.006190784219691258,0.026297667211067653,0.0144335198309258,0.02071341102881118],[0.01074294556506958,0.006379332192465606,0.006841871895864677,7.317371326816261E-4,0.019023685060393918,0.004178592184978213,0.004937239182483795,0.00809296687114669,0.006650488147167988,0.007935035991237965,0.008001300527789306,0.0063893828624733365,9.261237579065966E-4,2.5230257182099196E-4,0.006693327950083658,0.010204913911876714,0.00726806350808611,0.004316077806355838,0.0021955116009573163,5.532108000882863E-4,0.0038683214070523763,0.004893814312768588,0.021960086452340745,0.005136439141361105,0.017520718305058504,0.0033826876913988888,0.024876429550221364,0.00870546006873474,0.005986103097627171,4.579443998792575E-4,0.023387159500525445,1.0,0.0063283655298219076,0.004270372371705178,0.004006985503093046,0.00906081217788095,0.005489311481006855,0.006926087700901124,0.005899896534954401,0.006889450202695327,2.3084386906384611E-4,0.0015209972857875024,0.004141924985050938,0.006153174815243662,0.005423438674398179],[0.0023858468305950377,0.0018773838904716676,9.975820224805375E-4,3.1084004358526273E-4,0.002787496063043426,0.0010051826900903844,0.0020871642075801517,0.005173927172105665,2.112795560404974E-4,0.005851739054613074,0.003367949318840733,4.0117132113864093E-4,0.0012151392150567227,6.256634790726095E-4,4.45608886225987E-4,0.030412459674069352,9.183934405955412E-4,8.043321710502095E-4,0.0014039584365264644,1.8909930148815375E-4,0.001064294562077642,0.0021705916164393097,0.010895019831004696,0.003128738336349377,0.016122114782184598,2.472782090786411E-4,0.01967495726997088,0.008418659498083578,0.0012370288031435036,0.0014727587956163014,0.011787585051288975,0.0063283655298219076,1.0,0.0011466003761729068,0.001254797276026948,0.004869985850308394,0.0015134137032122735,5.556297710031101E-4,0.001122277968224218,8.561974180705532E-4,0.0013972538521027518,0.0013896489572995862,0.0016102759234396362,4.244842803899036E-4,0.001001685633854323],[0.006221538286136497,0.0010063739360671507,5.5387386974793176E-5,1.8068759944059144E-4,0.013201365873124442,2.0974797310613534E-4,5.135115944795406E-4,0.002331855252771599,1.4292280115748557E-4,0.012812472944544866,0.007925453644272077,2.1477486638966413E-4,1.8271647855864782E-4,7.87927372554075E-5,1.344422917902077E-4,0.026520636002017307,1.6302320124585786E-4,3.0624332403068026E-4,6.895600510069596E-4,5.135067562477636E-5,1.3320653319992337E-4,0.0019327406981324536,0.005323662861812332,0.001839965617151313,0.00577502122246039,1.738392650061117E-4,0.009206636623656478,0.003647115449366134,0.001094233188234335,6.39095402849875E-5,0.02072845367997922,0.004270372371705178,0.0011466003761729068,1.0,1.3378151682879867E-4,0.01077008286400453,0.002424725228081131,1.2057754915771775E-4,8.474983943535235E-4,1.8948176699758494E-4,1.8473963016565876E-4,2.0359577975260641E-4,0.0012697142607549187,1.587404960354526E-4,1.2396845067821975E-4],[0.0035696842248648846,0.0020675664452082694,2.197686519287723E-5,2.8177185138619128E-5,0.00986343000662415,6.65557437458973E-5,0.0036251562718804826,0.003060715003968603,1.8872910392854566E-5,0.021439848389857307,0.0037322121469024563,1.985465906387616E-4,4.776713302344797E-5,2.437688342585813E-5,4.2971183936191E-5,0.019429609081983944,1.1752712671659683E-4,3.203188917099266E-4,2.1607131702870995E-4,2.917602787381959E-5,2.3874573754382545E-5,1.6223733113092403E-4,0.00892215084078169,8.352377639034233E-4,0.004215151288344881,1.6685714047521808E-5,0.009140718580628607,0.005455533424045501,3.3164965096898677E-4,1.1485567450593271E-5,0.01550895710531687,0.004006985503093046,0.001254797276026948,1.3378151682879867E-4,1.0,0.011281546936206314,8.669035657736023E-4,1.624170465432497E-5,7.678129447999921E-4,2.3650869638815917E-5,7.011607012578844E-5,1.2430241043009477E-4,0.001315556632756161,4.808408653934963E-5,1.4010596800761918E-5],[0.011850703383470162,0.0082120226609764,0.004304793532836083,0.006518241778831263,0.01612821224203117,0.0019453131445594058,0.009962127982241737,0.009462846415445368,0.0026455638783076255,0.026907186915318876,0.011363636363636364,0.003371422612618862,0.005538262517220823,0.010482628713705039,0.002260240939705728,0.01293204746887774,0.009963955447222356,0.005526339208290889,0.004399614778468285,0.007763034418826204,0.008947015531243475,0.00673518431060522,0.01684513281112153,0.0062332838085352804,0.015011561999340221,0.0038299164787097746,0.020079597803935336,0.011230548178028649,0.0058839945348889205,0.011299273243808217,0.02271978381708145,0.00906081217788095,0.004869985850308394,0.01077008286400453,0.011281546936206314,1.0,0.004721814946470582,2.682010969136707E-4,0.006889732645697923,0.006387127236052459,0.007826055434415466,0.0030134391761234697,0.002286437958469605,0.006759074495677698,0.009209446875374613],[0.005064338799240516,0.002181138203857786,0.0013558143531853142,0.0028954565898739537,0.01824774101011235,0.003228169520322615,0.0041579141929567725,0.00771664493615763,9.266290308331911E-4,0.013165906718820442,0.007256565630260839,0.0011705876959835803,0.0011374118978697326,0.002354932704452107,0.0027634862314990793,0.013216931486133591,0.003167105167092683,0.003644364276316622,0.0017153602397259366,0.0032155545315954073,0.0016202348958050848,0.002778524678473375,0.019173907831922844,0.0035678711047691276,0.016890160201948237,0.0029928293573972076,0.024057152691142215,0.004949160850047745,0.002198716034866397,4.681589542809112E-4,0.010525751434538804,0.005489311481006855,0.0015134137032122735,0.002424725228081131,8.669035657736023E-4,0.004721814946470582,1.0,0.0028330593294703405,0.00136640696811688,0.003555455357202976,0.0020234163887242,0.0010752666834252422,0.0031492243624695595,0.0025176197030788005,8.271808622614799E-4],[0.0051650977034232185,0.0015011483104133282,1.6881282195866047E-5,2.2422672959064765E-5,0.003943726051828889,9.604337181358215E-5,0.003230996815303878,2.821635677203177E-4,1.2618670920743284E-5,0.028938186958306973,5.666138402584084E-5,1.440617339258723E-4,4.90110964452553E-5,3.258986743745783E-5,1.1032984455031867E-4,0.0060270696501997486,7.758591095743666E-5,1.846696357756791E-4,6.238752371875704E-5,1.4337786466028603E-5,1.1882408603626207E-5,5.929552626878549E-4,0.006322653853445601,2.0844575376426558E-4,0.017185060824877096,1.143827609313769E-5,0.008146182760095511,0.005869076402866251,3.666946205446165E-4,1.0670339445932842E-5,0.0035693627306422862,0.006926087700901124,5.556297710031101E-4,1.2057754915771775E-4,1.624170465432497E-5,2.682010969136707E-4,0.0028330593294703405,1.0,6.629536537239172E-4,2.930489966263444E-5,1.9586787816033606E-5,4.409329700810833E-5,0.0013931606578592164,7.335239970749742E-5,1.1703455845297857E-5],[0.012040588610596129,0.001627550724896628,6.650808371515807E-4,1.265709203269253E-4,0.010885322493516099,4.627602070207358E-4,0.0032629193482148653,0.0017052945741001517,4.932237955062444E-4,0.010373301112986495,0.010746199431533751,7.766951828228264E-4,5.895010639488106E-4,7.638270615601848E-4,6.859061912850722E-4,0.014083041643659491,9.287993658010081E-4,8.869569132109322E-4,0.0012216140210673317,6.440039296755824E-4,4.5173100331725454E-4,0.0020305869054936783,0.02085955226894017,0.0027519131685209966,0.017564812053535987,2.500077101025395E-4,0.003185872552676397,0.006836510911559615,0.0011366146833393501,1.8404308738490643E-5,0.01903035813830125,0.005899896534954401,0.001122277968224218,8.474983943535235E-4,7.678129447999921E-4,0.006889732645697923,0.00136640696811688,6.629536537239172E-4,1.0,4.490697231499787E-4,5.695366635313414E-4,8.588873190104444E-4,0.0014762585894326908,5.070426117658145E-4,7.931150698247386E-4],[0.0034273701771788795,6.402784897809609E-4,1.0348483504719585E-4,4.966452028882052E-5,0.018085176428758887,1.0635463733228903E-4,0.0027898822636030912,0.006447420767257402,2.652662681371015E-5,0.027781101992817834,0.009883958274242084,1.3657051928656362E-4,1.6018019954882893E-4,8.237766498563723E-5,1.106078769369687E-4,0.018061786593668368,1.3246774220225405E-4,3.5220982589893185E-4,0.0011060097132497182,7.051995192414648E-5,1.1239336460845266E-4,2.3626758296827486E-4,0.019525935318913508,0.0031204925993485715,0.008224031142197438,7.456057621661193E-5,0.008302051707768172,0.005736131717307899,4.458794915630362E-4,6.53864162051583E-5,0.0014187668813756972,0.006889450202695327,8.561974180705532E-4,1.8948176699758494E-4,2.3650869638815917E-5,0.006387127236052459,0.003555455357202976,2.930489966263444E-5,4.490697231499787E-4,1.0,1.0805334457961708E-4,1.2952296901546894E-4,5.495395446238543E-4,1.0770591809602572E-4,5.3091696597805863E-5],[0.00909018303075277,8.053675791206258E-4,4.7496035461110516E-5,6.813992787295584E-5,0.0016784364279911518,1.0961623925364114E-4,0.0038925953483537833,0.004046104022048076,5.8858774071944954E-5,0.006571932063335383,0.0078152206384039,2.1673289431211373E-4,1.4576934231373993E-4,3.355313128938769E-5,1.1401917043442733E-4,0.01165104200120439,1.1706128432680842E-4,4.202113645533132E-4,3.084291112263951E-4,7.590728511078301E-5,1.1831111414428314E-4,2.1143544753171936E-4,3.478091583234674E-4,0.0021209002727300436,0.004470546255250491,4.827224473733108E-5,3.339410369581983E-4,0.0013924784272433797,8.720147659203312E-4,9.006911677922837E-5,0.025703161680137036,2.3084386906384611E-4,0.0013972538521027518,1.8473963016565876E-4,7.011607012578844E-5,0.007826055434415466,0.0020234163887242,1.9586787816033606E-5,5.695366635313414E-4,1.0805334457961708E-4,1.0,1.242539465761624E-4,2.431081210960708E-4,1.1560301877253811E-4,1.3245845844228717E-5],[0.011569524555841428,0.001957202563237248,3.8374565730113664E-5,6.340300596645157E-5,0.010194058932619755,1.0449690085803057E-4,8.395136881491571E-4,0.006904063556006486,1.2257893770937857E-4,0.0014717263349007114,0.006182948363699312,1.8661168323691788E-4,1.5625052592901283E-4,3.637161127002491E-5,1.3079448697275156E-4,0.009967407295037157,1.4116789869848386E-4,5.385832145341473E-4,9.093305724935563E-4,5.083880821521828E-5,1.2371665062626947E-4,0.0013790876453466045,0.002247060613266167,8.120658469472066E-4,0.011269408966419096,1.2082498217191435E-4,0.007845608215190796,9.523416210487964E-4,8.603317980467485E-4,8.495036414299799E-5,0.006190784219691258,0.0015209972857875024,0.0013896489572995862,2.0359577975260641E-4,1.2430241043009477E-4,0.0030134391761234697,0.0010752666834252422,4.409329700810833E-5,8.588873190104444E-4,1.2952296901546894E-4,1.242539465761624E-4,1.0,0.0019404905365048618,1.2910464559620047E-4,1.379161703203894E-5],[0.003051051139658487,0.0021700352842224623,9.603825069788907E-4,0.0020713479264299634,0.004939572932923389,0.0011951688569120393,0.0021970716137054134,0.003491558376498027,0.0010969187485492663,0.020517120139265373,0.002533235729676917,2.9141023224142447E-4,8.699302821206308E-4,0.0015078465929217913,0.0019512813189513166,0.0056889740208424825,0.0010012724258307544,8.579760859874278E-4,0.001876147453418184,0.0014824424124942725,4.133717851424983E-4,0.0021512571926877895,0.00736312658374383,0.0025488436276838466,0.012674222127874796,4.742547253570659E-4,0.011867177344712572,0.005664286926530