[[1.0,3.3324403864597236E-5,0.0017021977448845413,1.0611478875738592E-4,2.7403275206889912E-5,1.391616722590245E-4,5.287338842976172E-5,9.284596045817337E-5,9.95830336066999E-5,0.00173922441146097,2.636936919943077E-4,4.6363135471878174E-4,6.715006893302367E-4,1.259880167192747E-4,0.012375951256777642,0.0010976705043455664,1.1837840450673767E-4,0.001906705831631278,2.883055657271929E-4,7.757667052901192E-5,5.316357578316207E-5,0.002277542289595701,8.921508893895194E-5,9.635609140543836E-5,0.001541332554335445,0.005673214691390047,2.8833346654122416E-4,9.917591852788136E-4,1.1439493776233663E-4,3.6967754058393537E-4,4.094631143560513E-5,1.0455641043788087E-4,1.110941064117835E-4,6.08392714679667E-4,1.2261959362122726E-4,1.424135553660845E-5,1.1328171309251763E-4,0.00842946099575076,6.957083188068947E-4,1.1548429160344328E-4,0.00356668434500527,3.602571783126618E-5,5.571017399628071E-5,6.707965163520872E-4,1.4544575442548374E-4,3.3076970319192365E-5,5.003630172071304E-4,1.1799781421030072E-4],[3.3324403864597236E-5,1.0,0.0014404911095419323,8.419097324660233E-5,1.121674698528874E-5,1.1182871149693614E-4,1.2911394656910077E-5,2.0617730870875918E-5,4.0561062490293546E-5,0.0011099211053684766,7.158209225648508E-5,2.2171635797948574E-4,6.392053032580762E-4,5.2129662789286665E-5,0.005870016993534328,4.004812292037305E-4,9.424787411398036E-5,8.573889208534656E-4,0.001208345768575874,2.4540102269240255E-5,4.30690241130891E-5,2.503845553781958E-5,3.56580102352428E-5,1.1018156272419877E-5,4.5717395018586885E-4,0.009647551729525104,1.2122961908268628E-4,5.415493010548268E-4,4.4236394282848085E-5,9.069484461802813E-4,1.2780250550065012E-5,3.0406896795765368E-5,1.0709509251736963E-5,8.275850807662362E-4,1.013858562808873E-4,1.079650051320569E-5,8.932394080376539E-5,0.01855488381988207,0.007125986099257977,0.0021929058906891372,0.0035509530164086955,1.3914333479898195E-5,1.3364413637897103E-5,1.6905749520894494E-4,1.3771109547814982E-4,1.2348087007859182E-5,0.001313247502490098,4.037642487926635E-5],[0.0017021977448845413,0.0014404911095419323,1.0,0.0015812668614640772,5.818587875947394E-4,3.9162038708506004E-4,1.9932201498732146E-4,7.829457716186182E-4,0.0011102078824249042,0.001882834076764521,0.001513686503355498,0.001614650964810343,0.0016957640527491989,0.0015187431177266207,0.008710601625833687,0.0019565410736478188,0.001773786302359781,0.0018688287727780088,0.0017007735662191053,1.85604011014549E-4,0.0013433715703838086,0.0020333585556666918,0.0015673612502316262,0.0010350755760107728,0.0021672187518663984,0.009933401761524687,6.841568128717417E-4,0.0012131114325435095,0.0015496214844715657,0.0020028179441107436,0.0013822648752180888,0.001437474003010304,0.0010415267371466997,0.0015984013657979273,0.0015727582051527395,0.0010753559295890198,0.0016327655008827155,0.015087744664589136,0.004746892848457905,0.002093212436922703,0.0030351821567167207,0.001079145258605281,9.131811102536411E-4,0.0019953203719649424,0.0012783911557378276,0.0018586169003371328,0.0020402092173019528,7.568894472156445E-4],[1.0611478875738592E-4,8.419097324660233E-5,0.0015812668614640772,1.0,7.870643631152012E-5,1.2644703247778402E-4,5.628959720995462E-5,8.548566912677528E-5,9.794538970266085E-5,0.001919602374990966,2.099431829793856E-4,3.123408735867897E-4,5.119211234447649E-4,1.562656715825376E-4,0.013045410065609971,0.0014978082973271538,1.1715380669133359E-4,0.001710474898488225,0.0014792376886804172,7.370624696282727E-5,5.812429481748953E-5,0.002572807736592405,9.91305453420541E-5,4.6176554581585644E-5,4.884444978210585E-4,0.007573588878745169,2.9857091180679436E-4,1.9118468546519985E-4,1.1694689245151707E-4,0.001399593357439152,9.556979710103992E-5,1.0487605961036972E-4,1.1499238027468376E-4,3.082458936738963E-4,1.1551527181637359E-4,5.699636490650403E-5,1.0617087994670584E-4,0.010938570471578915,0.004273639157424253,0.0014119667990641922,0.002393416793429502,4.3835173942838475E-5,9.764236065141316E-5,7.72081541601287E-4,1.837718375059653E-4,8.734213632490715E-5,4.335871376938603E-4,1.1321428870844249E-4],[2.7403275206889912E-5,1.121674698528874E-5,5.818587875947394E-4,7.870643631152012E-5,1.0,1.334321684007728E-4,1.634668515804454E-5,2.6505529562777877E-5,3.1999134508721276E-5,8.008686805260733E-4,3.279186540184818E-5,2.571007028637256E-4,4.4751757975158396E-4,1.597377384802837E-4,0.00997711675978196,4.78904840822477E-4,4.080262517014682E-5,0.0021914107482474943,7.273373723300036E-4,3.02347501032135E-5,4.665284987513841E-5,0.002304453898844955,3.0627243895327915E-5,2.1359201248726376E-5,8.473278346532415E-4,0.01330099037897287,1.7473988858112676E-4,6.848005156449485E-4,4.033525933925251E-5,0.0011705745501249883,1.754289506250726E-5,5.508147500268094E-5,5.945949746985894E-5,3.298862118823231E-4,1.2503618853153164E-4,1.300191685336182E-5,4.394591943829739E-5,0.009358908946837764,0.0034003959580298903,3.434880341655113E-4,7.590094782242838E-4,3.147063097041406E-5,2.439661584665344E-5,0.0014951295183921103,1.967597924886082E-5,1.7457922892419278E-5,0.002070258947126215,3.98530917130076E-5],[1.391616722590245E-4,1.1182871149693614E-4,3.9162038708506004E-4,1.2644703247778402E-4,1.334321684007728E-4,1.0,9.07209745814256E-5,1.442090002696377E-4,6.8281500667632E-5,0.0017026932507331954,1.6547202855962537E-4,7.299585639922426E-4,3.8118802262179406E-4,1.6116602572150261E-4,0.00615080161943123,8.291801477057288E-4,1.2940080878330351E-4,0.002107632174040723,0.0011821652608387215,1.1785150988101131E-4,6.974492206315408E-5,7.823481764266134E-4,1.51124361623926E-4,6.128521936920379E-5,0.002071755385549445,0.014166408364340754,1.913531682797346E-4,6.49728003400885E-4,1.4721300967497172E-4,3.325820568491165E-4,1.4398181024689194E-4,1.592095855676655E-4,1.5227255928218833E-4,5.244805175603114E-4,1.5263404078002675E-4,1.480507194565316E-4,1.5460591201117035E-4,0.002017102697835343,0.004328043324321851,5.642632744610406E-4,0.0016383750359532383,5.262421276269973E-5,7.821900920347619E-5,0.001875101756771675,1.6372699800484234E-4,1.1397111766559817E-4,2.0010676585695131E-4,1.6122240778594998E-4],[5.287338842976172E-5,1.2911394656910077E-5,1.9932201498732146E-4,5.628959720995462E-5,1.634668515804454E-5,9.07209745814256E-5,1.0,2.386452410021011E-5,5.603703012078654E-5,9.277842303869724E-4,1.5000432809115808E-4,9.817566921910964E-4,2.509134459547847E-4,1.4204782175347152E-4,0.013299559938364364,7.683780613003444E-4,9.457162653387746E-5,5.90217026732612E-4,4.466368031957586E-4,4.343180135740875E-5,1.9446219779574046E-5,5.7482221475259955E-5,6.343755124359409E-5,2.0119832722687116E-5,6.738111980900043E-5,0.002850562993602439,1.4495344917517554E-5,5.77975161081947E-4,1.3378807587323624E-4,0.0020343667241006958,1.4153655461321011E-5,5.226181575869225E-5,2.8220703373621524E-5,0.0013546762955968551,1.1800198584166924E-4,1.1485512263469554E-5,1.721285091955928E-5,0.018894316356190422,0.007023784676788478,0.0014550004662093254,7.310547038483246E-4,1.3613612212965832E-5,1.3787335955227295E-5,2.724490097907464E-5,1.180071164547935E-4,1.3327435587637008E-5,0.0025637483227319144,3.584253675507987E-5],[9.284596045817337E-5,2.0617730870875918E-5,7.829457716186182E-4,8.548566912677528E-5,2.6505529562777877E-5,1.442090002696377E-4,2.386452410021011E-5,1.0,5.7256593389052706E-5,0.0016894431376945074,1.5412867303254475E-4,3.3031833553113474E-4,0.0010864807514396782,1.3195465993825302E-4,0.0114901114057891,1.1229171677890285E-4,4.787891138703827E-5,0.0015775462123061128,8.044422300234055E-4,4.8212870675972026E-5,4.9166473553026555E-5,0.0025104901226206235,6.0063125185656184E-5,3.209174483689268E-5,0.001966318877100943,0.00838037516212394,7.228227301144525E-5,8.970831881304577E-4,7.074278613236631E-5,0.0019687562185812016,3.431412837654825E-5,8.34523387286964E-5,4.65928753050411E-5,0.0013571093981291512,1.2803042443142252E-4,1.708374219195785E-5,1.0883761916954745E-4,0.002646715983822784,0.005144100554938374,8.197551630758579E-4,0.0032544587780641288,3.558816294100667E-5,3.134614276306555E-5,0.0017005897486705736,1.1723938286366993E-4,3.390853749526824E-5,0.00257481945439357,9.147988458972388E-5],[9.95830336066999E-5,4.0561062490293546E-5,0.0011102078824249042,9.794538970266085E-5,3.1999134508721276E-5,6.8281500667632E-5,5.603703012078654E-5,5.7256593389052706E-5,1.0,7.181879680574228E-4,2.9118889994597896E-4,9.051814756959903E-5,6.277025842336513E-4,9.046269863887413E-5,0.0077623024491193056,8.417198187878494E-4,1.0630710394945474E-4,0.00122273228667443,9.766558399512326E-4,5.8123123099454E-5,5.396288463043128E-5,9.87526744734122E-4,7.080079434758764E-5,3.809648690628963E-5,0.0014005514155717275,0.009803659028995809,2.8737382907008976E-4,1.5021578650245475E-4,9.441466920663124E-5,9.519200842564024E-4,5.185641555467153E-5,9.388585373753733E-5,1.1259134510853904E-4,0.0010890682764802281,1.379935879896134E-4,4.819883787764923E-5,1.2486982269303541E-4,0.012916670832999804,0.00508379150716121,8.043870805121133E-4,0.002639889576478378,4.537951165238722E-5,5.824516768340098E-5,5.607117137955345E-4,1.6540957557417474E-4,5.44540376363854E-5,0.0016352057245870128,1.1303321115078448E-4],[0.00173922441146097,0.0011099211053684766,0.001882834076764521,0.001919602374990966,8.008686805260733E-4,0.0017026932507331954,9.277842303869724E-4,0.0016894431376945074,7.181879680574228E-4,1.0,0.001081832860031988,0.0015372444558928414,0.0014232125969771653,0.001597711927063256,0.012909216010676527,0.001956316120112533,8.419642497446847E-4,0.0021825917214064947,0.001734591796486311,1.8683268830324516E-4,6.692228738196313E-4,0.0027287755213578485,0.0018656851554085907,0.0010815337131111623,0.00248979146807718,0.0028072323642175955,0.0011741585194093775,0.001037722552002103,4.081093300882664E-4,0.0019435882877228633,2.8611137791986427E-4,0.0017380439365396313,3.2672890123200567E-4,0.0019336010421129798,0.0012479356486510954,4.632157456298284E-4,4.340177291227049E-4,0.01020284447107668,0.004578877697640719,0.0022452212410389773,0.0024084843497696705,0.0016916918722049436,0.0010297820636097823,0.0020096363502088853,9.754556234244676E-4,6.14130208889755E-4,0.0024379074237635356,1.835900723821285E-4],[2.636936919943077E-4,7.158209225648508E-5,0.001513686503355498,2.099431829793856E-4,3.279186540184818E-5,1.6547202855962537E-4,1.5000432809115808E-4,1.5412867303254475E-4,2.9118889994597896E-4,0.001081832860031988,1.0,6.261948667162127E-4,3.0442559282300037E-4,2.617286281701682E-4,0.015677591812088942,0.0019965691275110574,2.342205503486526E-4,8.102293029324034E-4,5.821829789465535E-4,2.5847901805749657E-4,2.922870463356455E-4,4.3751378969881973E-4,2.9166548174295405E-4,1.3445293771709112E-4,0.002174411171781402,0.008574694498052662,3.3311327671316985E-4,3.4075100291905885E-4,2.5211006978537165E-4,0.002042844138907489,1.8591108199012853E-4,2.479894827660748E-4,2.667612419246741E-4,0.0012459169625670288,2.0275460695783054E-4,1.663828330665866E-4,2.6758389863384567E-4,0.0030848245768161997,7.683298720689521E-4,0.0019248913266108332,0.0019711382792960107,2.564048974691399E-4,2.590247246666515E-4,6.142973096094891E-4,2.0455676554918857E-4,2.5908327458717484E-5,7.626863935501697E-4,1.5876178940975514E-4],[4.6363135471878174E-4,2.2171635797948574E-4,0.001614650964810343,3.123408735867897E-4,2.571007028637256E-4,7.299585639922426E-4,9.817566921910964E-4,3.3031833553113474E-4,9.051814756959903E-5,0.0015372444558928414,6.261948667162127E-4,1.0,0.0011516116140518678,4.686803964661457E-4,0.0072787758383140505,0.0014533130533299317,0.0010148736852092313,0.0019098992729687575,0.0013852509953587912,4.6308035940010445E-4,1.006229505829441E-4,0.002389500211183765,4.598741819606162E-4,6.169413383800875E-4,0.002778536143730044,0.013503874369618456,4.3435344646975695E-4,0.001114391191881734,5.373642617836548E-4,0.001470210657501221,7.192539250518978E-5,5.635436794259181E-4,9.8265558715814E-4,0.001302701551296376,9.64378996246464E-4,4.0337300487320617E-4,3.873926579630013E-4,0.013388433036468401,0.0048191365177456215,0.001208130091361742,0.0025262856944698346,9.24762319027738E-4,1.2895740592142627E-4,0.0017686107525804158,0.0010357649026526232,7.763962473872708E-4,0.002263022850126848,9.394140798624721E-4],[6.715006893302367E-4,6.392053032580762E-4,0.0016957640527491989,5.119211234447649E-4,4.4751757975158396E-4,3.8118802262179406E-4,2.509134459547847E-4,0.0010864807514396782,6.277025842336513E-4,0.0014232125969771653,3.0442559282300037E-4,0.0011516116140518678,1.0,5.603348588242579E-4,0.01440817947664104,0.0016461939058264943,1.727765444898083E-4,0.0012629249894141124,0.0014364458154318643,4.6207123096518257E-4,0.001001679447342609,0.0017655760715527338,4.1906690759214494E-4,2.1335087999061592E-4,0.002370097711129166,0.014595657582162396,5.899540323140556E-4,0.0010894248679522022,7.401002428441806E-4,0.0018183361663377542,0.001063740795559385,1.8330735732804753E-4,0.001058782843278533,0.0013173812432407763,5.792043947806859E-4,6.380065057014424E-4,2.2476842865236407E-4,0.02040371253689366,0.0015964830990392788,0.0015849259807909715,0.002450780716077374,1.7082594194110228E-4,7.974412227383642E-4,0.0013568450709209251,9.365711685381755E-4,3.195946988788042E-4,0.002374260458359219,7.128753962001818E-4],[1.259880167192747E-4,5.2129662789286665E-5,0.0015187431177266207,1.562656715825376E-4,1.597377384802837E-4,1.6116602572150261E-4,1.4204782175347152E-4,1.3195465993825302E-4,9.046269863887413E-5,0.001597711927063256,2.617286281701682E-4,4.686803964661457E-4,5.603348588242579E-4,1.0,0.014914961287810847,0.0019127073295654704,1.334862658274376E-4,0.0016168373656622829,5.956895145209177E-4,1.2956379594677975E-4,8.959057417359664E-5,0.0016247933319036361,1.1501969768536131E-4,9.566324476649133E-5,0.0010761949828530636,0.0045487494578308136,2.3573963533611228E-4,7.832290299280866E-4,1.5102928090606152E-4,0.0013677065512122297,1.4495398666531715E-4,1.521302146027061E-4,1.441993145946155E-4,7.519116313150977E-4,1.599829687143323E-4,1.22515614933817E-4,1.3691379027529178E-4,0.020185301996042668,0.0038502787286690096,5.042006036099847E-4,0.003331933674061031,8.072886139460386E-5,3.176764397573697E-5,3.3360563778902353E-4,1.6559819731467896E-4,1.183934583824895E-4,9.58681558739006E-4,1.3217486577410487E-4],[0.012375951256777642,0.005870016993534328,0.008710601625833687,0.013045410065609971,0.00997711675978196,0.00615080161943123,0.013299559938364364,0.0114901114057891,0.0077623024491193056,0.012909216010676527,0.015677591812088942,0.0072787758383140505,0.01440817947664104,0.014914961287810847,1.0,0.005179366946048039,0.014677229179112032,0.014130167919045788,0.009971788305526547,0.004691518896214097,0.015623023260192112,0.01528172331628903,0.007682875189783556,0.00799921993665646,0.005494870163366799,0.015203241707138566,0.011422254646860783,0.00400674008892023,0.01218991754077054,0.012435102779240623,0.005896040013676934,0.013556083753503057,0.010275950731092238,0.008596847383983598,0.010677758013751528,0.00608565305173677,0.00827761659568158,0.01982335588971161,0.008517147918481715,0.012524410747638286,0.006062541048899355,0.014739933044775305,0.010284906266429819,0.016249684980552445,0.016297976273786957,0.00791832678843762,0.0052650097454248045,0.0015639229056653061],[0.0010976705043455664,4.004812292037305E-4,0.0019565410736478188,0.0014978082973271538,4.78904840822477E-4,8.291801477057288E-4,7.683780613003444E-4,1.1229171677890285E-4,8.417198187878494E-4,0.001956316120112533,0.0019965691275110574,0.0014533130533299317,0.0016461939058264943,0.0019127073295654704,0.005179366946048039,1.0,0.0015561313966344758,0.0022114095681864706,0.0018787254967662739,9.217977822425287E-4,0.001517509910593511,0.002743331244757388,0.0014279904065400482,0.0016327421904122502,0.002556241136537689,0.006066347710158445,5.447751009144898E-4,0.0018595635235040394,2.9665632918857165E-4,0.002063550504959279,5.217711563700728E-4,0.0020048228258351597,9.531905899087621E-4,0.0016843603698650303,8.695343408352487E-4,8.391103329097903E-4,0.0010299670148026221,0.002435018641526418,0.0067125024499324155,0.0021074069964384444,0.0024006507722029043,0.001849082569432939,2.948926289656994E-4,0.002020085691260553,7.976408222220397E-4,3.0889930774603835E-4,0.002029090011639837,0.0015052567800262087],[1.1837840450673767E-4,9.424787411398036E-5,0.001773786302359781,1.1715380669133359E-4,4.080262517014682E-5,1.2940080878330351E-4,9.457162653387746E-5,4.787891138703827E-5,1.0630710394945474E-4,8.419642497446847E-4,2.342205503486526E-4,0.0010148736852092313,1.727765444898083E-4,1.334862658274376E-4,0.014677229179112032,0.0015561313966344758,1.0,0.0014743794376884001,3.2058792534854887E-4,1.0680724076424512E-4,9.087643034058905E-5,0.001137960870985423,1.0112380516965773E-4,7.400120095417713E-5,0.0016644781054527755,0.008785319634175304,1.562476797172831E-4,9.823781146437427E-4,1.246143658125669E-4,1.3460912196172782E-4,3.667138105488906E-5,1.1280307571315344E-4,1.27736931336915E-4,5.025627689328677E-4,1.396352854117875E-4,3.895464422555824E-5,1.2271550607990934E-4,0.011257155281631102,0.002113664398428498,7.690614749597962E-4,0.001099766288721863,1.0603931999852203E-4,1.1678669119264575E-4,4.515861716071081E-4,1.3944254521244012E-4,2.0719460521514053E-5,3.137117791619276E-4,1.2682416421965392E-4],[0.001906705831631278,8.573889208534656E-4,0.0018688287727780088,0.001710474898488225,0.0021914107482474943,0.002107632174040723,5.90217026732612E-4,0.0015775462123061128,0.00122273228667443,0.0021825917214064947,8.102293029324034E-4,0.0019098992729687575,0.0012629249894141124,0.0016168373656622829,0.014130167919045788,0.0022114095681864706,0.0014743794376884001,1.0,0.002117090449890717,0.0013715373921985912,0.0010099631851415792,0.0026191722889163075,8.440831733585509E-4,0.001223887910441075,0.002331822152732881,0.012921446556843555,0.001101625425517881,0.0012170282604099662,0.002004833550678726,0.002137926690337426,0.0017197479052253706,0.0020393174601605374,0.0021307693467173382,0.0018445693818749424,9.480408799959683E-4,7.641967875859657E-5,0.0015913331847470127,0.01941262545378709,0.005215823356169009,0.0022446139862419656,0.0032075460572439734,0.001992517998577646,5.157042867140689E-5,0.0021661614894635285,8.327773557549497E-4,9.467079923690137E-4,0.002597719868766509,9.470434333344849E-4],[2.883055657271929E-4,0.001208345768575874,0.0017007735662191053,0.0014792376886804172,7.273373723300036E-4,0.0011821652608387215,4.466368031957586E-4,8.044422300234055E-4,9.766558399512326E-4,0.001734591796486311,5.821829789465535E-4,0.0013852509953587912,0.0014364458154318643,5.956895145209177E-4,0.009971788305526547,0.0018787254967662739,3.2058792534854887E-4,0.002117090449890717,1.0,6.264728665756492E-4,4.0306141581775807E-4,0.0015615270644032887,2.557348130924515E-4,0.0014729548418284577,0.0027217212344661673,0.0028977937622039563,0.0013552046016742437,0.0014574665789040698,0.0013352694374791205,0.001511941134919504,1.6733167946047047E-4,8.795825114867687E-4,9.415342565456657E-4,0.0014998470027799578,0.0014442019342297103,0.001015041759944851,7.168716939509267E-4,0.01842595933998179,0.0074432167532319125,0.0020318009869351584,0.0027814973781216707,5.21935393723438E-4,9.790159751637886E-5,0.001887365982401221,0.0014725373792548303,7.650982610462178E-4,0.002163171798690496,2.893404872327433E-4],[7.757667052901192E-5,2.4540102269240255E-5,1.85604011014549E-4,7.370624696282727E-5,3.02347501032135E-5,1.1785150988101131E-4,4.343180135740875E-5,4.8212870675972026E-5,5.8123123099454E-5,1.8683268830324516E-4,2.5847901805749657E-4,4.6308035940010445E-4,4.6207123096518257E-4,1.2956379594677975E-4,0.004691518896214097,9.217977822425287E-4,1.0680724076424512E-4,0.0013715373921985912,6.264728665756492E-4,1.0,5.164370063073219E-5,5.531363277350742E-4,5.770492933408903E-5,3.617247808144214E-5,0.0027532054068968273,0.0019498174421812109,3.2605061305385094E-4,2.447167830167231E-4,8.49572961252342E-5,0.0019447414681892524,4.736107690792896E-5,9.84247245862133E-5,1.1481871193790824E-4,5.9690009668105705E-5,1.2514800780301312E-4,3.7064307396898696E-5,9.00030639086546E-5,0.007461275575605113,5.264381418296725E-4,0.0021416044929665774,0.002966745731564278,3.637447292499183E-5,3.9502634032113563E-5,0.0014744416803577317,9.320737853106068E-5,3.767370837013124E-5,6.402296709574705E-5,1.2004608112203293E-4],[5.316357578316207E-5,4.30690241130891E-5,0.0013433715703838086,5.812429481748953E-5,4.665284987513841E-5,6.974492206315408E-5,1.9446219779574046E-5,4.9166473553026555E-5,5.396288463043128E-5,6.692228738196313E-4,2.922870463356455E-4,1.006229505829441E-4,0.001001679447342609,8.959057417359664E-5,0.015623023260192112,0.001517509910593511,9.087643034058905E-5,0.0010099631851415792,4.0306141581775807E-4,5.164370063073219E-5,1.0,0.0026227519856320677,7.67666698503408E-5,3.927967457345113E-5,4.5775897811441423E-4,0.006430184468745345,5.136538342798603E-5,1.5065920788857317E-4,9.372653928098958E-5,0.001588761432228966,3.414595330662726E-5,1.0230421493327565E-4,1.3849341815231364E-4,6.658922110727094E-4,1.4194640219131096E-4,5.0372918868730946E-5,5.334856586742883E-5,0.010597083114549431,0.005697944834296534,6.50543831167325E-4,0.003441278558270614,3.636442571484565E-5,2.880827815770103E-5,6.209789185326391E-5,9.36619664381174E-5,1.9453592639665696E-5,0.0023383678156207502,1.0193120653863203E-4],[0.002277542289595701,2.503845553781958E-5,0.0020333585556666918,0.002572807736592405,0.002304453898844955,7.823481764266134E-4,5.7482221475259955E-5,0.0025104901226206235,9.87526744734122E-4,0.0027287755213578485,4.3751378969881973E-4,0.002389500211183765,0.0017655760715527338,0.0016247933319036361,0.01528172331628903,0.002743331244757388,0.001137960870985423,0.0026191722889163075,0.0015615270644032887,5.531363277350742E-4,0.0026227519856320677,1.0,0.0019202649116530123,0.0019607612912116296,0.002787009337332566,0.006398780132851303,0.0024608789996910714,0.0014237525169201156,0.0024595960317541524,0.002708297853146856,0.0019746233784898684,8.028485103619633E-4,7.766768304392981E-4,0.0027468078361161732,0.0010570830508233485,6.693292089120937E-4,4.0778942891729093E-4,0.004799374052748155,0.004296324692855033,0.00234798793351702,0.0034830014631499775,7.552289217619258E-5,0.002662993260621587,0.0024966330057294523,0.002403934302740596,4.819434738149436E-5,0.002696325223624775,3.087156702997803E-4],[8.921508893895194E-5,3.56580102352428E-5,0.0015673612502316262,9.91305453420541E-5,3.0627243895327915E-5,1.51124361623926E-4,6.343755124359409E-5,6.0063125185656184E-5,7.080079434758764E-5,0.0018656851554085907,2.9166548174295405E-4,4.598741819606162E-4,4.1906690759214494E-4,1.1501969768536131E-4,0.007682875189783556,0.0014279904065400482,1.0112380516965773E-4,8.440831733585509E-4,2.557348130924515E-4,5.770492933408903E-5,7.67666698503408E-5,0.0019202649116530123,1.0,4.782779740999432E-5,0.002799048272236709,0.009160737464580614,1.3518877321138715E-4,9.293340579680271E-4,1.0595365846560182E-4,4.6669277572286723E-4,6.935677329534154E-5,8.886430974845065E-5,1.2028542026344615E-4,0.0014533023109905337,1.3861090990813262E-4,8.080459055504502E-5,9.334097081682095E-5,0.018725821604454008,3.195592025873842E-4,0.00146211041693136,0.001058387265206426,7.073871945804189E-5,3.4206345177676404E-5,4.2061486873644474E-4,1.2229798721823993E-4,7.525685418339903E-5,0.002071352023287733,1.0188954875224853E-4],[9.635609140543836E-5,1.1018156272419877E-5,0.0010350755760107728,4.6176554581585644E-5,2.1359201248726376E-5,6.128521936920379E-5,2.0119832722687116E-5,3.209174483689268E-5,3.809648690628963E-5,0.0010815337131111623,1.3445293771709112E-4,6.169413383800875E-4,2.1335087999061592E-4,9.566324476649133E-5,0.00799921993665646,0.0016327421904122502,7.400120095417713E-5,0.001223887910441075,0.0014729548418284577,3.617247808144214E-5,3.927967457345113E-5,0.0019607612912116296,4.782779740999432E-5,1.0,0.0021596596656771267,0.014688286255419021,1.2715404526851011E-4,8.005746593783883E-4,4.824668835714803E-5,8.576341268037156E-4,1.8616500170419946E-5,4.1060746991861274E-5,4.4499232299771035E-5,0.0010686657079421822,1.2732277704003708E-4,1.7981118783983185E-5,4.048261317444789E-5,0.007121705714814254,0.007191990139430747,0.0011798263937623397,0.0023414202332335677,3.3261985992057165E-5,2.6995840112179647E-5,3.888913137718384E-4,1.139341436942124E-4,2.6150594765116977E-5,0.002467574332271601,5.7888329015263587E-5],[0.001541332554335445,4.5717395018586885E-4,0.0021672187518663984,4.884444978210585E-4,8.473278346532415E-4,0.002071755385549445,6.738111980900043E-5,0.001966318877100943,0.0014005514155717275,0.00248979146807718,0.002174411171781402,0.002778536143730044,0.002370097711129166,0.0010761949828530636,0.005494870163366799,0.002556241136537689,0.0016644781054527755,0.002331822152732881,0.0027217212344661673,0.0027532054068968273,4.5775897811441423E-4,0.002787009337332566,0.002799048272236709,0.0021596596656771267,1.0,0.013871256005161777,0.002072974128718833,0.0028420915788221176,0.0020246247085673823,0.0028052922546026766,4.035769011362919E-4,0.0012465579196360439,4.3687963605456404E-4,0.0026709193884660197,0.001412078950244565,8.469693077209165E-4,0.0015839275931370724,0.016756391546592232,0.005838685267016559,0.002687327057547443,0.0029167496819931383,0.0023987184511698374,1.9421596645567276E-4,0.00242621176445467,2.0424335971485578E-4,0.001179700360060532,0.002866111525044034,0.0016786134583814906],[0.005673214691390047,0.009647551729525104,0.009933401761524687,0.007573588878745169,0.01330099037897287,0.014166408364340754,0.002850562993602439,0.00838037516212394,0.009803659028995809,0.0028072323642175955,0.008574694498052662,0.013503874369618456,0.014595657582162396,0.0045487494578308136,0.015203241707138566,0.006066347710158445,0.008785319634175304,0.012921446556843555,0.0028977937622039563,0.0019498174421812109,0.006430184468745345,0.006398780132851303,0.009160737464580614,0.014688286255419021,0.013871256005161777,1.0,0.013496522724301307,0.011147255223636632,0.0032308002504859595,0.007996833054507659,0.004887370391455029,0.0010214664449376108,0.0029545533302244844,0.004401559440926239,0.007244037210016424,0.007437462630484905,0.0010316579074046233,0.015836251606841878,0.013128046350941577,0.0042680810193699206,0.012050310961790938,0.013469078903445132,0.01440303621564141,0.013790699849265382,0.003015748815824492,0.014148474246875885,0.011211193837604829,0.010514508454438925],[2.8833346654122416E-4,1.2122961908268628E-4,6.841568128717417E-4,2.9857091180679436E-4,1.7473988858112676E-4,1.913531682797346E-4,1.4495344917517554E-5,7.228227301144525E-5,2.8737382907008976E-4,0.0011741585194093775,3.3311327671316985E-4,4.3435344646975695E-4,5.899540323140556E-4,2.3573963533611228E-4,0.011422254646860783,5.447751009144898E-4,1.562476797172831E-4,0.001101625425517881,0.0013552046016742437,3.2605061305385094E-4,5.136538342798603E-5,0.0024608789996910714,1.3518877321138715E-4,1.2715404526851011E-4,0.002072974128718833,0.013496522724301307,1.0,6.275438722871732E-4,1.7092622618959444E-4,0.0014177054995674525,1.4668048993600341E-4,1.722961715638455E-4,3.2214321273811764E-4,0.0013121392777289843,2.1139011559807933E-4,2.3172580406980876E-4,2.3542833793314952E-4,0.0014852894750674616,0.005189884862639719,0.0015160192185032252,6.035170591710654E-4,2.1991893386893416E-4,3.274801765447644E-4,0.001316295311345902,3.103339373860996E-4,1.8394016701953343E-4,0.0013088415047133647,2.2500902685348707E-4],[9.917591852788136E-4,5.415493010548268E-4,0.0012131114325435095,1.9118468546519985E-4,6.848005156449485E-4,6.49728003400885E-4,5.77975161081947E-4,8.970831881304577E-4,1.5021578650245475E-4,0.001037722552002103,3.4075100291905885E-4,0.001114391191881734,0.0010894248679522022,7.832290299280866E-4,0.00400674008892023,0.0018595635235040394,9.823781146437427E-4,0.0012170282604099662,0.0014574665789040698,2.447167830167231E-4,1.5065920788857317E-4,0.0014237525169201156,9.293340579680271E-4,8.005746593783883E-4,0.0028420915788221176,0.011147255223636632,6.275438722871732E-4,1.0,3.0343207135833284E-4,0.001550821323665129,2.4936565686725236E-4,9.040185379478753E-4,6.206767569281582E-4,0.0010790640376647023,2.223152637006692E-4,4.0476873641091853E-4,6.197352129121729E-4,0.01993792451918985,0.0029730096696807284,0.0013448843204260132,0.0010403900161414775,1.6800212043597732E-4,9.1003056153756E-4,0.0010693221764929404,5.216945655191675E-4,6.860219127542245E-4,0.0016211617190073054,1.8106498680645175E-4],[1.1439493776233663E-4,4.4236394282848085E-5,0.0015496214844715657,1.1694689245151707E-4,4.033525933925251E-5,1.4721300967497172E-4,1.3378807587323624E-4,7.074278613236631E-5,9.441466920663124E-5,4.081093300882664E-4,2.5211006978537165E-4,5.373642617836548E-4,7.401002428441806E-4,1.5102928090606152E-4,0.01218991754077054,2.9665632918857165E-4,1.246143658125669E-4,0.002004833550678726,0.0013352694374791205,8.49572961252342E-5,9.372653928098958E-5,0.0024595960317541524,1.0595365846560182E-4,4.824668835714803E-5,0.0020246247085673823,0.0032308002504859595,1.7092622618959444E-4,3.0343207135833284E-4,1.0,0.0017690848713158157,7.595155787393603E-5,1.333319810875712E-4,1.459916132846505E-4,0.0010638716818283452,1.4638086211317815E-4,1.318641695247096E-4,1.309965438250919E-4,0.01944335148597654,0.007345645235172117,0.0013506827815150052,0.002263156635354166,1.3261104412623748E-4,1.2932380839708295E-4,8.355780776480993E-4,1.4798843339656594E-4,1.4016710260975185E-4,0.0017960983717156688,1.3546523221864859E-4],[3.6967754058393537E-4,9.069484461802813E-4,0.0020028179441107436,0.001399593357439152,0.0011705745501249883,3.325820568491165E-4,0.0020343667241006958,0.0019687562185812016,9.519200842564024E-4,0.0019435882877228633,0.002042844138907489,0.001470210657501221,0.0018183361663377542,0.0013677065512122297,0.012435102779240623,0.002063550504959279,1.3460912196172782E-4,0.002137926690337426,0.001511941134919504,0.0019447414681892524,0.001588761432228966,0.002708297853146856,4.6669277572286723E-4,8.576341268037156E-4,0.0028052922546026766,0.007996833054507659,0.0014177054995674525,0.001550821323665129,0.0017690848713158157,1.0,0.0013406587586519882,0.0015408962860484288,9.03115749601225E-4,0.0019962492019841827,4.2307844911175616E-4,9.615378748782854E-4,0.0011533912375689824,0.01713004343340543,0.0024875319344386496,0.0022424115721670925,0.0026428889759243287,7.339790536054879E-4,4.934908415339431E-4,0.0020428761264046423,8.537004977725496E-4,0.0013320716212024725,0.002104040470722707,9.362654828591159E-4],[4.094631143560513E-5,1.2780250550065012E-5,0.0013822648752180888,9.556979710103992E-5,1.754289506250726E-5,1.4398181024689194E-4,1.4153655461321011E-5,3.431412837654825E-5,5.185641555467153E-5,2.8611137791986427E-4,1.8591108199012853E-4,7.192539250518978E-5,0.001063740795559385,1.4495398666531715E-4,0.005896040013676934,5.217711563700728E-4,3.667138105488906E-5,0.0017197479052253706,1.6733167946047047E-4,4.736107690792896E-5,3.414595330662726E-5,0.0019746233784898684,6.935677329534154E-5,1.8616500170419946E-5,4.035769011362919E-4,0.004887370391455029,1.4668048993600341E-4,2.4936565686725236E-4,7.595155787393603E-5,0.0013406587586519882,1.0,6.939906743835898E-5,5.347373822809098E-5,0.0015516213413046373,3.506671873802356E-5,1.2006098473897774E-5,3.0184620119012544E-5,0.009610720060608806,0.0029860018154776397,0.0022398178699841623,0.0032769853555144677,1.8069162344740067E-5,1.9932965365181255E-5,0.0014503731667641622,1.4115799954908837E-4,1.3092007611894092E-5,6.81966911604526E-4,7.244844838484439E-5],[1.0455641043788087E-4,3.0406896795765368E-5,0.001437474003010304,1.0487605961036972E-4,5.508147500268094E-5,1.592095855676655E-4,5.226181575869225E-5,8.34523387286964E-5,9.388585373753733E-5,0.0017380439365396313,2.479894827660748E-4,5.635436794259181E-4,1.8330735732804753E-4,1.521302146027061E-4,0.013556083753503057,0.0020048228258351597,1.1280307571315344E-4,0.0020393174601605374,8.795825114867687E-4,9.84247245862133E-5,1.0230421493327565E-4,8.028485103619633E-4,8.886430974845065E-5,4.1060746991861274E-5,0.0012465579196360439,0.0010214664449376108,1.722961715638455E-4,9.040185379478753E-4,1.333319810875712E-4,0.0015408962860484288,6.939906743835898E-5,1.0,1.230213384612123E-4,2.2035224968042796E-4,1.2722410103705058E-4,1.5742342862458523E-5,1.2046837169537921E-4,0.013813275048340328,0.0035915817151173676,0.0013005175586919802,0.0034140477371744815,9.807792297857088E-5,5.177110749216473E-5,0.0016203148498167425,1.6034866959821237E-4,7.709838524137835E-5,0.0020209162407510504,1.1976592983737114E-4],[1.110941064117835E-4,1.0709509251736963E-5,0.0010415267371466997,1.1499238027468376E-4,5.945949746985894E-5,1.5227255928218833E-4,2.8220703373621524E-5,4.65928753050411E-5,1.1259134510853904E-4,3.2672890123200567E-4,2.667612419246741E-4,9.8265558715814E-4,0.001058782843278533,1.441993145946155E-4,0.010275950731092238,9.531905899087621E-4,1.27736931336915E-4,0.0021307693467173382,9.415342565456657E-4,1.1481871193790824E-4,1.3849341815231364E-4,7.766768304392981E-4,1.2028542026344615E-4,4.4499232299771035E-5,4.3687963605456404E-4,0.0029545533302244844,3.2214321273811764E-4,6.206767569281582E-4,1.459916132846505E-4,9.03115749601225E-4,5.347373822809098E-5,1.230213384612123E-4,1.0,0.001439230823349001,1.4496431147995362E-4,1.1847356174757618E-4,1.281972251415625E-4,0.01311724167438465,0.007092010930309946,0.002209721117439791,0.002852128077994433,6.135766483504477E-5,9.68283210140219E-5,4.0040271461288607E-4,1.7016179904892344E-4,3.5377545622395406E-5,0.001446601248363894,1.3086194849786352E-4],[6.08392714679667E-4,8.275850807662362E-4,0.0015984013657979273,3.082458936738963E-4,3.298862118823231E-4,5.244805175603114E-4,0.0013546762955968551,0.0013571093981291512,0.0010890682764802281,0.0019336010421129798,0.0012459169625670288,0.001302701551296376,0.0013173812432407763,7.519116313150977E-4,0.008596847383983598,0.0016843603698650303,5.025627689328677E-4,0.0018445693818749424,0.0014998470027799578,5.9690009668105705E-5,6.658922110727094E-4,0.0027468078361161732,0.0014533023109905337,0.0010686657079421822,0.0026709193884660197,0.004401559440926239,0.0013121392777289843,0.0010790640376647023,0.0010638716818283452,0.0019962492019841827,0.0015516213413046373,2.2035224968042796E-4,0.001439230823349001,1.0,3.670996574873232E-4,0.0013176319524584976,2.3276956656517452E-4,0.01660947113615166,0.0027896083143236867,0.0016019111091903544,0.001676639354602746,1.0057520269093357E-4,0.001428215587018856,0.0016463352266650765,2.280401414243748E-4,0.0013506600573869258,0.0016806680349565116,0.001145721665104241],[1.2261959362122726E-4,1.013858562808873E-4,0.0015727582051527395,1.1551527181637359E-4,1.2503618853153164E-4,1.5263404078002675E-4,1.1800198584166924E-4,1.2803042443142252E-4,1.379935879896134E-4,0.0012479356486510954,2.0275460695783054E-4,9.64378996246464E-4,5.792043947806859E-4,1.599829687143323E-4,0.010677758013751528,8.695343408352487E-4,1.396352854117875E-4,9.480408799959683E-4,0.0014442019342297103,1.2514800780301312E-4,1.4194640219131096E-4,0.0010570830508233485,1.3861090990813262E-4,1.2732277704003708E-4,0.001412078950244565,0.007244037210016424,2.1139011559807933E-4,2.223152637006692E-4,1.4638086211317815E-4,4.2307844911175616E-4,3.506671873802356E-5,1.2722410103705058E-4,1.4496431147995362E-4,3.670996574873232E-4,1.0,1.1761763354382227E-4,1.3455711514976257E-4,0.006201324710916545,0.001943706923643803,5.417980929649434E-4,0.0016494439033201726,6.749655162419776E-5,5.989450091905839E-5,2.9510812729709564E-4,1.6210495213998496E-4,6.691293830839143E-5,0.0013579330448560084,1.3429713039218532E-4],[1.424135553660845E-5,1.079650051320569E-5,0.0010753559295890198,5.699636490650403E-5,1.300191685336182E-5,1.480507194565316E-4,1.1485512263469554E-5,1.708374219195785E-5,4.819883787764923E-5,4.632157456298284E-4,1.663828330665866E-4,4.0337300487320617E-4,6.380065057014424E-4,1.22515614933817E-4,0.00608565305173677,8.391103329097903E-4,3.895464422555824E-5,7.641967875859657E-5,0.001015041759944851,3.7064307396898696E-5,5.0372918868730946E-5,6.693292089120937E-4,8.080459055504502E-5,1.7981118783983185E-5,8.469693077209165E-4,0.007437462630484905,2.3172580406980876E-4,4.0476873641091853E-4,1.318641695247096E-4,9.615378748782854E-4,1.2006098473897774E-5,1.5742342862458523E-5,1.1847356174757618E-4,0.0013176319524584976,1.1761763354382227E-4,1.0,6.894698017412825E-5,0.012929576011684403,0.0011739649945780304,4.442313877247813E-4,0.0033849916291335607,3.399688787973655E-5,1.9661017112895594E-5,2.519478803304491E-4,4.213076177282151E-5,1.2001968849409388E-5,0.0017862006218192597,8.749697052183728E-5],[1.1328171309251763E-4,8.932394080376539E-5,0.0016327655008827155,1.0617087994670584E-4,4.394591943829739E-5,1.5460591201117035E-4,1.721285091955928E-5,1.0883761916954745E-4,1.2486982269303541E-4,4.340177291227049E-4,2.6758389863384567E-4,3.873926579630013E-4,2.2476842865236407E-4,1.3691379027529178E-4,0.00827761659568158,0.0010299670148026221,1.2271550607990934E-4,0.0015913331847470127,7.168716939509267E-4,9.00030639086546E-5,5.334856586742883E-5,4.0778942891729093E-4,9.334097081682095E-5,4.048261317444789E-5,0.0015839275931370724,0.0010316579074046233,2.3542833793314952E-4,6.197352129121729E-4,1.309965438250919E-4,0.0011533912375689824,3.0184620119012544E-5,1.2046837169537921E-4,1.281972251415625E-4,2.3276956656517452E-4,1.3455711514976257E-4,6.894698017412825E-5,1.0,0.010117269435396115,0.004632880351428888,0.0020857218627767828,8.587831518495246E-4,4.910516740528313E-5,7.886654871081984E-5,0.00171930615694169,1.7293880860027818E-4,8.832328923012986E-5,1.4094450393174426E-4,1.257359785606737E-4],[0.00842946099575076,0.01855488381988207,0.015087744664589136,0.010938570471578915,0.009358908946837764,0.002017102697835343,0.018894316356190422,0.002646715983822784,0.012916670832999804,0.01020284447107668,0.0030848245768161997,0.013388433036468401,0.02040371253689366,0.020185301996042668,0.01982335588971161,0.002435018641526418,0.011257155281631102,0.01941262545378709,0.01842595933998179,0.007461275575605113,0.010597083114549431,0.004799374052748155,0.018725821604454008,0.007121705714814254,0.016756391546592232,0.015836251606841878,0.0014852894750674616,0.01993792451918985,0.01944335148597654,0.01713004343340543,0.009610720060608806,0.013813275048340328,0.01311724167438465,0.01660947113615166,0.006201324710916545,0.012929576011684403,0.010117269435396115,1.0,0.011082436748407327,0.004064818190518862,0.010750270621346574,0.010628796134146625,0.01696460719245481,0.01937037302625063,0.012931092390041263,0.014909565483980182,0.013098869517076114,0.011411967922262966],[6.957083188068947E-4,0.007125986099257977,0.004746892848457905,0.004273639157424253,0.0034003959580298903,0.004328043324321851,0.007023784676788478,0.005144100554938374,0.00508379150716121,0.004578877697640719,7.683298720689521E-4,0.0048191365177456215,0.0015964830990392788,0.0038502787286690096,0.008517147918481715,0.0067125024499324155,0.002113664398428498,0.005215823356169009,0.0074432167532319125,5.264381418296725E-4,0.005697944834296534,0.004296324692855033,3.195592025873842E-4,0.007191990139430747,0.005838685267016559,0.013128046350941577,0.005189884862639719,0.0029730096696807284,0.007345645235172117,0.0024875319344386496,0.0029860018154776397,0.0035915817151173676,0.007092010930309946,0.0027896083143236867,0.001943706923643803,0.0011739649945780304,0.004632880351428888,0.011082436748407327,1.0,0.004654628090326279,0.004184374452708421,0.006031758099512167,0.007419907714414695,0.006418300833771537,0.005657127074506602,0.0042290422009097425,0.0026986554336068556,2.3792976424508386E-4],[1.1548429160344328E-4,0.0021929058906891372,0.002093212436922703,0.0014119667990641922,3.434880341655113E-4,5.642632744610406E-4,0.0014550004662093254,8.197551630758579E-4,8.043870805121133E-4,0.0022452212410389773,0.0019248913266108332,0.001208130091361742,0.0015849259807909715,5.042006036099847E-4,0.012524410747638286,0.0021074069964384444,7.690614749597962E-4,0.0022446139862419656,0.0020318009869351584,0.0021416044929665774,6.50543831167325E-4,0.00234798793351702,0.00146211041693136,0.0011798263937623397,0.002687327057547443,0.0042680810193699206,0.0015160192185032252,0.0013448843204260132,0.001350682781515