[[1.0,2.5234174433837237E-5,8.658577268258374E-4,5.3741357093689206E-5,6.568253241694413E-4,8.064178472099854E-5,7.186247559545585E-5,0.034183222067100776,9.52763824220299E-5,7.325552632719551E-4,2.7083811906000687E-5,5.398809696699519E-5,0.0068439496397578,1.552268766355503E-5,0.0068436658698256886,0.004478664969420275,0.006866214217176639,5.051007727915902E-5,1.5978017321303242E-4,1.3607111147778092E-5,7.537427135324602E-4,6.075780519493962E-4,0.013717599561630482,1.143166986017153E-4,1.3267516079461335E-5,0.008562450712123772,0.003237015207580721,0.0016646281183890549,2.4097766161852268E-4,3.9043034572239255E-5,1.777394847611672E-5,1.2488701532143798E-5,1.0917940494889296E-5,0.011791612017205464,1.1513994104298959E-5,9.767060016646774E-5,3.3326692292624905E-5,1.0461062475166769E-4,8.480859667152399E-5,8.843732940884694E-4,6.405391719886782E-4,2.1505269756870072E-5,1.7131184692108285E-4,3.83166298282485E-4],[2.5234174433837237E-5,1.0,0.0010068526693309545,8.349910987256052E-5,9.480868962403232E-4,5.077147799189039E-5,6.491091217577422E-5,0.07957776270377481,8.83131337018373E-5,7.95949540748539E-4,4.5537811125192194E-5,1.2595267146849344E-4,0.014915179690096075,3.3339811473409397E-5,0.027462600153034974,0.017583284257727066,0.0028952159970168532,5.3295345055499334E-5,2.791276439178483E-4,5.3209818910770736E-5,0.0013332298822317833,4.3504302598036014E-4,0.012718867363878452,9.08434653569956E-5,4.119068748856838E-5,0.005808168455025593,0.0013325279985632703,5.766729965911039E-4,6.579233118977402E-4,7.055447554863732E-5,3.762139837951002E-5,3.262583199709659E-5,2.651644117361494E-5,0.019691755234426785,4.8449842105326E-5,7.324795728186832E-5,4.627176322564587E-5,1.0933885585460025E-4,1.501987961343082E-4,7.901410465431578E-4,0.0010708639901959413,4.254843647642245E-5,5.932593498316484E-5,0.003632182159775251],[8.658577268258374E-4,0.0010068526693309545,1.0,4.679380011837268E-4,0.002494867403084829,0.0010694205817683667,0.0010734941618352,0.04940277437339454,3.869236614577064E-4,0.0013876819872381567,2.3433871899235616E-4,9.346934049382393E-4,0.006527816909174404,1.9602914773041505E-4,0.007361779409230772,0.017521415810647995,0.006563449492938911,1.6374308921015692E-4,0.0012896663641954866,8.789430224697548E-4,0.0013286703377597675,0.0012861280288032839,0.02095332523352631,4.060963404987491E-4,9.600942763304003E-4,0.002011036159254261,0.002011414548796239,0.0021458877727418392,0.0013195375167264554,0.001155834109636052,9.280804341727721E-4,8.048611895807836E-4,9.325317062477531E-4,0.0021724825045900927,0.0010832578893185838,0.0012819986691388198,0.0013090602255667909,4.8420943836277494E-4,5.869394109348852E-4,0.0011899631588828897,0.0019126576391014969,1.253495820442233E-4,4.382506915453553E-4,0.003425658141564151],[5.3741357093689206E-5,8.349910987256052E-5,4.679380011837268E-4,1.0,0.003914308750220983,1.1193837399218166E-4,1.4389398635494E-4,0.07671506928185917,1.236555623776758E-4,4.3848752721867637E-4,1.1559746095171259E-4,1.2438592870931664E-4,0.014125788013784195,1.0310584161520492E-4,0.00779283484568438,0.003962654379749118,0.008070594893773646,1.0221788450700249E-4,0.0010498528420101712,1.1874892423128255E-4,2.732821925722097E-4,0.001021161052907448,0.011028369940691342,1.577625354159976E-4,8.139799620963855E-5,0.005783491726265185,0.001012122179015249,0.0013465902922127394,2.1875706092741273E-4,7.817581881428753E-5,9.345849377240138E-5,1.0826259871897924E-4,8.678681657765831E-5,3.136343453106239E-4,9.932701097896036E-5,1.2239539572058978E-4,7.240492458803754E-5,1.2155441809834762E-4,1.724765070857649E-4,8.216185597051779E-4,6.347088297890463E-4,4.298234527671779E-5,1.3261101271025354E-4,0.003951798439457804],[6.568253241694413E-4,9.480868962403232E-4,0.002494867403084829,0.003914308750220983,1.0,0.002060738590148809,6.055046010453427E-4,0.04483996886257359,0.0031097079820526052,0.004038087707992101,0.0012409439423985318,0.0038039338375515574,0.01564729308920964,0.004080347049297736,0.01177143931492574,0.006554661642634688,0.013577363612122235,0.003146392884103971,0.0027334144663634045,0.001837527540333079,0.0019430236035331938,0.0027386991279363874,0.019376446525314027,0.0023705089489641385,0.001339209147495121,0.008183505720536858,0.005235390200741796,0.00232487820021113,0.0028781930042428455,0.002428924193152445,0.0029126742724283326,0.0020575653388579017,9.726206894471636E-4,0.016676914870786978,0.0019563975246287713,0.0032154675350991387,0.0027538445938686865,0.0014556542420460735,0.003691693203513476,0.0037958418155844666,0.0026271084927502607,0.00341152929449232,0.0030137992119807873,0.004256694702078124],[8.064178472099854E-5,5.077147799189039E-5,0.0010694205817683667,1.1193837399218166E-4,0.002060738590148809,1.0,1.1449882855660409E-4,0.03776720259494266,1.073881710152045E-4,5.999843055345827E-4,3.9910648944876584E-5,1.1610006785556247E-4,0.008349730261316392,8.515205649251615E-5,0.02656236726556697,0.015451958254407795,0.011937703583859403,1.0291104553286161E-4,3.5031716309783325E-4,8.610290722561067E-5,7.365926414127852E-4,2.022411275779427E-4,0.021431633425159736,1.4901223503001684E-4,5.919176030870804E-5,0.008390554516428613,0.004402284132573062,0.001819544699164431,9.51561113810625E-4,7.434222519692623E-5,9.526894185653372E-5,4.290315905812589E-5,6.892632641873977E-5,0.010280758861124591,3.3769490109574156E-5,1.150411850463025E-4,7.629396880543797E-5,1.134824937695783E-4,1.7243124340788E-4,2.59721639920887E-4,0.0012537586925976433,7.603975540455856E-5,2.00378241052258E-4,0.0016673347908461563],[7.186247559545585E-5,6.491091217577422E-5,0.0010734941618352,1.4389398635494E-4,6.055046010453427E-4,1.1449882855660409E-4,1.0,0.026178618846556975,1.6627721464204166E-4,0.001021253822291899,7.835430100582185E-5,1.3983946461865686E-4,0.01797420314539608,6.239131408340487E-5,0.016679598549022668,0.021048335384768437,0.010620388539175653,1.0137868957897989E-4,8.269423053331008E-4,1.80081963652099E-4,0.0012849054016050156,9.617681251961757E-4,0.021410059252748703,1.7697428189848176E-4,1.3464560875102636E-4,0.009372719116836325,0.003232949378952211,8.179551111757601E-4,2.911578151277302E-4,1.5287876922022618E-4,9.146080031571631E-5,1.0573644765222675E-4,1.127573034792471E-4,0.020014911941926124,1.660771802883009E-4,1.4915460766012185E-4,8.576473941216895E-5,1.5018172169997676E-4,1.7689438702940373E-4,7.024455954862853E-4,2.9279306507948316E-4,1.747674656186881E-4,2.1111567644376878E-4,3.183637980210129E-4],[0.034183222067100776,0.07957776270377481,0.04940277437339454,0.07671506928185917,0.04483996886257359,0.03776720259494266,0.026178618846556975,1.0,0.015582734803304759,0.04213216069070944,0.08661048170550562,0.03348438722430613,0.03203888904292182,0.017864691969733292,0.052698695558371825,0.05992924974495846,0.045422973470960123,0.08594027981745815,0.06136273950525136,0.03259969873234817,0.001955579611931574,0.08833940813998174,0.04051627096718354,0.07136610205059983,0.043743267213881505,0.04889555264020061,0.012566746686607868,0.03146093022831085,0.07886530610796352,0.085243370058827,0.015095295069033713,0.001806646262868011,0.0669488287042592,0.08454086321372722,0.052276146147154465,0.013197790560813938,0.07694722701383468,0.00843340239958224,0.06852453465164678,0.0883083349329371,0.0565379766623712,0.05316497316401425,0.03903619343572662,0.06105967738230327],[9.52763824220299E-5,8.83131337018373E-5,3.869236614577064E-4,1.236555623776758E-4,0.0031097079820526052,1.073881710152045E-4,1.6627721464204166E-4,0.015582734803304759,1.0,0.0013667001270391509,7.150861239218955E-5,1.1273480177252417E-4,5.944030845053955E-4,6.89645794404175E-5,0.016704465677328872,0.01540210282313643,0.01258116365664979,9.741146877824633E-5,1.679621951797651E-4,1.0173631640773614E-4,4.185665094728929E-4,9.353842099659484E-4,0.02449381651667201,1.5254344721891483E-4,4.835885378425946E-5,0.004433822391425298,0.002707825664163511,3.482029756372813E-4,8.577227892877281E-4,9.796889212364745E-5,9.472447443981037E-5,5.74169228946949E-5,1.0500992967252688E-4,0.004034843738641183,9.559223172129823E-5,1.1052598474569771E-4,9.62571345583215E-5,1.133099158451862E-4,1.6171989279152284E-4,8.970991258547565E-4,0.0010719310975561916,8.181894695611726E-5,3.074716568052183E-4,0.0016498716592985283],[7.325552632719551E-4,7.95949540748539E-4,0.0013876819872381567,4.3848752721867637E-4,0.004038087707992101,5.999843055345827E-4,0.001021253822291899,0.04213216069070944,0.0013667001270391509,1.0,2.9454003976355376E-4,4.1225190807064004E-4,0.007627132458135298,0.00148926796021677,0.004285181527771542,0.016521290468502807,0.008528112682103345,0.0015132257302163843,0.0012333398131442563,4.35253218276936E-4,0.0013604522960706505,0.0014123642258680987,0.010509320285925026,0.0013185240695875828,2.3903595391807928E-4,0.011798548755696572,0.002891881776223861,0.0016206410015563333,0.0011756608081403793,2.4070236470869442E-4,9.050700598224121E-4,7.944793892456238E-4,0.0011097711766301982,0.01716708916347727,9.75634564051499E-4,1.396070889450606E-4,1.2122218855549782E-4,0.0013626202400338302,0.0011704186778594562,0.0011776364236248482,0.001815204351357236,4.1545270526409785E-4,3.7100589552323477E-4,0.0033553768571090224],[2.7083811906000687E-5,4.5537811125192194E-5,2.3433871899235616E-4,1.1559746095171259E-4,0.0012409439423985318,3.9910648944876584E-5,7.835430100582185E-5,0.08661048170550562,7.150861239218955E-5,2.9454003976355376E-4,1.0,1.1700345579086029E-4,0.002003784609434019,3.219225948738451E-5,0.019532341870613146,0.012984893137633804,0.005009365649124518,3.972333986349469E-5,6.674194306861643E-4,6.874412007992233E-5,0.0010776226477427725,7.48085028233204E-4,0.014394878937282985,4.57654436159056E-5,3.8071768568502754E-5,0.010354354933943143,0.0037421178242177415,9.211762162770906E-4,0.0010631575811488063,5.194021442334312E-5,3.2530549429645825E-5,1.5501087408946925E-5,1.1849776859822146E-5,0.017293787104696673,2.7194995259813925E-5,9.328371249594889E-5,3.418944255642515E-5,1.1506142278470123E-4,1.4868258358786648E-4,5.191736153080002E-4,0.0012158684457575447,3.631905764446498E-5,2.364061015463991E-4,0.0011689646505795629],[5.398809696699519E-5,1.2595267146849344E-4,9.346934049382393E-4,1.2438592870931664E-4,0.0038039338375515574,1.1610006785556247E-4,1.3983946461865686E-4,0.03348438722430613,1.1273480177252417E-4,4.1225190807064004E-4,1.1700345579086029E-4,1.0,0.00848060481114213,8.336279819665533E-5,0.009828252515573942,0.0026640027468751736,0.005813129693470516,6.126791712887814E-5,9.452532551972985E-4,1.0579415548999768E-4,7.075973841294394E-4,9.77557421378853E-4,0.022437404685067237,1.416560776801916E-4,4.524035176723949E-5,0.006698972617380906,0.0015818293847183129,0.001629948479363311,6.64851393107776E-4,1.2122630641868924E-4,4.8423171050623054E-5,7.230711279039714E-5,9.276608479386376E-5,0.01617632186941713,8.867729633558757E-5,1.203119421216692E-4,1.1685262235936183E-4,1.2108116847883408E-4,1.3209076617369975E-4,9.622971933093246E-4,0.0017864675529033422,1.1896806062400571E-4,1.3444026188716714E-4,0.003310883268508532],[0.0068439496397578,0.014915179690096075,0.006527816909174404,0.014125788013784195,0.01564729308920964,0.008349730261316392,0.01797420314539608,0.03203888904292182,5.944030845053955E-4,0.007627132458135298,0.002003784609434019,0.00848060481114213,1.0,0.007914112499125488,0.02237375500685076,0.01971257702108302,0.016401282610107804,0.005721082740367417,0.008114166420328951,0.001033387951581776,0.0158140801999675,0.01715088773480311,0.023317186355046166,0.0037737277974248923,0.01049974809112343,0.014923742325608391,0.009395542490069995,0.011423779377214538,0.013446942249344413,0.008379100471714616,0.013752489827448438,0.018425267803330297,8.743439544378514E-4,0.021615850868979842,0.012604321774750547,0.008424806161906672,0.005318541983234451,0.0036935889331688723,0.011435866933313988,0.0038202307740781627,0.013686596590797162,0.01017375369953245,0.004594432271532944,0.01780018187391602],[1.552268766355503E-5,3.3339811473409397E-5,1.9602914773041505E-4,1.0310584161520492E-4,0.004080347049297736,8.515205649251615E-5,6.239131408340487E-5,0.017864691969733292,6.89645794404175E-5,0.00148926796021677,3.219225948738451E-5,8.336279819665533E-5,0.007914112499125488,1.0,0.011275330799503928,0.0011568703886963112,0.007976329625008055,2.7576453781426065E-5,8.461472960400973E-4,6.946222761426662E-5,7.921701263540472E-4,0.0011987954666860517,0.024055291163686727,1.6469360369738537E-4,2.872673715274265E-5,0.011738350896605482,3.8537550755517847E-4,0.0012651526970467854,6.870363341470516E-4,6.442962121288242E-5,2.694249437284893E-5,2.378129893130724E-5,1.1141013316473748E-5,8.601424903170549E-4,2.565884399078717E-5,2.9935761259356812E-5,3.2514360718187166E-5,3.359729380237108E-5,3.756127104588939E-5,3.203858031634439E-4,6.557203141476691E-4,3.0783504664492555E-5,2.713299585420624E-4,0.0027994524021847746],[0.0068436658698256886,0.027462600153034974,0.007361779409230772,0.00779283484568438,0.01177143931492574,0.02656236726556697,0.016679598549022668,0.052698695558371825,0.016704465677328872,0.004285181527771542,0.019532341870613146,0.009828252515573942,0.02237375500685076,0.011275330799503928,1.0,0.0308761910521447,0.021457213113501687,0.014935124995431188,0.02608848629250176,0.02775957802396724,0.015783861105995178,0.005616248423941764,0.028855960564858698,0.013631603203322046,0.005175313861840937,0.031011622712560697,0.025802332182997576,0.002812752110297981,0.024908525264394778,7.66412184119982E-5,9.025904317847453E-4,0.028322487706916494,9.216081160331266E-4,0.02949013077312476,0.026630062678762757,0.006019850731908702,0.02080794008527675,0.0027409546481673122,0.016507601126742887,0.019770016883419422,0.03096807976961577,0.02497112169920242,0.021452185058760873,0.014146413961778875],[0.004478664969420275,0.017583284257727066,0.017521415810647995,0.003962654379749118,0.006554661642634688,0.015451958254407795,0.021048335384768437,0.05992924974495846,0.01540210282313643,0.016521290468502807,0.012984893137633804,0.0026640027468751736,0.01971257702108302,0.0011568703886963112,0.0308761910521447,1.0,0.01750073445799958,0.0014841303988685816,0.017602928810434317,0.004640710492666548,0.006690669106570874,0.006878042078454337,0.025881238875394043,0.006530710149096551,0.01860814132640412,0.021045381543298165,0.014733437429012348,0.019193910878601672,0.004551644354681037,7.757179698066355E-4,0.007941537018385911,0.008364077941951672,0.002869921015303627,0.021536851893274794,0.015230242836269049,0.004617862641746848,0.0018447208214453351,0.01753022523644928,0.021155976924519395,0.019202170834657535,0.002568955438085085,0.012660309354697957,0.005146415371454559,0.011225880336255174],[0.006866214217176639,0.0028952159970168532,0.006563449492938911,0.008070594893773646,0.013577363612122235,0.011937703583859403,0.010620388539175653,0.045422973470960123,0.01258116365664979,0.008528112682103345,0.005009365649124518,0.005813129693470516,0.016401282610107804,0.007976329625008055,0.021457213113501687,0.01750073445799958,1.0,0.005915582634726385,0.0078120391977551515,0.009926813091689383,0.00553687103473073,0.002673696582231728,0.02460713501312061,0.004408333792085306,0.003191776562620443,0.013780470506509494,0.013168258671497533,0.012602017824179086,0.005669301058762647,0.004573616243861273,0.0015424935717960318,0.012406733670022261,0.00853028700599489,0.014123271360125944,0.007096985463521474,0.007967091791843555,0.005769079128163975,0.008506938580465733,0.002316936267708871,0.012550625425763602,0.012498596155451631,0.006798271602290583,0.013239253455228672,0.008873566832237697],[5.051007727915902E-5,5.3295345055499334E-5,1.6374308921015692E-4,1.0221788450700249E-4,0.003146392884103971,1.0291104553286161E-4,1.0137868957897989E-4,0.08594027981745815,9.741146877824633E-5,0.0015132257302163843,3.972333986349469E-5,6.126791712887814E-5,0.005721082740367417,2.7576453781426065E-5,0.014935124995431188,0.0014841303988685816,0.005915582634726385,1.0,1.411014869123051E-4,6.752488339465769E-5,6.717930407468169E-4,1.7512392709718386E-4,0.0025573474304566705,1.7284547405255627E-4,4.459075094520246E-5,5.062506233861521E-4,0.004018940528374026,7.058139968481988E-4,9.272848014259214E-4,6.17537605621875E-5,4.908438183778659E-5,5.3694909440873965E-5,2.2025109441112755E-5,0.012050293102583078,2.8837942932169183E-5,1.0732021017069657E-4,5.7141876476274466E-5,9.403695180889788E-5,1.6741293183624248E-4,2.2507695965628816E-4,0.0015573352748086727,5.879902780112157E-5,3.090827273130597E-4,0.0016930536124474232],[1.5978017321303242E-4,2.791276439178483E-4,0.0012896663641954866,0.0010498528420101712,0.0027334144663634045,3.5031716309783325E-4,8.269423053331008E-4,0.06136273950525136,1.679621951797651E-4,0.0012333398131442563,6.674194306861643E-4,9.452532551972985E-4,0.008114166420328951,8.461472960400973E-4,0.02608848629250176,0.017602928810434317,0.0078120391977551515,1.411014869123051E-4,1.0,9.258391290839805E-4,0.0011337719476404926,0.001127879667783323,0.004543916842697662,6.551606698024617E-4,6.115766589183801E-4,0.003042259667592441,0.0030121339496686507,0.0018540952569103433,0.00112704765809701,2.6863625308601324E-4,5.630701071041136E-4,3.9666854525988255E-5,3.547912060969433E-4,0.0028815146702340865,6.157781115415024E-4,4.3690415942185745E-4,4.893169711654209E-4,4.263589973226944E-4,5.463218863054019E-4,0.0010734647352792339,0.0016324104623370618,9.367026287594326E-4,3.874938795072657E-4,0.001838804899893362],[1.3607111147778092E-5,5.3209818910770736E-5,8.789430224697548E-4,1.1874892423128255E-4,0.001837527540333079,8.610290722561067E-5,1.80081963652099E-4,0.03259969873234817,1.0173631640773614E-4,4.35253218276936E-4,6.874412007992233E-5,1.0579415548999768E-4,0.001033387951581776,6.946222761426662E-5,0.02775957802396724,0.004640710492666548,0.009926813091689383,6.752488339465769E-5,9.258391290839805E-4,1.0,1.5674605422723542E-4,0.001108928551475752,0.0036874806155674966,1.6980612702459643E-4,6.065999898925641E-5,0.009530670930747583,5.652142604928914E-4,1.6861388051220996E-4,0.0011212603317378178,7.173209685308996E-5,4.067079929206147E-5,1.8650417079762098E-5,2.177661978343689E-5,0.011481604086368257,5.3868097511280754E-5,8.268783380728015E-5,5.948891536376454E-5,1.1447016462219274E-4,9.540360394943821E-5,8.65063188112716E-4,9.579939610121188E-4,6.350662863235086E-5,2.984769867823244E-4,0.0017922811182949116],[7.537427135324602E-4,0.0013332298822317833,0.0013286703377597675,2.732821925722097E-4,0.0019430236035331938,7.365926414127852E-4,0.0012849054016050156,0.001955579611931574,4.185665094728929E-4,0.0013604522960706505,0.0010776226477427725,7.075973841294394E-4,0.0158140801999675,7.921701263540472E-4,0.015783861105995178,0.006690669106570874,0.00553687103473073,6.717930407468169E-4,0.0011337719476404926,1.5674605422723542E-4,1.0,0.0013032616178559081,0.020139935656562528,0.0012956083321805543,6.462158505186417E-4,0.011161020322306626,0.0015884295739033937,0.0021702237138339253,0.0011867769613526041,5.388775231390851E-4,0.0011029452004776238,2.0023620864324327E-4,8.256319790325627E-4,0.010971658195244859,0.0011739456760465278,2.1614427846157377E-4,6.766079656436969E-4,0.0012567254205465448,4.2904210280093826E-4,0.0011170116958358826,0.0019082877847768406,6.319661847673794E-4,6.731416457936801E-4,0.001894937023620302],[6.075780519493962E-4,4.3504302598036014E-4,0.0012861280288032839,0.001021161052907448,0.0027386991279363874,2.022411275779427E-4,9.617681251961757E-4,0.08833940813998174,9.353842099659484E-4,0.0014123642258680987,7.48085028233204E-4,9.77557421378853E-4,0.01715088773480311,0.0011987954666860517,0.005616248423941764,0.006878042078454337,0.002673696582231728,1.7512392709718386E-4,0.001127879667783323,0.001108928551475752,0.0013032616178559081,1.0,0.016707010888405264,7.189373392346531E-4,0.0011199355884127095,0.0030671002233117663,0.005127772266358155,0.0016886789463277797,0.001202771192705299,7.025134605411053E-4,7.744734613354166E-4,0.0010697008730781643,6.353364632729262E-4,0.021071452136038834,1.69640000493595E-4,5.071685805144621E-4,0.0011373496678680447,9.764710749031479E-4,0.0011413582724251368,0.0011032013307593186,0.002093135546245212,5.298297467788494E-4,9.640858623962154E-4,0.0022952285162277965],[0.013717599561630482,0.012718867363878452,0.02095332523352631,0.011028369940691342,0.019376446525314027,0.021431633425159736,0.021410059252748703,0.04051627096718354,0.02449381651667201,0.010509320285925026,0.014394878937282985,0.022437404685067237,0.023317186355046166,0.024055291163686727,0.028855960564858698,0.025881238875394043,0.02460713501312061,0.0025573474304566705,0.004543916842697662,0.0036874806155674966,0.020139935656562528,0.016707010888405264,1.0,0.006957108591003801,5.48130266532911E-4,0.019624246680303034,0.011782613213666727,0.026126647250284185,0.004922687732453221,0.006342164216535387,0.025140442296017793,0.014382340390375885,0.011800400931858898,0.024838343566538804,0.016144097169053614,0.014607519805143089,0.017903012503850128,0.013688904778477765,0.01752117058590937,0.024596468563829688,0.0034504850881398315,0.01299751827791251,0.010709773792362206,0.01745337680092159],[1.143166986017153E-4,9.08434653569956E-5,4.060963404987491E-4,1.577625354159976E-4,0.0023705089489641385,1.4901223503001684E-4,1.7697428189848176E-4,0.07136610205059983,1.5254344721891483E-4,0.0013185240695875828,4.57654436159056E-5,1.416560776801916E-4,0.0037737277974248923,1.6469360369738537E-4,0.013631603203322046,0.006530710149096551,0.004408333792085306,1.7284547405255627E-4,6.551606698024617E-4,1.6980612702459643E-4,0.0012956083321805543,7.189373392346531E-4,0.006957108591003801,1.0,5.165824829746256E-5,0.011504021070997754,0.002013215702606722,5.099408265825334E-4,1.8656241650534232E-4,1.5897458151432713E-4,3.509010040217132E-5,1.548983343243421E-4,1.7435813533826279E-4,0.005693795473624777,2.5741061286059208E-5,1.4466144082489384E-4,1.2670352465947056E-4,1.2206669488906231E-4,1.7548416735741493E-4,7.771919880315291E-4,0.001895713098584745,1.2560470363463195E-4,2.2465615389997935E-4,0.003991295115415836],[1.3267516079461335E-5,4.119068748856838E-5,9.600942763304003E-4,8.139799620963855E-5,0.001339209147495121,5.919176030870804E-5,1.3464560875102636E-4,0.043743267213881505,4.835885378425946E-5,2.3903595391807928E-4,3.8071768568502754E-5,4.524035176723949E-5,0.01049974809112343,2.872673715274265E-5,0.005175313861840937,0.01860814132640412,0.003191776562620443,4.459075094520246E-5,6.115766589183801E-4,6.065999898925641E-5,6.462158505186417E-4,0.0011199355884127095,5.48130266532911E-4,5.165824829746256E-5,1.0,0.012163551657302239,0.0016881276236314008,7.292869698769666E-4,5.417590145620164E-4,5.5010396413413776E-5,2.996264298179933E-5,3.19383645429356E-5,1.531267729828046E-5,0.01630704455668583,2.3329737363903632E-5,6.759242606712024E-5,3.922099349191454E-5,5.1665087512393444E-5,9.677978038486913E-5,1.998375055882967E-4,0.0011085225893292033,3.8407437930144486E-5,2.0193133565893462E-4,0.0017782039656209744],[0.008562450712123772,0.005808168455025593,0.002011036159254261,0.005783491726265185,0.008183505720536858,0.008390554516428613,0.009372719116836325,0.04889555264020061,0.004433822391425298,0.011798548755696572,0.010354354933943143,0.006698972617380906,0.014923742325608391,0.011738350896605482,0.031011622712560697,0.021045381543298165,0.013780470506509494,5.062506233861521E-4,0.003042259667592441,0.009530670930747583,0.011161020322306626,0.0030671002233117663,0.019624246680303034,0.011504021070997754,0.012163551657302239,1.0,0.011738756844893138,0.011146046749041724,0.009069942901241492,0.011365113416410881,0.0014156140118762302,0.011915844917443966,0.005603094160098347,0.021241000079202585,0.004523365804794992,0.0013114860588798142,0.0044237289574720106,0.010140921541628987,4.0999447743437535E-4,0.005197702038805264,0.007823922568480204,0.006728659372959543,0.007720934036555632,0.010703524713949399],[0.003237015207580721,0.0013325279985632703,0.002011414548796239,0.001012122179015249,0.005235390200741796,0.004402284132573062,0.003232949378952211,0.012566746686607868,0.002707825664163511,0.002891881776223861,0.0037421178242177415,0.0015818293847183129,0.009395542490069995,3.8537550755517847E-4,0.025802332182997576,0.014733437429012348,0.013168258671497533,0.004018940528374026,0.0030121339496686507,5.652142604928914E-4,0.0015884295739033937,0.005127772266358155,0.011782613213666727,0.002013215702606722,0.0016881276236314008,0.011738756844893138,1.0,0.004214115267801917,0.001368255661079165,0.0012590466265555646,0.003556319961545482,0.004637359145529517,8.375684668837063E-4,0.016642275030857946,0.001961984775453462,0.001545829732351559,0.0017809889605350352,9.018922713857285E-4,0.0017478420679172474,0.005119485031955326,0.003882751240321128,0.0032814429942643135,0.003589104952694805,0.004423934478801245],[0.0016646281183890549,5.766729965911039E-4,0.0021458877727418392,0.0013465902922127394,0.00232487820021113,0.001819544699164431,8.179551111757601E-4,0.03146093022831085,3.482029756372813E-4,0.0016206410015563333,9.211762162770906E-4,0.001629948479363311,0.011423779377214538,0.0012651526970467854,0.002812752110297981,0.019193910878601672,0.012602017824179086,7.058139968481988E-4,0.0018540952569103433,1.6861388051220996E-4,0.0021702237138339253,0.0016886789463277797,0.026126647250284185,5.099408265825334E-4,7.292869698769666E-4,0.011146046749041724,0.004214115267801917,1.0,0.0020889203435612846,0.0017624283060392642,0.001978230511022083,0.0018818287537882626,4.6197392200815533E-4,0.020093147978050244,7.397766805607829E-4,0.0014448680951723056,7.309985745586612E-4,8.474908021137719E-4,6.444671762826655E-4,0.0020412518656578583,0.0022516223830740057,0.0014355039073463253,6.620475126276577E-4,0.0023451724110514056],[2.4097766161852268E-4,6.579233118977402E-4,0.0013195375167264554,2.1875706092741273E-4,0.0028781930042428455,9.51561113810625E-4,2.911578151277302E-4,0.07886530610796352,8.577227892877281E-4,0.0011756608081403793,0.0010631575811488063,6.64851393107776E-4,0.013446942249344413,6.870363341470516E-4,0.024908525264394778,0.004551644354681037,0.005669301058762647,9.272848014259214E-4,0.00112704765809701,0.0011212603317378178,0.0011867769613526041,0.001202771192705299,0.004922687732453221,1.8656241650534232E-4,5.417590145620164E-4,0.009069942901241492,0.001368255661079165,0.0020889203435612846,1.0,3.118271655804211E-4,1.4012344281243665E-4,0.0011554958930786129,9.221324265600831E-4,0.007190537612004364,9.364746022707015E-4,9.11016862789907E-4,8.151497612813434E-4,1.8683000745436384E-4,0.0010966103400092333,0.001140364036830452,0.0016182588864206663,3.0376068775923767E-4,8.483020230368589E-4,0.0018182445893987831],[3.9043034572239255E-5,7.055447554863732E-5,0.001155834109636052,7.817581881428753E-5,0.002428924193152445,7.434222519692623E-5,1.5287876922022618E-4,0.085243370058827,9.796889212364745E-5,2.4070236470869442E-4,5.194021442334312E-5,1.2122630641868924E-4,0.008379100471714616,6.442962121288242E-5,7.66412184119982E-5,7.757179698066355E-4,0.004573616243861273,6.17537605621875E-5,2.6863625308601324E-4,7.173209685308996E-5,5.388775231390851E-4,7.025134605411053E-4,0.006342164216535387,1.5897458151432713E-4,5.5010396413413776E-5,0.011365113416410881,0.0012590466265555646,0.0017624283060392642,3.118271655804211E-4,1.0,4.726453351398517E-5,5.2885331641995915E-5,5.816939902531727E-5,6.795702114907183E-4,6.432820389300618E-5,9.368467963732696E-5,6.124004888444924E-5,7.663630510597606E-5,1.1790576800205578E-4,4.048000764893261E-4,0.0019345571323842268,4.801131378803058E-5,1.0744170078879812E-4,0.003607467628925645],[1.777394847611672E-5,3.762139837951002E-5,9.280804341727721E-4,9.345849377240138E-5,0.0029126742724283326,9.526894185653372E-5,9.146080031571631E-5,0.015095295069033713,9.472447443981037E-5,9.050700598224121E-4,3.2530549429645825E-5,4.8423171050623054E-5,0.013752489827448438,2.694249437284893E-5,9.025904317847453E-4,0.007941537018385911,0.0015424935717960318,4.908438183778659E-5,5.630701071041136E-4,4.067079929206147E-5,0.0011029452004776238,7.744734613354166E-4,0.025140442296017793,3.509010040217132E-5,2.996264298179933E-5,0.0014156140118762302,0.003556319961545482,0.001978230511022083,1.4012344281243665E-4,4.726453351398517E-5,1.0,1.7195057146713028E-5,1.6076543609174785E-5,0.00836646399543972,2.2414151165049597E-5,5.927110292643106E-5,3.2605877936679136E-5,6.976138610973007E-5,8.516154064856695E-5,8.039918679663646E-4,0.0018597728472857567,3.0482486743790642E-5,2.2685648431909654E-4,5.740925223030078E-4],[1.2488701532143798E-5,3.262583199709659E-5,8.048611895807836E-4,1.0826259871897924E-4,0.0020575653388579017,4.290315905812589E-5,1.0573644765222675E-4,0.001806646262868011,5.74169228946949E-5,7.944793892456238E-4,1.5501087408946925E-5,7.230711279039714E-5,0.018425267803330297,2.378129893130724E-5,0.028322487706916494,0.008364077941951672,0.012406733670022261,5.3694909440873965E-5,3.9666854525988255E-5,1.8650417079762098E-5,2.0023620864324327E-4,0.0010697008730781643,0.014382340390375885,1.548983343243421E-4,3.19383645429356E-5,0.011915844917443966,0.004637359145529517,0.0018818287537882626,0.0011554958930786129,5.2885331641995915E-5,1.7195057146713028E-5,1.0,1.2024279082905122E-5,7.419550767923419E-4,1.5139661376607382E-5,9.729880788620016E-5,2.1649039090951568E-5,1.027885064904081E-4,6.80503490085363E-5,4.940209453498627E-4,4.629606009974654E-4,1.540607300574402E-5,1.3673514384908057E-4,0.0027612910889699377],[1.0917940494889296E-5,2.651644117361494E-5,9.325317062477531E-4,8.678681657765831E-5,9.726206894471636E-4,6.892632641873977E-5,1.127573034792471E-4,0.0669488287042592,1.0500992967252688E-4,0.0011097711766301982,1.1849776859822146E-5,9.276608479386376E-5,8.743439544378514E-4,1.1141013316473748E-5,9.216081160331266E-4,0.002869921015303627,0.00853028700599489,2.2025109441112755E-5,3.547912060969433E-4,2.177661978343689E-5,8.256319790325627E-4,6.353364632729262E-4,0.011800400931858898,1.7435813533826279E-4,1.531267729828046E-5,0.005603094160098347,8.375684668837063E-4,4.6197392200815533E-4,9.221324265600831E-4,5.816939902531727E-5,1.6076543609174785E-5,1.2024279082905122E-5,1.0,0.01976732763908757,1.8484119615244285E-5,6.361934708118477E-5,3.3621674547832436E-5,5.106209340611838E-5,1.5005464300715866E-4,5.094067097913535E-4,8.930837583892523E-4,3.3721575130804795E-5,2.8820012348733994E-4,2.395246602944194E-4],[0.011791612017205464,0.019691755234426785,0.0021724825045900927,3.136343453106239E-4,0.016676914870786978,0.010280758861124591,0.020014911941926124,0.08454086321372722,0.004034843738641183,0.01716708916347727,0.017293787104696673,0.01617632186941713,0.021615850868979842,8.601424903170549E-4,0.02949013077312476,0.021536851893274794,0.014123271360125944,0.012050293102583078,0.0028815146702340865,0.011481604086368257,0.010971658195244859,0.021071452136038834,0.024838343566538804,0.005693795473624777,0.01630704455668583,0.021241000079202585,0.016642275030857946,0.020093147978050244,0.007190537612004364,6.795702114907183E-4,0.00836646399543972,7.419550767923419E-4,0.01976732763908757,1.0,5.730565401995443E-4,0.010170488818442652,0.0010702505151455907,0.012182393252950986,5.437784967651711E-4,0.012874708936101875,0.015723452206858685,0.013422158420232136,0.002340087229139246,0.015680466826395362],[1.1513994104298959E-5,4.8449842105326E-5,0.0010832578893185838,9.932701097896036E-5,0.0019563975246287713,3.3769490109574156E-5,1.660771802883009E-4,0.052276146147154465,9.559223172129823E-5,9.75634564051499E-4,2.7194995259813925E-5,8.867729633558757E-5,0.012604321774750547,2.565884399078717E-5,0.026630062678762757,0.015230242836269049,0.007096985463521474,2.8837942932169183E-5,6.157781115415024E-4,5.3868097511280754E-5,0.0011739456760465278,1.69640000493595E-4,0.016144097169053614,2.5741061286059208E-5,2.3329737363903632E-5,0.004523365804794992,0.001961984775453462,7.397766805607829E-4,9.364746022707015E-4,6.432820389300618E-5,2.2414151165049597E-5,1.5139661376607382E-5,1.8484119615244285E-5,5.730565401995443E-4,1.0,8.27814560719486E-5,2.953208475784552E-5,4.3478374672484206E-5,5.547093782860045E-5,5.735459035199371E-4,0.0019966771105064483,2.8381546537741196E-5,7.267779143484013E-5,1.8460179004386846E-4],[9.767060016646774E-5,7.324795728186832E-5,0.0012819986691388198,1.2239539572058978E-4,0.0032154675350991387,1.150411850463025E-4,1.4915460766012185E-4,0.013197790560813938,1.1052598474569771E-4,1.396070889450606E-4,9.328371249594889E-5,1.203119421216692E-4,0.008424806161906672,2.9935761259356812E-5,0.006019850731908702,0.004617862641746848,0.007967091791843555,1.0732021017069657E-4,4.3690415942185745E-4,8.268783380728015E-5,2.1614427846157377E-4,5.071685805144621E-4,0.014607519805143089,1.4466144082489384E-4,6.759242606712024E-5,0.0013114860588798142,0.001545829732351559,0.0014448680951723056,9.11016862789907E-4,9.368467963732696E-5,5.927110292643106E-5,9.729880788620016E-5,6.361934708118477E-5,0.010170488818442652,8.27814560719486E-5,1.0,1.1116690924751646E-4,1.1631171846977753E-4,1.32770627092146E-4,6.256818353943312E-4,2.3303908836724464E-4,1.0974978476381109E-4,2.0463157739842517E-4,0.002686399730127595],[3.3326692292624905E-5,4.627176322564587E-5,0.0013090602255667909,7.240492458803754E-5,0.0027538445938686865,7.629396880543797E-5,8.576473941216895E-5,0.07694722701383468,9.62571345583215E-5,1.2122218855549782E-4,3.418944255642515E-5,1.1685262235936183E-4,0.005318541983234451,3.2514360718187166E-5,0.02080794008527675,0.0018447208214453351,0.005769079128163975,5.7141876476274466E-5,4.893169711654209E-4,5.948891536376454E-5,6.766079656436969E-4,0.0011373496678680447,0.017903012503850128,1.2670352465947056E-4,3.922099349191454E-5,0.0044237289574720106,0.0017809889605350352,7.309985745586612E-4,8.151497612813434E-4,6.124004888444924E-5,3.2605877936679136E-5,2.1649039090951568E-5,3.3621674547832436E-5,0.0010702505151455907,2.953208475784552E-5,1.1116690924751646E-4,1.0,3.870078019019354E-5,7.770739769035564E-5,9.142847709151628E-4,4.880938818307051E-4,3.64540187757991E-5,1.8976660749015785E-4,0.004029883332681259],[1.0461062475166769E-4,1.0933885585460025E-4,4.8420943836277494E-4,1.2155441809834762E-4,0.0014556542420460735,1.134824937695783E-4,1.5018172169997676E-4,0.00843340239958224,1.133099158451862E-4,0.0013626202400338302,1.1506142278470123E-4,1.2108116847883408E-4,0.0036935889331688723,3.359729380237108E-5,0.0027409546481673122,0.01753022523644928,0.008506938580465733,9.403695180889788E-5,4.263589973226944E-4,1.1447016462219274E-4,0.0012567254205465448,9.764710749031479E-4,0.013688904778477765,1.2206669488906231E-4,5.1665087512393444E-5,0.010140921541628987,9.018922713857285E-4,8.474908021137719E-4,1.8683000745436384E-4,7.663630510597606E-5,6.976138610973007E-5,1.027885064904081E-4,5.106209340611838E-5,0.012182393252950986,4.3478374672484206E-5,1.1631171846977753E-4,3.870078019019354E-5,1.0,1.5769116613740592E-4,9.474398923531392E-4,0.0016337101721647527,8.645978986308842E-5,1.3567962898512932E-4,0.001094338200543037],[8.480859667152399E-5,1.501987961343082E-4,5.869394109348852E-4,1.724765070857649E-4,0.003691693203513476,1.7243124340788E-4,1.7689438702940373E-4,0.06852453465164678,1.6171989279152284E-4,0.0011704186778594562,1.4868258358786648E-4,1.3209076617369975E-4,0.011435866933313988,3.756127104588939E-5,0.016507601126742887,0.021155976924519395,0.002316936267708871,1.6741293183624248E-4,5.463218863054019E-4,9.540360394943821E-5,4.2904210280093826E-4,0.0011413582724251368,0.01752117058590937,1.7548416735741493E-4,9.677978038486913E-5,4.0999447743437535E-4,0.0017478420679172474,6.444671762826655E-4,0.0010966103400092333,1.1790576800205578E-4,8.516154064856695E-5,6.80503490085363E-5,1.5005464300715866E-4,5.437784967651711E-4,5.547093782860045E-5,1.32770627092146E-4,7.770739769035564E-5,1.5769116613740592E-4,1.0,8.116724785624308E-4,0.0020126011272608556,5.656255517401665E-5,1.785226932515149E-4,0.0019904378510302496],[8.843732940884694E-4,7.901410465431578E-4,0.0011899631588828897,8.216185597051779E-4,0.0037958418155844666,2.59721639920887E-4,7.024455954862853E-4,0.0883083349329371,8.970991258547565E-4,0.0011776364236248482,5.191736153080002E-4,9.622971933093246E-4,0.0038202307740781627,3.203858031634439E-4,0.019770016883419422,0.019202170834657535,0.012550625425763602,2.2507695965628816E-4,0.0010734647352792339,8.65063188112716E-4,0.0011170116958358826,0.0011032013307593186,0.024596468563829688,7.771919880315291E-4,1.998375055882967E-4,0.005197702038805264,0.005119485031955326,0.0020412518656578583,0.001140364036830452,4.048000764893261E-4,8.039918679663646E-4,4.940209453498627E-4,5.094067097913535E-4,0.012874708936101875,5.735459035199371E-4,6.256818353943312E-4,9.142847709151628E-4,9.474398923531392E-4,8.116724785624308E-4,1.0,0.0019737641062197355,8.30240861545507E-4,4.807513006327925E-4,0.0030861685862277766],[6.405391719886782E-4,0.0010708639901959413,0.0019126576391014969,6.347088297890463E-4,0.0026271084927502607,0.0012537586925976433,2.9279306507948316E-4,0.0565379766623712,0.0010719310975561916,0.001815204351357236,0.0012158684457575447,0.0017864675529033422,0.013686596590797162,6.557203141476691E-4,0.03096807976961577,0.002568955438085085,0.012498596155451631,0.0015573352748086727,0.0016324104623370618,9.579939610121188E-4,0.0019082877847768406,0.002093135546245212,0.0034504850881398315,0.001895713098584745,0.0011085225893292033,0.007823922568480204,0.003882751240321128,0.0022516223830740057,0.0016182588864206663,0.0019345571323842268,0.0018597728472857567,4.629606009974654E-4,8.930837583892523E-4,0.015723452206858685,0.0019966771105064483,2.3303908836724464E-4,4.880938818307051E-4,0.0016337101721647527,0.0020126011272608556,0.0019737641062197355,1.0,0.0017746514494855323,0.0012653116880493045,0.0036720454541081513],[2.1505269756870072E-5,4.254843647642245E-5,1.253495820442233E-4,4.298234527671779E-5,0.00341152929449232,7.603975540455856E-5,1.747674656186881E-4,0.05316497316401425,8.181894695611726E-5,4.1545270526409785E-4,3.631905764446498E-5,1.1896806062400571E-4,0.01017375369953245,3.0783504664492555E-5,0.02497112169920242,0.012660309354697957,0.006798271602290583,5.879902780112157E-5,9.367026287594326E-4,6.350662863235086E-5,6.319661847673794E-4,5.298297467788494E-4,0.01299751827791251,1.2560470363463195E-4,3.8407437930144486E-5,0.006728659372959543,0.0032814429942643135,0.0014355039073463253,3.0376068775923767E-4,4.801131378803058E-5,3.0482486743790642E-5,1.540607300574402E-5,3.3721575130804795E-5,0.013422158420232136,2.8381546537741196E-5,1.0974978476381109E-4,3.64540187757991E-5,8.645978986308842E-5,5.656255517401665E-5,8.30240861545507E-4,0.0017746514494855323,1.0,8.073491211938762E-5,6.604203906832739E-5],[1.7131184692108285E-4,5.932593498316484E-5,4.382506915453553E-4,1.3261101271025354E-4,0.0030137992119807873,2.00378241052258E-4,2.1111567644376878E-4,0.03903619343572662,3.074716568052183E-4,3.7100589552323477E-4,2.364061015463991E-4,1.3444026188716714E-4,0.004594432271532944,2.713299585420624E-4,0.021452185058760873,0.005146415371454559,0.013239253455228672,3.090827273130597E-4,3.874938795072657E-4,2.984769867823244E-4,6.731416457936801E-4,9.640858623962154E-4,0.010709773792362206,2.2465615389997935E-4,2.0193133565893462E-4,0.007720934036555632,0.003589104952694805,6.620475126276577E-4,8.483020230368589E-4,1.0744170078879812E-4,2.2685648431909654E-4,1.3673514384908057E-4,2.8820012348733994E-4,0.002340087229139246,7.267779143484013E-5,2.0463157739842517E-4,1.8976660749015785E-4,1.3567962898512932E-4,1.785226932515149E-4,4.807513006327925E-4,0.0012653116880493045,8.073491211938762E-5,1.0,0.002088018873726679],[3.83166298282485E-4,0.003632182159775251,0.003425658141564151,0.003951798439457804,0.004256694702078124,0.0016673347908461563,3.183637980210129E-4,0.06105967738230327,0.0016498716592985283,0.0033553768571090224,0.0011689646505795629,0.003310883268508532,0.01780018187391602,0.0027994524021847746,0.014146413961778875,0.011225880336255174,0.008873566832237697,0.0016930536124474232,0.001838804899893362,0.0017922811182949116,0.001894937023620302,0.0022952285162277965,0.01745337680092159,0.003991295115415836,0.0017782039656209744,0.01070352471394939