[[1.0,1.4382107657755905E-4,2.542755015793166E-5,0.0011554302131212542,7.560534162990487E-4,9.044452987058114E-5,2.0394473156959097E-4,1.1081206001192098E-4,1.364201624385348E-4,0.01395904502001684,1.3856016123595208E-4,6.098982912132079E-5,1.3326818119028944E-4,1.280443047176036E-4,0.016844843990558193,8.286032389074016E-4,9.832652138973567E-5,8.911733586766881E-4,4.43535214060339E-4,0.003750685522997081,8.663027912321456E-5,9.627416772468158E-4,4.0875905098036E-4,1.3232596511828515E-4,9.059785276222359E-5,3.046867528728632E-4,1.0441179099147984E-4,2.665467784132893E-4,0.006077901345094233,0.001988587737124761,1.8506924272872273E-4,2.948506604278957E-4,3.012515864111297E-5,0.002036612897069123,4.6545459175722104E-4,0.00495896308472527,0.01742783972649371,1.2685290917156228E-4,6.623580480926049E-5,2.837079520634465E-4,1.1826254439938217E-4,6.94739231448642E-5,9.026604925473621E-4,1.4174993693861303E-4,1.3336128463969175E-4,4.242344970633572E-5,0.005088700810144489,7.071578151296089E-4,4.915347645249226E-4,0.0015363363967478424,5.13730517151166E-4,9.667570187646833E-5,3.1391788593828886E-4,0.00113222721745441,4.633135535794267E-4,2.0362425678970182E-4],[1.4382107657755905E-4,1.0,5.276453836238833E-5,2.897751611225394E-4,0.0012992768149064867,5.5223604528207776E-5,1.9078246204741117E-4,1.584376699521493E-4,1.5947743860471328E-4,0.013170568186025924,1.6820294314292517E-4,1.4106998945446784E-4,1.2689618614198332E-4,2.762388963441391E-5,0.0019481460778339246,4.563747969101457E-4,9.82202200339676E-5,5.672393291905958E-4,2.1303719947764852E-4,0.001800254662907999,2.779610734097481E-5,4.110621369868107E-4,2.913518426387605E-4,1.5591502335347637E-4,5.4024683751830955E-5,0.0011430280703807207,1.1788501089816272E-4,7.157366458698759E-4,0.0053402382145542,0.00152076752927015,0.002167811297988647,2.795300625926909E-4,1.222353518113359E-4,0.004058170628081904,3.2044838275098215E-4,0.0039064310973074496,0.006833245621260699,1.3923821482170084E-4,9.504495034302486E-5,3.389989668043499E-4,1.3310575856500688E-4,8.78485024242897E-5,0.0011318413756318648,2.0578967345749044E-4,1.3025841470967845E-4,6.216724015623857E-5,0.027116306931888986,0.0010211143589619097,2.3817285288858954E-4,0.0017807676688968018,0.0014499785590854817,1.118622784583053E-4,9.185807918278946E-4,8.444009535191543E-4,8.299519409088461E-4,1.7448511954480935E-4],[2.542755015793166E-5,5.276453836238833E-5,1.0,8.166168138776049E-4,9.62959310319399E-4,1.0415021128074258E-5,6.709417096613877E-5,8.012311919510213E-5,7.08259236341104E-5,0.012739972622465017,2.586935966495718E-5,1.928678534110346E-5,6.790947166621576E-5,1.0745669499936712E-5,0.005793034650385153,5.408286250064901E-4,1.4396151570755203E-5,6.759749342761321E-4,3.4742678404429766E-4,0.0016657254953530635,1.9663444158344867E-5,0.0010875824048229444,1.4403482040276287E-5,2.811103896692056E-5,1.1772537815703398E-5,1.3326835510423746E-4,1.0938486592253758E-5,6.242636271867213E-4,0.003439814499466437,0.0015958234803977315,6.080110482365818E-4,1.5946488316480082E-4,1.0801562679795397E-5,0.00409363252304741,3.5012746182037094E-4,0.0028348675672769013,0.0056676934645671995,1.0547623061639931E-4,1.062865291757748E-5,0.0010212526353573727,1.0695404099218126E-5,1.9219147173195695E-5,6.562094452633067E-4,2.1164571996419096E-4,1.0949718954788544E-4,1.2763049624809417E-5,0.015806050374819428,4.4045578631058654E-4,0.0029026014772645806,5.473360606214674E-4,2.7792368045281916E-4,1.1065312600848662E-5,8.351864969840645E-4,8.656663290119151E-5,9.127393951407724E-4,7.354053377536406E-5],[0.0011554302131212542,2.897751611225394E-4,8.166168138776049E-4,1.0,0.0019097742580892747,3.121624896717867E-4,0.0014451808842590103,8.269412834454449E-4,9.239955046979778E-4,0.019676075904847636,0.0010699864040948585,0.001578852947153326,0.00150787751937739,0.0012937138305327653,0.014675800197054674,0.0017445848231314048,0.0011964687461400796,0.00193270288196458,0.001519097541409797,0.004264867772518178,7.706784738383283E-5,0.001692218457374685,8.185071152249032E-4,0.001125734739981737,4.330961565557527E-4,0.0011815924505413718,0.001002964664744015,0.0010821200358097694,0.004607630062502696,0.002393534317002837,0.002743341403496212,7.023736217996778E-4,8.498176556104155E-4,0.004059637084563791,0.001909442343116581,0.005347721633605012,0.007237033725609142,9.528545009319318E-4,0.0017000507673077872,0.0020657527658236364,3.190267483032516E-4,0.0016141150826675971,0.0019422159236235522,8.483455054599223E-4,6.993352767647434E-4,0.0015208912322409855,0.01891929894534481,0.0019100292837256,0.002700046338460167,0.0021378284490663063,0.0015911953622689623,2.9494443757734887E-4,0.001800122950788725,0.0043045712684512,0.0017770262477624023,0.0011269037321194467],[7.560534162990487E-4,0.0012992768149064867,9.62959310319399E-4,0.0019097742580892747,1.0,2.8572097482906566E-4,9.83034596649776E-4,7.025388682128859E-4,9.869489356735426E-4,0.021910043594526463,0.0013121930086410483,0.0013045848408210282,1.5730627608380126E-4,4.6480129199020766E-4,0.009968249578464603,0.0016132376335559351,4.519736740463406E-4,0.0017760427905877773,0.001254603077816141,0.004390260050619916,1.0314389710821908E-4,0.001294356982966456,0.0010178528543593082,2.0775194177209637E-4,7.009523849782765E-4,0.001663472315646111,0.0015601941501335675,0.0015717518525628122,0.004538319537165466,0.0026608824544346486,0.0028291859946711065,4.354065473116312E-4,6.152705836849807E-4,0.0030333486957459313,0.0015728321747009973,0.002229582076634562,0.014152309007838884,0.0012667195843002199,0.0014652685267145308,0.0022065093811104055,8.717855116801295E-4,5.934251840925152E-4,0.0017943689197369801,4.713722757931388E-4,0.0011450956362761004,9.342330622489648E-5,0.00808227554669615,0.0016568135849911814,0.0026300072059400772,0.0019768419633823904,0.00168820392049409,0.001347031440659239,0.0017710607751892265,0.0035009802271994,0.0012072714328587042,5.199520694312242E-4],[9.044452987058114E-5,5.5223604528207776E-5,1.0415021128074258E-5,3.121624896717867E-4,2.8572097482906566E-4,1.0,1.1134147891822831E-4,1.4896078923743129E-5,1.399624105514621E-4,0.0102875666755415,1.261985229779975E-4,2.117149374171392E-5,7.522190793924766E-5,1.0751970724479583E-5,0.016383138787188237,0.0013471052912982576,2.72145118920567E-5,0.0013715689885054597,0.0010195259552397715,2.3786834496499005E-4,2.0768979836702828E-5,5.332809555488292E-4,6.612304827762252E-5,1.0297978291087394E-4,1.214553167358224E-5,7.321787132462648E-5,1.087693873456075E-5,3.131731919812019E-4,0.003587385084937999,0.0024767236228774563,0.003299364323818698,2.9842468973732903E-4,1.079344229917062E-5,4.391464121778922E-4,9.350307061601383E-5,0.0044872814943816425,0.006816253058680532,7.210236682820809E-5,1.1050589922262482E-5,5.434484092062502E-4,1.2568532487243478E-5,2.9898011654874745E-5,6.683074985282949E-4,1.0021943281194064E-4,1.1698630538958425E-4,1.0912239890170567E-5,0.028801878970653387,0.0010016807426338167,0.003371056946970122,7.915685744007614E-4,0.001107854267927893,1.283622955227986E-5,0.001027894090243582,0.002752176159054708,3.506044180831272E-4,1.955384474932982E-4],[2.0394473156959097E-4,1.9078246204741117E-4,6.709417096613877E-5,0.0014451808842590103,9.83034596649776E-4,1.1134147891822831E-4,1.0,1.254841839899942E-4,2.1205008915043563E-4,3.810798072873852E-4,2.129060142138492E-4,1.6922684682488026E-4,1.528899186252125E-4,1.339607028661608E-4,0.011181346699163833,0.0012059567220443913,1.580727276446472E-4,0.00115823822313859,4.0259111871345725E-4,0.0012504245200618625,1.0096317702651284E-4,6.397272274605052E-4,3.5808154447655195E-4,1.7307966748081907E-4,1.111592440540471E-4,6.874339233952449E-4,1.09179581123127E-4,4.462944588810396E-4,9.904351183101941E-4,0.0028011731849792196,6.469296196834468E-4,2.799369945427919E-4,1.1177311789268817E-4,0.0036915325682965144,6.556915614483645E-4,0.0019756548817252326,0.017641987510947702,1.576076650715924E-4,2.675433166307528E-5,4.965600562915784E-4,6.091468673297711E-5,1.8430000673992178E-4,0.0010133975488700602,2.3226433589712694E-4,1.2775366389479974E-4,1.9263429088884987E-5,0.025873626315300616,3.5853663370280487E-4,0.0031128704536307074,0.001837350093361469,9.870359776100795E-4,1.5976601774695483E-4,0.0014267931316235935,0.0029147143487570585,8.103485585337675E-4,2.9926595724167514E-4],[1.1081206001192098E-4,1.584376699521493E-4,8.012311919510213E-5,8.269412834454449E-4,7.025388682128859E-4,1.4896078923743129E-5,1.254841839899942E-4,1.0,1.563843262772945E-4,0.016961232259420575,1.1516629993239633E-4,5.7218878815377695E-5,1.0864116514275851E-4,7.182993035729993E-5,0.009090658864661635,0.0011941595147294353,6.841387827160992E-5,0.0014041575289015485,9.818687315647175E-4,0.003977273386933976,7.272388946461283E-5,1.9799634655562744E-4,2.3949042827674832E-4,1.2234470692145438E-4,5.572511668400653E-5,9.239000263639057E-4,5.873340727772029E-5,2.649963546500336E-4,0.0043329785352504945,0.0012408311843716236,9.960243540103027E-4,1.5829319383001657E-4,7.575917447524173E-5,9.938333799795153E-4,2.6916476566502304E-4,0.0031660425806242206,0.016618963957768674,1.1747142771577148E-4,5.1378683077063935E-5,7.322043676156586E-4,5.28558387721919E-5,6.536096681323843E-5,0.0017853590089147706,1.1417220704678934E-4,1.1411744312591794E-4,5.823026958391986E-5,0.028459404610420118,8.297886111497076E-4,0.0028964933314516482,4.4129363123513994E-4,0.0015349485049156045,9.52591414483586E-5,0.001190113166359528,0.004266557214431949,0.0010611764762993483,3.2162665583827376E-4],[1.364201624385348E-4,1.5947743860471328E-4,7.08259236341104E-5,9.239955046979778E-4,9.869489356735426E-4,1.399624105514621E-4,2.1205008915043563E-4,1.563843262772945E-4,1.0,0.011344734939066318,1.6454911901375913E-4,1.0442918204056283E-4,1.2274275567646233E-4,1.0435453027097475E-4,0.0014266523144537148,0.0014726261100857182,9.370745798687176E-5,0.0015210667169382602,3.579796275973116E-4,0.0026360676695365735,1.0085961901939395E-4,4.019883977777732E-4,2.4976779703813647E-4,1.434649430171777E-4,1.2874708374775067E-4,9.095071402346224E-4,4.758293661711159E-5,5.798203248070444E-4,0.004995661489050439,0.0011021320355123461,3.6603464348762213E-4,2.8091364077805403E-4,2.9043102207794006E-5,0.003632537966385509,5.021315802616536E-4,0.0061537265081686625,0.007510962752003967,1.425242887162163E-4,8.914031631282302E-5,0.0016187448140808965,7.2780827467507E-5,6.439895372213251E-5,0.0011078857007568415,1.6786238682132008E-4,1.3856943985896293E-4,1.1329931408489081E-4,0.01117512753717105,9.92442856012837E-4,0.0015044960255825301,0.0013426203464439726,0.0014467545746015492,6.154270695718438E-5,3.21496881611113E-4,2.4107263184323748E-4,7.306247448517058E-4,2.0832896425602152E-4],[0.01395904502001684,0.013170568186025924,0.012739972622465017,0.019676075904847636,0.021910043594526463,0.0102875666755415,3.810798072873852E-4,0.016961232259420575,0.011344734939066318,1.0,0.009600903329953853,0.005115898141727428,0.010353131846805483,0.0055014263711883424,0.021877041732160162,0.004107808009786327,0.01787730609995984,0.011706183162004096,0.0069875365513299235,0.00859744299625851,0.002523332600209105,0.010393712401188124,0.018476955711063663,0.017120067440488884,0.011615139731454126,0.01812598103630944,0.010547512617680152,0.009244422331216178,0.016971471181194367,0.014583354476595761,0.008269762235539737,0.011619836651921648,0.016212097434057136,0.012058959817366276,0.020739033937759416,0.021847634949330737,0.022040610288266278,0.008540613882896807,0.01509215865788547,0.010703092700771268,0.014281112831114592,0.004231023239618539,0.02147223701221526,0.013485876858002843,0.013438673993775966,0.003942763057857147,0.02955995953752124,0.009526723288256876,0.010697750246307612,0.013914519937456713,0.018700520237143487,4.836438298848692E-4,0.005131607251227321,0.021685338308532517,0.004212567567662128,0.005660335082937471],[1.3856016123595208E-4,1.6820294314292517E-4,2.586935966495718E-5,0.0010699864040948585,0.0013121930086410483,1.261985229779975E-4,2.129060142138492E-4,1.1516629993239633E-4,1.6454911901375913E-4,0.009600903329953853,1.0,6.152596446337823E-5,1.5520333377173548E-4,6.901301689492864E-5,0.013804865644685619,0.0011494670345416171,1.6814626165598343E-4,1.9241204516280707E-4,9.872386503344526E-4,0.005245514958136657,3.1889277603311126E-5,0.0012277138437509886,2.342902182080095E-4,1.32255170554825E-4,1.1674723983022417E-4,4.211434128609515E-4,1.647754086835895E-4,7.303078944858119E-4,0.0013724851718950578,0.0014509306942022107,5.582661809482402E-4,1.873094801721576E-4,1.397272756594635E-4,0.002014568886141308,2.6097748845952773E-4,0.0037614406561263945,0.018233249679098913,1.5062134726684883E-4,9.951181393306762E-5,0.0011660415642031977,1.142327764505099E-4,1.0769878543352726E-4,6.649643125508633E-4,1.97180129135806E-4,1.5346124943918372E-4,1.5748769334950768E-4,0.005185216347831971,2.3084698580146595E-4,0.0026462863158855207,9.660402362565117E-4,8.735259574800235E-4,1.4676578932067065E-4,0.0017709065126071796,9.290008206307999E-4,3.1349199677592704E-4,2.655774261113738E-4],[6.098982912132079E-5,1.4106998945446784E-4,1.928678534110346E-5,0.001578852947153326,0.0013045848408210282,2.117149374171392E-5,1.6922684682488026E-4,5.7218878815377695E-5,1.0442918204056283E-4,0.005115898141727428,6.152596446337823E-5,1.0,1.010537647192235E-4,1.5458886129459632E-5,0.003087754066030544,0.0011696735143796658,2.9177658896755064E-5,9.332166410717257E-4,1.9113310099373796E-4,6.150081182380245E-4,2.2120642872358525E-5,9.246119360937752E-4,1.3086306435847135E-4,2.4771374911556997E-5,1.5314672913874385E-5,9.147072638332715E-5,1.3279801867195136E-5,7.948878190124051E-4,0.0023092593230928807,0.0011567823993721014,0.002908226401867272,7.027480868326529E-5,1.4740422301159358E-5,0.0016690134547020516,5.653039351332609E-4,6.386775324609489E-4,0.01422001822134784,2.289560297468775E-5,2.158759054130256E-5,0.0014552460730975303,1.5698247444541583E-5,2.6846780974961055E-5,0.0017768491902300937,1.8285320734952657E-4,6.704419612084445E-5,1.7441770160004755E-5,0.038316092762404455,0.001351064519318006,0.0013884342213740198,0.0014435752110851718,0.0014624316227450536,2.1329394433050022E-5,0.00153917523529345,0.00444462645047791,3.6245832294230454E-4,1.5138446265621693E-4],[1.3326818119028944E-4,1.2689618614198332E-4,6.790947166621576E-5,0.00150787751937739,1.5730627608380126E-4,7.522190793924766E-5,1.528899186252125E-4,1.0864116514275851E-4,1.2274275567646233E-4,0.010353131846805483,1.5520333377173548E-4,1.010537647192235E-4,1.0,1.0571359661223808E-4,0.018252896502545184,7.747740245946072E-4,4.9510306928855736E-5,9.496086730300002E-4,2.4597985090545136E-4,0.0058305642269012225,2.775776382206301E-5,6.698078039074342E-4,3.50577164579779E-4,1.297312319655156E-4,6.020046196513146E-5,1.5031723124840255E-4,6.427027879107157E-5,1.579490284652904E-4,7.011511865475754E-4,0.002327335902631297,0.0033481003435487174,1.7835872540394036E-4,9.39317401604802E-5,0.0022036497859617104,2.4149839727193652E-4,0.005590133538047739,0.012635984242620336,1.1361310749075837E-4,5.500178456808838E-5,0.0010264331568191223,5.360023892762275E-5,7.725693599358324E-5,0.0017597526378091619,1.6352759944331238E-4,1.0933020396239554E-4,4.182263142406954E-5,0.036294269094624285,3.563540060452189E-4,0.0029528410064124295,0.0015806758063218972,0.0010296955200018345,9.151618776607231E-5,1.5784132365152884E-4,0.0013083064870798007,4.975427201241799E-4,2.1556809689641593E-4],[1.280443047176036E-4,2.762388963441391E-5,1.0745669499936712E-5,0.0012937138305327653,4.6480129199020766E-4,1.0751970724479583E-5,1.339607028661608E-4,7.182993035729993E-5,1.0435453027097475E-4,0.0055014263711883424,6.901301689492864E-5,1.5458886129459632E-5,1.0571359661223808E-4,1.0,0.006614337586005809,3.5690756453991645E-4,1.199741152547245E-5,0.0016909711564111003,7.037323372810978E-4,0.005855691669492755,1.5394430697687877E-5,3.8797252079486984E-4,1.8228012943511384E-5,1.0841464072065941E-4,1.2601373508718888E-5,7.968972873904842E-5,1.1429420683681762E-5,6.519216121630119E-4,0.004418540658264191,0.0015496642752051441,0.002525811480291438,1.327349276289473E-4,1.0968463370869033E-5,0.002936524707212098,1.4359595156970015E-4,1.1333845127058635E-4,0.0059212051077765894,8.297167029541607E-5,1.1071748439064545E-5,0.0012844749395571563,1.1527962634746871E-5,1.576747774010644E-5,9.918798990589633E-4,1.7719087929119381E-4,7.082328387522577E-5,1.1234953738545626E-5,0.027670954972331407,6.025447966345793E-4,0.0015730461153875704,3.717680634297765E-4,3.125028313527687E-4,1.5303148614372577E-5,6.157552204140256E-5,0.0029130859742271384,2.942248615292701E-4,1.3442579162709412E-4],[0.016844843990558193,0.0019481460778339246,0.005793034650385153,0.014675800197054674,0.009968249578464603,0.016383138787188237,0.011181346699163833,0.009090658864661635,0.0014266523144537148,0.021877041732160162,0.013804865644685619,0.003087754066030544,0.018252896502545184,0.006614337586005809,1.0,0.003925880203755218,0.016981457903246924,0.0027157986666735577,0.015798178372241938,0.010189070814513212,0.016266836127170965,0.019343847943077877,0.004888390427035799,0.01775458090060317,0.01037287214249163,0.008412798459672435,0.0022874408563636358,0.0010741558350850912,0.007956017541688848,0.017413202735049496,0.008919203805331236,0.009549469249592777,0.004824694462657029,0.020371680032093206,0.005942063055668522,0.012587820869686746,0.020596173223802767,0.008615704777575965,0.013834378889821034,0.009227027343851646,0.016400484621205823,0.018193331997531325,0.016831562916705248,0.006351202543723978,0.0037703587272186726,0.015075417233064697,0.032306852389758306,0.018215794130372713,0.008934805126911416,0.01770778486818943,0.013774822250707613,0.014620637830144636,0.017535602666133483,0.009845785233511007,0.002040301289788094,0.01837260420834265],[8.286032389074016E-4,4.563747969101457E-4,5.408286250064901E-4,0.0017445848231314048,0.0016132376335559351,0.0013471052912982576,0.0012059567220443913,0.0011941595147294353,0.0014726261100857182,0.004107808009786327,0.0011494670345416171,0.0011696735143796658,7.747740245946072E-4,3.5690756453991645E-4,0.003925880203755218,1.0,9.117544593252315E-4,0.0016986169228637256,0.001235953707729924,0.004066243012292435,9.556285599254117E-4,0.0014433370090320343,6.246837476948475E-4,7.206029103646284E-4,8.416882214473962E-4,0.0015037383207346852,2.3386798098883697E-4,0.0013921210300705123,0.0051000147571898195,0.0016776008795998938,0.004047016091086642,4.3209349650065476E-4,0.0013937595502008988,0.0034474356252548423,0.0011231655299057865,0.004909690065762271,0.012793813471249891,5.884934149324599E-4,7.126122352880579E-4,0.0017763335640489082,7.155173934445928E-4,7.575826632729014E-4,0.0018837177481551765,3.1983468062457126E-4,9.391608076893052E-4,5.306080280764432E-4,0.031114929533924172,0.0014773092764413288,0.0028315859467323255,0.0020519677898045985,0.0015424655843128002,0.0011711720444364465,0.0015964306725450236,0.0034153091909172578,0.0014887410486854231,0.001049666154000024],[9.832652138973567E-5,9.82202200339676E-5,1.4396151570755203E-5,0.0011964687461400796,4.519736740463406E-4,2.72145118920567E-5,1.580727276446472E-4,6.841387827160992E-5,9.370745798687176E-5,0.01787730609995984,1.6814626165598343E-4,2.9177658896755064E-5,4.9510306928855736E-5,1.199741152547245E-5,0.016981457903246924,9.117544593252315E-4,1.0,0.001746253026269869,2.0617642710535675E-4,0.004447557954327805,2.9162561190736516E-5,0.0011155550100895157,1.6489032296976245E-4,1.3079710921593728E-4,3.2352397527443476E-5,9.508301790072708E-4,2.824256253560785E-5,9.675716118685123E-4,0.0023753989480884926,0.001222005503127972,0.001991823815227728,7.180612998629259E-5,3.310547095956402E-5,4.917854146746334E-4,1.0968167365541477E-4,2.027814759628404E-4,0.01618868151996972,5.7331379588406576E-5,2.322437639176576E-5,0.0014550702880208875,2.0326543981032997E-5,3.504504214953127E-5,6.713719336308255E-4,7.834274741147393E-5,4.872111822422738E-5,3.135903726467044E-5,0.027415832246478703,9.732352558980593E-5,9.846219324209898E-4,0.0020314951802318983,1.0361002991056471E-4,2.3493441606551864E-5,0.0017793416945632806,8.738858949982059E-4,3.6668641614232065E-4,1.8899052565506537E-4],[8.911733586766881E-4,5.672393291905958E-4,6.759749342761321E-4,0.00193270288196458,0.0017760427905877773,0.0013715689885054597,0.00115823822313859,0.0014041575289015485,0.0015210667169382602,0.011706183162004096,1.9241204516280707E-4,9.332166410717257E-4,9.496086730300002E-4,0.0016909711564111003,0.0027157986666735577,0.0016986169228637256,0.001746253026269869,1.0,0.0015152200135454688,0.0042777452802922515,5.535436168068611E-4,0.0014968764601637945,0.00109403653861546,0.0013278482227459085,6.522906451291071E-4,0.001800035918988686,0.0012268873624606588,0.0015163645363561024,0.0036962286415571487,0.002209652764841674,0.0030360135113528274,4.7685120832554657E-4,1.97190576983814E-4,0.002210600997934491,0.0016691546495292702,0.002077034851497901,0.004076721785283129,0.0014301436742524926,5.783414947113245E-4,0.0020599885180694858,2.3869101156001412E-4,9.175508797311211E-4,0.001988359659075901,7.622073017872664E-4,2.918627403410048E-4,8.335243143082524E-4,0.008633956234430343,0.0016422976539809447,0.0026488196598915366,0.0021036567486777667,0.0015939636750555153,8.320996862845343E-4,0.0018478149523510855,0.00286041359669799,0.0017684476682585499,9.069284577784141E-4],[4.43535214060339E-4,2.1303719947764852E-4,3.4742678404429766E-4,0.001519097541409797,0.001254603077816141,0.0010195259552397715,4.0259111871345725E-4,9.818687315647175E-4,3.579796275973116E-4,0.0069875365513299235,9.872386503344526E-4,1.9113310099373796E-4,2.4597985090545136E-4,7.037323372810978E-4,0.015798178372241938,0.001235953707729924,2.0617642710535675E-4,0.0015152200135454688,1.0,0.006197003127954376,0.0010151138509051107,0.0012488747797096175,6.149276034569016E-4,1.6880070993443254E-4,5.593218301864364E-5,0.0010941787303565148,9.884713560126257E-4,0.0010363425796122688,0.0019006371869725695,0.0019324033385772518,0.0021602698284040748,8.770064597664546E-4,3.829310633723591E-4,0.0025939639079849064,8.924785573892718E-4,0.0020853212459825176,0.002239964946284166,6.608183710117221E-4,9.442857893044073E-4,0.0012447773372421989,2.3043484955715597E-4,2.875585941109484E-4,0.0014309857134604336,8.120109684488617E-4,4.820514256715819E-4,1.4021627246983204E-4,0.03899730997588622,0.001230289817444835,0.0024996861889275994,0.0019229098543174785,0.0012788933398278127,7.88170202155001E-5,0.0010811001101340243,0.0013119126736040494,0.0010665330494070563,9.054734413503056E-4],[0.003750685522997081,0.001800254662907999,0.0016657254953530635,0.004264867772518178,0.004390260050619916,2.3786834496499005E-4,0.0012504245200618625,0.003977273386933976,0.0026360676695365735,0.00859744299625851,0.005245514958136657,6.150081182380245E-4,0.0058305642269012225,0.005855691669492755,0.010189070814513212,0.004066243012292435,0.004447557954327805,0.0042777452802922515,0.006197003127954376,1.0,0.004498988070155252,0.0015947654650802629,0.0015148277076094797,7.520841165507975E-4,0.0017346083486866647,0.002509540983682477,0.0045098096081149725,0.005154625891569462,0.006492621219898067,0.004955463546354568,0.005824083148027824,0.005586567879958759,0.002070980076536809,0.005517190875881595,0.004284384497532788,0.006326770699994025,0.014047810240214462,0.0035560386175516163,0.0060644731265133344,0.003624560839269929,4.2169437623190757E-4,0.002808172678432617,0.0060915461091107835,0.004423785525354023,0.004027781822899766,0.005967874820957706,0.009655253352993937,0.004429172446242004,0.005418650804256908,0.002276141084847321,0.004954694207980305,0.002605864139723765,0.003505715765034954,0.0058379261974983495,0.0015370756366093231,0.0030311838026798616],[8.663027912321456E-5,2.779610734097481E-5,1.9663444158344867E-5,7.706784738383283E-5,1.0314389710821908E-4,2.0768979836702828E-5,1.0096317702651284E-4,7.272388946461283E-5,1.0085961901939395E-4,0.002523332600209105,3.1889277603311126E-5,2.2120642872358525E-5,2.775776382206301E-5,1.5394430697687877E-5,0.016266836127170965,9.556285599254117E-4,2.9162561190736516E-5,5.535436168068611E-4,0.0010151138509051107,0.004498988070155252,1.0,6.200764265033183E-4,1.9887209035057492E-4,9.433542330320612E-5,1.5105317471522597E-5,0.0011748164703573852,1.6830542120432614E-5,8.812601645955557E-4,0.005564436607280226,3.2291341630282395E-4,0.0026606869766555214,2.723349617178594E-4,1.1641193010228547E-5,0.0031390992737511583,4.197199371920403E-4,0.002695917556416861,0.01836693500038946,4.622367780725745E-5,1.3871589923770247E-5,0.002000835900541098,1.6118879495103363E-5,4.0079480708573486E-5,0.0017920431554474237,2.0998574385348956E-4,3.8883190579080566E-5,1.5156701364458072E-5,0.017515810921168315,8.045507392865219E-4,9.004797910020022E-5,0.0016923727407339812,0.0011132829259848135,1.6537320743121137E-5,1.7974003588656386E-4,0.004274947471219555,7.526198419405565E-4,1.0551316331720024E-4],[9.627416772468158E-4,4.110621369868107E-4,0.0010875824048229444,0.001692218457374685,0.001294356982966456,5.332809555488292E-4,6.397272274605052E-4,1.9799634655562744E-4,4.019883977777732E-4,0.010393712401188124,0.0012277138437509886,9.246119360937752E-4,6.698078039074342E-4,3.8797252079486984E-4,0.019343847943077877,0.0014433370090320343,0.0011155550100895157,0.0014968764601637945,0.0012488747797096175,0.0015947654650802629,6.200764265033183E-4,1.0,8.605049089734099E-4,0.0011189817623033953,5.991219804149312E-4,0.0012153653305303808,5.971265274517731E-4,0.001134950908839181,0.0064381701765434535,0.0014913792713551087,0.0036951349763851256,3.739294169604723E-4,4.967588703968665E-4,0.0031910496572929007,0.0011831048506145685,0.0019625992627598345,0.015441354538637063,7.734498159519023E-4,0.001205171149912497,0.0022331327205663064,6.818209867952312E-4,9.160769080832883E-4,0.001305459273591575,0.0010176883370716877,7.50079065917337E-4,2.8705881525497754E-4,0.03308921358944271,0.00136413212471048,0.002899757315688163,0.0014438225189039168,0.0014944801077439295,1.8941353118974292E-4,0.0016803440072394682,0.004198666553581871,0.0012756844079223895,8.242335729321359E-4],[4.0875905098036E-4,2.913518426387605E-4,1.4403482040276287E-5,8.185071152249032E-4,0.0010178528543593082,6.612304827762252E-5,3.5808154447655195E-4,2.3949042827674832E-4,2.4976779703813647E-4,0.018476955711063663,2.342902182080095E-4,1.3086306435847135E-4,3.50577164579779E-4,1.8228012943511384E-5,0.004888390427035799,6.246837476948475E-4,1.6489032296976245E-4,0.00109403653861546,6.149276034569016E-4,0.0015148277076094797,1.9887209035057492E-4,8.605049089734099E-4,1.0,2.466460795619746E-4,7.837586496665786E-5,8.744195481968494E-4,3.5209422915603687E-4,7.587118933987489E-4,0.004179837124280625,0.0025351555322083966,0.002577635100690498,4.077613495676956E-4,3.8409254756007264E-4,0.0012620431150327741,8.186780368557281E-4,0.0051960155760833425,0.0012319328644214188,2.7758112890462124E-4,7.073312030604647E-5,0.0021115002793359702,2.177106824387595E-4,3.582353194759827E-4,0.0010819247615581522,3.458558611555735E-4,3.6192187266829545E-4,3.746222140768528E-4,0.004014889250573425,7.137919836358755E-4,0.002117315699340738,8.366364948926297E-4,8.12099583216788E-4,3.4636324516667356E-4,0.0017525700390875567,0.0034013783766740375,7.315825703789437E-4,3.66742660388882E-4],[1.3232596511828515E-4,1.5591502335347637E-4,2.811103896692056E-5,0.001125734739981737,2.0775194177209637E-4,1.0297978291087394E-4,1.7307966748081907E-4,1.2234470692145438E-4,1.434649430171777E-4,0.017120067440488884,1.32255170554825E-4,2.4771374911556997E-5,1.297312319655156E-4,1.0841464072065941E-4,0.01775458090060317,7.206029103646284E-4,1.3079710921593728E-4,0.0013278482227459085,1.6880070993443254E-4,7.520841165507975E-4,9.433542330320612E-5,0.0011189817623033953,2.466460795619746E-4,1.0,8.471294181495656E-5,1.619157972648563E-4,7.880719700081196E-5,5.676601049680262E-4,0.0030760637829676386,0.0025216510447488316,0.0038308416075468997,2.1642737655865556E-4,4.128107397421948E-5,0.0032210659479643714,3.0402659215970787E-4,0.004994764341679739,0.014744856427297573,1.2393313498686474E-4,9.543161236053176E-5,9.191650222076911E-4,8.063978985998724E-5,8.870331131841601E-5,3.3772836570270274E-4,2.196868560609866E-4,1.2576261157991946E-4,5.063113061208574E-5,0.025411510929751562,3.404657517113156E-4,0.0010141290965802535,1.8264444045613503E-4,3.0502625059958434E-4,8.846320528120092E-5,0.0012372977796575927,0.0040063998617290535,3.878406642992636E-4,2.826400478416136E-4],[9.059785276222359E-5,5.4024683751830955E-5,1.1772537815703398E-5,4.330961565557527E-4,7.009523849782765E-4,1.214553167358224E-5,1.111592440540471E-4,5.572511668400653E-5,1.2874708374775067E-4,0.011615139731454126,1.1674723983022417E-4,1.5314672913874385E-5,6.020046196513146E-5,1.2601373508718888E-5,0.01037287214249163,8.416882214473962E-4,3.2352397527443476E-5,6.522906451291071E-4,5.593218301864364E-5,0.0017346083486866647,1.5105317471522597E-5,5.991219804149312E-4,7.837586496665786E-5,8.471294181495656E-5,1.0,3.837490373322515E-4,1.2596895809133248E-5,4.56281647149855E-4,0.0015778418005022918,2.9920538109891196E-4,0.002389921998265701,2.0215564293017113E-4,1.122737288492786E-5,0.002229811902914166,3.744474875577597E-4,2.4246644467477903E-4,0.014502743098480606,8.657116657575367E-5,1.1122452330268081E-5,9.70172528908401E-4,1.3540804515993612E-5,3.645450159472584E-5,5.1457783475385E-4,3.655019298403841E-5,6.939772253538261E-5,1.3712464016100158E-5,0.020741841679778675,8.028372163508637E-4,0.0013177961532756016,0.0018381980566289902,0.0010376342255050586,1.4076930296752094E-5,7.356845050607249E-4,9.278720653176377E-5,8.88859784218327E-5,2.8551712461891723E-4],[3.046867528728632E-4,0.0011430280703807207,1.3326835510423746E-4,0.0011815924505413718,0.001663472315646111,7.321787132462648E-5,6.874339233952449E-4,9.239000263639057E-4,9.095071402346224E-4,0.01812598103630944,4.211434128609515E-4,9.147072638332715E-5,1.5031723124840255E-4,7.968972873904842E-5,0.008412798459672435,0.0015037383207346852,9.508301790072708E-4,0.001800035918988686,0.0010941787303565148,0.002509540983682477,0.0011748164703573852,0.0012153653305303808,8.744195481968494E-4,1.619157972648563E-4,3.837490373322515E-4,1.0,1.4519317583402318E-4,0.001175313933969,0.0064214131056950325,0.0024477925016997163,0.0017910337023551363,9.973280930513527E-4,7.647531659747251E-5,0.0030922719332301335,8.779616914291245E-4,0.0019249212278303457,0.01811670240222255,5.747536663210836E-4,1.9049064996977367E-4,0.0016185362461774754,1.0701574336952726E-4,4.5271423189060785E-4,0.0012999376550968207,8.911126408479717E-4,9.589577793468856E-4,2.514893514434298E-4,0.003944306244944943,0.001255506021409618,0.003185042912419122,0.0012783337746513164,0.0013129568586361688,3.8983220878873766E-4,0.0013850553598683834,0.0034063675752879097,0.0011417070958494148,0.0010674710833493031],[1.0441179099147984E-4,1.1788501089816272E-4,1.0938486592253758E-5,0.001002964664744015,0.0015601941501335675,1.087693873456075E-5,1.09179581123127E-4,5.873340727772029E-5,4.758293661711159E-5,0.010547512617680152,1.647754086835895E-4,1.3279801867195136E-5,6.427027879107157E-5,1.1429420683681762E-5,0.0022874408563636358,2.3386798098883697E-4,2.824256253560785E-5,0.0012268873624606588,9.884713560126257E-4,0.0045098096081149725,1.6830542120432614E-5,5.971265274517731E-4,3.5209422915603687E-4,7.880719700081196E-5,1.2596895809133248E-5,1.4519317583402318E-4,1.0,8.850068094901031E-4,0.0024723949919966026,0.0011960869143428719,2.0744521262080608E-4,2.5747612533652775E-4,1.1226644468572393E-5,0.0011557206856850992,3.1533989029161743E-4,0.0031188889709468123,0.014580481218846171,8.713004036467546E-5,1.1435585953904322E-5,1.7882315727011592E-4,1.1443727760259454E-5,2.0746958789362094E-5,0.0012377546098728078,2.122712449461645E-4,7.893557766144238E-5,1.2236173355992665E-5,0.027792256941433738,1.7593912528077987E-4,1.193963272084425E-4,1.7407021997473533E-4,0.0013231678696721961,1.4211514953867493E-5,6.258885402274048E-4,0.0013289480936635677,1.6470437063997553E-4,3.234554261054812E-4],[2.665467784132893E-4,7.157366458698759E-4,6.242636271867213E-4,0.0010821200358097694,0.0015717518525628122,3.131731919812019E-4,4.462944588810396E-4,2.649963546500336E-4,5.798203248070444E-4,0.009244422331216178,7.303078944858119E-4,7.948878190124051E-4,1.579490284652904E-4,6.519216121630119E-4,0.0010741558350850912,0.0013921210300705123,9.675716118685123E-4,0.0015163645363561024,0.0010363425796122688,0.005154625891569462,8.812601645955557E-4,0.001134950908839181,7.587118933987489E-4,5.676601049680262E-4,4.56281647149855E-4,0.001175313933969,8.850068094901031E-4,1.0,0.0021518573579402166,0.0015123986818524676,0.0036087329611894222,3.6604601968158E-4,8.027100008020804E-4,0.00388865509718627,9.787894530471869E-4,0.0017887247084875796,0.009858742882131875,3.656701889080984E-4,3.473363018457736E-4,0.0012278270999599055,8.747860924027093E-4,4.606088641395657E-4,0.0014146496310551934,8.639535983096638E-4,4.0285286365641124E-4,2.588802730326165E-4,0.017972469300645697,0.0011538394397383326,0.0015355367162884145,0.0015472449875781453,0.0014901647958689421,2.5191842229384676E-4,0.0014554856906630422,0.003912625637663682,0.0010084583900780094,3.985477793500661E-4],[0.006077901345094233,0.0053402382145542,0.003439814499466437,0.004607630062502696,0.004538319537165466,0.003587385084937999,9.904351183101941E-4,0.0043329785352504945,0.004995661489050439,0.016971471181194367,0.0013724851718950578,0.0023092593230928807,7.011511865475754E-4,0.004418540658264191,0.007956017541688848,0.0051000147571898195,0.0023753989480884926,0.0036962286415571487,0.0019006371869725695,0.006492621219898067,0.005564436607280226,0.0064381701765434535,0.004179837124280625,0.0030760637829676386,0.0015778418005022918,0.0064214131056950325,0.0024723949919966026,0.0021518573579402166,1.0,0.005094109823146866,0.005808331906108972,0.00300939117175766,0.005616921321536631,0.006618282669285384,0.0014232422640711598,0.006694901594978158,0.013254072942776073,0.0028288013008504246,0.006612003523613871,0.005651827314060399,0.0065145583403436414,0.003274468081989122,0.002957312177476339,0.0022383764258974144,0.005229742242608888,0.0018047597069731308,0.034526489063882365,0.00478521112955967,0.0037445169407003135,0.005061643599650162,0.003489671429367112,0.004908014546142077,0.0051244187527728045,0.00612179448503196,0.00445883751941085,0.0020986912119583556],[0.001988587737124761,0.00152076752927015,0.0015958234803977315,0.002393534317002837,0.0026608824544346486,0.0024767236228774563,0.0028011731849792196,0.0012408311843716236,0.0011021320355123461,0.014583354476595761,0.0014509306942022107,0.0011567823993721014,0.002327335902631297,0.0015496642752051441,0.017413202735049496,0.0016776008795998938,0.001222005503127972,0.002209652764841674,0.0019324033385772518,0.004955463546354568,3.2291341630282395E-4,0.0014913792713551087,0.0025351555322083966,0.0025216510447488316,2.9920538109891196E-4,0.0024477925016997163,0.0011960869143428719,0.0015123986818524676,0.005094109823146866,1.0,0.003115388867733558,3.275795681597073E-4,0.0011505175453496563,0.003131292814459738,0.001963935462784873,0.004322866717058581,0.005746283609793141,0.0010884693048268403,0.0023453359159456726,0.002809656700646863,0.0010728775106881169,0.001345332461361,0.00248030513520674,0.00263478794658441,3.148657897106242E-4,0.002425015244052537,0.036218729303357115,0.002705562053414402,0.0029626601565656946,0.0024321181237884184,0.0024289954626953623,0.0019839627624469273,0.0022030044751740734,0.0033570964045574266,0.0027084580773107545,0.0024626635669750658],[1.8506924272872273E-4,0.002167811297988647,6.080110482365818E-4,0.002743341403496212,0.0028291859946711065,0.003299364323818698,6.469296196834468E-4,9.960243540103027E-4,3.6603464348762213E-4,0.008269762235539737,5.582661809482402E-4,0.002908226401867272,0.0033481003435487174,0.002525811480291438,0.008919203805331236,0.004047016091086642,0.001991823815227728,0.0030360135113528274,0.0021602698284040748,0.005824083148027824,0.0026606869766555214,0.0036951349763851256,0.002577635100690498,0.0038308416075468997,0.002389921998265701,0.0017910337023551363,2.0744521262080608E-4,0.0036087329611894222,0.005808331906108972,0.003115388867733558,1.0,0.001438848098114153,0.002946466544029702,0.004307577309757824,0.0014629132092120992,0.006109087067935254,0.007653614473676481,0.002696124719785309,0.002963110565591842,0.002811256531454286,0.0014754646140795241,0.0018777644390599291,0.0031874210863622925,2.647462671674642E-4,3.7711046136784155E-4,0.0032159396852349887,0.037468969864293836,0.0036246893868787187,0.0039514577974829775,0.0024401383055158536,0.002364928794001514,8.991068498547661E-5,0.0034446651468207383,0.004382508239251952,0.0011693611884862928,0.001859158091314735],[2.948506604278957E-4,2.795300625926909E-4,1.5946488316480082E-4,7.023736217996778E-4,4.354065473116312E-4,2.9842468973732903E-4,2.799369945427919E-4,1.5829319383001657E-4,2.8091364077805403E-4,0.011619836651921648,1.873094801721576E-4,7.027480868326529E-5,1.7835872540394036E-4,1.327349276289473E-4,0.009549469249592777,4.3209349650065476E-4,7.180612998629259E-5,4.7685120832554657E-4,8.770064597664546E-4,0.005586567879958759,2.723349617178594E-4,3.739294169604723E-4,4.077613495676956E-4,2.1642737655865556E-4,2.0215564293017113E-4,9.973280930513527E-4,2.5747612533652775E-4,3.6604601968158E-4,0.00300939117175766,3.275795681597073E-4,0.001438848098114153,1.0,7.385959292120629E-5,3.2692650608022705E-4,5.336126208027683E-4,0.00611092327372917,0.008880898666101016,1.8818430018378965E-4,2.7813355408120384E-4,0.002070389814389362,1.7779048865831636E-5,2.2849235241994575E-4,0.001402461566084097,2.4200545883874895E-4,2.35454804846473E-4,1.722106943753123E-5,0.02723194095363099,0.0010359652813600136,0.0021113771654657303,0.0020651790094391178,9.972689770403043E-4,2.3583868844929123E-5,9.708639871726767E-4,0.0018034581544855081,9.868595848229363E-4,3.1888885703028515E-4],[3.012515864111297E-5,1.222353518113359E-4,1.0801562679795397E-5,8.498176556104155E-4,6.152705836849807E-4,1.079344229917062E-5,1.1177311789268817E-4,7.575917447524173E-5,2.9043102207794006E-5,0.016212097434057136,1.397272756594635E-4,1.4740422301159358E-5,9.39317401604802E-5,1.0968463370869033E-5,0.004824694462657029,0.0013937595502008988,3.310547095956402E-5,1.97190576983814E-4,3.829310633723591E-4,0.002070980076536809,1.1641193010228547E-5,4.967588703968665E-4,3.8409254756007264E-4,4.128107397421948E-5,1.122737288492786E-5,7.647531659747251E-5,1.1226644468572393E-5,8.027100008020804E-4,0.005616921321536631,0.0011505175453496563,0.002946466544029702,7.385959292120629E-5,1.0,0.0028114392155295896,2.129883904168082E-4,0.004144744231754366,0.0018320895609433515,5.425511823207507E-5,1.1056521790812908E-5,7.602977411959304E-4,1.1224446305989495E-5,3.4098324325270204E-5,5.060460111152975E-4,2.289068575898232E-4,1.71180690235821E-5,1.2005764303835722E-5,0.029130717899996633,1.923697093495033E-4,0.0015543715047130562,0.0012038505127396537,0.0014506107006091477,1.343336845163328E-5,0.0016111218697926982,6.502532117957276E-5,7.410057592336387E-4,2.888120922970922E-4],[0.002036612897069123,0.004058170628081904,0.00409363252304741,0.004059637084563791,0.0030333486957459313,4.391464121778922E-4,0.0036915325682965144,9.938333799795153E-4,0.003632537966385509,0.012058959817366276,0.002014568886141308,0.0016690134547020516,0.0022036497859617104,0.002936524707212098,0.020371680032093206,0.0034474356252548423,4.917854146746334E-4,0.002210600997934491,0.0025939639079849064,0.005517190875881595,0.0031390992737511583,0.0031910496572929007,0.0012620431150327741,0.0032210659479643714,0.002229811902914166,0.0030922719332301335,0.0011557206856850992,0.00388865509718627,0.006618282669285384,0.003131292814459738,0.004307577309757824,3.2692650608022705E-4,0.0028114392155295896,1.0,0.0024924219573597955,0.004404294384447782,0.00522245851303536,0.0035704707980944413,0.0019948422094830253,0.0033225209588085966,0.0017440575493753703,0.0012732111580498156,0.002962467612700908,0.0013696581982953872,6.352198309908203E-4,7.165159937235358E-4,0.010842663493119697,0.003247322212176591,0.00379471413597