[[1.0, 0.11817278703431822, 0.4773716366485923, 0.1447941023794459, 0.6913036855949471, 0.7108619625773175, 0.5902341331656351, 0.36593338200801506, 0.701929429579032, 0.21028029027358286, 0.04787296028518229, 0.09622913277479528, 0.46670180322636046, 0.11679007396503693, 0.178164127936552, 0.30756262704160886, 0.819163780823705, 0.9093135924179175, 0.2605297268752048, 0.3889213729875931, 0.069349781315588, 0.6822566268439038, 0.1510135845137448, 0.7615811588710566, 0.4639760768674146, 0.5666103008133346, 0.5721999244317617, 0.4393880399152058, 0.9703453080795282, 0.412285765438565, 0.33980100942156644, 0.3537416172839031, 0.6626944560243354, 0.47685395736206804, 0.9734335539876142], [0.11817278703431822, 1.0, 0.13551104779756906, 0.33299843031227405, 0.8322774057612048, 0.7458387241522417, 0.47689743600747747, 0.5406002631994695, 0.7314105908693322, 0.7690574775536909, 0.8092921971278826, 0.5506211618115544, 0.8579163019478963, 0.23243310025992603, 0.4214132621594673, 0.6589250465091482, 0.6812398442905337, 0.5417671741821817, 0.9395737725703577, 0.6179582835363583, 0.9729177662001628, 0.0012241003902705438, 0.8375251397168467, 0.9272514459490445, 0.6300241458784209, 0.5188754049449298, 0.9956885981070898, 0.8124538857335893, 0.41760376937022403, 0.29283216216216834, 0.9211805293665408, 0.7229052119537668, 0.9824989821330876, 0.5384667442635492, 0.3732669318506745], [0.4773716366485923, 0.13551104779756906, 1.0, 0.029339883877250283, 0.8178319975141976, 0.19050866553030854, 0.7802116797722026, 0.7483874196768014, 0.9659993860615789, 0.8003766398776098, 0.986838392192841, 0.0003892297769670927, 0.7836859582337018, 0.21628389411303806, 0.7709192107673358, 0.1336717210295656, 0.9606709254095581, 0.599596572724111, 0.6177030666407619, 0.737128331847524, 0.14787694598398415, 0.4467337970516093, 0.585828318421165, 0.7740778962325271, 0.36766319878772313, 0.8060340784492241, 0.27437924768966593, 0.732383100620862, 0.025392035713420413, 0.9941280554403777, 0.8595663699000216, 0.5069914536954674, 0.636877027948118, 0.2644641667446561, 0.8815935117170024], [0.1447941023794459, 0.33299843031227405, 0.029339883877250283, 1.0, 0.6946765431938603, 0.5466663343689951, 0.6075156804494798, 0.10660997994794441, 0.15928459517175775, 0.6813698639797225, 0.11102531694859641, 0.9128835061858368, 0.11827240789315907, 0.48628982238119056, 0.06533017252899365, 0.24471416867222007, 0.5073699266952355, 0.48184229327863903, 0.2814237589002141, 0.07581335747892481, 0.5046879993884481, 0.4087678704931328, 0.15133992300360943, 0.732427843757196, 0.9084590370450092, 0.21334081208636035, 0.7420548054923898, 0.7533919428381994, 0.8871795975786142, 0.8016702161698498, 0.5987732593447338, 0.23555098915519768, 0.7004324342057942, 0.670843718781365, 0.41635009827879976], [0.6913036855949471, 0.8322774057612048, 0.8178319975141976, 0.6946765431938603, 1.0, 0.7343005593484744, 0.3020710468183122, 0.9918508458639188, 0.1710288668400427, 0.6929667313321686, 0.07549020175682053, 0.5051062063445187, 0.7236519501816931, 0.9065932492627926, 0.3711621394901864, 0.9580378107624439, 0.76553451847729, 0.3215511557530182, 0.036137511656728294, 0.9411445646344341, 0.8394134062904101, 0.7601436956883978, 0.3245687780501717, 0.47921280558279944, 0.11991578038328343, 0.6601840142604559, 0.4252426499860935, 0.17532388485618366, 0.8301171686399687, 0.8637328342363676, 0.42778578867291717, 0.4762218853931929, 0.1946495239060827, 0.35843170198929697, 0.6812534715364691], [0.7108619625773175, 0.7458387241522417, 0.19050866553030854, 0.5466663343689951, 0.7343005593484744, 1.0, 0.03976650265743131, 0.5756326699136822, 0.03724839773596034, 0.5178700841104731, 0.2643206654181134, 0.48193795138026374, 0.32556643254292017, 0.13509478332600833, 0.9900916525397836, 0.7394169578485349, 0.5906360045711609, 0.42164624050208654, 0.5766264482863369, 0.13921684456261096, 0.5069707139046895, 0.23673987854659784, 0.7439642065082157, 0.6654353047050756, 0.03307963748763543, 0.8690139378282036, 0.5543520785513928, 0.0227681253938693, 0.5288118123917478, 0.5676616238018628, 0.09330590510731418, 0.06674870530505683, 0.040605167004746257, 0.24693825200798847, 0.08734917898883898], [0.5902341331656351, 0.47689743600747747, 0.7802116797722026, 0.6075156804494798, 0.3020710468183122, 0.03976650265743131, 1.0, 0.9754016098900964, 0.18517077720573405, 0.4089154595882504, 0.3671696035394272, 0.8888668362373975, 0.5890849301637513, 0.12711131948172627, 0.21856143235035075, 0.5006432157444324, 0.8989911307568281, 0.6797364325243824, 0.11243608221150492, 0.6879736708739678, 0.5116545279901552, 0.381147533918882, 0.46329624138227843, 0.07475111351841557, 0.31256384881147925, 0.5975589891136263, 0.06273200450453453, 0.7078417380790772, 0.8450810772517638, 0.5706444354102148, 0.5309185507257015, 0.17083322786591648, 0.5092463587071911, 0.2096773093968951, 0.4739550245333851], [0.36593338200801506, 0.5406002631994695, 0.7483874196768014, 0.10660997994794441, 0.9918508458639188, 0.5756326699136822, 0.9754016098900964, 1.0, 0.29741969661898626, 0.8945381890784692, 0.7934548027287746, 0.6698751165090272, 0.8315430991184006, 0.3991670903001274, 0.49696800329235113, 0.7723854328906171, 0.14043243150652152, 0.5540530219044688, 0.8967803904013021, 0.4957248382252156, 0.3745972229928578, 0.38520132667714113, 0.33137098227954964, 0.8913030184380805, 0.3379347408681058, 0.8743594171767338, 0.6356599768297055, 0.12501981399647222, 0.19396757981588097, 0.37293458574328786, 0.49348329619551, 0.8522681866810251, 0.018239378253250504, 0.6105546634772239, 0.866658446398279], [0.701929429579032, 0.7314105908693322, 0.9659993860615789, 0.15928459517175775, 0.1710288668400427, 0.03724839773596034, 0.18517077720573405, 0.29741969661898626, 1.0, 0.26321375043451134, 0.7125353489229457, 0.29779317756378876, 0.6642589809183104, 0.10424561625878981, 0.08844728750162367, 0.05990808436704398, 0.1882999075140528, 0.065022026207887, 0.217055779242445, 0.25611978326433293, 0.536867460661804, 0.8482577869364087, 0.8144796971625882, 0.28067911966651526, 0.08362726155908917, 0.3923919182712833, 0.970363028103354, 0.03949885145328835, 0.27875136575665316, 0.311398503897104, 0.6613769492421325, 0.6432489637070103, 0.9265693834569052, 0.6387812994893279, 0.03310051281180437], [0.21028029027358286, 0.7690574775536909, 0.8003766398776098, 0.6813698639797225, 0.6929667313321686, 0.5178700841104731, 0.4089154595882504, 0.8945381890784692, 0.26321375043451134, 1.0, 0.7150560782931723, 0.22859661971810963, 0.13301166320808389, 0.1931373113721524, 0.1953899764679955, 0.007890552378683857, 0.6977082755518207, 0.801335597233652, 0.9658271561682757, 0.8592176922586887, 0.7985636466897639, 0.00933987568765171, 0.2804579454020797, 0.8148125674675231, 0.1071591595354987, 0.8454755474646428, 0.3461404517769566, 0.6368835096288662, 0.44838135229602194, 0.5269303521407671, 0.2772847424470294, 0.8726930737048951, 0.989332607902486, 0.6367696889188742, 0.12167013892251544], [0.04787296028518229, 0.8092921971278826, 0.986838392192841, 0.11102531694859641, 0.07549020175682053, 0.2643206654181134, 0.3671696035394272, 0.7934548027287746, 0.7125353489229457, 0.7150560782931723, 1.0, 0.28629284286429946, 0.21628282241107077, 0.9663384022880994, 0.8499265598061938, 0.4964221954482644, 0.6215206609842419, 0.5651441694976924, 0.8300407073515601, 0.5537368649771273, 0.008396843843429869, 0.8130732409163441, 0.13646145902609808, 0.1288667781534253, 0.6247760668214677, 0.8892077998842889, 0.76969282225121, 0.25444884802315726, 0.9634869441179195, 0.4547900420915246, 0.6703671556749582, 0.9256627222928365, 0.6471788522671023, 0.12045080930483132, 0.9484636531358891], [0.09622913277479528, 0.5506211618115544, 0.0003892297769670927, 0.9128835061858368, 0.5051062063445187, 0.48193795138026374, 0.8888668362373975, 0.6698751165090272, 0.29779317756378876, 0.22859661971810963, 0.28629284286429946, 1.0, 0.6735511081761331, 0.2181596359505873, 0.2135140474920466, 0.04086397343038839, 0.34587618723280766, 0.92892604027628, 0.9596126758182469, 0.5926991126001738, 0.48613631783307143, 0.41588181962163884, 0.5938044154699694, 0.1741288531908194, 0.2859396972940038, 0.5972250516466079, 0.38781248088913545, 0.9756444533128115, 0.355712466492049, 0.2070702353081333, 0.3393816230949158, 0.14547460264530465, 0.533349645286299, 0.24904114373801267, 0.21283590679389086], [0.46670180322636046, 0.8579163019478963, 0.7836859582337018, 0.11827240789315907, 0.7236519501816931, 0.32556643254292017, 0.5890849301637513, 0.8315430991184006, 0.6642589809183104, 0.13301166320808389, 0.21628282241107077, 0.6735511081761331, 1.0, 0.34664435774717106, 0.2406337934833923, 0.5769359269776281, 0.5578688808142381, 0.4206167989438103, 0.9582538222882703, 0.7810895207784314, 0.4202253052509295, 0.6265406198544039, 0.27565405929429776, 0.2645087973521144, 0.9222013868503341, 0.7514198219336117, 0.8047946144109535, 0.3966142786467971, 0.3241283231915665, 0.5182925575867711, 0.05709052261484038, 0.9282672369303949, 0.2960017735849656, 0.9418519703414232, 0.1556850153981334], [0.11679007396503693, 0.23243310025992603, 0.21628389411303806, 0.48628982238119056, 0.9065932492627926, 0.13509478332600833, 0.12711131948172627, 0.3991670903001274, 0.10424561625878981, 0.1931373113721524, 0.9663384022880994, 0.2181596359505873, 0.34664435774717106, 1.0, 0.9998752293097025, 0.029284040805685807, 0.25055080388974604, 0.3805875868542774, 0.2830440785090754, 0.3869475388205045, 0.7295573053891566, 0.12062325071402391, 0.6766851002090742, 0.9419892178365086, 0.23718704602691965, 0.8429922895909839, 0.5138050350200909, 0.2951760645358861, 0.7662017758698844, 0.9077514428728759, 0.7679472449966092, 0.3566508485140246, 0.47682430879964366, 0.8681131987679493, 0.6819482447624511], [0.178164127936552, 0.4214132621594673, 0.7709192107673358, 0.06533017252899365, 0.3711621394901864, 0.9900916525397836, 0.21856143235035075, 0.49696800329235113, 0.08844728750162367, 0.1953899764679955, 0.8499265598061938, 0.2135140474920466, 0.2406337934833923, 0.9998752293097025, 1.0, 0.9100895557051857, 0.018064471249014447, 0.331689339074298, 0.8135521605854721, 0.43651306814276747, 0.19028905374728422, 0.21057952411468883, 0.09516433690574533, 0.46133729948128643, 0.5524716523271846, 0.8215106414858826, 0.4525405165942056, 0.8085022105772323, 0.8845389347012962, 0.18876511177355648, 0.129291967514639, 0.40995633535885756, 0.5029541545410543, 0.40285346494022567, 0.5102263007190154], [0.30756262704160886, 0.6589250465091482, 0.1336717210295656, 0.24471416867222007, 0.9580378107624439, 0.7394169578485349, 0.5006432157444324, 0.7723854328906171, 0.05990808436704398, 0.007890552378683857, 0.4964221954482644, 0.04086397343038839, 0.5769359269776281, 0.029284040805685807, 0.9100895557051857, 1.0, 0.4059882418097185, 0.86685678064386, 0.45984980184864555, 0.5723611235616073, 0.7979731029304917, 0.25997948534702453, 0.9543821713234133, 0.6815753623181923, 0.35520863981281714, 0.3870661926621165, 0.600615842791358, 0.6785881496409096, 0.5783959702019114, 0.9904254838782969, 0.8506749525071535, 0.11530878022028401, 0.6415922231965215, 0.46200316171011846, 0.9180559753450249], [0.819163780823705, 0.6812398442905337, 0.9606709254095581, 0.5073699266952355, 0.76553451847729, 0.5906360045711609, 0.8989911307568281, 0.14043243150652152, 0.1882999075140528, 0.6977082755518207, 0.6215206609842419, 0.34587618723280766, 0.5578688808142381, 0.25055080388974604, 0.018064471249014447, 0.4059882418097185, 1.0, 7.287310863368646e-05, 0.339603097579229, 0.455216510665969, 0.4568587654209255, 0.23239843479572486, 0.31063862302877554, 0.92264273863022, 0.9698153382263511, 0.3643517704328686, 0.4346072659730996, 0.7560359736954207, 0.6652423541302611, 0.783325828465438, 0.6077182216340054, 0.9070296405717693, 0.3849556796322189, 0.17876502845387787, 0.22489883139317368], [0.9093135924179175, 0.5417671741821817, 0.599596572724111, 0.48184229327863903, 0.3215511557530182, 0.42164624050208654, 0.6797364325243824, 0.5540530219044688, 0.065022026207887, 0.801335597233652, 0.5651441694976924, 0.92892604027628, 0.4206167989438103, 0.3805875868542774, 0.331689339074298, 0.86685678064386, 7.287310863368646e-05, 1.0, 0.9206389215868461, 0.4010047596937375, 0.9504143042870623, 0.763840759716764, 0.2844215137319427, 0.8329973678771957, 0.10734285713125091, 0.24487085489051008, 0.9860014620511843, 0.735142511327568, 0.18171509042814604, 0.35613356526434947, 0.10015674589277468, 0.17285226367842577, 0.4302554237212407, 0.8875524521645907, 0.8485386676409051], [0.2605297268752048, 0.9395737725703577, 0.6177030666407619, 0.2814237589002141, 0.036137511656728294, 0.5766264482863369, 0.11243608221150492, 0.8967803904013021, 0.217055779242445, 0.9658271561682757, 0.8300407073515601, 0.9596126758182469, 0.9582538222882703, 0.2830440785090754, 0.8135521605854721, 0.45984980184864555, 0.339603097579229, 0.9206389215868461, 1.0, 0.8691448915941158, 0.6786082928781683, 0.49533293785464416, 0.012465751671528302, 0.17053961694061015, 0.3408581454901758, 0.13029127577595967, 0.07677578593375567, 0.5700583832095298, 0.3922785283743687, 0.7174313268988343, 0.6560633589223326, 0.8424102256212216, 0.7069622407757713, 0.9367347700962988, 0.01068375907263841], [0.3889213729875931, 0.6179582835363583, 0.737128331847524, 0.07581335747892481, 0.9411445646344341, 0.13921684456261096, 0.6879736708739678, 0.4957248382252156, 0.25611978326433293, 0.8592176922586887, 0.5537368649771273, 0.5926991126001738, 0.7810895207784314, 0.3869475388205045, 0.43651306814276747, 0.5723611235616073, 0.455216510665969, 0.4010047596937375, 0.8691448915941158, 1.0, 0.8054928841412978, 0.3008334775965307, 0.35185570076841877, 0.1425840559939925, 0.094093548565377, 0.23212417520068995, 0.5436453570292309, 0.34311072792722763, 0.3631837199291761, 0.5340700315118176, 0.3233874752247492, 0.07092063449338604, 0.07436358310074476, 0.2058950657620816, 0.7391447962308596], [0.069349781315588, 0.9729177662001628, 0.14787694598398415, 0.5046879993884481, 0.8394134062904101, 0.5069707139046895, 0.5116545279901552, 0.3745972229928578, 0.536867460661804, 0.7985636466897639, 0.008396843843429869, 0.48613631783307143, 0.4202253052509295, 0.7295573053891566, 0.19028905374728422, 0.7979731029304917, 0.4568587654209255, 0.9504143042870623, 0.6786082928781683, 0.8054928841412978, 1.0, 0.4386878249530244, 0.4586575728798671, 0.006669259680206707, 0.7433850770318183, 0.2158020910223709, 0.9707745692256393, 0.8987912120104447, 0.15621578410785775, 0.46046101350890134, 0.127948602134192, 0.42136048249994473, 0.50002878179167, 0.18613987385922348, 0.49342781859085083], [0.6822566268439038, 0.0012241003902705438, 0.4467337970516093, 0.4087678704931328, 0.7601436956883978, 0.23673987854659784, 0.381147533918882, 0.38520132667714113, 0.8482577869364087, 0.00933987568765171, 0.8130732409163441, 0.41588181962163884, 0.6265406198544039, 0.12062325071402391, 0.21057952411468883, 0.25997948534702453, 0.23239843479572486, 0.763840759716764, 0.49533293785464416, 0.3008334775965307, 0.4386878249530244, 1.0, 0.8417679396880877, 0.2558365498872788, 0.6222914622270557, 0.4335682243279878, 0.5372862293320243, 0.18511237469512964, 0.37352648222963747, 0.19353973068038943, 0.5614826958608624, 0.29061044693157234, 0.9130467298518171, 0.6298969562509681, 0.639361494046324], [0.1510135845137448, 0.8375251397168467, 0.585828318421165, 0.15133992300360943, 0.3245687780501717, 0.7439642065082157, 0.46329624138227843, 0.33137098227954964, 0.8144796971625882, 0.2804579454020797, 0.13646145902609808, 0.5938044154699694, 0.27565405929429776, 0.6766851002090742, 0.09516433690574533, 0.9543821713234133, 0.31063862302877554, 0.2844215137319427, 0.012465751671528302, 0.35185570076841877, 0.4586575728798671, 0.8417679396880877, 1.0, 0.39342057537650454, 0.37133985024795757, 0.6739594577196734, 0.10863836648957281, 0.7850246564489112, 0.34801220089865315, 0.9450424363342097, 0.6649845619443517, 0.2882796674109934, 0.3306203374304927, 0.5077591799213121, 0.02592428508018141], [0.7615811588710566, 0.9272514459490445, 0.7740778962325271, 0.732427843757196, 0.47921280558279944, 0.6654353047050756, 0.07475111351841557, 0.8913030184380805, 0.28067911966651526, 0.8148125674675231, 0.1288667781534253, 0.1741288531908194, 0.2645087973521144, 0.9419892178365086, 0.46133729948128643, 0.6815753623181923, 0.92264273863022, 0.8329973678771957, 0.17053961694061015, 0.1425840559939925, 0.006669259680206707, 0.2558365498872788, 0.39342057537650454, 1.0, 0.6771885784471068, 0.23935480708237822, 0.22915191388362155, 0.504440253285596, 0.4790992812883692, 0.5333324447039158, 0.026275616701157856, 0.10023175897420522, 0.015132674597914453, 0.3453323295757641, 0.326519538889956], [0.4639760768674146, 0.6300241458784209, 0.36766319878772313, 0.9084590370450092, 0.11991578038328343, 0.03307963748763543, 0.31256384881147925, 0.3379347408681058, 0.08362726155908917, 0.1071591595354987, 0.6247760668214677, 0.2859396972940038, 0.9222013868503341, 0.23718704602691965, 0.5524716523271846, 0.35520863981281714, 0.9698153382263511, 0.10734285713125091, 0.3408581454901758, 0.094093548565377, 0.7433850770318183, 0.6222914622270557, 0.37133985024795757, 0.6771885784471068, 1.0, 0.8147666798590636, 0.5339187599626413, 0.5770503694914351, 0.024810809851878557, 0.025480264925046847, 0.5558374446989672, 0.559668460597794, 0.9778299968927792, 0.08654356998929003, 0.531115202107663], [0.5666103008133346, 0.5188754049449298, 0.8060340784492241, 0.21334081208636035, 0.6601840142604559, 0.8690139378282036, 0.5975589891136263, 0.8743594171767338, 0.3923919182712833, 0.8454755474646428, 0.8892077998842889, 0.5972250516466079, 0.7514198219336117, 0.8429922895909839, 0.8215106414858826, 0.3870661926621165, 0.3643517704328686, 0.24487085489051008, 0.13029127577595967, 0.23212417520068995, 0.2158020910223709, 0.4335682243279878, 0.6739594577196734, 0.23935480708237822, 0.8147666798590636, 1.0, 0.8705963149500471, 0.5901615676726378, 0.7285244135389383, 0.5229672591733341, 0.04804607259060689, 0.15267079246100956, 0.19548454277849914, 0.5294352830325993, 0.8844945683751537], [0.5721999244317617, 0.9956885981070898, 0.27437924768966593, 0.7420548054923898, 0.4252426499860935, 0.5543520785513928, 0.06273200450453453, 0.6356599768297055, 0.970363028103354, 0.3461404517769566, 0.76969282225121, 0.38781248088913545, 0.8047946144109535, 0.5138050350200909, 0.4525405165942056, 0.600615842791358, 0.4346072659730996, 0.9860014620511843, 0.07677578593375567, 0.5436453570292309, 0.9707745692256393, 0.5372862293320243, 0.10863836648957281, 0.22915191388362155, 0.5339187599626413, 0.8705963149500471, 1.0, 0.0953191175145206, 0.5247770218783641, 0.6132597412813153, 0.08909570047102877, 0.9619731731107846, 0.4708362187989207, 0.8655116511993723, 0.5061550444238583], [0.4393880399152058, 0.8124538857335893, 0.732383100620862, 0.7533919428381994, 0.17532388485618366, 0.0227681253938693, 0.7078417380790772, 0.12501981399647222, 0.03949885145328835, 0.6368835096288662, 0.25444884802315726, 0.9756444533128115, 0.3966142786467971, 0.2951760645358861, 0.8085022105772323, 0.6785881496409096, 0.7560359736954207, 0.735142511327568, 0.5700583832095298, 0.34311072792722763, 0.8987912120104447, 0.18511237469512964, 0.7850246564489112, 0.504440253285596, 0.5770503694914351, 0.5901615676726378, 0.0953191175145206, 1.0, 0.878455837684946, 0.044253595096907516, 0.29294834735933073, 0.2621123326686896, 0.01296365665665189, 0.9943348097182567, 0.8990186386304095], [0.9703453080795282, 0.41760376937022403, 0.025392035713420413, 0.8871795975786142, 0.8301171686399687, 0.5288118123917478, 0.8450810772517638, 0.19396757981588097, 0.27875136575665316, 0.44838135229602194, 0.9634869441179195, 0.355712466492049, 0.3241283231915665, 0.7662017758698844, 0.8845389347012962, 0.5783959702019114, 0.6652423541302611, 0.18171509042814604, 0.3922785283743687, 0.3631837199291761, 0.15621578410785775, 0.37352648222963747, 0.34801220089865315, 0.4790992812883692, 0.024810809851878557, 0.7285244135389383, 0.5247770218783641, 0.878455837684946, 1.0, 0.9217226189038136, 0.1053910649151093, 0.553477076523469, 0.14965444374250914, 0.15870927529836343, 0.5683124426331685], [0.412285765438565, 0.29283216216216834, 0.9941280554403777, 0.8016702161698498, 0.8637328342363676, 0.5676616238018628, 0.5706444354102148, 0.37293458574328786, 0.311398503897104, 0.5269303521407671, 0.4547900420915246, 0.2070702353081333, 0.5182925575867711, 0.9077514428728759, 0.18876511177355648, 0.9904254838782969, 0.783325828465438, 0.35613356526434947, 0.7174313268988343, 0.5340700315118176, 0.46046101350890134, 0.19353973068038943, 0.9450424363342097, 0.5333324447039158, 0.025480264925046847, 0.5229672591733341, 0.6132597412813153, 0.044253595096907516, 0.9217226189038136, 1.0, 0.5278292752795865, 0.8262587289994989, 0.6534334827364433, 0.011391481758551314, 0.6285143737635083], [0.33980100942156644, 0.9211805293665408, 0.8595663699000216, 0.5987732593447338, 0.42778578867291717, 0.09330590510731418, 0.5309185507257015, 0.49348329619551, 0.6613769492421325, 0.2772847424470294, 0.6703671556749582, 0.3393816230949158, 0.05709052261484038, 0.7679472449966092, 0.129291967514639, 0.8506749525071535, 0.6077182216340054, 0.10015674589277468, 0.6560633589223326, 0.3233874752247492, 0.127948602134192, 0.5614826958608624, 0.6649845619443517, 0.026275616701157856, 0.5558374446989672, 0.04804607259060689, 0.08909570047102877, 0.29294834735933073, 0.1053910649151093, 0.5278292752795865, 1.0, 0.05301975080877541, 0.9885815982011145, 0.3663540962814288, 0.2351848942412833], [0.3537416172839031, 0.7229052119537668, 0.5069914536954674, 0.23555098915519768, 0.4762218853931929, 0.06674870530505683, 0.17083322786591648, 0.8522681866810251, 0.6432489637070103, 0.8726930737048951, 0.9256627222928365, 0.14547460264530465, 0.9282672369303949, 0.3566508485140246, 0.40995633535885756, 0.11530878022028401, 0.9070296405717693, 0.17285226367842577, 0.8424102256212216, 0.07092063449338604, 0.42136048249994473, 0.29061044693157234, 0.2882796674109934, 0.10023175897420522, 0.559668460597794, 0.15267079246100956, 0.9619731731107846, 0.2621123326686896, 0.553477076523469, 0.8262587289994989, 0.05301975080877541, 1.0, 0.906667518872831, 0.14747243473104388, 0.22896105306319592], [0.6626944560243354, 0.9824989821330876, 0.636877027948118, 0.7004324342057942, 0.1946495239060827, 0.040605167004746257, 0.5092463587071911, 0.018239378253250504, 0.9265693834569052, 0.989332607902486, 0.6471788522671023, 0.533349645286299, 0.2960017735849656, 0.47682430879964366, 0.5029541545410543, 0.6415922231965215, 0.3849556796322189, 0.4302554237212407, 0.7069622407757713, 0.07436358310074476, 0.50002878179167, 0.9130467298518171, 0.3306203374304927, 0.015132674597914453, 0.9778299968927792, 0.19548454277849914, 0.4708362187989207, 0.01296365665665189, 0.14965444374250914, 0.6534334827364433, 0.9885815982011145, 0.906667518872831, 1.0, 0.36281363316130566, 0.7851178086735487], [0.47685395736206804, 0.5384667442635492, 0.2644641667446561, 0.670843718781365, 0.35843170198929697, 0.24693825200798847, 0.2096773093968951, 0.6105546634772239, 0.6387812994893279, 0.6367696889188742, 0.12045080930483132, 0.24904114373801267, 0.9418519703414232, 0.8681131987679493, 0.40285346494022567, 0.46200316171011846, 0.17876502845387787, 0.8875524521645907, 0.9367347700962988, 0.2058950657620816, 0.18613987385922348, 0.6298969562509681, 0.5077591799213121, 0.3453323295757641, 0.08654356998929003, 0.5294352830325993, 0.8655116511993723, 0.9943348097182567, 0.15870927529836343, 0.011391481758551314, 0.3663540962814288, 0.14747243473104388, 0.36281363316130566, 1.0, 0.2247576163602265], [0.9734335539876142, 0.3732669318506745, 0.8815935117170024, 0.41635009827879976, 0.6812534715364691, 0.08734917898883898, 0.4739550245333851, 0.866658446398279, 0.03310051281180437, 0.12167013892251544, 0.9484636531358891, 0.21283590679389086, 0.1556850153981334, 0.6819482447624511, 0.5102263007190154, 0.9180559753450249, 0.22489883139317368, 0.8485386676409051, 0.01068375907263841, 0.7391447962308596, 0.49342781859085083, 0.639361494046324, 0.02592428508018141, 0.326519538889956, 0.531115202107663, 0.8844945683751537, 0.5061550444238583, 0.8990186386304095, 0.5683124426331685, 0.6285143737635083, 0.2351848942412833, 0.22896105306319592, 0.7851178086735487, 0.2247576163602265, 1.0]]