[[1.0,8.149516045131572E-5,1.4052922016402789E-5,1.3993146316845865E-4,0.003595556096101531,7.768536679353538E-5,0.012893128650546828,0.0027897135725060323,5.996437140202785E-4,1.0667130393849804E-4,8.2092307583064E-4,0.0011604192747252538,7.978968743391145E-4,1.46620806649116E-4,1.0191962260688979E-4,2.470324307018707E-5,1.159092524966748E-4,1.442721556288434E-4,2.3553790179831757E-4,3.211138812677184E-4,1.0139989691795716E-4,0.014942751458607155,3.0772021152510187E-5,2.9244294867359496E-5,1.016629259392982E-4,0.0022849220373872183,8.603764483111175E-5,0.0019816088991001066,2.166750303221779E-4,7.762182177420743E-5,1.1213626194803442E-4,0.002020635354122729,3.3413790492556225E-4,1.387869343579576E-4,7.087213381310889E-5,9.945729203473002E-5,1.4595539768904347E-4,1.4276915441008276E-4,9.817045999558632E-5,3.3369419815195404E-4,5.775284325039579E-4,1.6077892005334293E-4,9.863811589452366E-5,3.2267096723095163E-4],[8.149516045131572E-5,1.0,1.2657181149065186E-5,3.119729075610733E-5,0.002289254020359707,2.56287026559064E-5,0.009489098472405082,0.0011939993321662,8.37306631204759E-4,2.769213074225508E-5,7.37874919943618E-4,0.004051141855950359,3.046866348442213E-4,6.24534511182922E-5,5.335411710022345E-5,1.41780609212356E-5,3.852010014876805E-5,2.3509183683054398E-5,1.9888232612353337E-4,2.686656043037292E-4,1.1516395494587793E-5,0.004419519318668428,1.1377065950252236E-5,1.5599414431798372E-5,1.3535537342493077E-5,0.0019902715983341,2.1215935953194013E-5,0.0021889620001691082,2.564049056678573E-4,1.4590922298294192E-5,1.010695130742029E-4,2.488280811485923E-4,0.0014867715929169963,3.3346809911713815E-5,1.1702651111220037E-5,1.3087229353442043E-5,4.118221856279516E-5,1.220139570569673E-4,1.2612203331480378E-5,2.594536315387602E-4,8.258313954361968E-4,2.667271789119246E-4,2.5506604515824425E-5,7.420609227231422E-5],[1.4052922016402789E-5,1.2657181149065186E-5,1.0,5.126922698720632E-5,0.004286683027765839,2.728269907877102E-5,0.002309843406126869,0.011178266408575147,0.003294565889708987,1.2371774962513087E-4,0.0010469538457556823,0.0013164294321614204,4.890306128575079E-4,1.2479264087605078E-4,7.660023044170176E-5,1.3719074486684888E-5,4.5102490388734194E-5,2.906653579588751E-5,7.518949477434339E-5,3.0568044290394086E-4,1.1615166545201837E-5,0.010442618167670482,1.1226985720145187E-5,2.0374270822988125E-5,1.4042156438324546E-5,0.005216839085801221,1.3539679153179818E-5,0.001373343034606876,2.7823347190533243E-4,1.5409901222386158E-5,9.693437011735124E-5,0.002713077388233023,4.235148508112586E-5,1.2756726933654513E-4,1.1158219091248664E-5,1.1539296264487902E-5,1.942939022558567E-4,1.2261309175751919E-4,1.2431771433379477E-5,5.1654246947319E-5,0.002948880958677767,1.5184637366866667E-4,2.640882825637779E-5,9.601122841560764E-5],[1.3993146316845865E-4,3.119729075610733E-5,5.126922698720632E-5,1.0,0.007990100561108772,1.0180883456168892E-4,0.008374058975314756,0.0028436873804211006,0.0028853790496781648,1.7801637190695046E-4,4.6301868970579176E-4,0.0011760609714841737,0.001017714917129447,1.7952129532056388E-4,1.275572808558338E-4,7.669242870002808E-5,1.6384320473824957E-4,1.6023662657217022E-4,2.7028019604769454E-4,3.7216839495774064E-4,1.0933609780067675E-4,0.005458204621906168,1.97253785654965E-5,1.7178560524229295E-4,1.595571315506634E-4,0.005151602820933307,1.4700986008366916E-4,0.0013649942684429044,2.322618511347637E-4,1.5556527799350344E-4,1.4911182909502953E-4,4.3456622680346614E-4,0.0014538864695472357,1.5544357141730858E-4,7.161482619236285E-5,1.611924681500631E-4,2.252396246539988E-4,2.4279850580646425E-4,1.610995137345334E-4,3.338990368044216E-4,0.0028097055085494443,2.479879437437832E-4,1.5781134228871796E-4,1.9117229397443616E-4],[0.003595556096101531,0.002289254020359707,0.004286683027765839,0.007990100561108772,1.0,0.0012746445962899774,0.016662666904110765,0.01554108460290659,0.009924979224849658,0.007872552488884476,0.009583727313468576,0.007147616145539073,0.01033213763862962,0.005066681286596444,0.0033999042996573736,0.009394009601595036,0.002061390065923943,0.0014655339866223476,0.007067206401021677,0.0014877980320871825,0.008016892154182774,0.01292826329449019,0.009374650713875667,0.006105762508551285,0.007238482070471544,0.011550461607425542,0.006118012177965452,0.00625427630253643,0.00507629955115958,0.004933882676386595,0.005338765780814576,0.007546981678298349,0.003021209158074996,0.008895000243570964,0.005928055236567992,0.005647206767975746,0.003823735075601266,0.0030959472360372726,0.007004764749858467,0.001546807166617919,0.006382991574873805,0.009458098664583693,0.007994527889170547,0.002576099249117384],[7.768536679353538E-5,2.56287026559064E-5,2.728269907877102E-5,1.0180883456168892E-4,0.0012746445962899774,1.0,0.004605245063537658,0.008900783402385579,1.1184073482233003E-4,7.161968878209965E-5,9.911619737165722E-4,0.004203670853736777,8.439201581672106E-4,7.46502122402915E-5,6.0532888201598116E-5,3.083162174271713E-5,1.344297396624825E-4,1.3208370499674578E-4,1.8471741459826852E-4,8.016738366507338E-5,4.99710008305239E-5,0.009321557642743604,4.0121512084372225E-5,2.8562158139116784E-5,5.01829490592303E-5,0.010450703074768057,3.7186718752891175E-5,9.997069557817052E-4,2.4642525702585593E-4,2.7825468348512064E-5,1.258429351406145E-4,6.683830689880885E-4,0.0013900587299626077,1.1116796236664228E-4,5.143951426273183E-5,5.110019229433467E-5,6.444431985780876E-5,2.9353248982966424E-4,2.4629006337444425E-5,4.031082698686939E-4,9.198948191876938E-4,2.6810392457795234E-4,4.584232221161256E-5,4.5539265448905767E-4],[0.012893128650546828,0.009489098472405082,0.002309843406126869,0.008374058975314756,0.016662666904110765,0.004605245063537658,1.0,0.01740970160866304,0.011625444042789456,0.007586188452671007,0.015102263724394334,0.01726580194293194,0.017226875017994272,0.012058097696601718,0.013478848099569786,0.006700248337105064,0.0015152375304630513,0.011021013525468174,0.008248168591174542,0.007695995565557067,0.013510902778076223,0.015888959464330842,0.0173904723251872,0.002530746553603853,0.0067715097600317825,0.011801898670057567,0.01033915266819821,0.016305571054749973,0.004330921449018292,0.0016482311240635478,0.003782778198383308,0.004502072094861024,0.0018582820635717136,0.008646832036611036,0.01210795394536841,0.015958620949398723,0.004412302320680741,0.006751097410973354,0.00338990745942651,0.01119082885142797,0.006306506768572641,0.016877509188290694,0.005507803388573683,0.011730362924347234],[0.0027897135725060323,0.0011939993321662,0.011178266408575147,0.0028436873804211006,0.01554108460290659,0.008900783402385579,0.01740970160866304,1.0,0.006110286539779332,0.012689746727535325,0.010217301769488698,0.011658996242438033,0.010271964519108208,0.013243651766846411,0.004732208942012796,0.01623499616999411,0.012139807995081825,0.003751257340592882,0.009536942813021572,0.006631302736421609,0.005073594753842867,0.016217877542443672,0.006745713927451168,0.0010218698960542836,3.5317072906525764E-4,0.011961671762520535,0.01209231973278489,0.015550544001497402,0.006596651935762696,0.01437699231775144,4.6333033209650543E-4,0.006551920822018602,0.006754645581958129,0.012946973693925782,0.005780846178905999,0.012850180326084067,8.715192139190539E-4,0.008678731001077805,0.01297086236107415,0.0071626618708227115,0.013862163079232227,0.0017735317467636991,0.014086104947150308,0.015655565169630715],[5.996437140202785E-4,8.37306631204759E-4,0.003294565889708987,0.0028853790496781648,0.009924979224849658,1.1184073482233003E-4,0.011625444042789456,0.006110286539779332,1.0,0.004521004016619925,0.004176129805941603,0.004525318442140972,0.0021065291306888593,4.889163834713229E-4,0.0028087080294752153,6.201175809751994E-5,0.004089526291207609,0.0012878055998563791,8.707235041352452E-4,0.004704602096732999,0.00445511256380184,0.00556668032160446,9.153393048400845E-4,0.002467537858662192,0.004948763403498725,0.01064815423115752,0.0016388142285366737,0.004157483510344346,3.8318252907586095E-4,1.8014688348499613E-4,0.002881563308441278,0.004277027043828239,0.0048753321153811235,0.003169552215728089,7.932702349103043E-5,0.002751142086062968,0.00237906426776162,0.0030773248505134017,4.7311593646280685E-4,0.0012923316695940177,0.004858036773719553,0.004934486819803545,0.003208127029718655,0.0028324151573729407],[1.0667130393849804E-4,2.769213074225508E-5,1.2371774962513087E-4,1.7801637190695046E-4,0.007872552488884476,7.161968878209965E-5,0.007586188452671007,0.012689746727535325,0.004521004016619925,1.0,4.477614239413726E-4,0.002413703012113853,3.435380085713771E-4,1.7192008010010696E-4,1.1204876427124963E-4,5.123359760289942E-5,1.381302664561717E-4,1.4130648376138572E-4,2.0284021040479095E-4,1.9461200704680751E-4,1.0828233061032559E-4,0.013791547347180255,1.244102697325679E-4,6.596661830041947E-5,1.1335147582705837E-4,0.004285724289447764,1.116740975529589E-4,0.0010337705425324981,2.5661016156593207E-4,7.140918161700963E-5,1.2679788865059498E-4,0.00251632054394159,1.5577173589841786E-4,1.300680101673458E-4,6.536302637553982E-5,1.0086159356073434E-4,1.6549323738653966E-4,2.1358775049629968E-4,3.4891361006807586E-5,1.5881463485932078E-4,0.0018051917070991135,1.7233221754593507E-4,3.3076095015209364E-5,1.2958517059348025E-4],[8.2092307583064E-4,7.37874919943618E-4,0.0010469538457556823,4.6301868970579176E-4,0.009583727313468576,9.911619737165722E-4,0.015102263724394334,0.010217301769488698,0.004176129805941603,4.477614239413726E-4,1.0,0.003812182903380943,0.0011434923798626883,5.208362087198422E-4,9.657771490361855E-4,8.658956131242928E-4,6.558235732210995E-4,7.911860913714112E-4,4.80011428131611E-4,7.414250118360946E-4,5.460890602505895E-4,0.013845336016804832,7.99638866439199E-4,6.888979679179607E-4,5.365169091056461E-4,0.003672456745109385,6.93924329346908E-4,0.0020675285026030806,8.437006828167502E-4,2.7093956610203025E-5,3.650192105001576E-4,0.0019338684611613713,0.0012485785020435705,6.725228306099483E-4,2.4833779715321643E-4,2.0113826694040789E-4,8.014202919057484E-4,7.505523126595229E-4,3.428253150422347E-4,7.201496285685288E-4,0.001640035154852614,4.2113826607509885E-4,5.595040641091774E-4,5.769908902265094E-4],[0.0011604192747252538,0.004051141855950359,0.0013164294321614204,0.0011760609714841737,0.007147616145539073,0.004203670853736777,0.01726580194293194,0.011658996242438033,0.004525318442140972,0.002413703012113853,0.003812182903380943,1.0,0.004204105020844957,2.7636205939094783E-4,0.0043005755110272215,2.2362527939466458E-4,0.0014205764268092932,7.663663585420031E-4,9.1182557466075E-4,0.00242500993642436,9.300351869127959E-4,0.01066845349033358,0.002503941416908903,9.416000473649846E-4,0.0025661626517285855,0.00873325598667482,7.336111526964592E-4,0.004034535026315106,0.0025493548762358415,0.004221969717160587,0.0028325763240550418,0.004327880563392322,0.0019117113638345553,0.0021352959903913724,0.002865297229945143,0.0015178046599917934,0.002590788710122734,0.0031692131070374125,0.0014649690111700046,5.504142973061985E-4,0.004268357208887361,0.002638048719153422,0.0022109292771083098,0.001087723763583235],[7.978968743391145E-4,3.046866348442213E-4,4.890306128575079E-4,0.001017714917129447,0.01033213763862962,8.439201581672106E-4,0.017226875017994272,0.010271964519108208,0.0021065291306888593,3.435380085713771E-4,0.0011434923798626883,0.004204105020844957,1.0,0.0010855962984327508,0.0010862144166042269,3.79205920313564E-4,5.784474450399003E-4,0.001119927939431247,0.00107843597111975,7.459447080659858E-4,0.0010881710901609186,0.013532804506256548,3.308826436543815E-4,0.001011070395622966,6.427264247153116E-4,0.008855433238874446,0.0011995814711713438,0.0014488863151617484,6.059333091434264E-4,6.691841482089742E-4,6.358742336364755E-4,0.0016214847793160337,0.0015141953613662864,0.0011910774108360527,1.492490476604092E-4,1.917194513733942E-4,3.507165336635791E-4,3.8626122136226553E-4,0.0011659376349061063,8.399449782689806E-4,0.0016842157937404993,4.1175513648461666E-4,9.422639696782911E-5,8.53481167847388E-4],[1.46620806649116E-4,6.24534511182922E-5,1.2479264087605078E-4,1.7952129532056388E-4,0.005066681286596444,7.46502122402915E-5,0.012058097696601718,0.013243651766846411,4.889163834713229E-4,1.7192008010010696E-4,5.208362087198422E-4,2.7636205939094783E-4,0.0010855962984327508,1.0,1.409240865150742E-4,1.016069842083847E-4,1.7041474416696533E-4,1.46470339189779E-4,2.2141300757165126E-4,2.6667364396145966E-4,1.439614868881628E-4,0.014086419778903552,5.759406095982984E-5,1.7177378518191017E-4,8.56995764943815E-5,0.004114098100913396,9.581563676501329E-5,7.690198094797179E-4,1.9043309447990044E-4,2.030551483769827E-5,1.722831278085106E-4,0.0027122612172407502,4.91372414518287E-4,1.5697219140510145E-4,6.623330120829401E-5,1.1859561421782832E-5,1.9183904265089843E-4,2.8931405455036053E-4,8.146976375831498E-5,2.1290753808290527E-4,0.003014248839505939,2.5020073023567695E-4,1.313540177465483E-4,1.789071999646795E-4],[1.0191962260688979E-4,5.335411710022345E-5,7.660023044170176E-5,1.275572808558338E-4,0.0033999042996573736,6.0532888201598116E-5,0.013478848099569786,0.004732208942012796,0.0028087080294752153,1.1204876427124963E-4,9.657771490361855E-4,0.0043005755110272215,0.0010862144166042269,1.409240865150742E-4,1.0,7.443135456323807E-5,1.297858802972101E-4,1.2993116220312998E-4,2.1157439512991275E-4,3.3878742683405113E-4,4.4394313148192634E-5,0.006553695234512059,8.509668361512668E-5,6.547299522914306E-5,2.945462214297206E-5,0.010053437169460784,6.881905734690607E-5,4.3263267173334794E-4,2.480321989217617E-4,3.774044689887629E-5,1.2547108015316058E-4,0.00152415052984096,9.213820717412505E-4,1.340194371924784E-4,1.629228169303627E-5,8.245991143753561E-5,1.3025167388036127E-4,2.4432753493428775E-4,6.562204954896838E-5,2.9869233839371434E-4,0.0017244157081213586,1.8562720421430094E-4,9.460198518165907E-5,3.5349392388206804E-4],[2.470324307018707E-5,1.41780609212356E-5,1.3719074486684888E-5,7.669242870002808E-5,0.009394009601595036,3.083162174271713E-5,0.006700248337105064,0.01623499616999411,6.201175809751994E-5,5.123359760289942E-5,8.658956131242928E-4,2.2362527939466458E-4,3.79205920313564E-4,1.016069842083847E-4,7.443135456323807E-5,1.0,8.751939802652873E-5,5.518939310259345E-5,5.988338171855669E-5,1.62798291907098E-4,1.4661080668169875E-5,0.00908063018823086,1.5268249477218266E-5,1.6177618645839104E-5,1.533347079558631E-5,0.001691129363951722,2.118003022916301E-5,0.0012534638077597202,5.21441184515219E-5,1.5782629993870686E-5,5.394399455206395E-5,7.812208949602343E-4,0.0015769948090564247,1.3308873666066854E-4,1.0953215237599135E-5,1.4651106538086596E-5,1.5505370445305952E-4,1.0134745264876728E-4,1.3890374885904328E-5,1.888785908477379E-4,0.0016928530987150843,5.0259518028205626E-5,1.8454698435638355E-5,3.175926005057715E-4],[1.159092524966748E-4,3.852010014876805E-5,4.5102490388734194E-5,1.6384320473824957E-4,0.002061390065923943,1.344297396624825E-4,0.0015152375304630513,0.012139807995081825,0.004089526291207609,1.381302664561717E-4,6.558235732210995E-4,0.0014205764268092932,5.784474450399003E-4,1.7041474416696533E-4,1.297858802972101E-4,8.751939802652873E-5,1.0,1.490383356725367E-4,2.1818203076798916E-4,1.7077380148262158E-4,3.0207603569933366E-5,0.006147937020564052,1.0409257906042525E-4,1.4187560595482686E-4,1.2155322450948893E-4,0.0022540529615002283,9.234231721804441E-5,0.0012145672880083283,2.1163460023230606E-4,1.2098033645923929E-4,1.459596513790689E-4,9.983498494454627E-4,0.0014814029837594458,1.4998949369271814E-4,5.106121882339869E-5,1.0392485107345538E-4,2.312028502201573E-4,2.0708760652853554E-4,8.664015443201795E-5,4.5657339800471365E-4,0.0015982960874512443,1.822329364808319E-4,7.707911674866148E-5,3.3327605882246624E-4],[1.442721556288434E-4,2.3509183683054398E-5,2.906653579588751E-5,1.6023662657217022E-4,0.0014655339866223476,1.3208370499674578E-4,0.011021013525468174,0.003751257340592882,0.0012878055998563791,1.4130648376138572E-4,7.911860913714112E-4,7.663663585420031E-4,0.001119927939431247,1.46470339189779E-4,1.2993116220312998E-4,5.518939310259345E-5,1.490383356725367E-4,1.0,1.4702723397622876E-4,1.711648964621313E-4,6.886844682246952E-5,0.004321900256008822,1.639273331027659E-5,8.115378689227477E-5,6.169743956049553E-5,0.006130376035039121,9.672904627072522E-5,0.0019282867594397793,2.668671392335333E-4,4.3159270338199944E-5,1.285756990517507E-4,0.0010357010455999947,0.0017227714043713139,1.479275117578769E-4,3.6425525549147134E-5,1.9264598085025153E-5,1.6287738214146134E-4,2.9779530160320086E-4,1.0914589735696936E-4,2.54266356903347E-4,0.0029683904823473786,2.3439263013548073E-4,3.1516059646741445E-5,4.429232419743357E-4],[2.3553790179831757E-4,1.9888232612353337E-4,7.518949477434339E-5,2.7028019604769454E-4,0.007067206401021677,1.8471741459826852E-4,0.008248168591174542,0.009536942813021572,8.707235041352452E-4,2.0284021040479095E-4,4.80011428131611E-4,9.1182557466075E-4,0.00107843597111975,2.2141300757165126E-4,2.1157439512991275E-4,5.988338171855669E-5,2.1818203076798916E-4,1.4702723397622876E-4,1.0,3.614655499599531E-4,2.72662063068001E-4,0.006551087177937678,1.9913471252083916E-4,1.3543738943682973E-4,6.948934995656036E-5,0.0010848952826942179,8.451028360131362E-5,0.0012050179735122902,3.1547020947355687E-4,9.853418722584904E-5,2.881171797272917E-4,0.0026548709322811496,0.0016921181259580555,2.1108048150650252E-4,1.8108309512695193E-4,2.0230966508186883E-4,2.45546299819013E-4,3.228726602799714E-4,2.9697077734397047E-4,3.391924170027386E-4,0.0011622095519893292,2.969642369461727E-4,2.3900396543384217E-4,4.302266937096691E-4],[3.211138812677184E-4,2.686656043037292E-4,3.0568044290394086E-4,3.7216839495774064E-4,0.0014877980320871825,8.016738366507338E-5,0.007695995565557067,0.006631302736421609,0.004704602096732999,1.9461200704680751E-4,7.414250118360946E-4,0.00242500993642436,7.459447080659858E-4,2.6667364396145966E-4,3.3878742683405113E-4,1.62798291907098E-4,1.7077380148262158E-4,1.711648964621313E-4,3.614655499599531E-4,1.0,3.6262834403620256E-4,0.007453910718006052,2.4778067028410965E-4,3.422802087832245E-4,1.9151777152011842E-4,0.007908455332801993,7.605691660117486E-5,0.0010109022786789505,3.699085380205738E-4,6.893247323408482E-5,2.041036446485546E-4,0.001209281773946567,0.0012058995196870149,3.6772263485163444E-4,3.480853958665996E-4,4.9136194017450474E-5,2.467675752531126E-4,3.4279664405951885E-4,2.1651975919632606E-4,4.2303360849754176E-4,0.0012492179453627845,3.2103303091747727E-4,1.1491498153506108E-4,4.0430542233594447E-4],[1.0139989691795716E-4,1.1516395494587793E-5,1.1615166545201837E-5,1.0933609780067675E-4,0.008016892154182774,4.99710008305239E-5,0.013510902778076223,0.005073594753842867,0.00445511256380184,1.0828233061032559E-4,5.460890602505895E-4,9.300351869127959E-4,0.0010881710901609186,1.439614868881628E-4,4.4394313148192634E-5,1.4661080668169875E-5,3.0207603569933366E-5,6.886844682246952E-5,2.72662063068001E-4,3.6262834403620256E-4,1.0,0.0035855493616694287,1.134284089222602E-5,1.707909085138634E-5,1.2585679043387936E-5,0.003808327985156132,1.3425471946416488E-5,0.0021005165163057184,2.592119186046611E-4,1.3384243777378071E-5,7.25207485767882E-5,0.0031088631385846133,7.189932329037883E-4,9.286534333546527E-5,1.1487047855175753E-5,1.1084650228293742E-5,2.351106280386973E-4,1.2187703622970042E-4,1.1798563788175643E-5,1.9341984281495364E-4,0.0024824570204048965,2.457936242311382E-4,1.2655959552727716E-5,5.864438172373136E-5],[0.014942751458607155,0.004419519318668428,0.010442618167670482,0.005458204621906168,0.01292826329449019,0.009321557642743604,0.015888959464330842,0.016217877542443672,0.00556668032160446,0.013791547347180255,0.013845336016804832,0.01066845349033358,0.013532804506256548,0.014086419778903552,0.006553695234512059,0.00908063018823086,0.006147937020564052,0.004321900256008822,0.006551087177937678,0.007453910718006052,0.0035855493616694287,1.0,0.006066036379268206,0.010641921884675842,0.009965843403013683,0.014536353927456487,0.0025479029796264888,0.01409105875249171,0.007761614081752339,0.015119287633573843,0.011905490355136177,0.00448790403498108,0.004367316699095378,0.014143060774371273,0.0017340029050956101,0.004862161440304758,0.012531622266831329,0.010268854520076389,0.01181398854689578,0.0036106501688301885,0.012805299044753717,0.011230076154306748,0.007755381872473299,0.0015938851258207954],[3.0772021152510187E-5,1.1377065950252236E-5,1.1226985720145187E-5,1.97253785654965E-5,0.009374650713875667,4.0121512084372225E-5,0.0173904723251872,0.006745713927451168,9.153393048400845E-4,1.244102697325679E-4,7.99638866439199E-4,0.002503941416908903,3.308826436543815E-4,5.759406095982984E-5,8.509668361512668E-5,1.5268249477218266E-5,1.0409257906042525E-4,1.639273331027659E-5,1.9913471252083916E-4,2.4778067028410965E-4,1.134284089222602E-5,0.006066036379268206,1.0,1.831891281486857E-5,1.102085308643767E-5,0.010433708210031499,3.5655905374668936E-5,0.0019075212551413223,2.1929930929982588E-4,1.1417691347055536E-5,3.5882307824911956E-5,0.003598839125007904,0.0017052915529860437,8.130454170964404E-5,1.0596045479140703E-5,1.0770541471733992E-5,1.975843664499087E-4,2.961856315688246E-4,1.0572830622211955E-5,7.470568101714926E-5,0.00141748073119807,2.7628379033446774E-4,2.0509392321191772E-5,4.5233461153178575E-4],[2.9244294867359496E-5,1.5599414431798372E-5,2.0374270822988125E-5,1.7178560524229295E-4,0.006105762508551285,2.8562158139116784E-5,0.002530746553603853,0.0010218698960542836,0.002467537858662192,6.596661830041947E-5,6.888979679179607E-4,9.416000473649846E-4,0.001011070395622966,1.7177378518191017E-4,6.547299522914306E-5,1.6177618645839104E-5,1.4187560595482686E-4,8.115378689227477E-5,1.3543738943682973E-4,3.422802087832245E-4,1.707909085138634E-5,0.010641921884675842,1.831891281486857E-5,1.0,1.6280650956846698E-5,0.00960263624147008,2.5047864849276097E-5,0.0011652916986037167,8.799806031807324E-5,2.0492741017400876E-5,9.059033016859636E-5,0.0013514257854379847,0.0010320983960751726,2.7976875044606017E-5,1.67487190431061E-5,1.996223448418936E-5,5.5169433973166817E-5,1.811235715487366E-4,1.2926687596173973E-5,2.477296897014396E-4,0.0028013276450324738,1.1695781122942746E-4,2.9538620201170288E-5,3.987065659338289E-4],[1.016629259392982E-4,1.3535537342493077E-5,1.4042156438324546E-5,1.595571315506634E-4,0.007238482070471544,5.01829490592303E-5,0.0067715097600317825,3.5317072906525764E-4,0.004948763403498725,1.1335147582705837E-4,5.365169091056461E-4,0.0025661626517285855,6.427264247153116E-4,8.56995764943815E-5,2.945462214297206E-5,1.533347079558631E-5,1.2155322450948893E-4,6.169743956049553E-5,6.948934995656036E-5,1.9151777152011842E-4,1.2585679043387936E-5,0.009965843403013683,1.102085308643767E-5,1.6280650956846698E-5,1.0,0.005631709217331636,2.098256544796103E-5,0.001548444536661372,4.586409578753263E-5,1.5345419447165805E-5,5.7927740063525134E-5,5.09155265275452E-4,9.717664595360348E-4,2.0836384677932793E-5,1.0893941242232258E-5,1.3740092076058355E-5,9.051269678028793E-5,1.8378362180314993E-4,1.2800513507683662E-5,4.2896630238057124E-4,0.0018481664297253727,6.38897822422181E-5,2.624070027308915E-5,4.034768133689499E-4],[0.0022849220373872183,0.0019902715983341,0.005216839085801221,0.005151602820933307,0.011550461607425542,0.010450703074768057,0.011801898670057567,0.011961671762520535,0.01064815423115752,0.004285724289447764,0.003672456745109385,0.00873325598667482,0.008855433238874446,0.004114098100913396,0.010053437169460784,0.001691129363951722,0.0022540529615002283,0.006130376035039121,0.0010848952826942179,0.007908455332801993,0.003808327985156132,0.014536353927456487,0.010433708210031499,0.00960263624147008,0.005631709217331636,1.0,0.0023382981748091137,0.009528909648107747,7.76189541948224E-4,0.010383953384563657,9.481051632923888E-4,0.006925765298097835,0.011072183435145804,0.0025171022053013534,7.931693436840812E-4,0.008021605959876126,0.004111749007600144,0.00458917333726428,0.003684710589704661,0.007828361295179477,0.004061406287808325,0.010218994491280232,0.006472279283576056,0.005783455147948983],[8.603764483111175E-5,2.1215935953194013E-5,1.3539679153179818E-5,1.4700986008366916E-4,0.006118012177965452,3.7186718752891175E-5,0.01033915266819821,0.01209231973278489,0.0016388142285366737,1.116740975529589E-4,6.93924329346908E-4,7.336111526964592E-4,0.0011995814711713438,9.581563676501329E-5,6.881905734690607E-5,2.118003022916301E-5,9.234231721804441E-5,9.672904627072522E-5,8.451028360131362E-5,7.605691660117486E-5,1.3425471946416488E-5,0.0025479029796264888,3.5655905374668936E-5,2.5047864849276097E-5,2.098256544796103E-5,0.0023382981748091137,1.0,0.001431510432400109,9.914164292115803E-5,3.5968525618177745E-5,7.552260336932622E-5,0.0017945042814529867,0.0016546659644595268,1.098319660039907E-4,2.999131884739848E-5,1.999474763648747E-5,1.3231560755780526E-4,1.061897012720586E-4,3.4581466470267984E-5,3.6184370938730556E-4,7.076341677664259E-4,1.4142069171582731E-4,3.549487308493918E-5,1.9029774618740093E-4],[0.0019816088991001066,0.0021889620001691082,0.001373343034606876,0.0013649942684429044,0.00625427630253643,9.997069557817052E-4,0.016305571054749973,0.015550544001497402,0.004157483510344346,0.0010337705425324981,0.0020675285026030806,0.004034535026315106,0.0014488863151617484,7.690198094797179E-4,4.3263267173334794E-4,0.0012534638077597202,0.0012145672880083283,0.0019282867594397793,0.0012050179735122902,0.0010109022786789505,0.0021005165163057184,0.01409105875249171,0.0019075212551413223,0.0011652916986037167,0.001548444536661372,0.009528909648107747,0.001431510432400109,1.0,0.0019134778824801764,3.707856047798441E-4,3.328225286689443E-4,0.0024857657983678597,0.002181676141623045,0.0013347836383555635,0.0012079374310210967,2.3517275077858044E-4,7.505812471698258E-4,7.13585824173025E-4,8.122141954927747E-4,0.0016194303519201276,0.0028906062456148076,5.63641991012179E-4,5.654817216459115E-4,0.0013924100965489327],[2.166750303221779E-4,2.564049056678573E-4,2.7823347190533243E-4,2.322618511347637E-4,0.00507629955115958,2.4642525702585593E-4,0.004330921449018292,0.006596651935762696,3.8318252907586095E-4,2.5661016156593207E-4,8.437006828167502E-4,0.0025493548762358415,6.059333091434264E-4,1.9043309447990044E-4,2.480321989217617E-4,5.21441184515219E-5,2.1163460023230606E-4,2.668671392335333E-4,3.1547020947355687E-4,3.699085380205738E-4,2.592119186046611E-4,0.007761614081752339,2.1929930929982588E-4,8.799806031807324E-5,4.586409578753263E-5,7.76189541948224E-4,9.914164292115803E-5,0.0019134778824801764,1.0,3.627223579003171E-5,1.5897961127312856E-4,0.0012998680475506882,0.0015514197921571646,1.9960675823333984E-4,8.182921699451882E-5,5.062373440765382E-5,2.6328078359473084E-4,3.125279463951127E-4,3.821382022939331E-5,4.229127540719669E-4,3.9161369981502485E-4,2.809116956023896E-4,1.8136975352991798E-4,3.2638190924130924E-4],[7.762182177420743E-5,1.4590922298294192E-5,1.5409901222386158E-5,1.5556527799350344E-4,0.004933882676386595,2.7825468348512064E-5,0.0016482311240635478,0.01437699231775144,1.8014688348499613E-4,7.140918161700963E-5,2.7093956610203025E-5,0.004221969717160587,6.691841482089742E-4,2.030551483769827E-5,3.774044689887629E-5,1.5782629993870686E-5,1.2098033645923929E-4,4.3159270338199944E-5,9.853418722584904E-5,6.893247323408482E-5,1.3384243777378071E-5,0.015119287633573843,1.1417691347055536E-5,2.0492741017400876E-5,1.5345419447165805E-5,0.010383953384563657,3.5968525618177745E-5,3.707856047798441E-4,3.627223579003171E-5,1.0,7.739326691187755E-5,0.003580308088245012,5.66806697571298E-4,7.025236544257119E-5,1.3970178984909149E-5,1.0943755203284675E-5,5.0494200182485044E-5,2.662242334562476E-4,1.3093171945229027E-5,8.930205142722095E-5,0.00259188994205261,4.6137587806087633E-5,1.752672412592121E-5,1.9540961919500404E-4],[1.1213626194803442E-4,1.010695130742029E-4,9.693437011735124E-5,1.4911182909502953E-4,0.005338765780814576,1.258429351406145E-4,0.003782778198383308,4.6333033209650543E-4,0.002881563308441278,1.2679788865059498E-4,3.650192105001576E-4,0.0028325763240550418,6.358742336364755E-4,1.722831278085106E-4,1.2547108015316058E-4,5.394399455206395E-5,1.459596513790689E-4,1.285756990517507E-4,2.881171797272917E-4,2.041036446485546E-4,7.25207485767882E-5,0.011905490355136177,3.5882307824911956E-5,9.059033016859636E-5,5.7927740063525134E-5,9.481051632923888E-4,7.552260336932622E-5,3.328225286689443E-4,1.5897961127312856E-4,7.739326691187755E-5,1.0,0.0014377338097869528,0.0011721837879936628,1.4984269119425455E-4,2.5852630112300647E-5,3.7353199183849014E-5,1.5981351800629158E-4,2.3143825949661006E-4,5.2245244233103094E-5,3.5075101318395393E-4,0.002182757289734341,2.0295360319838406E-4,7.62354863956783E-5,3.994057411141476E-4],[0.002020635354122729,2.488280811485923E-4,0.002713077388233023,4.3456622680346614E-4,0.007546981678298349,6.683830689880885E-4,0.004502072094861024,0.006551920822018602,0.004277027043828239,0.00251632054394159,0.0019338684611613713,0.004327880563392322,0.0016214847793160337,0.0027122612172407502,0.00152415052984096,7.812208949602343E-4,9.983498494454627E-4,0.0010357010455999947,0.0026548709322811496,0.001209281773946567,0.0031088631385846133,0.00448790403498108,0.003598839125007904,0.0013514257854379847,5.09155265275452E-4,0.006925765298097835,0.0017945042814529867,0.0024857657983678597,0.0012998680475506882,0.003580308088245012,0.0014377338097869528,1.0,0.00268390483803381,8.771682706461904E-4,0.002636921133766379,0.0012014591564511801,0.0010258703141307677,0.0037233004936289933,0.0036228235350235995,0.0016707668399849193,0.003459436804908881,0.0016099196378890233,0.0019117426621313028,0.0024897494106139503],[3.3413790492556225E-4,0.0014867715929169963,4.235148508112586E-5,0.0014538864695472357,0.003021209158074996,0.0013900587299626077,0.0018582820635717136,0.006754645581958129,0.0048753321153811235,1.5577173589841786E-4,0.0012485785020435705,0.0019117113638345553,0.0015141953613662864,4.91372414518287E-4,9.213820717412505E-4,0.0015769948090564247,0.0014814029837594458,0.0017227714043713139,0.0016921181259580555,0.0012058995196870149,7.189932329037883E-4,0.004367316699095378,0.0017052915529860437,0.0010320983960751726,9.717664595360348E-4,0.011072183435145804,0.0016546659644595268,0.002181676141623045,0.0015514197921571646,5.66806697571298E-4,0.0011721837879936628,0.00268390483803381,1.0,0.0010942897957075138,5.684697675379327E-4,7.411753038928126E-4,0.0011423693513193372,9.474495438965668E-4,0.0015554341002348656,6.536862811396837E-4,0.002939160941339382,0.0012457377359475646,4.8342428422377325E-4,0.0014501078931667094],[1.387869343579576E-4,3.3346809911713815E-5,1.2756726933654513E-4,1.5544357141730858E-4,0.008895000243570964,1.1116796236664228E-4,0.008646832036611036,0.012946973693925782,0.003169552215728089,1.300680101673458E-4,6.725228306099483E-4,0.0021352959903913724,0.0011910774108360527,1.5697219140510145E-4,1.340194371924784E-4,1.3308873666066854E-4,1.4998949369271814E-4,1.479275117578769E-4,2.1108048150650252E-4,3.6772263485163444E-4,9.286534333546527E-5,0.014143060774371273,8.130454170964404E-5,2.7976875044606017E-5,2.0836384677932793E-5,0.0025171022053013534,1.098319660039907E-4,0.0013347836383555635,1.9960675823333984E-4,7.025236544257119E-5,1.4984269119425455E-4,8.771682706461904E-4,0.0010942897957075138,1.0,6.421502765052451E-5,6.113453114387224E-5,1.964355252274199E-4,2.25730512221807E-4,8.759339172565141E-5,4.672421282394403E-4,0.00154766321712364,1.5044639212293115E-4,9.659049181809052E-5,2.4319382247603856E-4],[7.087213381310889E-5,1.1702651111220037E-5,1.1158219091248664E-5,7.161482619236285E-5,0.005928055236567992,5.143951426273183E-5,0.01210795394536841,0.005780846178905999,7.932702349103043E-5,6.536302637553982E-5,2.4833779715321643E-4,0.002865297229945143,1.492490476604092E-4,6.623330120829401E-5,1.629228169303627E-5,1.0953215237599135E-5,5.106121882339869E-5,3.6425525549147134E-5,1.8108309512695193E-4,3.480853958665996E-4,1.1487047855175753E-5,0.0017340029050956101,1.0596045479140703E-5,1.67487190431061E-5,1.0893941242232258E-5,7.931693436840812E-4,2.999131884739848E-5,0.0012079374310210967,8.182921699451882E-5,1.3970178984909149E-5,2.5852630112300647E-5,0.002636921133766379,5.684697675379327E-4,6.421502765052451E-5,1.0,1.0827202212989891E-5,1.8761116033717514E-4,3.8585835372302085E-5,1.1221264749421924E-5,1.2933534598521949E-4,6.70400943582216E-4,2.051383729999653E-4,1.663930550515564E-5,1.4328721866845547E-4],[9.945729203473002E-5,1.3087229353442043E-5,1.1539296264487902E-5,1.611924681500631E-4,0.005647206767975746,5.110019229433467E-5,0.015958620949398723,0.012850180326084067,0.002751142086062968,1.0086159356073434E-4,2.0113826694040789E-4,0.0015178046599917934,1.917194513733942E-4,1.1859561421782832E-5,8.245991143753561E-5,1.4651106538086596E-5,1.0392485107345538E-4,1.9264598085025153E-5,2.0230966508186883E-4,4.9136194017450474E-5,1.1084650228293742E-5,0.004862161440304758,1.0770541471733992E-5,1.996223448418936E-5,1.3740092076058355E-5,0.008021605959876126,1.999474763648747E-5,2.3517275077858044E-4,5.062373440765382E-5,1.0943755203284675E-5,3.7353199183849014E-5,0.0012014591564511801,7.411753038928126E-4,6.113453114387224E-5,1.0827202212989891E-5,1.0,1.1838271776010343E-4,1.5857634624216347E-4,1.1481155845418755E-5,2.0683543763543591E-4,2.393219852270652E-4,1.2783500909986328E-4,1.3289400579987518E-5,1.132102468958053E-4],[1.4595539768904347E-4,4.118221856279516E-5,1.942939022558567E-4,2.252396246539988E-4,0.003823735075601266,6.444431985780876E-5,0.004412302320680741,8.715192139190539E-4,0.00237906426776162,1.6549323738653966E-4,8.014202919057484E-4,0.002590788710122734,3.507165336635791E-4,1.9183904265089843E-4,1.3025167388036127E-4,1.5505370445305952E-4,2.312028502201573E-4,1.6287738214146134E-4,2.45546299819013E-4,2.467675752531126E-4,2.351106280386973E-4,0.012531622266831329,1.975843664499087E-4,5.5169433973166817E-5,9.051269678028793E-5,0.004111749007600144,1.3231560755780526E-4,7.505812471698258E-4,2.6328078359473084E-4,5.0494200182485044E-5,1.5981351800629158E-4,0.0010258703141307677,0.0011423693513193372,1.964355252274199E-4,1.8761116033717514E-4,1.1838271776010343E-4,1.0,2.9618367263412043E-4,1.5991754609002363E-4,2.9561691281192187E-4,8.263526128045866E-4,2.4851441010328773E-4,1.4759051585556035E-4,2.6600977779839513E-4],[1.4276915441008276E-4,1.220139570569673E-4,1.2261309175751919E-4,2.4279850580646425E-4,0.0030959472360372726,2.9353248982966424E-4,0.006751097410973354,0.008678731001077805,0.0030773248505134017,2.1358775049629968E-4,7.505523126595229E-4,0.0031692131070374125,3.8626122136226553E-4,2.8931405455036053E-4,2.4432753493428775E-4,1.0134745264876728E-4,2.0708760652853554E-4,2.9779530160320086E-4,3.228726602799714E-4,3.4279664405951885E-4,1.2187703622970042E-4,0.010268854520076389,2.961856315688246E-4,1.811235715487366E-4,1.8378362180314993E-4,0.00458917333726428,1.061897012720586E-4,7.13585824173025E-4,3.125279463951127E-4,2.662242334562476E-4,2.3143825949661006E-4,0.0037233004936289933,9.474495438965668E-4,2.25730512221807E-4,3.8585835372302085E-5,1.5857634624216347E-4,2.9618367263412043E-4,1.0,3.579485283644142E-5,4.3870356578229583E-4,0.0023182548730286963,3.269387681579229E-4,3.11214444158873E-4,4.3007704061281016E-4],[9.817045999558632E-5,1.2612203331480378E-5,1.2431771433379477E-5,1.610995137345334E-4,0.007004764749858467,2.4629006337444425E-5,0.00338990745942651,0.01297086236107415,4.7311593646280685E-4,3.4891361006807586E-5,3.428253150422347E-4,0.0014649690111700046,0.0011659376349061063,8.146976375831498E-5,6.562204954896838E-5,1.3890374885904328E-5,8.664015443201795E-5,1.0914589735696936E-4,2.9697077734397047E-4,2.1651975919632606E-4,1.1798563788175643E-5,0.01181398854689578,1.0572830622211955E-5,1.2926687596173973E-5,1.2800513507683662E-5,0.003684710589704661,3.4581466470267984E-5,8.122141954927747E-4,3.821382022939331E-5,1.3093171945229027E-5,5.2245244233103094E-5,0.0036228235350235995,0.0015554341002348656,8.759339172565141E-5,1.1221264749421924E-5,1.1481155845418755E-5,1.5991754609002363E-4,3.579485283644142E-5,1.0,4.1418060992614637E-4,0.0027863487616316927,7.263824677658954E-5,1.3333227740502381E-5,2.1741317736152763E-4],[3.3369419815195404E-4,2.594536315387602E-4,5.1654246947319E-5,3.338990368044216E-4,0.001546807166617919,4.031082698686939E-4,0.01119082885142797,0.0071626618708227115,0.0012923316695940177,1.5881463485932078E-4,7.201496285685288E-4,5.504142973061985E-4,8.399449782689806E-4,2.1290753808290527E-4,2.9869233839371434E-4,1.888785908477379E-4,4.5657339800471365E-4,2.54266356903347E-4,3.391924170027386E-4,4.2303360849754176E-4,1.9341984281495364E-4,0.0036106501688301885,7.470568101714926E-5,2.477296897014396E-4,4.2896630238057124E-4,0.007828361295179477,3.6184370938730556E-4,0.0016194303519201276,4.229127540719669E-4,8.930205142722095E-5,3.5075101318395393E-4,0.0016707668399849193,6.536862811396837E-4,4.672421282394403E-4,1.2933534598521949E-4,2.0683543763543591E-4,2.9561691281192187E-4,4.3870356578229583E-4,4.1418060992614637E-4,1.0,0.002862089607591873,4.298166929553607E-4,1.0234160503229553E-4,4.8022016669078114E-4],[5.775284325039579E-4,8.258313954361968E-4,0.002948880958677767,0.0028097055085494443,0.006382991574873805,9.198948191876938E-4,0.006306506768572641,0.013862163079232227,0.004858036773719553,0.0018051917070991135,0.001640035154852614,0.004268357208887361,0.0016842157937404993,0.003014248839505939,0.0017244157081213586,0.0016928530987150843,0.0015982960874512443,0.0029683904823473786,0.0011622095519893292,0.0012492179453627845,0.0024824570204048965,0.012805299044753717,0.00141748073119807,0.0028013276450324738,0.0018481664297253727,0.004061406287808325,7.076341677664259E-4,0.0028906062456148076,3.9161369981502485E-4,0.00259188994205261,0.002182757289734341,0.003459436804908881,0.002939160941339382,0.00154766321712364,6.70400943582216E-4,2.393219852270652E-4,8.263526128045866E-4,0.0023182548730286963,0.0027863487616316927,0.002862089607591873,1.0,0.001304204106064817,2.108132625713299E-4,0.0015533288462957551],[1.6077892005334293E-4,2.667271789119246E-4,1.5184637366866667E-4,2.479879437437832E-4,0.009458098664583693,2.6810392457795234E-4,0.016877509188290694,0.0017735317467636991,0.004934486819803545,1.7233221754593507E-4,4.2113826607509885E-4,0.002638048719153422,4.1175513648461666E-4,2.5020073023567695E-4,1.8562720421430094E-4,5.0259518028205626E-5,1.822329364808319E-4,2.3439263013548073E-4,2.969642369461727E-4,3.2103303091747727E-4,2.457936242311382E-4,0.011230076154306748,2.7628379033446774E-4,1.1695781122942746E-4,6.38897822422181E-5,0.010218994491280232,1.4142069171582731E-4,5.63641991012179E-4,2.809116956023896E-4,4.6137587806087633E-5,2.0295360319838406E-4,0.0016099196378890233,0.0012457377359475646,1.5044639212293115E-4,2.051383729999653E-4,1.2783500909986328E-4,2.4851441010328773E-4,3.269387681579229E-4,7.263824677658954E-5,4.298166929553607E-4,0.001304204106064817,1.0,2.2792958703059694E-4,3.71450816964277E-4],[9.863811589452366E-5,2.5506604515824425E-5,2.640882825637779E-5,1.5781134228871796E-4,0.007994527889170547,4.584232221161256E-5,0.005507803388573683,0.014086104947150308,0.003208127029718655,3.3076095015209364E-5,5.595040641091774E-4,0.0022109292771083098,9.422639696782911E-5,1.313540177465483E-4,9.460198518165907E-5,1.8454698435638355E-5,7.707911674866148E-5,3.1516059646741445E-5,2.3900396543384217E-4,1.1491498153506108E-4,1.2655959552727716E-5,0.007755381872473299,2.0509392321191772E-5,2.9538620201170288E-5,2.624070027308915E-5,0.006472279283576056,3.549487308493918E-5,5.654817216459115E-4,1.8136975352991798E-4,1.752672412592121E-5,7.62354863956783E-5,0.0019117426621313028,4.8342428422377325E-4,9.659049181809052E-5,1.663930550515564E-5,1.3289400579987518E-5,1.4759051585556035E-4,3.11214444158873E-4,1.3333227740502381E-5,1.0234160503229553E-4,2.108132625713299E-4,2.2792958703059694E-4,1.0,3.2249648930527395E-4],[3.2267096723095163E-4,7.420609227231422E-5,9.601122841560764E-5,1.9117229397443616E-4,0.002576099249117384,4.5539265448905767E-4,0.011730362924347234,0.015655565169630715,0.0028324151573729407,1.2958517059348025E-4,5.769908902265094E-4,0.001087723763583235,8.53481167847388E-4,1.78907199