[[1.0,0.0010954852778325228,6.114753039908277E-4,9.836909722281356E-4,2.862008644753081E-4,2.4361760971978007E-4,0.00669279008333986,2.945925404744975E-4,2.585949123741597E-4,2.7364425270613973E-4,2.098381505119058E-4,1.7982574950889572E-4,3.629024474950469E-4,2.5378218513297994E-4,3.1188105794569064E-4,6.174415020928636E-4,4.439988390021123E-4,7.971142855408794E-4,2.399787240418128E-4,0.0010478020923841529,0.04907718598288973,0.0059041053269012315,3.502392596820795E-4,6.875106648606636E-5,3.2663832121086533E-4,3.2106250336238557E-4,2.755470740062723E-4,0.004980396450858312,2.6354546340090284E-4,1.9991342825800932E-4,0.002268194913985687,2.866075563419207E-4,0.0014602212138549748,2.2049271637977506E-4,6.28799120375416E-4,9.179204083162272E-4,0.0013116956189069221,2.5274917528046834E-4,0.016297280931193158,0.002184175146996284,9.692840306225673E-5,3.886860888023194E-4,0.05397163160549259,5.099468437295662E-4],[0.0010954852778325228,1.0,0.002067745426714356,0.0012425991058787288,0.001181732170201101,3.783019050530833E-4,0.011399177813379131,5.962365097645486E-4,5.887043875314888E-4,7.406401694648903E-4,0.0011521887021100382,9.077015910945307E-4,7.155582212362398E-4,4.382644093541158E-4,4.307751758000068E-4,0.0013732847743121296,7.972800737604993E-4,0.001151722212877648,2.0483059888732382E-4,0.0013452377552887237,0.015077945165348881,0.011048720126734784,7.976771856727552E-4,7.688306795540551E-4,0.0010776841182975664,0.0010911041123877183,7.798256416625272E-4,0.002778682775854238,7.869097021754802E-4,8.268993658449442E-4,0.006134911973690857,7.884939614512235E-4,0.002354966718599048,4.048339293177427E-4,0.0012634750293696012,0.0012436603333801288,0.0013382636283054933,0.0011381426222360233,0.00150761105607597,0.006791967897961229,7.427489165224442E-4,0.0012148998419085643,0.023340361012223684,0.0016349673375771093],[6.114753039908277E-4,0.002067745426714356,1.0,0.001330566869582808,0.0014557309139123025,0.0011291576943049445,0.010112035938910578,0.001387930291977883,0.0012166441129305117,9.153786539428932E-4,0.0018581065276431774,4.532328381777331E-4,0.002007737653071208,0.001802827327841221,0.0017133909609700756,0.0017403097455778636,8.657302398245186E-4,0.0012783154250855635,0.001945052841718788,0.0020822616983384207,0.04557659563374024,0.0119406878836645,0.0017501402280120314,6.367704179920037E-5,0.0018344927900119945,0.002056348285094997,0.0013016744397220518,0.0027482554175668663,6.059730506712127E-4,0.00100515524140983,0.010390458700534585,5.779317304462515E-4,0.002350086545219978,0.0010938943092566676,0.0020556213440521857,0.0019567206926266074,0.001698814986140784,0.0011239061560372274,0.022691554748226983,0.006527225930448714,2.900504157878819E-4,0.0019874869566207346,0.06273410529827127,0.001964984533611621],[9.836909722281356E-4,0.0012425991058787288,0.001330566869582808,1.0,9.192354387130644E-4,0.0010395803586129527,0.0032034851892981282,2.3924464639651862E-4,9.634673806989493E-4,5.77774936325758E-4,9.004117530197462E-4,8.510874743146982E-4,6.829241576348583E-4,0.0010312934347789565,6.399094729971375E-4,0.0013870184127439092,8.981254763529318E-4,0.0010443703587824428,2.1548075251880865E-4,0.0011724705152443167,0.006799795200075027,0.008354373469727462,6.086160755621972E-4,2.91810273242884E-4,4.3273265684930337E-4,6.190191075339622E-4,0.0010238954051735372,0.0031932923494107654,2.3901178658767354E-4,2.3657793195335094E-4,0.006676999886484811,0.0010878298581580082,0.001957124649844189,4.8281925042470127E-4,0.0018423307012779447,0.001145229423596943,0.001212994620938571,0.0010275333629061194,0.01831874443640598,0.0016983052208582278,2.3653407152830397E-4,0.0011327752022410838,0.013829728798465326,0.0011906933341561115],[2.862008644753081E-4,0.001181732170201101,0.0014557309139123025,9.192354387130644E-4,1.0,2.044367406400935E-4,0.004905469122984827,1.688742814239474E-4,2.475980061942467E-4,2.3266613931794956E-4,7.537596402267343E-5,5.869967771423274E-5,4.847671686927541E-4,2.3272064339082243E-4,2.5317673882200355E-4,0.0011162948423631804,4.744515065237939E-4,7.833936982659232E-4,1.8285153637433795E-4,0.0010316142826482604,0.04053504553258999,0.003458789156282516,2.850570339664441E-4,1.0998506631130443E-4,3.1899172318404723E-4,2.6761495154181084E-4,2.608264681470783E-4,0.0032505838901110886,1.9980673310078032E-4,2.143796481035087E-4,0.00474201445399669,2.372534147294926E-4,6.98620564787767E-4,1.7391512645927048E-4,0.0017736252339101233,3.4180013062692785E-4,8.27344699729357E-4,1.8362655646981534E-4,0.024951433021613068,0.0013280816924260302,1.3604528301273884E-4,4.588448473967539E-4,0.07610912879049557,0.0016358142973876906],[2.4361760971978007E-4,3.783019050530833E-4,0.0011291576943049445,0.0010395803586129527,2.044367406400935E-4,1.0,0.0052003211883922,1.377519674381117E-4,1.4114382690985923E-4,1.4967935298703988E-4,1.4152712988025706E-4,2.830229366726903E-5,1.8652168982181315E-4,1.3453516751125923E-4,2.935797746540025E-4,0.0011589839170385175,5.890444503335924E-4,6.591074602196007E-4,9.33697476627148E-5,2.3004069848462E-4,0.052380723183102995,0.00545198046974282,3.2879215749378164E-4,4.049391213488246E-5,2.3677554100172952E-4,2.3125164588504767E-4,2.650144247208757E-4,0.004446268950176514,1.5587129751319054E-4,1.5560621612401034E-4,0.002488024538377566,2.023958924567184E-4,0.001842922386419702,6.943856261077516E-5,0.0015912923467232749,0.0011712283207060727,2.0098052387498673E-4,1.3327625503756929E-4,0.04747682015403105,0.0022329447595233727,8.062838067235539E-5,5.5118446922239E-4,0.021012894755556386,0.0012394065813644307],[0.00669279008333986,0.011399177813379131,0.010112035938910578,0.0032034851892981282,0.004905469122984827,0.0052003211883922,1.0,0.010293978781510551,0.004349912840168238,0.0018710959468701306,0.004696514510864557,0.004981963433755278,0.010319313702153603,0.006335307410234808,0.0013600946509262158,0.004155952188948018,0.0012265877188094717,0.0023331677870305186,0.0064265810768090225,0.006697210291626682,0.05346522258542226,0.017356307106172496,0.005994720392937412,0.003330100757648531,0.010354403559357298,0.008366982894519474,0.00756054122527621,0.006123609189992102,0.0010934265605706992,0.006275476719203328,0.011817382704593607,3.396057886011072E-4,0.007426971981065065,0.0015193921766066987,0.0038792315540475547,0.010649012974287532,0.003959617846930442,0.00718041452809389,0.024677558532972627,0.011683253924281357,0.004187987893801463,0.005882518736142073,0.024543367194609922,0.010059394613681777],[2.945925404744975E-4,5.962365097645486E-4,0.001387930291977883,2.3924464639651862E-4,1.688742814239474E-4,1.377519674381117E-4,0.010293978781510551,1.0,1.1020623988683759E-4,1.5491222149186516E-4,8.86222305767627E-5,9.590768547006092E-5,5.475711363670705E-4,1.1543590321938348E-4,2.1160355535970008E-4,0.001204647295010268,4.292421187580784E-4,2.2770378453546656E-4,9.225065981426737E-5,7.78412408424358E-4,0.04574367806976789,0.005298584911919153,2.854066867899444E-4,1.011012868872562E-4,2.3394235039858157E-4,1.8926905238818374E-4,1.8908690405148372E-4,0.0036031147776232402,1.5317731706280982E-4,1.6422726566898903E-4,0.001559527353196909,1.9538832291914732E-4,0.0014714738868982886,5.9972667682486584E-5,0.0018773979496449168,0.0010750587551827675,8.968782848956321E-4,1.197076279823941E-4,0.022382976719095813,0.00607371108523072,3.5129287374218946E-5,7.8548409627236E-4,0.008464509381230613,5.117182720511203E-4],[2.585949123741597E-4,5.887043875314888E-4,0.0012166441129305117,9.634673806989493E-4,2.475980061942467E-4,1.4114382690985923E-4,0.004349912840168238,1.1020623988683759E-4,1.0,2.1282733218310005E-4,4.793115637274321E-5,6.189314069354455E-5,2.4329151372172372E-4,1.1312293581276467E-4,2.1875187654007744E-4,3.807343614033581E-4,5.235300134597236E-4,6.538047553396128E-4,1.0782596618392665E-4,5.485330237752861E-4,0.04768957840084049,0.015428452255546057,2.490240010589986E-4,1.3178644631114103E-5,2.283900025393879E-4,2.3310259299403604E-4,1.937398213187306E-4,0.0023699738122982565,1.6349371418040203E-4,1.4793516645236673E-4,0.004265222488362951,2.3444659918117914E-4,4.022652363377887E-4,9.68276967375259E-5,0.0015454302697150007,1.5947175500035312E-4,3.2093700938719586E-4,1.3234454533692016E-4,0.04169158660066233,0.0016850366094100424,5.1127947999526055E-5,1.602336563081781E-4,0.02975481487082573,9.830475968244366E-4],[2.7364425270613973E-4,7.406401694648903E-4,9.153786539428932E-4,5.77774936325758E-4,2.3266613931794956E-4,1.4967935298703988E-4,0.0018710959468701306,1.5491222149186516E-4,2.1282733218310005E-4,1.0,6.093759229737631E-5,1.8292023779797678E-4,2.598137403518435E-4,2.070357763626009E-4,2.619520002157178E-4,0.0010019045543421376,6.741947250086499E-4,5.17899248501543E-4,2.1065247203389028E-4,9.256622241672779E-4,0.06085187685003443,0.002816050583595162,2.6846909306831566E-4,1.224874508591559E-4,2.88467742924994E-4,2.4941460684628307E-4,2.6697207744712676E-4,0.004726069673746283,1.889043635476463E-4,2.155050694857384E-4,3.7135131344520774E-4,2.3192058555963565E-4,8.253689054939226E-4,1.5382063453652027E-4,5.150333202549075E-4,0.001160549928526692,0.0011528348849628143,1.5185291280827743E-4,0.006518516046808626,0.007373345640726435,7.633508237182902E-5,8.1094099076235E-4,0.010614550285822316,0.0011246986618903647],[2.098381505119058E-4,0.0011521887021100382,0.0018581065276431774,9.004117530197462E-4,7.537596402267343E-5,1.4152712988025706E-4,0.004696514510864557,8.86222305767627E-5,4.793115637274321E-5,6.093759229737631E-5,1.0,3.9296711465891285E-5,4.6200722515246027E-4,1.1356942709628027E-4,1.6744073998738488E-4,8.50327649907066E-4,9.566616870446079E-5,4.971163621535809E-4,6.020542607985232E-5,4.3014958441110214E-4,0.0033860383051996235,0.0016515963945401592,4.343861374247577E-5,3.6430057440052066E-5,1.9200368069612192E-4,2.830523779330142E-4,2.1502483897514974E-4,0.0018142885924165362,1.540804477420931E-4,1.1823708115564693E-4,0.008101867603982082,1.103638544925168E-4,0.0018878093842535058,2.911863898716889E-5,9.036737904220378E-4,9.292835654276754E-4,2.8500607531199316E-4,9.781956658545463E-5,0.02745418594144242,0.007537917491515072,3.26992013871726E-5,1.3736187201636408E-4,0.023579458123113142,7.972848864546791E-4],[1.7982574950889572E-4,9.077015910945307E-4,4.532328381777331E-4,8.510874743146982E-4,5.869967771423274E-5,2.830229366726903E-5,0.004981963433755278,9.590768547006092E-5,6.189314069354455E-5,1.8292023779797678E-4,3.9296711465891285E-5,1.0,3.78333084981407E-5,7.85526324290083E-5,9.843683257656247E-5,8.43550079895422E-4,3.7976701254059637E-4,9.21749870590063E-5,3.403859704789749E-5,8.120244909616083E-4,0.0551211957610237,0.01174764379724354,1.7983215220919045E-4,1.4232037351055492E-5,1.6744371466082117E-4,2.825193648895411E-4,1.9535688953226015E-4,7.684412400924323E-4,9.475922334151941E-5,1.7145843071267322E-4,0.004659409607102376,3.569919807822127E-5,0.002006555644548901,1.8969524395016387E-5,7.082860998736462E-4,4.03951043723962E-4,3.0154676472082814E-4,7.706638569073149E-5,0.01603723564823668,0.004014449080064389,1.959112525357416E-5,3.3362113002409385E-4,0.04800518468671279,2.740907020659203E-4],[3.629024474950469E-4,7.155582212362398E-4,0.002007737653071208,6.829241576348583E-4,4.847671686927541E-4,1.8652168982181315E-4,0.010319313702153603,5.475711363670705E-4,2.4329151372172372E-4,2.598137403518435E-4,4.6200722515246027E-4,3.78333084981407E-5,1.0,2.4699923243511946E-4,5.746374807860048E-4,7.430239105324626E-4,6.550399368656708E-4,6.739739288492668E-4,5.438979670489789E-4,0.001005829546095736,0.046175603244487155,0.003987600802689515,5.297635902023797E-4,3.46838248010744E-4,4.3976351880249665E-4,3.6669131682799146E-4,3.183311782655123E-4,0.001730539226549839,5.943894254043436E-4,2.9336251677319073E-4,0.008587791021255358,2.3849905613959363E-4,0.0010002582147046932,2.0218524030637388E-4,0.0013008038154918434,0.0010773816604825036,0.0012418016352912088,2.463352007629499E-4,0.03040701433180616,0.0011298834250636784,4.441631330475546E-4,7.706906834128728E-4,0.03825427765430641,0.001349540904663227],[2.5378218513297994E-4,4.382644093541158E-4,0.001802827327841221,0.0010312934347789565,2.3272064339082243E-4,1.3453516751125923E-4,0.006335307410234808,1.1543590321938348E-4,1.1312293581276467E-4,2.070357763626009E-4,1.1356942709628027E-4,7.85526324290083E-5,2.4699923243511946E-4,1.0,1.8380378417739887E-4,2.9036024768770816E-4,4.058104238381207E-4,1.3900861266056533E-4,7.568540919657555E-5,0.0010305403901377168,0.005821180494169115,0.018639506133647395,3.2850653935400634E-4,9.558498499157302E-5,2.6624205490030693E-4,1.2988590047307801E-4,1.2310381090524478E-4,0.0013040748827673602,1.61909047444489E-4,1.8907274618147006E-4,0.01013744880667398,2.1231921070340783E-4,0.0020500122578084425,2.6709439781124465E-5,3.227629972569445E-4,9.730048394081063E-4,7.603385033445834E-4,1.2307885390792534E-4,0.03378120434132185,2.8910004602976125E-4,7.767465619527833E-5,2.4042646890867992E-4,8.731989547362044E-4,6.863487196664643E-4],[3.1188105794569064E-4,4.307751758000068E-4,0.0017133909609700756,6.399094729971375E-4,2.5317673882200355E-4,2.935797746540025E-4,0.0013600946509262158,2.1160355535970008E-4,2.1875187654007744E-4,2.619520002157178E-4,1.6744073998738488E-4,9.843683257656247E-5,5.746374807860048E-4,1.8380378417739887E-4,1.0,4.741903413643852E-4,4.2712958386793674E-4,5.212870403705896E-4,1.9092959740900012E-4,0.00125750152809776,0.03332605058323676,0.006154880278327699,3.7471540405465336E-4,9.481475793560351E-5,3.255183350646797E-4,3.238694210390442E-4,3.0522219002602065E-4,5.968394762211687E-4,2.653361996553912E-4,2.5235992483279185E-4,0.002683482425925294,2.598954082587063E-4,0.0025305726256887235,1.3189884682015537E-4,3.782244321972829E-4,5.413568508963673E-4,9.909990573845624E-4,1.452891264112355E-4,0.019792612996544657,0.005471020711758406,7.658335355268704E-5,9.19962845861154E-4,0.01965635084545601,0.0010186174018628467],[6.174415020928636E-4,0.0013732847743121296,0.0017403097455778636,0.0013870184127439092,0.0011162948423631804,0.0011589839170385175,0.004155952188948018,0.001204647295010268,3.807343614033581E-4,0.0010019045543421376,8.50327649907066E-4,8.43550079895422E-4,7.430239105324626E-4,2.9036024768770816E-4,4.741903413643852E-4,1.0,9.458147099385438E-4,8.591764351460373E-4,6.596690729357612E-4,0.0014169153001893971,0.04928711618330959,0.006096267661003719,0.0011879558062769997,0.001375850588330884,4.7492303846862876E-4,0.0011565489267110385,4.931468484633047E-4,0.0025853669389833004,5.986897427123339E-4,0.0012376702622963413,0.004244340124316532,3.752729741064608E-4,0.0016692442005786907,5.765958317464312E-4,0.0018003004468837456,0.0013867047907010698,0.0014521832694146513,0.0013327520023325014,0.030851814466011693,0.0021685582035798354,0.0013602342166821046,0.001246269997252313,0.061077063446440046,0.001629468357405139],[4.439988390021123E-4,7.972800737604993E-4,8.657302398245186E-4,8.981254763529318E-4,4.744515065237939E-4,5.890444503335924E-4,0.0012265877188094717,4.292421187580784E-4,5.235300134597236E-4,6.741947250086499E-4,9.566616870446079E-5,3.7976701254059637E-4,6.550399368656708E-4,4.058104238381207E-4,4.2712958386793674E-4,9.458147099385438E-4,1.0,7.223645539621874E-4,6.812951729257419E-4,7.38326043685532E-4,0.041249448407107356,0.008198533495576022,6.76325174183704E-4,4.53555697237328E-4,3.4569248317739434E-4,5.595692582696731E-4,6.293378633436581E-4,0.0010833688999776444,5.378044258906307E-4,4.644280447992311E-4,0.006267271496110854,4.4800613515732634E-4,0.00186240704090507,1.29384698419162E-4,0.0017072996186349616,7.743159424760286E-4,0.0012039155521334916,2.0158061507995602E-4,0.041779529257100496,0.001625585473720878,4.076344647879921E-4,8.590786082984283E-4,0.03925656358210279,9.757015499732569E-4],[7.971142855408794E-4,0.001151722212877648,0.0012783154250855635,0.0010443703587824428,7.833936982659232E-4,6.591074602196007E-4,0.0023331677870305186,2.2770378453546656E-4,6.538047553396128E-4,5.17899248501543E-4,4.971163621535809E-4,9.21749870590063E-5,6.739739288492668E-4,1.3900861266056533E-4,5.212870403705896E-4,8.591764351460373E-4,7.223645539621874E-4,1.0,1.0989549953431082E-4,0.0010971285426162665,0.038626024796193356,0.013995239922023752,4.919516974050132E-4,3.3939085449075464E-4,7.843305999174109E-4,6.436985021733566E-4,5.513243801334136E-4,0.0033595767744935543,6.929373757558646E-4,6.513775187192316E-4,0.009546912718134633,6.210274403820844E-4,0.0010700941783708725,4.0428796645397655E-4,0.0015735410241328115,9.659632693112918E-4,0.0012219470861760796,2.469421197354821E-4,0.022319184013297917,0.002975441090558121,4.5663734678814684E-4,9.802663242626528E-4,0.06223532037228324,0.001152466386513032],[2.399787240418128E-4,2.0483059888732382E-4,0.001945052841718788,2.1548075251880865E-4,1.8285153637433795E-4,9.33697476627148E-5,0.0064265810768090225,9.225065981426737E-5,1.0782596618392665E-4,2.1065247203389028E-4,6.020542607985232E-5,3.403859704789749E-5,5.438979670489789E-4,7.568540919657555E-5,1.9092959740900012E-4,6.596690729357612E-4,6.812951729257419E-4,1.0989549953431082E-4,1.0,8.218854719684282E-4,0.01668998919038896,0.002412452436767837,2.7649904524623805E-4,3.7064322386927656E-5,1.1265145109469945E-4,1.5149129108250783E-4,2.0844692306757514E-4,0.001682530064825961,1.7032867611605203E-4,1.5681404382533927E-4,0.0025926317194035495,1.449818677919001E-4,0.0011327393410744042,4.1912474615231734E-5,7.073536960617867E-4,0.0010647187361728472,2.488487626884667E-4,1.020963955953294E-4,0.030207664843490255,0.003254883837251023,4.720418001040752E-5,5.398276216350663E-4,0.007392930309793125,8.355049608371265E-4],[0.0010478020923841529,0.0013452377552887237,0.0020822616983384207,0.0011724705152443167,0.0010316142826482604,2.3004069848462E-4,0.006697210291626682,7.78412408424358E-4,5.485330237752861E-4,9.256622241672779E-4,4.3014958441110214E-4,8.120244909616083E-4,0.001005829546095736,0.0010305403901377168,0.00125750152809776,0.0014169153001893971,7.38326043685532E-4,0.0010971285426162665,8.218854719684282E-4,1.0,0.01911150641951171,0.018204132561242176,8.163589666092203E-4,8.159206160354213E-5,0.0010097845461882783,0.0011431318191909333,3.865348777105914E-4,0.0048789589784344976,0.0011248649349109563,3.054770878731927E-4,0.007387969654607627,0.0011685637928521692,0.0023349851227856154,8.630650343009066E-5,0.0016452494159588831,0.0012520842310568088,0.0014463178104497962,9.196638698856177E-4,0.0024146716215200175,0.0033700763991338202,0.0010572353035278375,0.001187900218081374,0.04528835325726991,0.0015053593874001178],[0.04907718598288973,0.015077945165348881,0.04557659563374024,0.006799795200075027,0.04053504553258999,0.052380723183102995,0.05346522258542226,0.04574367806976789,0.04768957840084049,0.06085187685003443,0.0033860383051996235,0.0551211957610237,0.046175603244487155,0.005821180494169115,0.03332605058323676,0.04928711618330959,0.041249448407107356,0.038626024796193356,0.01668998919038896,0.01911150641951171,1.0,0.061536473218847365,0.02140857317746257,0.016144175289983877,0.021044678034942216,0.014068672978275758,0.05753437270202225,0.007672473027708535,0.023641625958484402,0.03518763763163278,0.05824820826120416,0.04806566788761781,0.04056017822529323,0.022005858174359603,0.02603361089571608,0.06210471415317084,0.05946871036159361,0.024872906020161845,0.05605164291472124,0.02270202542597663,0.0353379431006617,0.05237106136049865,0.06373276108105548,0.01627483072847644],[0.0059041053269012315,0.011048720126734784,0.0119406878836645,0.008354373469727462,0.003458789156282516,0.00545198046974282,0.017356307106172496,0.005298584911919153,0.015428452255546057,0.002816050583595162,0.0016515963945401592,0.01174764379724354,0.003987600802689515,0.018639506133647395,0.006154880278327699,0.006096267661003719,0.008198533495576022,0.013995239922023752,0.002412452436767837,0.018204132561242176,0.061536473218847365,1.0,0.013908743974803937,0.008485183096688668,0.0032986676205349324,0.015346203551328692,0.005885098819401914,0.006588338511205815,0.004874524090994097,0.017035860253809862,0.0118830048570472,0.014973951245463704,0.007519548611899348,0.017342832895794524,0.0028389542995855303,0.006934496746703851,0.012732446707565775,0.017899826519566873,0.02045571331361742,0.009423823884712862,0.01617898859531228,0.010648326118612217,0.02706363234997531,0.006693125752292288],[3.502392596820795E-4,7.976771856727552E-4,0.0017501402280120314,6.086160755621972E-4,2.850570339664441E-4,3.2879215749378164E-4,0.005994720392937412,2.854066867899444E-4,2.490240010589986E-4,2.6846909306831566E-4,4.343861374247577E-5,1.7983215220919045E-4,5.297635902023797E-4,3.2850653935400634E-4,3.7471540405465336E-4,0.0011879558062769997,6.76325174183704E-4,4.919516974050132E-4,2.7649904524623805E-4,8.163589666092203E-4,0.02140857317746257,0.013908743974803937,1.0,1.1396121672839713E-4,3.6694667052309386E-4,3.69760788746204E-4,3.048515062524131E-4,0.0032947145973672904,2.1782201416681334E-4,3.1825368463545754E-4,6.530360527060176E-4,2.5147736897033454E-4,0.0021134763699050033,3.5742388923586625E-4,0.0015837456673125912,5.131849700712333E-4,8.741868884794833E-4,3.614223247020871E-4,0.0014764528863644858,0.006607412843861445,1.0229902836745474E-4,4.5968346960980374E-4,0.009281192543143022,5.113567194348981E-4],[6.875106648606636E-5,7.688306795540551E-4,6.367704179920037E-5,2.91810273242884E-4,1.0998506631130443E-4,4.049391213488246E-5,0.003330100757648531,1.011012868872562E-4,1.3178644631114103E-5,1.224874508591559E-4,3.6430057440052066E-5,1.4232037351055492E-5,3.46838248010744E-4,9.558498499157302E-5,9.481475793560351E-5,0.001375850588330884,4.53555697237328E-4,3.3939085449075464E-4,3.7064322386927656E-5,8.159206160354213E-5,0.016144175289983877,0.008485183096688668,1.1396121672839713E-4,1.0,3.6484225747312043E-5,2.4216626717157307E-4,9.663939341762043E-5,0.003981565088887248,1.034699521641714E-4,3.4787428004933914E-5,7.053334542898522E-4,1.5939482801702163E-4,0.0013312524479720993,1.3271532439634464E-5,1.2358117976170714E-4,9.999663103847783E-4,9.59556548331709E-4,1.3047118919498786E-4,0.019504950567658788,0.004506243982729205,1.0735972095865607E-5,1.338965810542542E-4,0.06641999887397702,0.0014652744528860246],[3.2663832121086533E-4,0.0010776841182975664,0.0018344927900119945,4.3273265684930337E-4,3.1899172318404723E-4,2.3677554100172952E-4,0.010354403559357298,2.3394235039858157E-4,2.283900025393879E-4,2.88467742924994E-4,1.9200368069612192E-4,1.6744371466082117E-4,4.3976351880249665E-4,2.6624205490030693E-4,3.255183350646797E-4,4.7492303846862876E-4,3.4569248317739434E-4,7.843305999174109E-4,1.1265145109469945E-4,0.0010097845461882783,0.021044678034942216,0.0032986676205349324,3.6694667052309386E-4,3.6484225747312043E-5,1.0,3.2890594281454827E-4,3.3032468835755455E-4,0.0035260955202031587,3.2451020474769067E-4,3.2590402287101966E-4,0.006491407956673542,2.910254134909744E-4,0.0014793506310483275,2.2608707379758009E-4,0.001837899397202395,7.943700442647784E-4,5.221110287438155E-4,3.3112810276095706E-4,0.04645190038304409,0.007521822761955264,1.8536262573036233E-4,6.613895342424561E-4,0.01734710596415481,0.001618116039040965],[3.2106250336238557E-4,0.0010911041123877183,0.002056348285094997,6.190191075339622E-4,2.6761495154181084E-4,2.3125164588504767E-4,0.008366982894519474,1.8926905238818374E-4,2.3310259299403604E-4,2.4941460684628307E-4,2.830523779330142E-4,2.825193648895411E-4,3.6669131682799146E-4,1.2988590047307801E-4,3.238694210390442E-4,0.0011565489267110385,5.595692582696731E-4,6.436985021733566E-4,1.5149129108250783E-4,0.0011431318191909333,0.014068672978275758,0.015346203551328692,3.69760788746204E-4,2.4216626717157307E-4,3.2890594281454827E-4,1.0,2.8140079655074475E-4,0.0010197817128462547,3.219237091807074E-4,2.1356917915513115E-4,3.618095776559109E-4,3.1412972715317124E-4,0.001867010967683695,3.0396309087807674E-4,0.001718292047520679,4.3564001948960334E-4,3.8142834551807987E-4,1.8900271482209113E-4,0.03783421682676803,0.005023000291095427,3.232877318713688E-4,3.5688166961633756E-4,0.0717024303514886,0.001429969281471221],[2.755470740062723E-4,7.798256416625272E-4,0.0013016744397220518,0.0010238954051735372,2.608264681470783E-4,2.650144247208757E-4,0.00756054122527621,1.8908690405148372E-4,1.937398213187306E-4,2.6697207744712676E-4,2.1502483897514974E-4,1.9535688953226015E-4,3.183311782655123E-4,1.2310381090524478E-4,3.0522219002602065E-4,4.931468484633047E-4,6.293378633436581E-4,5.513243801334136E-4,2.0844692306757514E-4,3.865348777105914E-4,0.05753437270202225,0.005885098819401914,3.048515062524131E-4,9.663939341762043E-5,3.3032468835755455E-4,2.8140079655074475E-4,1.0,0.0037250983865123105,2.0561906628848404E-4,2.069087274870102E-4,0.0050365814129980195,2.636309257859235E-4,0.0022200015586411014,3.080252954082698E-5,5.320844778013583E-4,9.757633074129085E-4,3.313299854564979E-4,2.5551559786540795E-4,0.011443496511855056,4.150603170243551E-4,1.4768684191493976E-4,5.835328882257142E-4,0.047952248509379736,3.150101698844296E-4],[0.004980396450858312,0.002778682775854238,0.0027482554175668663,0.0031932923494107654,0.0032505838901110886,0.004446268950176514,0.006123609189992102,0.0036031147776232402,0.0023699738122982565,0.004726069673746283,0.0018142885924165362,7.684412400924323E-4,0.001730539226549839,0.0013040748827673602,5.968394762211687E-4,0.0025853669389833004,0.0010833688999776444,0.0033595767744935543,0.001682530064825961,0.0048789589784344976,0.007672473027708535,0.006588338511205815,0.0032947145973672904,0.003981565088887248,0.0035260955202031587,0.0010197817128462547,0.0037250983865123105,1.0,0.001660275432541111,0.004067625255398411,0.006408177014962613,0.002504611929901589,0.003561349562073036,7.572100724461073E-4,0.004402683418833014,0.002992592400284224,0.00512074364045633,0.0027365793822751155,0.010313881370908537,0.005501347068224221,0.00290634472758403,0.004997813096814175,0.01280300816316249,0.0037261934406091247],[2.6354546340090284E-4,7.869097021754802E-4,6.059730506712127E-4,2.3901178658767354E-4,1.9980673310078032E-4,1.5587129751319054E-4,0.0010934265605706992,1.5317731706280982E-4,1.6349371418040203E-4,1.889043635476463E-4,1.540804477420931E-4,9.475922334151941E-5,5.943894254043436E-4,1.61909047444489E-4,2.653361996553912E-4,5.986897427123339E-4,5.378044258906307E-4,6.929373757558646E-4,1.7032867611605203E-4,0.0011248649349109563,0.023641625958484402,0.004874524090994097,2.1782201416681334E-4,1.034699521641714E-4,3.2451020474769067E-4,3.219237091807074E-4,2.0561906628848404E-4,0.001660275432541111,1.0,1.908626732184487E-4,7.201168048761191E-4,2.1534660007595E-4,2.447646004451328E-4,8.881839422824765E-5,3.4071701558015824E-4,5.960473868191917E-4,0.001320860148455462,1.3388720833445541E-4,0.028638271760590136,9.571369209571802E-4,1.5005431045629346E-4,8.705480014289089E-4,0.009024578932027391,8.625085706698069E-4],[1.9991342825800932E-4,8.268993658449442E-4,0.00100515524140983,2.3657793195335094E-4,2.143796481035087E-4,1.5560621612401034E-4,0.006275476719203328,1.6422726566898903E-4,1.4793516645236673E-4,2.155050694857384E-4,1.1823708115564693E-4,1.7145843071267322E-4,2.9336251677319073E-4,1.8907274618147006E-4,2.5235992483279185E-4,0.0012376702622963413,4.644280447992311E-4,6.513775187192316E-4,1.5681404382533927E-4,3.054770878731927E-4,0.03518763763163278,0.017035860253809862,3.1825368463545754E-4,3.4787428004933914E-5,3.2590402287101966E-4,2.1356917915513115E-4,2.069087274870102E-4,0.004067625255398411,1.908626732184487E-4,1.0,0.00737910307925054,1.9439490458054737E-4,0.0013399975564034584,2.367799761162221E-5,0.0014465758138951876,6.59655112866076E-4,4.992765109311893E-4,1.7049951035616343E-4,0.042582362189204095,2.101205748929509E-4,1.1448062087852329E-4,7.365757672212405E-4,0.020990342253111367,5.909490597091587E-4],[0.002268194913985687,0.006134911973690857,0.010390458700534585,0.006676999886484811,0.00474201445399669,0.002488024538377566,0.011817382704593607,0.001559527353196909,0.004265222488362951,3.7135131344520774E-4,0.008101867603982082,0.004659409607102376,0.008587791021255358,0.01013744880667398,0.002683482425925294,0.004244340124316532,0.006267271496110854,0.009546912718134633,0.0025926317194035495,0.007387969654607627,0.05824820826120416,0.0118830048570472,6.530360527060176E-4,7.053334542898522E-4,0.006491407956673542,3.618095776559109E-4,0.0050365814129980195,0.006408177014962613,7.201168048761191E-4,0.00737910307925054,1.0,0.004179118750806912,0.006072510950156901,0.009938173005346057,0.009773207482334359,0.003183527671370319,0.010253058980098522,0.002969832986101529,0.028068445886720098,0.009124995644964766,0.007668926774396382,0.0037695995914603744,0.057449500824134664,0.010181391299665412],[2.866075563419207E-4,7.884939614512235E-4,5.779317304462515E-4,0.0010878298581580082,2.372534147294926E-4,2.023958924567184E-4,3.396057886011072E-4,1.9538832291914732E-4,2.3444659918117914E-4,2.3192058555963565E-4,1.103638544925168E-4,3.569919807822127E-5,2.3849905613959363E-4,2.1231921070340783E-4,2.598954082587063E-4,3.752729741064608E-4,4.4800613515732634E-4,6.210274403820844E-4,1.449818677919001E-4,0.0011685637928521692,0.04806566788761781,0.014973951245463704,2.5147736897033454E-4,1.5939482801702163E-4,2.910254134909744E-4,3.1412972715317124E-4,2.636309257859235E-4,0.002504611929901589,2.1534660007595E-4,1.9439490458054737E-4,0.004179118750806912,1.0,8.287769430480674E-4,2.234161211478274E-5,4.7421377033005443E-4,3.690841372179129E-4,0.0011570000264838674,1.7986726245877238E-4,0.02650392189572465,0.003598000275509699,1.3803633594144327E-4,6.311869750494192E-4,0.0451932564166279,0.001060072207628605],[0.0014602212138549748,0.002354966718599048,0.002350086545219978,0.001957124649844189,6.98620564787767E-4,0.001842922386419702,0.007426971981065065,0.0014714738868982886,4.022652363377887E-4,8.253689054939226E-4,0.0018878093842535058,0.002006555644548901,0.0010002582147046932,0.0020500122578084425,0.0025305726256887235,0.0016692442005786907,0.00186240704090507,0.0010700941783708725,0.0011327393410744042,0.0023349851227856154,0.04056017822529323,0.007519548611899348,0.0021134763699050033,0.0013312524479720993,0.0014793506310483275,0.001867010967683695,0.0022200015586411014,0.003561349562073036,2.447646004451328E-4,0.0013399975564034584,0.006072510950156901,8.287769430480674E-4,1.0,0.0022135459941419276,0.0021038209048957327,0.002191253390432308,0.0026474985231368666,0.0017919725246290307,0.026213728877765245,0.005316041307669167,0.0021939542401518504,0.001381613440761487,0.03797226771790682,0.0017587993663572366],[2.2049271637977506E-4,4.048339293177427E-4,0.0010938943092566676,4.8281925042470127E-4,1.7391512645927048E-4,6.943856261077516E-5,0.0015193921766066987,5.9972667682486584E-5,9.68276967375259E-5,1.5382063453652027E-4,2.911863898716889E-5,1.8969524395016387E-5,2.0218524030637388E-4,2.6709439781124465E-5,1.3189884682015537E-4,5.765958317464312E-4,1.29384698419162E-4,4.0428796645397655E-4,4.1912474615231734E-5,8.630650343009066E-5,0.022005858174359603,0.017342832895794524,3.5742388923586625E-4,1.3271532439634464E-5,2.2608707379758009E-4,3.0396309087807674E-4,3.080252954082698E-5,7.572100724461073E-4,8.881839422824765E-5,2.367799761162221E-5,0.009938173005346057,2.234161211478274E-5,0.0022135459941419276,1.0,0.0011824168338137836,9.402229163694465E-4,2.985049108437942E-5,3.529711265739836E-5,0.02354532470531874,0.008123389360337028,1.7492314973722944E-5,9.181623075496747E-4,0.07433073422503125,0.001434910429461582],[6.28799120375416E-4,0.0012634750293696012,0.0020556213440521857,0.0018423307012779447,0.0017736252339101233,0.0015912923467232749,0.0038792315540475547,0.0018773979496449168,0.0015454302697150007,5.150333202549075E-4,9.036737904220378E-4,7.082860998736462E-4,0.0013008038154918434,3.227629972569445E-4,3.782244321972829E-4,0.0018003004468837456,0.0017072996186349616,0.0015735410241328115,7.073536960617867E-4,0.0016452494159588831,0.02603361089571608,0.0028389542995855303,0.0015837456673125912,1.2358117976170714E-4,0.001837899397202395,0.001718292047520679,5.320844778013583E-4,0.004402683418833014,3.4071701558015824E-4,0.0014465758138951876,0.009773207482334359,4.7421377033005443E-4,0.0021038209048957327,0.0011824168338137836,1.0,0.0015272553347597461,0.0015981440107793955,7.896546783285259E-4,0.04280063598929943,0.0075363584350626915,0.00112725382567922,0.0012962754244077112,0.008206185846393215,0.0018831027282579231],[9.179204083162272E-4,0.0012436603333801288,0.0019567206926266074,0.001145229423596943,3.4180013062692785E-4,0.0011712283207060727,0.010649012974287532,0.0010750587551827675,1.5947175500035312E-4,0.001160549928526692,9.292835654276754E-4,4.03951043723962E-4,0.0010773816604825036,9.730048394081063E-4,5.413568508963673E-4,0.0013867047907010698,7.743159424760286E-4,9.659632693112918E-4,0.0010647187361728472,0.0012520842310568088,0.06210471415317084,0.006934496746703851,5.131849700712333E-4,9.999663103847783E-4,7.943700442647784E-4,4.3564001948960334E-4,9.757633074129085E-4,0.002992592400284224,5.960473868191917E-4,6.59655112866076E-4,0.003183527671370319,3.690841372179129E-4,0.002191253390432308,9.402229163694465E-4,0.0015272553347597461,1.0,0.001347420260513764,3.327616619078636E-4,0.017602058573783663,0.0058061906803965856,6.217260235335534E-4,0.0012285902579238024,0.0034871931675101884,0.0015555606076033339],[0.0013116956189069221,0.0013382636283054933,0.001698814986140784,0.001212994620938571,8.27344699729357E-4,2.0098052387498673E-4,0.003959617846930442,8.968782848956321E-4,3.2093700938719586E-4,0.0011528348849628143,2.8500607531199316E-4,3.0154676472082814E-4,0.0012418016352912088,7.603385033445834E-4,9.909990573845624E-4,0.0014521832694146513,0.0012039155521334916,0.0012219470861760796,2.488487626884667E-4,0.0014463178104497962,0.05946871036159361,0.012732446707565775,8.741868884794833E-4,9.59556548331709E-4,5.221110287438155E-4,3.8142834551807987E-4,3.313299854564979E-4,0.00512074364045633,0.001320860148455462,4.992765109311893E-4,0.010253058980098522,0.0011570000264838674,0.0026474985231368666,2.985049108437942E-5,0.0015981440107793955,0.001347420260513764,1.0,0.0012227600805902255,0.039585102697370866,0.008391745350403856,8.626061636448999E-4,0.001341079819042085,0.012756203142826748,0.0014524597091862164],[2.5274917528046834E-4,0.0011381426222360233,0.0011239061560372274,0.0010275333629061194,1.8362655646981534E-4,1.3327625503756929E-4,0.00718041452809389,1.197076279823941E-4,1.3234454533692016E-4,1.5185291280827743E-4,9.781956658545463E-5,7.706638569073149E-5,2.463352007629499E-4,1.2307885390792534E-4,1.452891264112355E-4,0.0013327520023325014,2.0158061507995602E-4,2.469421197354821E-4,1.020963955953294E-4,9.196638698856177E-4,0.024872906020161845,0.017899826519566873,3.614223247020871E-4,1.3047118919498786E-4,3.3112810276095706E-4,1.8900271482209113E-4,2.5551559786540795E-4,0.0027365793822751155,1.3388720833445541E-4,1.7049951035616343E-4,0.002969832986101529,1.7986726245877238E-4,0.0017919725246290307,3.529711265739836E-5,7.896546783285259E-4,3.327616619078636E-4,0.0012227600805902255,1.0,0.0011683691825628293,0.005831673144869455,8.775810168925414E-5,1.920102813556094E-4,0.07052885542651223,1.472135233027841E-4],[0.016297280931193158,0.00150761105607597,0.022691554748226983,0.01831874443640598,0.024951433021613068,0.04747682015403105,0.024677558532972627,0.022382976719095813,0.04169158660066233,0.006518516046808626,0.02745418594144242,0.01603723564823668,0.03040701433180616,0.03378120434132185,0.019792612996544657,0.030851814466011693,0.041779529257100496,0.022319184013297917,0.030207664843490255,0.0024146716215200175,0.05605164291472124,0.02045571331361742,0.0014764528863644858,0.019504950567658788,0.04645190038304409,0.03783421682676803,0.011443496511855056,0.010313881370908537,0.028638271760590136,0.042582362189204095,0.028068445886720098,0.02650392189572465,0.026213728877765245,0.02354532470531874,0.04280063598929943,0.017602058573783663,0.039585102697370866,0.0011683691825628293,1.0,0.01938540664550554,0.012387064540770756,0.004910015896200768,0.0734637165368316,0.005118238501583755],[0.002184175146996284,0.006791967897961229,0.006527225930448714,0.0016983052208582278,0.0013280816924260302,0.0022329447595233727,0.011683253924281357,0.00607371108523072,0.0016850366094100424,0.007373345640726435,0.007537917491515072,0.004014449080064389,0.0011298834250636784,2.8910004602976125E-4,0.005471020711758406,0.0021685582035798354,0.001625585473720878,0.002975441090558121,0.003254883837251023,0.0033700763991338202,0.02270202542597663,0.009423823884712862,0.006607412843861445,0.004506243982729205,0.007521822761955264,0.005023000291095427,4.150603170243551E-4,0.005501347068224221,9.571369209571802E-4,2.101205748929509E-4,0.009124995644964766,0.003598000275509699,0.005316041307669167,0.008123389360337028,0.0075363584350626915,0.0058061906803965856,0.008391745350403856,0.005831673144869455,0.01938540664550554,1.0,0.004709586422843639,0.004640722096946324,0.019327061669800926,0.0061161496484719215],[9.692840306225673E-5,7.427489165224442E-4,2.900504157878819E-4,2.3653407152830397E-4,1.3604528301273884E-4,8.062838067235539E-5,0.004187987893801463,3.5129287374218946E-5,5.1127947999526055E-5,7.633508237182902E-5,3.26992013871726E-5,1.959112525357416E-5,4.441631330475546E-4,7.767465619527833E-5,7.658335355268704E-5,0.0013602342166821046,4.076344647879921E-4,4.5663734678814684E-4,4.720418001040752E-5,0.0010572353035278375,0.0353379431006617,0.01617898859531228,1.0229902836745474E-4,1.0735972095865607E-5,1.8536262573036233E-4,3.232877318713688E-4,1.4768684191493976E-4,0.00290634472758403,1.5005431045629346E-4,1.1448062087852329E-4,0.007668926774396382,1.3803633594144327E-4,0.0021939542401518504,1.7492314973722944E-5,0.00112725382567922,6.217260235335534E-4,8.626061636448999E-4,8.775810168925414E-5,0.012387064540770756,0.004709586422843639,1.0,2.0551900154875305E-4,0.01835605037181652,0.001631529873888628],[3.886860888023194E-4,0.0012148998419085643,0.0019874869566207346,0.0011327752022410838,4.588448473967539E-4,5.5118446922239E-4,0.005882518736142073,7.8548409627236E-4,1.602336563081781E-4,8.1094099076235E-4,1.3736187201636408E-4,3.3362113002409385E-4,7.706906834128728E-4,2.4042646890867992E-4,9.19962845861154E-4,0.001246269997252313,8.590786082984283E-4,9.802663242626528E-4,5.398276216350663E-4,0.001187900218081374,0.05237106136049865,0.010648326118612217,4.5968346960980374E-4,1.338965810542542E-4,6.613895342424561E-4,3.5688166961633756E-4,5.835328882257142E-4,0.004997813096814175,8.705480014289089E-4,7.365757672212405E-4,0.0037695995914603744,6.311869750494192E-4,0.001381613440761487,9.181623075496747E-4,0.0012962754244077112,0.0012285902579238024,0.001341079819042085,1.920102813556094E-4,0.004910015896200768,0.004640722096946324,2.0551900154875305E-4,1.0,0.03734959570718553,0.001701759828732463],[0.05397163160549259,0.023340361012223684,0.06273410529827127,0.013829728798465326,0.07610912879049557,0.021012894755556386,0.024543367194609922,0.008464509381230613,0.02975481487082573,0.010614550285822316,0.023579458123113142,0.04800518468671279,0.03825427765430641,8.731989547362044E-4,0.01965635084545601,0.061077063446440046,0.03925656358210279,0.06223532037228324,0.007392930309793125,0.04528835325726991,0.06373276108105548,0.02706363234997531,0.009281192543143022,0.06641999887397702,0.01734710596415481,0.0717024303514886,0.047952248509379736,0.01280300816316249,0.009024578932027391,0.020990342253111367,0.057449500824134664,0.0451932564166279,0.03797226771790682,0.07433073422503125,0.008206185846393215,0.0034871931675101884,0.012756203142826748,0.07052885542651223,0.0734637165368316,0.019327061669800926,0.01835605037181652,0.03734959570718553,1.0,0.029784261522344212],[5.099468437295662E-4,0.0016349673375771093,0.001964984533611621,0.0011906933341561115,0.0016358142973876906,0.0012394065813644307,0.010059394613681777,5.117182720511203E-4,9.830475968244366E-4,0.0011246986618903647,7.972848864546791E-4,2.740907020659203E-4,0.001349540904663227,6.863487196664643E-4,0.0010186174018628467,0.001629468357405139,9.757015499732569E-4,0.001152466386513032,8.355049608371265E-4,0.0015053593874001178,0.01627483072847644,0.006693125752292288,5.11356719