[[1.0,2.16255798124785E-4,5.206873940103328E-5,1.339309357774784E-4,1.2944902996227798E-4,0.009269062623534982,3.4888422109476206E-4,0.0040310953066338565,1.5759212277582793E-4,1.0499692219338903E-4,0.005292514911035152,3.435090993931175E-4,7.060356577227276E-5,4.318322239098353E-5,1.3036657613334286E-4,4.764552686994461E-4,0.0018527400081689164,0.0010180770078257653,2.759922790727255E-4,2.7155028723154125E-4,9.620719566241298E-5,0.002998632043472475,2.3556306113393856E-4,0.01081522801387883,1.2997220004952285E-4,2.1644341934261082E-4,1.962474644764712E-4,1.4257686742819462E-4,1.3205525956396706E-4,1.250125863785662E-4,0.03926998111361078,5.742539081897065E-4,0.0014577670139123938,1.1980762237709627E-4,1.1114306641851788E-4,2.0252737344773913E-4,5.170049285945746E-4,1.4881626167248746E-4,5.222485019146597E-4,1.2879492479750832E-4,3.904258824500959E-4,7.536349029365833E-4,0.001135067450697094,2.0765944024516998E-4,0.0012694773666067443,3.268861867649456E-4,4.299815436430958E-4,1.379429038257862E-4,2.1356972812971905E-5,8.003035564773248E-4,3.107263036801058E-4,1.2963576212381855E-4,4.16793291896093E-4,2.1177646453360353E-4,2.260164572025496E-4],[2.16255798124785E-4,1.0,2.0183601577851104E-4,2.946609255024621E-4,1.5130661952472E-4,0.0077384729488903965,3.451259288233459E-4,0.0039783041800497305,2.3103070849933365E-4,4.487138346152962E-5,0.008117714082578848,6.029130466853525E-4,3.151682671000979E-4,2.5594706373860464E-4,2.465719412427039E-4,8.668226264316157E-4,0.0018707886898453189,6.448346162431533E-4,3.508367541722334E-4,8.933026315658515E-4,2.8403978687121243E-4,0.0038502301613537932,3.282481510203807E-4,0.01756058128347614,2.5313919268405533E-4,4.7142059216029086E-4,2.3982512587105153E-4,3.133684788217142E-4,2.350402952741909E-4,1.8220189157042675E-4,0.03727912952574709,9.847385006330892E-4,0.015402609451333028,2.2597213394754957E-4,2.9743706278943604E-4,2.74351029359014E-4,0.001861746330107019,2.2421323479540032E-4,6.500488492096171E-4,2.738542171639341E-4,3.4922568310184835E-4,0.0013914040660342858,0.009780240518004014,3.873272442603172E-4,3.4534722441533015E-4,9.965637163539022E-4,3.298786151573445E-4,1.5622105089795776E-4,2.602586464441871E-4,8.860335110326158E-4,0.0012501755979256236,3.1146806985872175E-4,4.152519632107791E-4,2.740666560766736E-4,0.003925093734329265],[5.206873940103328E-5,2.0183601577851104E-4,1.0,1.1170164298117375E-4,7.176923239787862E-5,0.011553202837991087,1.3149909231566126E-4,0.00342987470792811,7.572519984477153E-5,3.970066238817876E-5,0.0016596489754248437,0.0010150781594927178,4.190745617836763E-5,3.294341799307195E-5,1.2806538691529214E-4,8.0411090746317E-4,4.1688922149935725E-4,0.001110150934357682,2.968328029590343E-4,6.932964546698526E-4,3.252087146155392E-5,0.0023244833534820865,3.2807838009302605E-4,0.02836376948195805,6.62678726373237E-5,2.3489519516199748E-4,1.329189602043046E-4,2.4169592476506175E-4,9.141298858942939E-5,6.815027363483306E-5,0.015973507850086704,4.949536292814337E-4,0.05466672331199376,6.347963875531366E-5,5.527111977871179E-5,6.211602170520732E-5,0.002654526986913082,9.076945986567181E-5,9.785270585075199E-4,4.4522451466920385E-5,4.7476173905228777E-4,7.662888033671477E-4,0.0010259405517377047,4.98224793630242E-5,4.4501460743216406E-4,0.0010666969020907532,2.978360249586058E-4,1.1934691281311532E-4,2.129016053766155E-5,4.928875321908493E-4,5.902837592027834E-4,1.169000491743497E-4,1.1000485411324608E-4,2.2296587320358744E-4,0.0038037132237044085],[1.339309357774784E-4,2.946609255024621E-4,1.1170164298117375E-4,1.0,1.350926389884101E-4,0.011815537245247415,2.7399098438891733E-4,0.0047319883518125196,1.57276569570804E-4,1.1423362964664228E-4,0.002522291540963639,3.6825511549445867E-4,9.367207062203622E-5,1.2287031644848186E-4,1.4092201817726132E-4,5.737856304427703E-4,0.0017187385679991942,4.310642535777988E-4,2.9685547506517996E-4,7.006618822313793E-4,9.895234591484089E-5,0.0017338248101629724,2.0378630991705056E-4,0.010299183103578198,1.4897882973246708E-4,0.0011478312579553417,1.7541135204184152E-4,2.5423566892841126E-4,1.5468452115168595E-4,1.4534688710701876E-4,0.01618388094765385,5.704237863086033E-4,0.021024210518078366,1.468550888187172E-4,1.4136433297480642E-4,1.7384639134822104E-4,0.001620133719576629,1.6022380555770225E-4,3.3018128997080087E-4,8.157034534830111E-5,2.65377588717074E-4,0.0012491697576143559,0.011563605828027925,2.667350728764521E-4,0.0012525791301954193,3.8221618673281996E-4,2.2922883848658734E-4,1.5290560032469447E-4,3.5957799812502294E-5,9.084981476706595E-4,0.0017192372430918927,1.4791679765237704E-4,5.438258786666064E-4,2.711649157620741E-4,0.0015142995970387966],[1.2944902996227798E-4,1.5130661952472E-4,7.176923239787862E-5,1.350926389884101E-4,1.0,0.0051625222270763665,3.4093517630363315E-4,0.002144520816608762,1.315457305345154E-4,8.76111843230193E-5,0.005396995903514318,8.240270395806715E-4,4.029782179578227E-5,4.9497795670136546E-5,1.264986930560794E-4,3.1750667178612505E-4,0.0015217907528812288,7.344493617837161E-4,1.4836906300175938E-4,8.810601516264701E-4,5.3814866381149463E-5,0.0031159322302838997,2.7429141274839755E-4,0.01864338370338429,1.2618487608669887E-4,0.0014011102679353136,1.7941532069325625E-4,2.423604648813332E-4,1.4316059958675387E-4,1.23827040910321E-4,0.024208991060907965,0.0010549225966963627,0.038469436515024644,1.1325810392253522E-4,1.2393636550189592E-4,1.7316629201154807E-4,0.0010955507495637549,1.484979478452168E-4,8.699240485336295E-4,9.349523434024038E-5,3.370089444489633E-4,5.761343244273991E-4,0.008918027990531185,4.029788736438102E-4,6.04750260910064E-4,1.7955586473600705E-4,3.0581815365304983E-4,1.4962034385891356E-4,3.8060689583177464E-5,7.183716863924551E-4,2.701549874793177E-4,1.2546658898917877E-4,5.932810744064696E-4,1.9062671587516405E-4,0.004035788080824061],[0.009269062623534982,0.0077384729488903965,0.011553202837991087,0.011815537245247415,0.0051625222270763665,1.0,0.011407705347692377,0.011168805346798934,0.005306443324872596,0.011833010987435779,0.011193638327328389,0.001722443013873143,0.0070385038199175555,0.0011598380375917347,7.62925227431366E-4,0.003709731977684861,0.0029202037983523236,0.005021736212309199,0.012368126805058326,0.007706643718400297,0.00517008342287244,0.0068549918064305295,0.0036495272438925716,0.02843752333374608,0.01153765122290635,0.004151653929745064,0.005920048111506955,0.0071350378312786,0.006170328693544952,0.0019327833827107697,0.028371562389942324,0.0021946628195572233,0.01776690821301056,0.010203204737204472,0.007996527403814154,0.007498617754327926,0.008190474937334368,0.0036994276800703762,0.012239492107320674,0.0020906757274388693,0.003846500362540869,0.010694309428388397,0.012515774110398071,0.006361175365123997,0.008597460280493536,0.00904231805506778,0.001839535624781436,0.0038392711549990978,0.003612419937737378,0.011399104109078035,0.007292917907988795,0.0031945576405934496,0.0056195713146930965,0.008864916524936874,0.012572450829476644],[3.4888422109476206E-4,3.451259288233459E-4,1.3149909231566126E-4,2.7399098438891733E-4,3.4093517630363315E-4,0.011407705347692377,1.0,0.0017057156768858332,3.1193335255840133E-4,2.750627850150468E-4,0.008379260934088062,6.340243183958365E-4,2.679404928549519E-4,1.744431133400924E-4,3.153743772889756E-4,6.078228399098211E-4,3.8478251140947625E-4,7.927498951748417E-4,3.8646769386519564E-4,7.43945735423963E-4,1.0868837733930986E-4,0.0036712794145435422,3.577950912774551E-4,0.021823873818926316,2.8403868458262276E-4,0.0012506477035249296,2.978380587855241E-4,3.1851738376356E-4,3.4708851687718294E-4,2.8186925583935206E-4,0.00852044176791463,4.403657511273637E-4,0.00845163862124974,2.7722230421637614E-4,1.6872392446909109E-4,2.618631118353253E-4,0.0025820199221475246,2.1782994323352878E-4,6.072422281695794E-4,3.584683325700016E-4,3.8103350826094946E-4,9.957725739917355E-4,0.011076493722185242,3.9010771795305974E-4,8.554231630295805E-4,4.859805931913059E-4,4.0330032687934503E-4,1.5535717766392427E-4,3.4098147387021983E-4,7.479601265944938E-4,0.0016710564766099002,2.0283343411235888E-4,6.276364282281272E-4,3.441326268088029E-4,0.0044119475088911595],[0.0040310953066338565,0.0039783041800497305,0.00342987470792811,0.0047319883518125196,0.002144520816608762,0.011168805346798934,0.0017057156768858332,1.0,0.003922030884015057,0.0015844884033086948,0.007218660897457724,0.0025504547006204763,0.004460591778185528,0.00532792409907493,0.0039983109761156125,0.00263803409585807,0.004064283474300257,0.004406565239289333,0.0027247867303230398,0.003531675352529414,0.005153486527453599,0.0045896808032705756,0.0024720927645660454,0.029465681007466438,0.005186145866464842,0.002453287307025255,0.004720184233960886,0.003380298594981544,0.004233136967871891,7.654418470436836E-4,0.011148107824453322,0.004989039959446313,0.049018850745146565,0.0023351067136593603,0.00509034850005306,6.180883640890089E-4,0.004333174383600729,6.142369202523812E-4,0.004699862842502059,0.0038886986978139957,0.004452746801097056,0.003744927528880431,0.006570018090202733,0.005656304941256639,0.0037021070529379943,0.0038579582156033658,0.002928883186180752,0.0025311434184012555,0.0018793062503226015,0.004632179763858402,0.002186446110834275,0.005187897943565357,0.002944851273039415,7.491648136578077E-4,0.005128011793039827],[1.5759212277582793E-4,2.3103070849933365E-4,7.572519984477153E-5,1.57276569570804E-4,1.315457305345154E-4,0.005306443324872596,3.1193335255840133E-4,0.003922030884015057,1.0,7.7372923801289E-5,5.692510918753166E-4,4.1511862484898887E-4,3.443845326989567E-5,1.423470543601533E-4,1.6655293869477386E-4,4.1271334247643875E-4,7.912928758106492E-4,5.822322455583768E-4,2.248489609665891E-4,9.247591872087713E-4,3.768419368646792E-5,2.2948723470180357E-4,2.147650827999376E-4,0.02683879208256168,1.3658061374416622E-4,8.451127297466435E-4,1.7954535899660857E-4,2.5309008236385833E-4,1.6807957758654127E-4,1.5525055647642156E-4,0.014304552711066822,3.005375707371466E-4,0.01793601759736013,1.3615584462310586E-4,1.2965066094579666E-4,1.9277533657335936E-4,9.48488645142054E-4,1.8078877438509E-4,3.1173177294675455E-4,6.903375244408988E-5,2.09115587938645E-4,2.1367785005252675E-4,0.008639746315517796,2.8880615202669707E-4,3.9117580499788894E-4,0.001174091171089123,3.4258657843308504E-4,1.6579893007663896E-4,1.5750531400464935E-4,7.83690107184961E-4,8.585042110143366E-4,1.6252099568462062E-4,2.7326512334286616E-4,2.1127443219842588E-4,0.0017854656719480308],[1.0499692219338903E-4,4.487138346152962E-5,3.970066238817876E-5,1.1423362964664228E-4,8.76111843230193E-5,0.011833010987435779,2.750627850150468E-4,0.0015844884033086948,7.7372923801289E-5,1.0,0.007482803479438016,1.0533050334859509E-4,1.5735404410896146E-5,2.929278524918333E-5,3.922896563889516E-5,7.790039354332547E-4,1.738694415913687E-4,1.5331804480363872E-4,1.850590717791752E-4,3.541286497758259E-5,3.0180106885234017E-5,0.0010067335929796058,5.3473855118555305E-5,0.02352333031902821,3.853280114371009E-5,1.4965688491197434E-4,2.0728546744376336E-4,5.9871661560137316E-5,1.3285092388966375E-4,5.9482405200717025E-5,0.015578480528564238,2.912810376927798E-4,0.06885463832166301,6.291830018436068E-5,1.0750019878801347E-4,5.471419776785238E-5,0.002665672684937695,1.536788140334937E-4,4.801296009476383E-4,3.657325891740659E-5,1.6495235953069293E-4,0.0010523488191348318,0.005624324704182691,1.5878315787606903E-4,4.969387260257552E-4,0.001165514609176788,2.7166936476246014E-4,4.003898518588694E-5,2.049307946602821E-5,5.111881658964493E-4,0.0012079108662576845,8.866321690720415E-5,3.917505101007848E-5,1.339579388987391E-4,2.1530891598977718E-4],[0.005292514911035152,0.008117714082578848,0.0016596489754248437,0.002522291540963639,0.005396995903514318,0.011193638327328389,0.008379260934088062,0.007218660897457724,5.692510918753166E-4,0.007482803479438016,1.0,0.00611231919973128,0.010231980429205933,5.153096029071879E-4,0.007744734297940748,0.0055409431466682596,0.003086699213591103,0.006559104959606729,0.010523815591258007,0.001978523825531397,0.005520525005753905,0.009819304086336498,9.390083262689647E-4,0.013795747208557583,0.0068907200524403025,0.005140878394464867,0.0035155108365247925,0.0030955265959406965,0.008909060790291827,0.006184219812953732,0.022047921380372218,0.007579501619669747,0.03154527979087052,0.0027299304573703757,0.00468041443940677,0.007812865540126107,0.008573592102990078,0.010974850572073664,0.004854525032682901,0.003141793867660477,0.01065337054861083,0.002000382344955946,0.01217066631850433,0.010885386320136291,0.008848091080572745,0.008565471916288755,6.027530860431479E-4,0.0096080224637102,0.005258063287906839,0.0019857725919609596,0.003336969656561665,0.009963459065761798,0.009391904545442642,0.008208647390948528,0.009999835427001653],[3.435090993931175E-4,6.029130466853525E-4,0.0010150781594927178,3.6825511549445867E-4,8.240270395806715E-4,0.001722443013873143,6.340243183958365E-4,0.0025504547006204763,4.1511862484898887E-4,1.0533050334859509E-4,0.00611231919973128,1.0,0.0011729204388533747,3.060425007997266E-4,9.928578716704379E-4,0.0013320921657047206,0.0014312945224211325,0.001314566149457171,9.438920677930822E-4,0.001261377238451458,9.274458288675389E-4,0.0014319878892731894,5.865725485005005E-4,0.024671171830825858,9.329136354374796E-4,0.001510286812912897,9.53873179088377E-4,0.0011376706354587168,6.674188859103101E-4,7.213904367290255E-4,0.021080549014714286,0.0012286203669936067,0.033359078503012216,9.983612343447924E-4,2.8082310642399183E-4,0.001002138027069584,0.0028288012724185523,2.296049833311776E-4,0.0011953043623760507,2.517635033501971E-4,0.0011120850025111695,0.0013807327123891485,0.010552431514327582,0.001082489392188784,0.0012841554929633652,0.0013540833648058124,7.707093095491729E-4,0.0012286733817730242,9.855175529060374E-4,0.0011842000816037414,0.0019623117484872856,9.968695886058932E-4,9.076781197578545E-4,9.717754851360767E-4,0.0016576284382426398],[7.060356577227276E-5,3.151682671000979E-4,4.190745617836763E-5,9.367207062203622E-5,4.029782179578227E-5,0.0070385038199175555,2.679404928549519E-4,0.004460591778185528,3.443845326989567E-5,1.5735404410896146E-5,0.010231980429205933,0.0011729204388533747,1.0,1.840909413077054E-5,8.276925723738968E-5,1.5839463379877587E-4,8.372368007895882E-4,0.0013442653124322865,2.5879470918040967E-4,9.373425504095466E-4,1.5309392580739088E-5,0.002946560273302665,1.626359670006735E-4,0.02682276376850904,4.061961229880024E-5,1.4708985934690176E-4,1.1380144431102858E-4,4.752850101129667E-5,1.3105016485785506E-4,1.9899944092538003E-5,0.012865829253419492,8.252197225390992E-4,0.004081754611378033,2.176841084491318E-5,9.605795078477869E-5,1.2187180318189797E-4,9.083272685486254E-4,1.7268110268317047E-4,5.275659686218759E-4,6.349384799154813E-5,4.2961079453464974E-4,0.0010795805066920736,0.011290412757663215,6.795297424755934E-5,0.0013073936655259562,0.0013318692840510516,3.554522184476685E-4,1.836098065788777E-5,1.684751545120632E-5,7.285305274401992E-4,0.0016256487926006667,1.611718595092652E-5,3.318883374799279E-4,2.0508250819329215E-4,0.0023698008839780865],[4.318322239098353E-5,2.5594706373860464E-4,3.294341799307195E-5,1.2287031644848186E-4,4.9497795670136546E-5,0.0011598380375917347,1.744431133400924E-4,0.00532792409907493,1.423470543601533E-4,2.929278524918333E-5,5.153096029071879E-4,3.060425007997266E-4,1.840909413077054E-5,1.0,9.17340312269922E-5,0.0012016623954745394,4.300179254810499E-4,0.0011869437551101987,3.3221793570377704E-4,1.3886192414314406E-4,3.0056532954033087E-5,0.0011754553960990242,3.2154977927122797E-4,0.020265270944160158,9.695569918414E-5,0.0010774961944850774,2.031802599639772E-4,1.9479563847245678E-4,1.5873817618743762E-4,4.988510556299339E-5,0.026964575846114187,5.713609915429987E-4,0.008040193180543916,3.224434649401408E-5,8.217364607050015E-5,1.613671782005373E-4,0.0014795495884258015,3.553348413103072E-5,0.0010303086775073221,5.8478820496370815E-5,4.677887283966999E-4,8.65730508556323E-4,0.010422035598922838,3.2321217617853245E-4,0.001078950650211425,4.4377633888312626E-4,1.7849317249737326E-4,1.2472475605421922E-4,2.8951846062397433E-5,6.221405736617856E-4,0.0018936738901536398,6.64408103183718E-5,1.9039595640372368E-4,2.5139825049002717E-4,0.004552621457268804],[1.3036657613334286E-4,2.465719412427039E-4,1.2806538691529214E-4,1.4092201817726132E-4,1.264986930560794E-4,7.62925227431366E-4,3.153743772889756E-4,0.0039983109761156125,1.6655293869477386E-4,3.922896563889516E-5,0.007744734297940748,9.928578716704379E-4,8.276925723738968E-5,9.17340312269922E-5,1.0,5.656949898399013E-4,0.0018029771185918443,9.596573244509066E-4,2.3471394387946303E-4,4.0084944032443837E-4,5.101004881428125E-5,0.002725059212993916,3.184468282243546E-4,0.02041309637709115,1.293563638381052E-4,2.7402831021046804E-4,2.0569395085076367E-4,2.3633901675921813E-4,1.3956335347459076E-4,1.283669176313108E-4,0.02252479209220973,7.509083988891237E-4,0.06336424406452534,1.186850851908865E-4,1.282880420569758E-4,2.1805250191627476E-4,0.0016917505206872582,1.842959071659909E-4,2.886544126319179E-4,9.451649007677395E-5,1.9395507611374063E-4,7.168790847955197E-4,0.008789920047770752,2.45814800123043E-4,0.001319041770033063,2.3019636190751004E-4,1.5492514949014304E-4,1.4748962538558972E-4,7.57725312570537E-5,5.951657667183712E-4,0.0020878963655935985,1.300157061983924E-4,4.8675761039171573E-4,2.1221710437629927E-4,8.267879699869331E-4],[4.764552686994461E-4,8.668226264316157E-4,8.0411090746317E-4,5.737856304427703E-4,3.1750667178612505E-4,0.003709731977684861,6.078228399098211E-4,0.00263803409585807,4.1271334247643875E-4,7.790039354332547E-4,0.0055409431466682596,0.0013320921657047206,1.5839463379877587E-4,0.0012016623954745394,5.656949898399013E-4,1.0,0.002118384433067019,0.0013840678122349261,0.001155057605316155,0.0012226109939887108,0.001325335189569621,0.0033210448096297938,0.0010129776894475884,0.00631152550910881,8.841263501370954E-4,0.0015370762145242444,8.518307745143363E-4,9.842187288985386E-4,0.0010401799307547537,0.0010163323676759834,0.03370211827773264,0.0010748398110240337,0.023465044416240484,0.0011909992297679285,0.0013997130089355614,0.0011093822419482725,0.0027124832762858674,2.2602578996655978E-4,0.0014601799264224598,8.650437517244995E-4,9.199378452438992E-4,0.0014611226921861602,0.006216217402577495,7.611279818939929E-4,0.0014668994306014818,0.001461679169432577,8.459146107457737E-4,0.001206084921563706,9.099860579038142E-4,0.0014233247237338664,0.0021033851287085336,0.0010528005189091526,7.972076278130452E-4,9.287125754713077E-4,0.001831186316485813],[0.0018527400081689164,0.0018707886898453189,4.1688922149935725E-4,0.0017187385679991942,0.0015217907528812288,0.0029202037983523236,3.8478251140947625E-4,0.004064283474300257,7.912928758106492E-4,1.738694415913687E-4,0.003086699213591103,0.0014312945224211325,8.372368007895882E-4,4.300179254810499E-4,0.0018029771185918443,0.002118384433067019,1.0,0.0019016328023398886,0.0015114395955584704,0.0018216246507558268,9.601182181620785E-4,0.002238547754082351,0.0018695332539327876,0.02569329859229508,0.002091039769661629,0.0016181556699129526,0.0018627035150601133,0.0012688019325323514,2.802960233791948E-4,1.2792221352533886E-4,0.02436796035372402,0.001934791334377961,0.06476856223827493,0.0013370602463655427,8.781889471161375E-4,0.0013573457409448136,0.002190131617201467,0.0015835829778083042,0.0016856286206451427,0.0014929839348304514,5.441453766134555E-4,0.0019474171214236896,0.007202951377753073,0.001847105879662516,0.0021477448376615886,0.001870160715724479,0.00202940449698771,0.002129860030661976,6.293299149351597E-4,0.001392499855929612,0.002149558935166092,5.040360270127399E-4,0.00136683141498242,0.001226056956607539,0.004451983093911639],[0.0010180770078257653,6.448346162431533E-4,0.001110150934357682,4.310642535777988E-4,7.344493617837161E-4,0.005021736212309199,7.927498951748417E-4,0.004406565239289333,5.822322455583768E-4,1.5331804480363872E-4,0.006559104959606729,0.001314566149457171,0.0013442653124322865,0.0011869437551101987,9.596573244509066E-4,0.0013840678122349261,0.0019016328023398886,1.0,6.660428387579305E-4,0.0012485132916642387,8.683720753579829E-5,0.0032784876815505504,0.0010398316440323177,0.0030830287212736942,3.3413372801375206E-4,0.00153259554320235,4.142564752697907E-4,7.634629537979028E-4,8.478718751789655E-4,8.602398381225724E-4,0.023508014457084257,0.001183816678936946,0.030262709585451984,8.475698893858992E-4,0.0013655786271104407,8.419419407388693E-4,0.002380850520981615,5.065281671393437E-4,0.00123162883554697,6.209974908242651E-4,0.0011252633954455997,0.001417800722706127,0.008630572415683447,7.594437362785828E-4,0.0014420132599846465,0.0014392882327261686,9.084352173265543E-4,0.0012622826111242397,0.0010766279524252525,0.0013272395963657142,0.0019830614347476107,2.644371048447379E-4,8.13366165167186E-4,6.900015771930333E-4,0.002084543951752402],[2.759922790727255E-4,3.508367541722334E-4,2.968328029590343E-4,2.9685547506517996E-4,1.4836906300175938E-4,0.012368126805058326,3.8646769386519564E-4,0.0027247867303230398,2.248489609665891E-4,1.850590717791752E-4,0.010523815591258007,9.438920677930822E-4,2.5879470918040967E-4,3.3221793570377704E-4,2.3471394387946303E-4,0.001155057605316155,0.0015114395955584704,6.660428387579305E-4,1.0,6.212110358548568E-4,1.5426380144162685E-4,0.0036618013967265194,3.5652272422664904E-4,0.01970583398990021,1.378067845808713E-4,9.265347340041E-4,2.798615689805484E-4,3.126455461504151E-4,2.7292101829795655E-4,2.778552359750757E-4,0.02970337230104204,9.602615067135091E-4,0.030606960905756025,1.1966382453515906E-4,1.7938512153584454E-4,3.196579901883263E-4,0.0026762381344735834,2.1930246205785494E-4,9.400272863686536E-4,2.001567049628295E-4,3.938491500142309E-4,0.0012478152934842922,0.007323657648729014,3.9376234907237363E-4,4.40338045835719E-4,4.278254187125418E-4,4.8428965586825293E-4,3.5406669037911856E-4,1.698736374372241E-4,6.255191128331832E-4,6.353800239849612E-4,1.8632817577440792E-4,5.432670868806322E-4,2.7474366077812897E-4,0.0034638263817066174],[2.7155028723154125E-4,8.933026315658515E-4,6.932964546698526E-4,7.006618822313793E-4,8.810601516264701E-4,0.007706643718400297,7.43945735423963E-4,0.003531675352529414,9.247591872087713E-4,3.541286497758259E-5,0.001978523825531397,0.001261377238451458,9.373425504095466E-4,1.3886192414314406E-4,4.0084944032443837E-4,0.0012226109939887108,0.0018216246507558268,0.0012485132916642387,6.212110358548568E-4,1.0,8.635515818029185E-4,0.0037255751971307957,7.577142384076767E-4,0.02069115919325145,7.98950458329063E-4,0.0013596984906192008,2.482955702192049E-4,7.642463895885458E-4,0.0010154048460616712,2.687983176587501E-4,0.007864694329503616,0.0010957473367277908,0.025332010085136324,3.663590038113983E-4,1.8978518362432992E-4,0.0010843090169149509,0.0012454288110450727,8.029486706239093E-4,0.0011602414458763324,9.574963392859156E-4,9.03722931118415E-4,0.001423193810506829,0.004449816743890193,0.0010860623937203003,0.0012770352026221338,0.0012867564481815537,7.54574534562698E-4,0.0011751712562727535,8.43850969820453E-4,0.001168682685903985,0.0014941404530924324,2.1337420523275224E-4,0.0011425815113314192,0.0010528573000839006,0.002159693153151652],[9.620719566241298E-5,2.8403978687121243E-4,3.252087146155392E-5,9.895234591484089E-5,5.3814866381149463E-5,0.00517008342287244,1.0868837733930986E-4,0.005153486527453599,3.768419368646792E-5,3.0180106885234017E-5,0.005520525005753905,9.274458288675389E-4,1.5309392580739088E-5,3.0056532954033087E-5,5.101004881428125E-5,0.001325335189569621,9.601182181620785E-4,8.683720753579829E-5,1.5426380144162685E-4,8.635515818029185E-4,1.0,1.1487281383083289E-4,1.1532734163490934E-4,0.027206657729754995,5.6958418270773715E-5,0.001132102092942223,4.672951338563143E-5,1.7560743385764243E-4,6.08175992646793E-5,1.0535280428824651E-4,0.03894795496561684,3.41508048379528E-4,0.03004901806979224,3.322010009843594E-5,5.574839549705267E-5,1.9937625110863448E-4,0.0020848107870850958,1.548209477597836E-4,7.278481281383103E-5,5.292489965491659E-5,4.6508587609043307E-4,0.0011856479447064428,0.01041336705433537,1.4347194800844068E-4,9.967091400042705E-4,0.0010994336548186961,3.469485040399361E-4,4.9090513555252705E-5,2.0267774748213223E-5,4.4858582953349836E-4,0.001127864789785983,9.973771620179069E-5,4.809561600976528E-4,1.3920531099291365E-4,2.509710804345319E-4],[0.002998632043472475,0.0038502301613537932,0.0023244833534820865,0.0017338248101629724,0.0031159322302838997,0.0068549918064305295,0.0036712794145435422,0.0045896808032705756,2.2948723470180357E-4,0.0010067335929796058,0.009819304086336498,0.0014319878892731894,0.002946560273302665,0.0011754553960990242,0.002725059212993916,0.0033210448096297938,0.002238547754082351,0.0032784876815505504,0.0036618013967265194,0.0037255751971307957,1.1487281383083289E-4,1.0,9.902074899808618E-4,0.022804041434712045,6.73973354892866E-4,0.001659351628614228,0.0020124934860898266,0.00138862500543291,0.0014065764753399446,0.0017767481898787385,0.02392927959031914,0.003638249042205818,0.05204485660966246,2.7169478642013534E-4,7.731328373074242E-4,0.0023156577190986288,0.003758743112009358,0.0016516048402383029,0.003346517493525109,0.0030579956337199597,0.0038014963488570384,0.003522095964996027,0.009371846099447197,0.0013089962996313048,0.0035420225967797534,0.0029585769649369386,0.0031951906417857787,0.0018218561787471106,0.002882951424368624,0.0016030172327133455,0.003093765595264683,0.002258011315707911,0.0034836129833137304,0.002184585064639937,0.004495520156036557],[2.3556306113393856E-4,3.282481510203807E-4,3.2807838009302605E-4,2.0378630991705056E-4,2.7429141274839755E-4,0.0036495272438925716,3.577950912774551E-4,0.0024720927645660454,2.147650827999376E-4,5.3473855118555305E-5,9.390083262689647E-4,5.865725485005005E-4,1.626359670006735E-4,3.2154977927122797E-4,3.184468282243546E-4,0.0010129776894475884,0.0018695332539327876,0.0010398316440323177,3.5652272422664904E-4,7.577142384076767E-4,1.1532734163490934E-4,9.902074899808618E-4,1.0,0.009296396405552182,3.4594826597037593E-4,8.769926549230961E-4,2.6456694407778273E-4,3.2918052756401617E-4,2.6952641729051195E-4,2.3998521443046442E-4,0.035418726257564107,8.626855457058826E-4,0.04154098341339957,1.4664119335020643E-4,2.5082808848106723E-4,2.3841438920697383E-4,0.0011093657683754275,2.384855186491648E-4,0.001008678591950512,1.9406694876405902E-4,3.547405960357122E-4,5.224826699256304E-4,9.931606430828984E-4,3.7438884859353845E-4,9.909014176202372E-4,5.127732775400212E-4,4.754592561565419E-4,2.0569481932738708E-4,2.3234719826423828E-5,7.600593662311178E-4,0.0018213191654311903,1.3026230910431378E-4,3.8269493445633934E-4,3.396289836785995E-4,0.004323585646095842],[0.01081522801387883,0.01756058128347614,0.02836376948195805,0.010299183103578198,0.01864338370338429,0.02843752333374608,0.021823873818926316,0.029465681007466438,0.02683879208256168,0.02352333031902821,0.013795747208557583,0.024671171830825858,0.02682276376850904,0.020265270944160158,0.02041309637709115,0.00631152550910881,0.02569329859229508,0.0030830287212736942,0.01970583398990021,0.02069115919325145,0.027206657729754995,0.022804041434712045,0.009296396405552182,1.0,0.013102832677481609,0.0025240180003831968,0.02882196379712914,0.02542467626862353,0.008282445749079383,0.0054440112244521065,0.03990438202339176,0.030872802018987462,0.039402716417840745,0.003102451775314011,0.016018220712445453,0.024842012107355215,0.009741040648053548,0.025340669007638927,0.0022513071967397314,0.012022004465141314,0.01570831572567063,0.008422843967518343,0.018301578081174948,0.0025583518144437056,0.0038097230508455826,0.019133558789745958,0.026407613384252925,0.015691237710916156,6.967229623260329E-4,0.017480358344877146,0.0034499489317863317,0.019928873150060703,0.02474219238254213,9.036977096641645E-4,0.014943413112489558],[1.2997220004952285E-4,2.5313919268405533E-4,6.62678726373237E-5,1.4897882973246708E-4,1.2618487608669887E-4,0.01153765122290635,2.8403868458262276E-4,0.005186145866464842,1.3658061374416622E-4,3.853280114371009E-5,0.0068907200524403025,9.329136354374796E-4,4.061961229880024E-5,9.695569918414E-5,1.293563638381052E-4,8.841263501370954E-4,0.002091039769661629,3.3413372801375206E-4,1.378067845808713E-4,7.98950458329063E-4,5.6958418270773715E-5,6.73973354892866E-4,3.4594826597037593E-4,0.013102832677481609,1.0,8.941005622527226E-4,1.9430455224864424E-4,2.959876657699376E-4,1.6719559622526867E-4,1.2315805706109917E-4,0.007484376737291058,4.0758462120998943E-4,0.06782407796499251,1.087865415587781E-4,1.1002622349556493E-4,1.8255875944214078E-4,0.002314365803781875,1.7671172508613794E-4,8.96321425837792E-4,7.495270715746773E-5,2.642373807540052E-4,4.392135037080976E-4,0.0046089454345780295,3.214822230530317E-4,0.0010860870310588839,3.356713158402752E-4,2.707760268179673E-4,1.4632832458796413E-4,1.9632858158313722E-5,1.507692894860594E-4,0.0010208827185740506,1.2778923563711586E-4,2.1306041479065673E-4,1.830026401758239E-4,0.0018402127539796406],[2.1644341934261082E-4,4.7142059216029086E-4,2.3489519516199748E-4,0.0011478312579553417,0.0014011102679353136,0.004151653929745064,0.0012506477035249296,0.002453287307025255,8.451127297466435E-4,1.4965688491197434E-4,0.005140878394464867,0.001510286812912897,1.4708985934690176E-4,0.0010774961944850774,2.7402831021046804E-4,0.0015370762145242444,0.0016181556699129526,0.00153259554320235,9.265347340041E-4,0.0013596984906192008,0.001132102092942223,0.001659351628614228,8.769926549230961E-4,0.0025240180003831968,8.941005622527226E-4,1.0,0.0013000233201923483,0.001294054019334235,0.001539656520348577,0.001152295160036148,0.009279377184283455,0.0010719979764625416,0.033721885067689424,9.469891148021581E-4,9.641618696513605E-4,0.0010491761812120213,0.0030348367742430767,7.025658383305144E-4,0.0011977324345462377,9.013293954329929E-4,6.600548336381637E-4,0.0014803314194339965,0.00734265691561585,4.1407948742482964E-4,0.0014591031631496039,0.0015395952009725703,0.0010192746752547381,0.0015316581271589097,9.98117990113475E-5,0.0013670079547586835,0.0017220637287675862,8.353079842922178E-4,0.0010663809263392779,4.919813881491034E-4,0.0025711056500722805],[1.962474644764712E-4,2.3982512587105153E-4,1.329189602043046E-4,1.7541135204184152E-4,1.7941532069325625E-4,0.005920048111506955,2.978380587855241E-4,0.004720184233960886,1.7954535899660857E-4,2.0728546744376336E-4,0.0035155108365247925,9.53873179088377E-4,1.1380144431102858E-4,2.031802599639772E-4,2.0569395085076367E-4,8.518307745143363E-4,0.0018627035150601133,4.142564752697907E-4,2.798615689805484E-4,2.482955702192049E-4,4.672951338563143E-5,0.0020124934860898266,2.6456694407778273E-4,0.02882196379712914,1.9430455224864424E-4,0.0013000233201923483,1.0,2.580131289796583E-4,1.994248649410285E-4,1.6219535983388915E-4,0.03160590289861423,5.981046108565092E-4,0.042077114471075185,1.7949988112288652E-4,1.7674013681036907E-4,2.2955158592313378E-4,0.0017801544608889086,2.044188166680511E-4,5.483336004898614E-4,9.481736668312323E-5,2.281815658546557E-4,0.001093027851129111,0.01152154504992027,2.517984806474812E-4,3.317384452940107E-4,0.0014397890192813373,2.9949566638542546E-4,1.9071399727988938E-4,1.0975933529225532E-4,0.0010002654475313143,0.0011241289995075976,1.5504355285813956E-4,3.483524579579447E-4,2.3724878385972064E-4,2.683886371940791E-4],[1.4257686742819462E-4,3.133684788217142E-4,2.4169592476506175E-4,2.5423566892841126E-4,2.423604648813332E-4,0.0071350378312786,3.1851738376356E-4,0.003380298594981544,2.5309008236385833E-4,5.9871661560137316E-5,0.0030955265959406965,0.0011376706354587168,4.752850101129667E-5,1.9479563847245678E-4,2.3633901675921813E-4,9.842187288985386E-4,0.0012688019325323514,7.634629537979028E-4,3.126455461504151E-4,7.642463895885458E-4,1.7560743385764243E-4,0.00138862500543291,3.2918052756401617E-4,0.02542467626862353,2.959876657699376E-4,0.001294054019334235,2.580131289796583E-4,1.0,2.5674339682303865E-4,2.4639612653605205E-4,0.014437014277940698,4.520340897887018E-4,0.04118458554673427,2.0360211256747698E-4,2.298571744555876E-4,2.442808457410774E-4,0.001154022208120655,2.4978581424699284E-4,3.2125487503190786E-4,6.566399343164187E-5,3.822888901084204E-4,3.0821303057485574E-4,5.221658911095271E-4,3.1154110290380806E-4,4.141004485697197E-4,3.4465393937896177E-4,3.9902751378606663E-4,2.718182219636279E-4,4.712787699627879E-5,7.943904586252368E-4,9.885449928755767E-4,1.3303274422173225E-4,3.8928530895495E-4,2.781781499431144E-4,0.0041087452734074065],[1.3205525956396706E-4,2.350402952741909E-4,9.141298858942939E-5,1.5468452115168595E-4,1.4316059958675387E-4,0.006170328693544952,3.4708851687718294E-4,0.004233136967871891,1.6807957758654127E-4,1.3285092388966375E-4,0.008909060790291827,6.674188859103101E-4,1.3105016485785506E-4,1.5873817618743762E-4,1.3956335347459076E-4,0.0010401799307547537,2.802960233791948E-4,8.478718751789655E-4,2.7292101829795655E-4,0.0010154048460616712,6.08175992646793E-5,0.0014065764753399446,2.6952641729051195E-4,0.008282445749079383,1.6719559622526867E-4,0.001539656520348577,1.994248649410285E-4,2.5674339682303865E-4,1.0,1.5720560058623179E-4,0.015145867842988645,3.0575089663583647E-4,0.0262036587831171,1.650178786270972E-4,1.563138298706881E-4,2.2359207471129078E-4,0.0020966631029823144,1.686949150770908E-4,6.305619864295438E-4,1.0881498228814944E-4,3.0059457548808563E-4,5.806227511989773E-4,0.0035491062889305893,3.8746497891651064E-4,0.0014213134744725773,3.21022792588574E-4,3.198398614978963E-4,1.6039971534476038E-4,9.911100548056284E-5,2.7634119942399223E-4,7.641204052975077E-4,1.487549880383177E-4,6.384692196220562E-4,1.896429089438714E-4,0.004159293271293273],[1.250125863785662E-4,1.8220189157042675E-4,6.815027363483306E-5,1.4534688710701876E-4,1.23827040910321E-4,0.0019327833827107697,2.8186925583935206E-4,7.654418470436836E-4,1.5525055647642156E-4,5.9482405200717025E-5,0.006184219812953732,7.213904367290255E-4,1.9899944092538003E-5,4.988510556299339E-5,1.283669176313108E-4,0.0010163323676759834,1.2792221352533886E-4,8.602398381225724E-4,2.778552359750757E-4,2.687983176587501E-4,1.0535280428824651E-4,0.0017767481898787385,2.3998521443046442E-4,0.0054440112244521065,1.2315805706109917E-4,0.001152295160036148,1.6219535983388915E-4,2.4639612653605205E-4,1.5720560058623179E-4,1.0,0.01695926789562195,6.005016664869061E-4,0.0635020621422452,1.148105387903769E-4,1.1371515578399786E-4,1.939696285276433E-4,5.470361620118626E-4,1.4484417416906758E-4,5.843622110536171E-4,8.658991296498574E-5,1.7870318491917074E-4,8.256466431268893E-4,0.003220558280193018,2.4464109723029524E-4,6.603794741775281E-4,3.4709517216650903E-4,2.933053259526901E-4,1.3517532775252143E-4,1.1787126545444572E-4,0.0010317952806209766,0.00109446816766045,1.2863348560877638E-4,4.7205207744436617E-4,2.1843669949007079E-4,0.0013168973376198154],[0.03926998111361078,0.03727912952574709,0.015973507850086704,0.01618388094765385,0.024208991060907965,0.028371562389942324,0.00852044176791463,0.011148107824453322,0.014304552711066822,0.015578480528564238,0.022047921380372218,0.021080549014714286,0.012865829253419492,0.026964575846114187,0.02252479209220973,0.03370211827773264,0.02436796035372402,0.023508014457084257,0.02970337230104204,0.007864694329503616,0.03894795496561684,0.02392927959031914,0.035418726257564107,0.03990438202339176,0.007484376737291058,0.009279377184283455,0.03160590289861423,0.014437014277940698,0.015145867842988645,0.01695926789562195,1.0,0.033083618829094226,0.05521052274179744,0.004887127411496104,0.03617857971227565,0.010371299908897713,0.03761898318475916,0.02412065454625923,0.037498362562088,0.011462320094535825,4.914207831871186E-4,0.0025288673648793704,0.024398206281209846,0.008944355023586205,0.03677820243053595,0.0019162347177365735,0.007907760726838476,0.02661358916399068,0.03478936271325537,0.03211726043518428,0.013843144128890384,0.007190322140347993,0.0017264156768602176,0.025214204567498285,0.02741730417195735],[5.742539081897065E-4,9.847385006330892E-4,4.949536292814337E-4,5.704237863086033E-4,0.0010549225966963627,0.0021946628195572233,4.403657511273637E-4,0.004989039959446313,3.005375707371466E-4,2.912810376927798E-4,0.007579501619669747,0.0012286203669936067,8.252197225390992E-4,5.713609915429987E-4,7.509083988891237E-4,0.0010748398110240337,0.001934791334377961,0.001183816678936946,9.602615067135091E-4,0.0010957473367277908,3.41508048379528E-4,0.003638249042205818,8.626855457058826E-4,0.030872802018987462,4.0758462120998943E-4,0.0010719979764625416,5.981046108565092E-4,4.520340897887018E-4,3.0575089663583647E-4,6.005016664869061E-4,0.033083618829094226,1.0,0.008407837370998431,1.8744772023563213E-4,2.1230801088701208E-4,9.891512977302933E-4,0.003086087368305439,3.105555644988302E-4,0.0010844914059590337,6.16197720485104E-4,5.74955823083444E-4,0.0011959536585132986,0.0018051181659245628,9.54552788450125E-4,0.0010667536053685421,0.0013679021868405446,5.854114336555473E-4,9.665489399315686E-4,7.023182839546145E-5,0.0010882653332020247,0.0012486498294663336,1.6323849768465804E-4,8.790514468260338E-4,0.001033585887572974,0.003181480703912149],[0.0014577670139123938,0.015402609451333028,0.05466672331199376,0.021024210518078366,0.038469436515024644,0.01776690821301056,0.00845163862124974,0.049018850745146565,0.01793601759736013,0.06885463832166301,0.03154527979087052,0.033359078503012216,0.004081754611378033,0.008040193180543916,0.06336424406452534,0.023465044416240484,0.06476856223827493,0.030262709585451984,0.030606960905756025,0.025332010085136324,0.03004901806979224,0.05204485660966246,0.04154098341339957,0.039402716417840745,0.06782407796499251,0.033721885067689424,0.042077114471075185,0.04118458554673427,0.0262036587831171,0.0635020621422452,0.05521052274179744,0.008407837370998431,1.0,0.05825308089585072,0.002722325694994921,0.05056052047040149,0.05585322181062241,0.00683213957157146,0.0153611882411241,0.0018342976622931757,0.039273078698101815,0.040339205107966,0.06595108352541647,0.03831449913805118,0.039181800717164546,0.06528436926306976,0.04334310394608817,0.06104298865993293,0.014427010544482614,0.02395587787857983,0.003566713581443188,0.019135167089024022,0.005423636477386851,0.031904795427883485,0.06106128567464807],[1.1980762237709627E-4,2.2597213394754957E-4,6.347963875531366E-5,1.468550888187172E-4,1.1325810392253522E-4,0.010203204737204472,2.7722230421637614E-4,0.0023351067136593603,1.3615584462310586E-4,6.291830018436068E-5,0.0027299304573703757,9.983612343447924E-4,2.176841084491318E-5,3.224434649401408E-5,1.186850851908865E-4,0.0011909992297679285,0.0013370602463655427,8.475698893858992E-4,1.1966382453515906E-4,3.663590038113983E-4,3.322010009843594E-5,2.7169478642013534E-4,1.4664119335020643E-4,0.003102451775314011,1.087865415587781E-4,9.469891148021581E-4,1.7949988112288652E-4,2.0360211256747698E-4,1.650178786270972E-4,1.148105387903769E-4,0.004887127411496104,1.8744772023563213E-4,0.05825308089585072,1.0,1.0766670600624713E-4,2.14568716876092E-4,0.002512242407045915,1.4863399094758325E-4,5.021117628220642E-4,8.879718172559666E-5,1.9120071420609846E-4,9.757916755590067E-4,4.2808360711309043E-4,1.7799164733032613E-4,4.458871540580897E-4,2.358913922001663E-4,2.5279991527313935E-4,1.1728775291503575E-4,8.867783480997847E-5,7.581985963538518E-4,0.00207939058164356,1.0981200789771904E-4,2.830995288476522E-4,2.4487313369376363E-4,0.001906397763123291],[1.1114306641851788E-4,2.9743706278943604E-4,5.527111977871179E-5,1.4136433297480642E-4,1.2393636550189592E-4,0.007996527403814154,1.6872392446909109E-4,0.00509034850005306,1.2965066094579666E-4,1.0750019878801347E-4,0.00468041443940677,2.8082310642399183E-4,9.605795078477869E-5,8.217364607050015E-5,1.282880420569758E-4,0.0013997130089355614,8.781889471161375E-4,0.0013655786271104407,1.7938512153584454E-4,1.8978518362432992E-4,5.574839549705267E-5,7.731328373074242E-4,2.5082808848106723E-4,0.016018220712445453,1.1002622349556493E-4,9.641618696513605E-4,1.7674013681036907E-4,2.298571744555876E-4,1.563138298706881E-4,1.1371515578399786E-4,0.03617857971227565,2.1230801088701208E-4,0.002722325694994921,1.0766670600624713E-4,1.0,1.95484030873605E