[[1.0,0.007627112079676043,9.279419456045561E-4,2.0898085311836818E-4,9.865354705197239E-4,0.028975132331064152,4.80809189619392E-4,0.0014080247928320313,0.001083898809450138,0.002394262112734985,0.0017447351121025571,6.65163878055499E-4,4.2754839769967076E-4,0.0016245610320159802,0.002115979041419765,0.001010696639416794,0.07737383023298165,1.692218003779959E-4,0.0030257725104792625,0.0011377599876382246,9.705959371511385E-4,8.275371494293959E-4,6.784809511169228E-4,0.001161997495459911,0.0022256052861990725,0.01894489193470101,1.714448015650571E-4,0.0015927293234284433,9.169064910675504E-4,8.312135144196102E-4,5.025702011863542E-4,0.001438948606930727,0.0010738051185588628,8.695211426507277E-4,6.833335192012443E-4,0.0011432437489959772,0.001283390663714396,8.254017844983765E-4,8.609590329207084E-4,0.0013059894330122131,0.0010824009025436204,4.1977131039853016E-4,7.768619232148208E-4,4.3784267062216704E-4],[0.007627112079676043,1.0,0.010498596216496842,0.006712916031665629,0.007962134090245035,0.033512881972217044,0.009324381750401152,0.03540446394064328,0.012746298903899528,0.011409137921132337,0.012271164931064168,0.005012363652807102,0.0023495399200661638,0.008111727393305674,0.010080633661514717,0.001981604187408845,0.051974383732021796,0.004446264369128201,0.01348067146567505,0.010843438515343258,0.010804770987833655,0.0014842825109503905,0.010469265028726523,0.0019172326476686243,0.013504957818412988,0.016302765619899042,0.013680611947036868,0.00413627201874365,0.0050919144065046645,0.00551763931176546,0.0014221559207359305,0.004834209559191846,0.003047413745366132,0.011248089329729021,0.008249893745416082,0.010798807708901915,0.010697008253984086,0.0036534514395692567,0.007199599768490507,0.0050045176021302085,0.005825180110719732,0.01044969988387741,0.0014915664167042845,0.005898855786419448],[9.279419456045561E-4,0.010498596216496842,1.0,3.119246670065253E-4,1.759378097078441E-4,0.03360593174983285,2.2349672525058027E-4,0.034437674919429964,4.6889197039836424E-4,0.002077237262725362,0.0015401276006393203,2.55793590081989E-4,2.2920851767917067E-4,0.001034353466866964,7.993995675666273E-4,3.551310345231654E-4,0.02766720428345295,2.9238754170553185E-4,0.0018517439297727882,5.080560760471186E-4,2.9241310008874805E-4,3.441449261630648E-4,2.2859912704873293E-4,0.0012142205604287184,0.007658480410768519,0.0035532265740352144,2.1209838218756925E-4,0.0011876324400264123,1.377830495095285E-4,2.7716415503249264E-4,3.4208446261525815E-4,3.6185371543547516E-4,2.1783404239819254E-4,3.215413685459012E-4,4.487234294970524E-5,0.0011508581535238007,5.420226277408664E-4,2.492456316774088E-4,1.73768313475955E-4,9.699212176482567E-4,1.6230416745631124E-4,1.8677251517546086E-4,2.445543593391427E-4,1.9601618872981723E-4],[2.0898085311836818E-4,0.006712916031665629,3.119246670065253E-4,1.0,5.202488461734316E-5,0.008201108688553114,1.7330075517209203E-4,0.028875622434165683,3.2137441923313126E-4,0.0030144065198591066,9.612243967368522E-4,2.1200067843387123E-4,6.089229869828765E-5,5.328245906971808E-4,9.048097899072117E-4,1.8705644643533787E-4,0.04334925295559283,1.0496532363554086E-4,0.0028652356910920953,1.8835837254031746E-4,1.1555543529544032E-4,1.571820271782261E-4,8.587213342545628E-5,9.775208824388544E-4,0.006082782534502398,0.019158543394881485,9.373483175193407E-5,6.812057651492173E-4,8.845125997227588E-5,8.414517331704674E-5,4.183442081329398E-5,0.0011438522022713818,1.088612620720528E-4,1.2167881927177918E-4,8.575748251697441E-5,7.622362132386387E-4,0.0011413597461128432,1.2169016532040025E-4,6.718183342902177E-5,0.0016539707105980676,1.3490903770690135E-4,1.0349880451488927E-4,1.9142883127508934E-4,1.3894329495943956E-4],[9.865354705197239E-4,0.007962134090245035,1.759378097078441E-4,5.202488461734316E-5,1.0,0.025369329708974785,1.2821839906307527E-4,0.0034972535024119537,3.259419488031244E-4,0.0015635205098843213,4.904397832599601E-4,1.846132054519654E-4,1.3372568882252019E-5,0.0015472370254284086,0.0029985835549338484,1.1329026516996318E-4,0.06581964731338621,4.098322687510742E-5,0.001908570542995236,2.5795338830118374E-4,3.804599332684386E-5,1.1721538282530601E-4,1.582360798687744E-5,4.526593114255155E-4,0.010749157092653923,0.012719721493430043,1.332191045478283E-5,0.0018536027595285128,1.788559864087138E-5,1.5703324639815703E-5,1.809066404739923E-5,0.001423056337631167,4.724021790999797E-5,7.407222437241714E-5,1.598856570772217E-5,8.83306142096222E-5,0.0011617489321732674,6.849380689682176E-5,1.5541717477096058E-5,7.410606808890862E-4,1.3564277972204485E-4,6.761374577010954E-5,1.173359601913641E-4,1.2758226230662168E-4],[0.028975132331064152,0.033512881972217044,0.03360593174983285,0.008201108688553114,0.025369329708974785,1.0,0.02396049280446678,0.03713884073047654,0.014505768899952406,0.01118778178988029,0.021769987999644577,0.02311827989778903,0.041466301011618766,0.028084012797377714,0.005170886802260479,0.03706196018332518,0.06638854430682806,0.03605941779375295,0.029567218674859997,0.03071653280368503,0.022039362357877693,0.0031571367923020257,0.038920830340224546,0.03765074070739834,0.018140426557812145,0.033719946690209335,0.03540942050670682,0.03908519072468822,0.025013361014876515,0.0075568694593811485,0.01043946454303748,0.00426316733863418,0.016839582808544112,0.029534881246412063,0.0159977797922331,0.0157496435430782,0.025185582883166586,0.042413623869800056,0.027326192015760337,0.004800436636409028,0.03305955030309666,0.0413721902280972,0.006793473546390869,0.0059226159933457295],[4.80809189619392E-4,0.009324381750401152,2.2349672525058027E-4,1.7330075517209203E-4,1.2821839906307527E-4,0.02396049280446678,1.0,7.314619037358441E-4,5.506531109215811E-4,0.0034913686530855994,0.0012648759653587805,2.069155285924664E-4,1.83228045223137E-4,7.902903433814573E-4,0.003328122348447278,2.1811705229937003E-4,0.06146231687697514,1.1692965851554008E-4,6.636200178392743E-4,5.013260947088014E-4,1.4603340178657033E-4,2.0053612727562455E-4,8.346670613900316E-5,3.3204416443471463E-4,0.008077110096044005,0.0016260296481039728,3.3481003086785724E-5,8.545340086327101E-4,1.8230910819421416E-4,1.1300687074642056E-4,1.3000696850469024E-4,6.550563639345172E-4,1.2215518694368336E-4,2.087359887241053E-4,3.0756706270541876E-5,0.0010402446004988764,1.9512367879393098E-4,1.767821880547985E-4,1.3349285721047646E-4,0.001241052317004828,1.7709633677438086E-4,1.6155377903837614E-4,1.938005125258801E-4,1.6397028100193482E-4],[0.0014080247928320313,0.03540446394064328,0.034437674919429964,0.028875622434165683,0.0034972535024119537,0.03713884073047654,7.314619037358441E-4,1.0,0.0019812538126633486,0.03327195446590574,0.0026967179371657733,0.02872935745593195,0.033246630382527426,0.02899017294650163,0.009778777911329906,0.007109308386828905,0.08848114093634848,0.011558500851584129,0.00712289999846088,0.021504329000968447,0.02573693250698828,0.03504329050920793,0.011936029216139362,0.024043776463504005,0.02677397532372535,0.02465847381135999,0.0032004538382107975,0.03441132424448154,0.02889702271380404,0.0030592664216549585,0.004047690091375715,0.015791067410576343,0.02367369644103854,0.023513628030335153,0.013811412937829441,0.017012227056920036,0.03362292592004313,0.010881649631275254,0.03052479958763705,0.020593076228554684,0.033642985577506605,0.03062742308555174,0.03485911566552244,0.016195303843822024],[0.001083898809450138,0.012746298903899528,4.6889197039836424E-4,3.2137441923313126E-4,3.259419488031244E-4,0.014505768899952406,5.506531109215811E-4,0.0019812538126633486,1.0,0.0026487658812633743,0.001473462574245786,8.887904634120872E-4,9.421529493433231E-4,0.0016266535917432987,0.0016650459177085706,4.0129350580276853E-4,0.05143371375829524,6.526262200659732E-4,0.0020003212377803703,0.0011284574555995742,4.2532273458253413E-4,2.8476146582842853E-4,7.429888283826371E-4,0.0010722878858763411,0.0033891718537223023,0.017063230476469373,6.676896917355286E-4,0.001814693259210607,3.4112574661634146E-4,3.843598181818525E-4,1.7245364282984207E-4,0.001128235143620927,0.001018985361609261,4.6215281640920854E-4,7.627343506804413E-4,0.0011256445977816747,0.0012516139617845424,9.244435871874609E-4,3.214134038754721E-5,0.0018071655192244455,7.119014930933574E-4,4.279032236626275E-4,0.0010228505941593407,4.178201154793303E-4],[0.002394262112734985,0.011409137921132337,0.002077237262725362,0.0030144065198591066,0.0015635205098843213,0.01118778178988029,0.0034913686530855994,0.03327195446590574,0.0026487658812633743,1.0,0.0022498632603634734,0.0035464773676651736,0.0023879801360704926,0.0019885868402826075,0.0042010048125018925,0.0028434010559478646,0.07871586023085989,4.598324018933784E-4,0.0035910260827763706,0.003473226092539437,0.0022748673961956816,0.0026410959078998256,0.0021501569681305595,0.0022082014193949367,0.005039579014402135,0.01834580708954183,0.0012722221524748435,0.0022278351546264146,0.0016326002770511547,0.003490596980034502,0.0036901279623363374,0.0034401391706148903,0.0011857379121517644,0.0031620670439672545,0.0021064840031039104,0.0024761179645718103,0.003487844918269904,0.0033494426270497344,4.972465344230355E-4,0.003084071388696503,3.346569122154112E-4,7.196451227501503E-4,0.0011211582137070713,0.0011265830251482216],[0.0017447351121025571,0.012271164931064168,0.0015401276006393203,9.612243967368522E-4,4.904397832599601E-4,0.021769987999644577,0.0012648759653587805,0.0026967179371657733,0.001473462574245786,0.0022498632603634734,1.0,0.001509564302200993,0.0013940440608305766,0.0018397808092463265,0.0027504372125540973,0.0018571744871776175,0.05266910117500928,0.001405422592955471,0.002008155579180032,0.00138723733412266,1.487097120035386E-4,3.4954402734507035E-4,0.0017151326656897822,0.0017365564137122235,0.004985530514483123,0.002984778894810793,0.0011504100043236848,0.0019979474109986088,0.0013112426997489931,9.39719080600341E-4,9.114241680398108E-4,0.0016560684603257683,0.001922704862728174,8.386479699776086E-4,4.918184050813519E-4,0.0014529007857758266,0.0015399668353640067,0.0010137137502873872,0.0011920937181088404,0.0021782946728975227,0.0010767797898622673,2.5612838950848016E-4,9.876142458684553E-4,0.001436059259721866],[6.65163878055499E-4,0.005012363652807102,2.55793590081989E-4,2.1200067843387123E-4,1.846132054519654E-4,0.02311827989778903,2.069155285924664E-4,0.02872935745593195,8.887904634120872E-4,0.0035464773676651736,0.001509564302200993,1.0,6.809902654295155E-5,8.766578179137057E-4,0.0036523743659251547,2.370521516731246E-4,0.036230221375989885,1.4039298293222244E-4,7.867784530463795E-4,7.828777568703941E-4,1.530488708160309E-4,2.548036825626607E-4,8.276762773851273E-5,8.475353670734362E-4,8.635978546353579E-4,0.0198566833108916,1.1368563781431237E-4,2.711931886557514E-4,1.821093095323721E-4,3.331014203348953E-5,9.141550160232298E-5,3.1091560506052906E-4,1.5143755924621884E-4,2.4796321189836417E-4,2.0400644484889314E-4,8.546586491726158E-4,3.501702465460657E-4,1.7542147029798804E-4,2.0773244708071088E-4,0.001375027073437422,1.7182123547883858E-4,1.3583532175491766E-4,2.124758958534842E-4,2.0130523518963156E-4],[4.2754839769967076E-4,0.0023495399200661638,2.2920851767917067E-4,6.089229869828765E-5,1.3372568882252019E-5,0.041466301011618766,1.83228045223137E-4,0.033246630382527426,9.421529493433231E-4,0.0023879801360704926,0.0013940440608305766,6.809902654295155E-5,1.0,0.0010855122634416373,0.004659802582732399,1.5848659006745556E-4,0.06430636945258564,7.899248660159316E-5,0.0023775564346324982,5.773391152929087E-4,4.025667609470716E-5,1.593376030697678E-4,1.5316936621382687E-5,1.4379775187607036E-4,0.008618145427170786,0.009870747009274466,1.2750236938196571E-5,9.226039924144843E-4,1.6126174065425906E-5,1.3197814982803265E-5,2.4105992845889142E-5,9.315304509041711E-4,9.888676435700923E-5,4.5101839645168356E-5,1.476204654199598E-5,3.725123800279184E-4,9.92271500981247E-4,9.739366218214814E-5,1.3973372916009304E-5,0.0013351984752375003,1.3531180542755038E-4,6.427094412283745E-5,1.9433177051786355E-4,7.395076368266186E-5],[0.0016245610320159802,0.008111727393305674,0.001034353466866964,5.328245906971808E-4,0.0015472370254284086,0.028084012797377714,7.902903433814573E-4,0.02899017294650163,0.0016266535917432987,0.0019885868402826075,0.0018397808092463265,8.766578179137057E-4,0.0010855122634416373,1.0,0.003191629669498283,4.7566052916919906E-4,0.08808845678234077,0.0013378323846793732,0.0026379874280568908,0.0013841072236493242,2.539281725365244E-4,0.001026506660926727,1.293688271084037E-4,0.0014313764001701124,0.00869753445851264,0.004187306651739452,0.0011400112697986641,0.0018732320155079047,3.7213637145576574E-4,4.8248469468180756E-4,0.0015296428171992808,0.0015747272189054612,0.001453916880334121,0.0015062211376121516,9.418918123289558E-4,0.0014569952161916954,0.0015272941214700107,0.001197204529272107,0.001075631284280472,0.0022255622234518685,8.764757447456303E-4,0.0014918997772462004,8.124310016778826E-4,0.0013923918653167932],[0.002115979041419765,0.010080633661514717,7.993995675666273E-4,9.048097899072117E-4,0.0029985835549338484,0.005170886802260479,0.003328122348447278,0.009778777911329906,0.0016650459177085706,0.0042010048125018925,0.0027504372125540973,0.0036523743659251547,0.004659802582732399,0.003191629669498283,1.0,0.0015310102353153548,0.06144462538101969,0.0027130294981112524,0.004876792042944114,0.003367199159167363,0.004771653665453189,0.004931674486102226,0.002335403491996622,0.0049616999292545275,0.007187666447570001,0.011887150919340643,2.1576621392415296E-4,0.0035701735830612966,0.0033747381123957793,0.0017199700139180426,0.004839788958103754,0.0018020635789358405,0.002997311871510628,0.003422162226900277,0.0012490570232028225,0.001947465808835311,0.004677568337099516,0.003518062841491021,0.004026308501186462,0.0030271623808254674,0.00274656174579881,6.463203189111952E-4,0.0036223718590480103,0.003972623113938308],[0.001010696639416794,0.001981604187408845,3.551310345231654E-4,1.8705644643533787E-4,1.1329026516996318E-4,0.03706196018332518,2.1811705229937003E-4,0.007109308386828905,4.0129350580276853E-4,0.0028434010559478646,0.0018571744871776175,2.370521516731246E-4,1.5848659006745556E-4,4.7566052916919906E-4,0.0015310102353153548,1.0,0.07248997356423906,1.4113290563895261E-4,0.0020912566363187183,8.561167026503993E-4,1.441288098410743E-4,2.9879977688418425E-4,1.0969350509833537E-4,8.330679812832832E-4,0.009057426020016057,0.010396011863734317,4.9392757195601214E-5,5.606951031016758E-4,1.3174110759111654E-4,1.1673516650230723E-4,3.235404184115844E-4,9.990026433567025E-4,2.0105400670471135E-4,3.3010568316784263E-4,1.661245982941826E-4,0.0011462846436793787,3.930976173697764E-4,3.379637559019149E-4,1.9376351681134175E-4,0.0021043867321615477,3.024266275945134E-4,3.499183972307378E-4,2.1614905660642517E-4,2.26964072560264E-4],[0.07737383023298165,0.051974383732021796,0.02766720428345295,0.04334925295559283,0.06581964731338621,0.06638854430682806,0.06146231687697514,0.08848114093634848,0.05143371375829524,0.07871586023085989,0.05266910117500928,0.036230221375989885,0.06430636945258564,0.08808845678234077,0.06144462538101969,0.07248997356423906,1.0,0.07258370176021724,0.08108884254653678,0.03573058261859658,0.06883544196203213,0.04973345944031734,0.01275972000923184,0.014433359509510899,0.0788831417862817,0.0396887766768206,0.013427333402063356,0.007753355262723763,0.048489429684462224,0.015291506169789684,0.02928917226718273,0.0741536848118815,0.007049497116748219,0.019666743906529886,0.03715656432309808,0.07733686120223518,0.0714323415586168,0.04231423567347078,0.08271246935689214,0.027863613966363998,0.010646128472705962,0.04266905208743595,0.07958264995689752,0.009758579255694459],[1.692218003779959E-4,0.004446264369128201,2.9238754170553185E-4,1.0496532363554086E-4,4.098322687510742E-5,0.03605941779375295,1.1692965851554008E-4,0.011558500851584129,6.526262200659732E-4,4.598324018933784E-4,0.001405422592955471,1.4039298293222244E-4,7.899248660159316E-5,0.0013378323846793732,0.0027130294981112524,1.4113290563895261E-4,0.07258370176021724,1.0,3.5644791744895966E-4,0.0011294603005705635,1.1019508392914899E-4,1.5899952715439164E-4,1.7652465337042526E-5,1.5115660925302151E-4,0.00760762981150377,0.01727594011247821,8.226402866639861E-5,3.560054295975248E-4,5.7345627525005524E-5,7.672207962953493E-5,8.963246409407518E-5,7.156170571023534E-4,9.916864655333443E-5,1.5463379853388568E-4,4.5263467905394325E-5,0.0011181623750766505,5.112200748478272E-4,1.1811834966327049E-4,4.6295155054170576E-5,0.0019482349424090226,1.1780360670186078E-4,9.923049738988026E-5,1.9219298234329587E-4,1.0760432811638842E-4],[0.0030257725104792625,0.01348067146567505,0.0018517439297727882,0.0028652356910920953,0.001908570542995236,0.029567218674859997,6.636200178392743E-4,0.00712289999846088,0.0020003212377803703,0.0035910260827763706,0.002008155579180032,7.867784530463795E-4,0.0023775564346324982,0.0026379874280568908,0.004876792042944114,0.0020912566363187183,0.08108884254653678,3.5644791744895966E-4,1.0,0.0027853087872139904,0.0011198711455249056,0.0023543018845730602,0.0013579684574021025,0.00294604091172567,0.007006632362320542,0.005436818274820835,4.1823450862734984E-4,0.002454045744924016,0.001272270210204128,0.0021354419388307172,4.1228893682504307E-4,0.0029326913119735796,2.377806564221637E-4,0.002468177634988051,0.0030863431070843536,0.001841897303352155,0.0012878176597582358,0.0010189149891223592,0.001716795642848376,0.0026404651559172442,0.0024400987265660464,0.0017824207374558879,7.325817645764624E-4,9.366849233509946E-4],[0.0011377599876382246,0.010843438515343258,5.080560760471186E-4,1.8835837254031746E-4,2.5795338830118374E-4,0.03071653280368503,5.013260947088014E-4,0.021504329000968447,0.0011284574555995742,0.003473226092539437,0.00138723733412266,7.828777568703941E-4,5.773391152929087E-4,0.0013841072236493242,0.003367199159167363,8.561167026503993E-4,0.03573058261859658,0.0011294603005705635,0.0027853087872139904,1.0,7.0209396508337E-4,0.0011174772757595597,4.53230900293868E-4,0.0012208825993977328,0.005668447812909996,0.004654112042724148,5.372208229568966E-4,0.0012258717370507506,2.883607040250579E-4,1.1076641848233389E-4,0.0011214951493061479,0.0013940548138505864,3.5885642204054363E-4,6.019632617835563E-4,9.676070459217469E-4,0.0011785284936623199,0.0012611750273942785,7.107324957306669E-4,0.0011190542210184839,0.002409532077197347,0.001110136825835379,1.3410803734671006E-4,8.703766227345271E-4,0.001045335613730861],[9.705959371511385E-4,0.010804770987833655,2.9241310008874805E-4,1.1555543529544032E-4,3.804599332684386E-5,0.022039362357877693,1.4603340178657033E-4,0.02573693250698828,4.2532273458253413E-4,0.0022748673961956816,1.487097120035386E-4,1.530488708160309E-4,4.025667609470716E-5,2.539281725365244E-4,0.004771653665453189,1.441288098410743E-4,0.06883544196203213,1.1019508392914899E-4,0.0011198711455249056,7.0209396508337E-4,1.0,2.5688809118052156E-4,7.128011652393087E-5,0.0012292109033377931,0.008566144025057464,0.008841831413621978,3.167508106507022E-5,0.0012583936281738864,4.241630963510862E-5,2.643860217655643E-5,7.412912216030917E-5,1.2253803585485123E-4,1.1322155079480349E-4,2.591073794749005E-4,1.9976328437570387E-5,2.4280460412709042E-4,2.449410554593536E-4,1.5666253387626152E-4,7.933083551067363E-5,0.0013626216525016999,1.1756059181388565E-4,1.0925041457120428E-4,1.6234221524492388E-4,1.3262887242610248E-4],[8.275371494293959E-4,0.0014842825109503905,3.441449261630648E-4,1.571820271782261E-4,1.1721538282530601E-4,0.0031571367923020257,2.0053612727562455E-4,0.03504329050920793,2.8476146582842853E-4,0.0026410959078998256,3.4954402734507035E-4,2.548036825626607E-4,1.593376030697678E-4,0.001026506660926727,0.004931674486102226,2.9879977688418425E-4,0.04973345944031734,1.5899952715439164E-4,0.0023543018845730602,0.0011174772757595597,2.5688809118052156E-4,1.0,8.730359446888982E-5,5.907760249359241E-4,0.004675278721544055,0.012447563901144397,1.9577050655717628E-4,0.0017125786141493063,6.277507852257132E-5,6.163093238968749E-5,1.3675148431583985E-4,0.0012088704884996514,1.4627515483734357E-4,2.6376602580704484E-4,1.8594499116389538E-4,9.425046198421794E-4,0.0012450528419998806,1.7857522726815803E-4,2.1795662263331413E-4,0.0019514303768568512,2.2558622359461757E-4,1.6556903304408593E-4,2.4680437567162146E-4,1.70196008908057E-4],[6.784809511169228E-4,0.010469265028726523,2.2859912704873293E-4,8.587213342545628E-5,1.582360798687744E-5,0.038920830340224546,8.346670613900316E-5,0.011936029216139362,7.429888283826371E-4,0.0021501569681305595,0.0017151326656897822,8.276762773851273E-5,1.5316936621382687E-5,1.293688271084037E-4,0.002335403491996622,1.0969350509833537E-4,0.01275972000923184,1.7652465337042526E-5,0.0013579684574021025,4.53230900293868E-4,7.128011652393087E-5,8.730359446888982E-5,1.0,8.001263206978623E-4,0.009881282203390594,0.01596695184795735,1.4866343010073776E-5,9.298404027610793E-4,1.683157931423577E-5,1.3930882362566361E-5,2.0122334177360312E-5,0.0013437379920072717,6.0374894758988826E-5,9.532385203098569E-5,1.5477586397888283E-5,8.058453140844417E-4,7.021869392032924E-4,1.178938055939158E-4,1.451318173519032E-5,0.0016392419340720717,3.8256862408682276E-5,4.416001261388132E-5,2.0153957087053325E-4,9.956721368033999E-5],[0.001161997495459911,0.0019172326476686243,0.0012142205604287184,9.775208824388544E-4,4.526593114255155E-4,0.03765074070739834,3.3204416443471463E-4,0.024043776463504005,0.0010722878858763411,0.0022082014193949367,0.0017365564137122235,8.475353670734362E-4,1.4379775187607036E-4,0.0014313764001701124,0.0049616999292545275,8.330679812832832E-4,0.014433359509510899,1.5115660925302151E-4,0.00294604091172567,0.0012208825993977328,0.0012292109033377931,5.907760249359241E-4,8.001263206978623E-4,1.0,0.007801245511119737,0.015231045738768639,4.194870482766463E-5,0.0015563394546676277,0.0012305213420295063,0.0011220568464679753,7.93432216134322E-5,0.0015512523451232025,7.299545674584755E-4,7.163446592478595E-4,7.67180324212804E-4,0.0012127935606624665,0.00123715085040649,7.382346010847175E-4,6.229451748819752E-4,0.0022854655787882695,2.7405023713479376E-4,0.001201392013565397,0.0010426397036388568,6.373582782741372E-4],[0.0022256052861990725,0.013504957818412988,0.007658480410768519,0.006082782534502398,0.010749157092653923,0.018140426557812145,0.008077110096044005,0.02677397532372535,0.0033891718537223023,0.005039579014402135,0.004985530514483123,8.635978546353579E-4,0.008618145427170786,0.00869753445851264,0.007187666447570001,0.009057426020016057,0.0788831417862817,0.00760762981150377,0.007006632362320542,0.005668447812909996,0.008566144025057464,0.004675278721544055,0.009881282203390594,0.007801245511119737,1.0,0.01602215741348365,0.009913269070663873,0.009997416123461517,0.004885791867586262,0.004692756327815424,0.001025448265949163,0.005455542126595022,0.00798896920788546,0.005948435146683582,0.0028688031644307477,0.00326241991080468,0.002004451331503248,0.004081692266871172,0.006665976853988165,0.007545741671109079,0.008134076906402683,0.005998150862293997,0.001284961642857543,0.006840050120410128],[0.01894489193470101,0.016302765619899042,0.0035532265740352144,0.019158543394881485,0.012719721493430043,0.033719946690209335,0.0016260296481039728,0.02465847381135999,0.017063230476469373,0.01834580708954183,0.002984778894810793,0.0198566833108916,0.009870747009274466,0.004187306651739452,0.011887150919340643,0.010396011863734317,0.0396887766768206,0.01727594011247821,0.005436818274820835,0.004654112042724148,0.008841831413621978,0.012447563901144397,0.01596695184795735,0.015231045738768639,0.01602215741348365,1.0,0.01976527361397857,0.008355569465351343,6.30907486311625E-4,0.009358893099141166,0.01476695887666063,0.01778466220119461,0.019953149993984506,9.061933954813521E-4,0.0022698714727050168,0.00414728437637801,0.012304952203818893,0.006217933472718814,5.942049295784655E-4,0.006121949821933991,9.950213760127617E-4,0.01604467763401925,9.857934415122345E-4,0.015067002483816322],[1.714448015650571E-4,0.013680611947036868,2.1209838218756925E-4,9.373483175193407E-5,1.332191045478283E-5,0.03540942050670682,3.3481003086785724E-5,0.0032004538382107975,6.676896917355286E-4,0.0012722221524748435,0.0011504100043236848,1.1368563781431237E-4,1.2750236938196571E-5,0.0011400112697986641,2.1576621392415296E-4,4.9392757195601214E-5,0.013427333402063356,8.226402866639861E-5,4.1823450862734984E-4,5.372208229568966E-4,3.167508106507022E-5,1.9577050655717628E-4,1.4866343010073776E-5,4.194870482766463E-5,0.009913269070663873,0.01976527361397857,1.0,8.830317893756913E-5,1.4289953912952233E-5,1.3213066191931658E-5,2.0054660370507864E-5,8.955195153835251E-4,8.875902196394466E-5,2.1660315819905062E-4,1.5128946372319308E-5,8.920861929527825E-4,0.0012022146357114007,4.6087887283302056E-5,1.2818622043914404E-5,8.776566120076692E-4,7.318506040091373E-5,1.2958652286192911E-5,1.0427026559871765E-4,1.4334102762046086E-4],[0.0015927293234284433,0.00413627201874365,0.0011876324400264123,6.812057651492173E-4,0.0018536027595285128,0.03908519072468822,8.545340086327101E-4,0.03441132424448154,0.001814693259210607,0.0022278351546264146,0.0019979474109986088,2.711931886557514E-4,9.226039924144843E-4,0.0018732320155079047,0.0035701735830612966,5.606951031016758E-4,0.007753355262723763,3.560054295975248E-4,0.002454045744924016,0.0012258717370507506,0.0012583936281738864,0.0017125786141493063,9.298404027610793E-4,0.0015563394546676277,0.009997416123461517,0.008355569465351343,8.830317893756913E-5,1.0,8.082354364004049E-4,2.432616235190392E-4,0.0015521526118622076,0.0016419959183108113,0.0014096589221078615,3.6062172460271647E-4,4.832493409770887E-5,0.0013697599734327562,0.00165472880316918,0.0017294425947282552,1.5276825536794436E-4,0.001964409676496875,3.2590869660700366E-4,0.0014170057655952379,0.001379655364531968,7.153941624925393E-4],[9.169064910675504E-4,0.0050919144065046645,1.377830495095285E-4,8.845125997227588E-5,1.788559864087138E-5,0.025013361014876515,1.8230910819421416E-4,0.02889702271380404,3.4112574661634146E-4,0.0016326002770511547,0.0013112426997489931,1.821093095323721E-4,1.6126174065425906E-5,3.7213637145576574E-4,0.0033747381123957793,1.3174110759111654E-4,0.048489429684462224,5.7345627525005524E-5,0.001272270210204128,2.883607040250579E-4,4.241630963510862E-5,6.277507852257132E-5,1.683157931423577E-5,0.0012305213420295063,0.004885791867586262,6.30907486311625E-4,1.4289953912952233E-5,8.082354364004049E-4,1.0,1.5503846558246803E-5,2.1735713066732506E-5,0.0014449343116305037,5.417680273455421E-5,1.878243743761153E-4,1.7469563146906855E-5,6.155162397174036E-4,4.2869885467798977E-4,8.230898043596096E-5,1.696388975692286E-5,0.0013027729618543741,1.0590635357611271E-4,4.4433329169804966E-5,8.269613246953158E-5,1.3805678879409293E-4],[8.312135144196102E-4,0.00551763931176546,2.7716415503249264E-4,8.414517331704674E-5,1.5703324639815703E-5,0.0075568694593811485,1.1300687074642056E-4,0.0030592664216549585,3.843598181818525E-4,0.003490596980034502,9.39719080600341E-4,3.331014203348953E-5,1.3197814982803265E-5,4.8248469468180756E-4,0.0017199700139180426,1.1673516650230723E-4,0.015291506169789684,7.672207962953493E-5,0.0021354419388307172,1.1076641848233389E-4,2.643860217655643E-5,6.163093238968749E-5,1.3930882362566361E-5,0.0011220568464679753,0.004692756327815424,0.009358893099141166,1.3213066191931658E-5,2.432616235190392E-4,1.5503846558246803E-5,1.0,3.3541240808250215E-5,7.956565478771816E-4,4.063923943049894E-5,2.448571635794303E-4,1.3411583906742188E-5,7.360661680042972E-4,1.5612908770830033E-4,9.432997370740321E-5,1.432588133810355E-5,0.0017794676635759427,1.5385574649831927E-5,5.077048756505288E-5,1.4725493058985315E-4,1.257753683704125E-4],[5.025702011863542E-4,0.0014221559207359305,3.4208446261525815E-4,4.183442081329398E-5,1.809066404739923E-5,0.01043946454303748,1.3000696850469024E-4,0.004047690091375715,1.7245364282984207E-4,0.0036901279623363374,9.114241680398108E-4,9.141550160232298E-5,2.4105992845889142E-5,0.0015296428171992808,0.004839788958103754,3.235404184115844E-4,0.02928917226718273,8.963246409407518E-5,4.1228893682504307E-4,0.0011214951493061479,7.412912216030917E-5,1.3675148431583985E-4,2.0122334177360312E-5,7.93432216134322E-5,0.001025448265949163,0.01476695887666063,2.0054660370507864E-5,0.0015521526118622076,2.1735713066732506E-5,3.3541240808250215E-5,1.0,0.001080390791704487,3.557180714732577E-5,1.828792385941205E-4,2.643625600525873E-5,1.1712964685568585E-4,2.1099565108311365E-4,7.694472398732938E-5,3.0179999395748575E-5,7.203129714593482E-4,5.894267377953856E-5,4.803230170586315E-5,1.774259191092414E-4,6.441565150047356E-5],[0.001438948606930727,0.004834209559191846,3.6185371543547516E-4,0.0011438522022713818,0.001423056337631167,0.00426316733863418,6.550563639345172E-4,0.015791067410576343,0.001128235143620927,0.0034401391706148903,0.0016560684603257683,3.1091560506052906E-4,9.315304509041711E-4,0.0015747272189054612,0.0018020635789358405,9.990026433567025E-4,0.0741536848118815,7.156170571023534E-4,0.0029326913119735796,0.0013940548138505864,1.2253803585485123E-4,0.0012088704884996514,0.0013437379920072717,0.0015512523451232025,0.005455542126595022,0.01778466220119461,8.955195153835251E-4,0.0016419959183108113,0.0014449343116305037,7.956565478771816E-4,0.001080390791704487,1.0,0.0010461384490679107,8.00760475351849E-4,0.0010121761331440382,0.001468553704510286,0.0014880514414333406,4.6470776160261167E-4,1.051045698687702E-4,0.0016621669766609438,0.0014928235306306556,1.2999161731625083E-4,9.231396316265962E-4,2.622522696584436E-4],[0.0010738051185588628,0.003047413745366132,2.1783404239819254E-4,1.088612620720528E-4,4.724021790999797E-5,0.016839582808544112,1.2215518694368336E-4,0.02367369644103854,0.001018985361609261,0.0011857379121517644,0.001922704862728174,1.5143755924621884E-4,9.888676435700923E-5,0.001453916880334121,0.002997311871510628,2.0105400670471135E-4,0.007049497116748219,9.916864655333443E-5,2.377806564221637E-4,3.5885642204054363E-4,1.1322155079480349E-4,1.4627515483734357E-4,6.0374894758988826E-5,7.299545674584755E-4,0.00798896920788546,0.019953149993984506,8.875902196394466E-5,0.0014096589221078615,5.417680273455421E-5,4.063923943049894E-5,3.557180714732577E-5,0.0010461384490679107,1.0,1.493839188017961E-4,1.0285438971157618E-4,3.792382606094034E-4,8.170010907474887E-4,1.6244795258225982E-4,4.6940339706065525E-5,0.001611782984151061,1.1445004182454878E-4,1.00980459246335E-4,1.2408740627527267E-4,1.2454173479458213E-4],[8.695211426507277E-4,0.011248089329729021,3.215413685459012E-4,1.2167881927177918E-4,7.407222437241714E-5,0.029534881246412063,2.087359887241053E-4,0.023513628030335153,4.6215281640920854E-4,0.0031620670439672545,8.386479699776086E-4,2.4796321189836417E-4,4.5101839645168356E-5,0.0015062211376121516,0.003422162226900277,3.3010568316784263E-4,0.019666743906529886,1.5463379853388568E-4,0.002468177634988051,6.019632617835563E-4,2.591073794749005E-4,2.6376602580704484E-4,9.532385203098569E-5,7.163446592478595E-4,0.005948435146683582,9.061933954813521E-4,2.1660315819905062E-4,3.6062172460271647E-4,1.878243743761153E-4,2.448571635794303E-4,1.828792385941205E-4,8.00760475351849E-4,1.493839188017961E-4,1.0,1.0940848178736214E-4,3.61582372994897E-4,0.0012334160357879759,2.0802248279516873E-4,3.8182788659928936E-5,5.588827748361112E-4,1.619861033905507E-4,2.1887325181186657E-4,2.5407011836427055E-4,1.6357528698872595E-4],[6.833335192012443E-4,0.008249893745416082,4.487234294970524E-5,8.575748251697441E-5,1.598856570772217E-5,0.0159977797922331,3.0756706270541876E-5,0.013811412937829441,7.627343506804413E-4,0.0021064840031039104,4.918184050813519E-4,2.0400644484889314E-4,1.476204654199598E-5,9.418918123289558E-4,0.0012490570232028225,1.661245982941826E-4,0.03715656432309808,4.5263467905394325E-5,0.0030863431070843536,9.676070459217469E-4,1.9976328437570387E-5,1.8594499116389538E-4,1.5477586397888283E-5,7.67180324212804E-4,0.0028688031644307477,0.0022698714727050168,1.5128946372319308E-5,4.832493409770887E-5,1.7469563146906855E-5,1.3411583906742188E-5,2.643625600525873E-5,0.0010121761331440382,1.0285438971157618E-4,1.0940848178736214E-4,1.0,3.690767096803816E-4,7.954802289232011E-4,4.387654761738747E-5,1.5398523078720106E-5,0.002430818259809166,6.938112821547614E-5,2.614906755034279E-5,6.500557386578134E-5,1.0079452346588457E-4],[0.0011432437489959772,0.010798807708901915,0.0011508581535238007,7.622362132386387E-4,8.83306142096222E-5,0.0157496435430782,0.0010402446004988764,0.017012227056920036,0.0011256445977816747,0.0024761179645718103,0.0014529007857758266,8.546586491726158E-4,3.725123800279184E-4,0.0014569952161916954,0.001947465808835311,0.0011462846436793787,0.07733686120223518,0.0011181623750766505,0.001841897303352155,0.0011785284936623199,2.4280460412709042E-4,9.425046198421794E-4,8.058453140844417E-4,0.0012127935606624665,0.00326241991080468,0.00414728437637801,8.920861929527825E-4,0.0013697599734327562,6.155162397174036E-4,7.360661680042972E-4,1.1712964685568585E-4,0.001468553704510286,3.792382606094034E-4,3.61582372994897E-4,3.690767096803816E-4,1.0,0.001273985116287816,1.7798116294999474E-4,4.5987372624004674E-4,0.0014472699660458353,0.001134119993896589,8.201151185636815E-4,7.141863606275902E-4,5.93295159523589E-4],[0.001283390663714396,0.010697008253984086,5.420226277408664E-4,0.0011413597461128432,0.0011617489321732674,0.025185582883166586,1.9512367879393098E-4,0.03362292592004313,0.0012516139617845424,0.003487844918269904,0.0015399668353640067,3.501702465460657E-4,9.92271500981247E-4,0.0015272941214700107,0.004677568337099516,3.930976173697764E-4,0.0714323415586168,5.112200748478272E-4,0.0012878176597582358,0.0012611750273942785,2.449410554593536E-4,0.0012450528419998806,7.021869392032924E-4,0.00123715085040649,0.002004451331503248,0.012304952203818893,0.0012022146357114007,0.00165472880316918,4.2869885467798977E-4,1.5612908770830033E-4,2.1099565108311365E-4,0.0014880514414333406,8.170010907474887E-4,0.0012334160357879759,7.954802289232011E-4,0.001273985116287816,1.0,0.0012224003776627182,4.888982561047124E-4,0.001596097047343538,5.109602394084164E-4,8.19385657525057E-4,8.098929353671418E-4,0.0012464529062312028],[8.254017844983765E-4,0.0036534514395692567,2.492456316774088E-4,1.2169016532040025E-4,6.849380689682176E-5,0.042413623869800056,1.767821880547985E-4,0.010881649631275254,9.244435871874609E-4,0.0033494426270497344,0.0010137137502873872,1.7542147029798804E-4,9.739366218214814E-5,0.001197204529272107,0.003518062841491021,3.379637559019149E-4,0.04231423567347078,1.1811834966327049E-4,0.0010189149891223592,7.107324957306669E-4,1.5666253387626152E-4,1.7857522726815803E-4,1.178938055939158E-4,7.382346010847175E-4,0.004081692266871172,0.006217933472718814,4.6087887283302056E-5,0.0017294425947282552,8.230898043596096E-5,9.432997370740321E-5,7.694472398732938E-5,4.6470776160261167E-4,1.6244795258225982E-4,2.0802248279516873E-4,4.387654761738747E-5,1.7798116294999474E-4,0.0012224003776627182,1.0,2.3017427267416936E-5,5.92286385418638E-4,1.4707399201446228E-4,1.6497466400569835E-4,2.0036942238137894E-4,1.620832799181128E-4],[8.609590329207084E-4,0.007199599768490507,1.73768313475955E-4,6.718183342902177E-5,1.5541717477096058E-5,0.027326192015760337,1.3349285721047646E-4,0.03052479958763705,3.214134038754721E-5,4.972465344230355E-4,0.0011920937181088404,2.0773244708071088E-4,1.3973372916009304E-5,0.001075631284280472,0.004026308501186462,1.9376351681134175E-4,0.08271246935689214,4.6295155054170576E-5,0.001716795642848376,0.0011190542210184839,7.933083551067363E-5,2.1795662263331413E-4,1.451318173519032E-5,6.229451748819752E-4,0.006665976853988165,5.942049295784655E-4,1.2818622043914404E-5,1.5276825536794436E-4,1.696388975692286E-5,1.432588133810355E-5,3.0179999395748575E-5,1.051045698687702E-4,4.6940339706065525E-5,3.8182788659928936E-5,1.5398523078720106E-5,4.5987372624004674E-4,4.888982561047124E-4,2.3017427267416936E-5,1.0,0.0024942707782686334,4.617921333917896E-5,4.088258470253767E-5,9.340584732085755E-5,4.7270150947812816E-5],[0.0013059894330122131,0.0050045176021302085,9.699212176482567E-4,0.0016539707105980676,7.410606808890862E-4,0.004800436636409028,0.001241052317004828,0.020593076228554684,0.0018071655192244455,0.003084071388696503,0.0021782946728975227,0.001375027073437422,0.0013351984752375003,0.0022255622234518685,0.0030271623808254674,0.0021043867321615477,0.027863613966363998,0.0019482349424090226,0.0026404651559172442,0.002409532077197347,0.0013626216525016999,0.0019514303768568512,0.0016392419340720717,0.0022854655787882695,0.007545741671109079,0.006121949821933991,8.776566120076692E-4,0.001964409676496875,0.0013027729618543741,0.0017794676635759427,7.203129714593482E-4,0.0016621669766609438,0.001611782984151061,5.588827748361112E-4,0.002430818259809166,0.0014472699660458353,0.001596097047343538,5.92286385418638E-4,0.0024942707782686334,1.0,0.0010394707907952373,1.2124754128736787E-4,0.0019299372407732337,3.1167456216080067E-4],[0.0010824009025436204,0.005825180110719732,1.6230416745631124E-4,1.3490903770690135E-4,1.3564277972204485E-4,0.03305955030309666,1.7709633677438086E-4,0.033642985577506605,7.119014930933574E-4,3.346569122154112E-4,0.0010767797898622673,1.7182123547883858E-4,1.3531180542755038E-4,8.764757447456303E-4,0.00274656174579881,3.024266275945134E-4,0.010646128472705962,1.1780360670186078E-4,0.0024400987265660464,0.001110136825835379,1.1756059181388565E-4,2.2558622359461757E-4,3.8256862408682276E-5,2.7405023713479376E-4,0.008134076906402683,9.950213760127617E-4,7.318506040091373E-5,3.2590869660700366E-4,1.0590635357611271E-4,1.5385574649831927E-5,5.894267377953856E-5,0.0014928235306306556,1.1445004182454878E-4,1.619861033905507E-4,6.938112821547614E-5,0.001134119993896589,5.109602394084164E-4,1.4707399201446228E-4,4.617921333917896E-5,0.0010394707907952373,1.0,1.3548824806288085E-4,1.5441166931497077E-4,1.5170986580528026E-4],[4.1977131039853016E-4,0.01044969988387741,1.8677251517546086E-4,1.0349880451488927E-4,6.761374577010954E-5,0.0413721902280972,1.6155377903837614E-4,0.03062742308555174,4.279032236626275E-4,7.196451227501503E-4,2.5612838950848016E-4,1.3583532175491766E-4,6.427094412283745E-5,0.0014918997772462004,6.463203189111952E-4,3.499183972307378E-4,0.04266905208743595,9.923049738988026E-5,0.0017824207374558879,1.3410803734671006E-4,1.0925041457120428E-4,1.6556903304408593E-4,4.416001261388132E-5,0.001201392013565397,0.005998150862293997,0.01604467763401925,1.2958652286192911E-5,0.0014170057655952379,4.4433329169804966E-5,5.077048756505288E-5,4.803230170586315E-5,1.2999161731625083E-4,1.00980459246335E-4,2.1887325181186657E-4,2.614906755034279E-5,8.201151185636815E-4,8.19385657525057E-4,1.6497466400569835E-4,4.088258470253767E-5,1.2124754128736787E-4,1.3548824806288085E-4,1.0,1.4648855891634635E-4,1.331726626066162E-4],[7.768619232148208E-4,0.0014915664167042845,2.445543593391427E-4,1.9142883127508934E-4,1.173359601913641E-4,0.006793473546390869,1.938005125258801E-4,0.03485911566552244,0.0010228505941593407,0.0011211582137070713,9.876142458684553E-4,2.124758958534842E-4,1.9433177051786355E-4,8.124310016778826E-4,0.0036223718590480103,2.1614905660642517E-4,0.07958264995689752,1.9219298234329587E-4,7.325817645764624E-4,8.703766227345271E-4,1.6234221524492388E-4,2.4680437567162146E-4,2.0153957087053325E-4,0.0010426397036388568,0.001284961642857543,9.857934415122345E-4,1.0427026559871765E-4,0.001379655364531968,8.269613246953158E-5,1.4725493058985315E-4,1.774259191092414E-4,9.231396316265962E-4,1.2408740627527267E-4,2.5407011836427055E-4,6.500557386578134E-5,7.141863606275902E-4,8.098929353671418E-4,2.0036942238137894E-4,9.340584732085755E-5,0.0019299372407732337,1.5441166931497077E-4,1.4648855891634635E-4,1.0,1.9033404952386275E-4],[4.3784267062216704E-4,0.005898855786419448,1.9601618872981723E-4,1.3894329495943956E-4,1.2758226230662168E-4,0.0059226159933457295,1.6397028100193482E-4,0.016195303843822024,4.178201154793303E-4,0.0011265830251482216,0.001436059259721866,2.0130523518963156E-4,7.395076368266186E-5,0.0013923918653167932,0.003972623113938308,2.26964072560264E-4,0.009758579255694459,1.07604328