[[1.0,0.0038619121887496018,5.222523881018303E-5,1.860303190610964E-4,5.365427404882588E-5,1.8318768618290893E-4,1.1541864694934045E-4,0.015877578263924993,1.6914427163844024E-4,0.0021606418289107873,4.322697432828446E-4,0.008561355826271662,8.128900092086733E-5,1.5659726673509302E-4,1.1251846510299066E-4,1.2061937189866095E-4,3.8895784839202053E-4,1.2929062942690437E-4,1.2680533110828477E-4,9.999263575126206E-4,0.001565615683161428,5.3073201722884265E-5,1.8404740393610056E-4,0.005060212054164089,7.208673548744506E-4,4.754255164925075E-5,1.3103361258083338E-4,8.287954862215227E-4,9.086173449381362E-4,5.993720374828286E-5,0.0087952523591292,4.2882222807528845E-4,0.009806706911702648,0.012319318909603983,6.259011030991104E-5,0.001813758146546672,5.372816070676751E-4,7.375111603319478E-5,3.56993551767105E-5,0.0013735238243878054,5.849494694267026E-5,0.007547462300542129,8.586062691315365E-5,6.286856479059341E-4,1.0285024209133051E-4,1.431773228827813E-4,0.008038956345928754,0.006065296855051107,1.611539052057212E-4],[0.0038619121887496018,1.0,0.0019500231302883423,0.0014434412135268875,0.0032593069931185037,0.0033408113816504772,0.0017723731131696196,0.011872011844950917,0.003915272764952585,0.004976995792725578,0.003052864718061132,0.012375515103274962,0.0039596605698770755,0.006494157586418484,0.0055574816420030605,0.0025716733957829264,0.003332168282793834,0.006390066981352647,0.009020221984444994,0.004221180002196551,0.006368807256074999,0.003180586188167904,0.001007377664659784,0.010797110311603672,0.003447588511827534,0.004348485345050017,0.003071464405581579,0.0018647226712141683,0.007369000119827585,0.004883837627284725,0.013167200762002684,0.006691040135331799,0.016047815967325296,0.009134252978015525,0.0027852720356278476,0.004223803912750557,0.0040443667833642595,7.357663863826296E-5,0.0057863024572101605,0.006985912265964689,0.0028488398659844657,0.00689663622671357,0.005398141327209621,0.005588187077247685,0.006283381936209621,0.0014930380044352021,0.008922089531681995,0.01016132456331232,0.0015469881970565167],[5.222523881018303E-5,0.0019500231302883423,1.0,5.024736144938213E-5,2.1770448076231097E-5,1.996002647198337E-4,1.6883424835827302E-5,0.006734022952173423,4.9335965409551225E-5,6.678484905761581E-4,0.00181837495215616,0.017664523791741965,1.5506157814784228E-5,1.316094600080174E-4,5.3236482785443144E-5,9.045431706767931E-5,2.50742849758645E-4,7.823863332310679E-4,0.004170009887410112,1.0896657515034884E-4,8.405549325677241E-4,1.578893134605204E-5,3.0139669625359883E-4,0.006643837242837594,4.9021926728908155E-5,2.3164475511189442E-5,4.280608003058311E-5,0.0012726483448818984,0.0024361459071138656,1.381709616593511E-5,0.009883999496411628,0.0015075903829739057,0.005740867265972182,1.9446995334161915E-4,1.2993240036026177E-5,0.0019676027291034947,8.829831951016876E-4,1.4337988312889383E-5,1.3268179233629995E-5,4.952696156908863E-4,2.404064196951295E-5,0.004257506698275393,3.6243595932949254E-5,8.757165472624489E-4,3.596166842082928E-5,4.901941080611831E-5,0.0033556983539353726,0.019538368347524607,1.5784987546964662E-4],[1.860303190610964E-4,0.0014434412135268875,5.024736144938213E-5,1.0,1.5813882940614722E-4,2.9344372190857676E-4,6.115145841320358E-5,0.010608426513536473,1.8571272808046648E-4,0.003153627428327854,0.0012153389057657027,0.01664795654520714,1.645241642353395E-4,2.033886967654653E-4,1.6763398342491443E-4,1.787231386778881E-4,3.1913954974359344E-4,5.538857426318928E-4,0.0033220846196633292,0.0010712527805717947,0.0011452080102501603,8.659799010754125E-5,3.438476502358133E-4,0.003997352483022784,8.29621355220565E-4,1.3134337458339546E-4,1.7675158554929503E-4,0.0014954762507367488,0.0064798142658958405,1.4080684154627168E-4,0.02032473884191381,8.489227097504281E-4,0.012337916341423198,0.014830724999937673,6.574409691614037E-5,2.8802504029975075E-4,4.1338007653470043E-4,4.322564651232856E-5,1.2196227492276372E-4,0.004009233746584148,7.660423638017669E-5,6.761589569710112E-4,1.30512517796575E-4,6.640826573975308E-4,1.2503259421115122E-4,1.5968980317618953E-4,0.0019609764969383678,0.006882097623343518,1.8295192030984097E-4],[5.365427404882588E-5,0.0032593069931185037,2.1770448076231097E-5,1.5813882940614722E-4,1.0,2.596927211936675E-4,2.1698320003346813E-5,0.01702710053695308,1.4387925544018712E-4,0.003277754928807112,5.247417042621213E-4,0.01217146257172003,2.1477995709879695E-5,3.965587277225073E-4,3.681427076789559E-5,6.489326858253279E-5,2.789628656057694E-4,5.633548353489458E-4,0.002651138410848028,0.001655649346238569,8.451487515591231E-4,2.6577544599425706E-5,5.088626317189835E-5,0.008674413833326997,8.628044228629339E-4,2.20296887884003E-5,1.2107479476466951E-4,9.18286360755397E-4,0.0017269145195231643,1.7417257715837616E-5,0.0020884308283964205,0.002207710832171857,0.018494415174306292,0.009026670396005252,1.3140386446945573E-5,0.0015766319548324579,8.411922141238254E-5,1.7735042985151394E-5,1.951774861038437E-5,0.0018077383839223795,2.462822522589597E-5,0.009420245906658402,2.887517106709105E-5,4.7201861083220767E-4,7.952162842403857E-5,1.470170515210245E-4,0.0011879051185749072,0.0053485047189810965,1.4046489015052783E-4],[1.8318768618290893E-4,0.0033408113816504772,1.996002647198337E-4,2.9344372190857676E-4,2.596927211936675E-4,1.0,4.303431334965663E-5,0.02195238654836691,5.250217311572855E-4,0.0014370145785088393,0.0017645510446817575,0.020897994732975555,8.46965152754956E-4,0.001006669411958223,1.884785979176869E-4,2.6229234517873614E-4,4.902210588237498E-4,0.0010122400209184115,0.007285289671948374,0.002754925755041248,0.001708531507043752,4.5594084650722597E-4,8.546209467177207E-4,0.0011015486497361103,0.0010019695385205033,8.102044805337083E-4,6.388248585130043E-4,0.001111749324899304,0.0038004709840303175,5.748829171138406E-4,0.01729604895438709,0.0018142453741531498,0.018490814149370906,0.013352280700947895,5.817111983848819E-4,0.002116892729573221,0.0016140769785879994,3.7191553928537466E-4,9.093024158575982E-4,0.006342675569397211,1.0533597523511258E-4,0.008461902091847894,4.4545564029911926E-4,0.0010102592205906552,9.044999691217329E-4,2.112089620066556E-4,0.0016083607138496071,0.0012927113846725915,3.2379997784963356E-4],[1.1541864694934045E-4,0.0017723731131696196,1.6883424835827302E-5,6.115145841320358E-5,2.1698320003346813E-5,4.303431334965663E-5,1.0,0.015383756741004317,1.3756680104530335E-4,1.4398340774564083E-4,1.4504202291416217E-4,0.012270146525068332,1.7546750432071082E-5,4.2721459435276447E-4,2.469765053241441E-5,8.020016075511599E-5,3.4195562514167385E-4,1.61609842774411E-4,0.006876419252455305,0.00117027027815735,9.759702286836405E-4,1.9753564565990287E-5,4.0875244908269575E-4,0.00884316588260271,4.160015452817577E-5,2.265300909455544E-5,1.1969130218638814E-4,0.0010911439878865006,0.006629668981020031,1.4319241030030713E-5,0.003914562133701502,0.002027498127718913,0.003265635485639706,0.015272323028994464,1.5317279998198322E-5,5.57363486749924E-4,3.6984920145027064E-4,1.829398243807976E-5,1.5125210568577272E-5,0.014526651598781647,2.834174629201259E-5,0.00551672258591415,6.0529894029659064E-5,1.8061118654606577E-4,8.734085883616007E-5,1.1739247682049783E-4,0.003380133573781089,0.013543552230959745,1.2191335428356425E-4],[0.015877578263924993,0.011872011844950917,0.006734022952173423,0.010608426513536473,0.01702710053695308,0.02195238654836691,0.015383756741004317,1.0,0.012510746661713498,0.017412839914549037,0.012564506682687653,0.022901732090174275,0.001206867680094123,0.017001266096891798,0.012304319096781572,0.02420585414862746,0.00483069786769183,0.0236701360639602,0.01761457186274533,0.010538666937112232,0.012739533267961949,0.005759857776458602,0.014821411202234404,0.022166241934006695,0.015478694667850143,0.02383843170076648,0.006501540821312088,0.005955763653342223,0.017608685751162034,0.005233998969035679,0.024527813010392193,0.01532165626275736,0.025,0.01959119040179502,0.023101058913070356,0.005120905802374424,0.012470599711416947,0.019354289494608195,0.01855876992563327,0.021596895048328422,0.014359339801785125,0.013373426318103829,0.011498093697056355,0.010706928300468706,0.015103963843685883,0.01932031842157131,0.02210838307931099,0.024441096035513143,0.00500298549998897],[1.6914427163844024E-4,0.003915272764952585,4.9335965409551225E-5,1.8571272808046648E-4,1.4387925544018712E-4,5.250217311572855E-4,1.3756680104530335E-4,0.012510746661713498,1.0,0.0028171188258074103,0.0013861502488458645,0.0013198798051006972,5.2350723644002134E-5,8.774086575634041E-4,1.5406186802220716E-4,1.590633894466998E-4,3.584558205542204E-4,6.005078650126682E-4,0.006423466264171459,4.1174080950745614E-4,4.460199802911566E-4,6.214810386935434E-5,3.485709541099538E-4,0.005574114108423484,5.343241627361838E-4,5.025822300729585E-5,1.6513994700948805E-4,0.0014997105409902537,0.003658602716853958,5.70691535876487E-5,0.021584030340907143,0.0011265792108632352,0.004931532000948498,0.01394090501797638,1.3369748636192887E-4,5.598475644897336E-4,9.269094700123851E-4,1.4014035039074137E-4,7.963226144737094E-5,0.007787349068725778,1.1625910928286359E-4,0.005275772053449279,1.5320291310047708E-4,7.634634905857588E-4,1.6484517934505383E-4,1.6628706336701876E-4,0.0020618962486056397,0.010856422540318461,1.7546986958180187E-4],[0.0021606418289107873,0.004976995792725578,6.678484905761581E-4,0.003153627428327854,0.003277754928807112,0.0014370145785088393,1.4398340774564083E-4,0.017412839914549037,0.0028171188258074103,1.0,0.0027815033289376643,0.014295814670317295,0.0019102881213015678,0.0030743106879591417,0.0017438898823044456,0.0019944547272292383,0.0030508546279148317,0.0022079096274145666,0.0056486863745945914,0.003514149195593153,0.0018962035622239538,0.0022692651763026365,9.026716566543981E-4,0.007356493529212667,0.002177063925049565,0.002637540075706486,8.374929596287483E-4,0.0019700184057150362,0.0034930736866433903,0.0023901779936968226,0.01965476627318589,0.0032156325868057008,0.011493797235193958,0.010634291530772845,0.0017660444898018963,0.002469888872109156,0.002974118783442785,0.0011403529471168841,1.6235888669817033E-4,0.008713100327865377,1.8665189666289866E-4,0.0061152011082718175,0.0021911237247942616,0.0028596892742288587,8.926863949892171E-4,2.844279341506279E-4,0.0038935965376999705,0.018073830820674788,0.0029480994171082074],[4.322697432828446E-4,0.003052864718061132,0.00181837495215616,0.0012153389057657027,5.247417042621213E-4,0.0017645510446817575,1.4504202291416217E-4,0.012564506682687653,0.0013861502488458645,0.0027815033289376643,1.0,0.00839506723620763,0.001529045977346735,0.0021574418372743366,0.0012204238514819765,2.972100125219515E-4,4.535915776921885E-4,0.002066774010895778,0.00987647719127296,0.003439871174445148,0.0023024470210997548,0.0019137157161839948,0.0023038946497481983,0.004899782156507289,0.002015611503234714,9.382177355819186E-5,0.002136860291195823,0.0018941120350152187,0.006173021523545731,3.7048216665453836E-4,0.015793671019651796,0.0024688550034284206,0.016828774514353263,0.012487703386582389,0.0025089816710267884,0.002299500787627978,0.0023465170291876135,3.6885113101472236E-4,0.0016800132579015158,0.00817167636325077,0.001204383554122707,0.0044285112333606975,0.002546960644921867,0.0017306119183459045,0.00101212723259363,0.0010202949779600937,0.0028918524052578424,0.011333064786684147,0.0018050496958211574],[0.008561355826271662,0.012375515103274962,0.017664523791741965,0.01664795654520714,0.01217146257172003,0.020897994732975555,0.012270146525068332,0.022901732090174275,0.0013198798051006972,0.014295814670317295,0.00839506723620763,1.0,0.011514271797833327,0.020359831485822905,0.012951998783680852,0.0012266166737233694,0.01762360010771474,0.01211435900030783,0.016691431978856707,0.020407586041155636,0.00992810879481091,6.494762789913934E-5,0.001516633534476793,0.01179923866669495,0.0031722309542168356,0.009520474894492972,0.014250147444343527,0.01371894933047882,0.019839096612536276,0.011233463243934831,0.023605373543024968,0.0164579194049716,0.0235253660308494,0.020422487954193984,0.00512331427061486,0.008408829118187897,0.011066364183295044,0.012367830207310497,0.00890087136919239,0.016821946494049972,0.020887996521088373,0.014755122178729128,0.01139251441950134,0.013258535233063634,0.004231332822053152,0.008717709470197928,0.019286182295576423,0.020005609514036116,0.007514265187504943],[8.128900092086733E-5,0.0039596605698770755,1.5506157814784228E-5,1.645241642353395E-4,2.1477995709879695E-5,8.46965152754956E-4,1.7546750432071082E-5,0.001206867680094123,5.2350723644002134E-5,0.0019102881213015678,0.001529045977346735,0.011514271797833327,1.0,5.15014811713595E-4,9.105921201774864E-5,6.768436206632851E-5,1.4456702839028737E-4,3.278777642029777E-4,0.001806742465782069,0.002397870550021877,0.001195179857411808,1.8084402016593722E-5,1.9566698713689652E-4,0.007303095525063824,4.007334503350368E-5,1.964123459747458E-5,1.3962482820953294E-4,0.0016967445548260118,0.003633322293721096,1.314813031695836E-5,6.983295469189786E-4,0.0012152799002956094,0.013026856846416423,0.004033661672860942,1.7161129897773057E-5,0.0011952353515516188,0.0019952692747599613,1.7035128701317472E-5,1.5641009772538323E-5,0.0055441083617322135,2.8985081321837666E-5,0.00301131736318109,2.352201838228209E-5,0.00100248093292774,5.0629746989462696E-5,8.298177691215119E-5,0.0051698836244509815,0.013500684715725419,1.3624915845121207E-4],[1.5659726673509302E-4,0.006494157586418484,1.316094600080174E-4,2.033886967654653E-4,3.965587277225073E-4,0.001006669411958223,4.2721459435276447E-4,0.017001266096891798,8.774086575634041E-4,0.0030743106879591417,0.0021574418372743366,0.020359831485822905,5.15014811713595E-4,1.0,1.2022548047128028E-4,4.437198135177044E-4,6.478391511201052E-4,0.0010271404756614275,0.006876294048748328,0.0013116357670442769,0.0015420318384661614,9.184845312777472E-4,7.948023901399722E-4,0.009235814313752084,9.977304712807064E-4,1.4308285899457675E-4,8.96393126514441E-4,0.0011335490753265813,0.0025738379870955583,8.048232377711305E-4,0.01621024769299332,0.001214732404320291,0.016984359964627892,0.0024245050954741663,8.933130208853202E-4,0.001382909266613731,0.001614275319082936,2.5017236653895376E-4,8.640317634272717E-4,0.005013021269176085,9.399868255766164E-4,0.0011196243180961493,0.0010193204761063711,0.0010895245701458335,7.810945969452718E-4,7.705356757271992E-4,0.0019468528672489766,0.013731242134116918,3.8413377791961787E-4],[1.1251846510299066E-4,0.0055574816420030605,5.3236482785443144E-5,1.6763398342491443E-4,3.681427076789559E-5,1.884785979176869E-4,2.469765053241441E-5,0.012304319096781572,1.5406186802220716E-4,0.0017438898823044456,0.0012204238514819765,0.012951998783680852,9.105921201774864E-5,1.2022548047128028E-4,1.0,1.1833931162507494E-4,3.666387854354833E-4,5.185379922767972E-4,0.009742739128233417,3.29793323859857E-4,0.001167413546843281,4.0010175565788935E-5,2.709954763152747E-4,0.008355341238458968,8.030702427258822E-4,3.3693342945724306E-5,1.3480146637762916E-4,6.504495646283311E-4,0.0030480151709445856,2.008604668390894E-5,0.0028707439701120274,9.187907655658939E-4,0.0016409242497700714,0.0015235243667353086,5.178410460849693E-5,0.0019328277930017585,0.0017921124686509722,1.0825180433081226E-4,3.393937910931458E-5,0.0035967293465174596,3.72453038158833E-5,0.009181309530200951,8.35831008220359E-5,0.0010329206055050963,1.0487647264709613E-4,1.1391552322848362E-4,0.005532103225223247,0.016004884897365474,1.617469186610323E-4],[1.2061937189866095E-4,0.0025716733957829264,9.045431706767931E-5,1.787231386778881E-4,6.489326858253279E-5,2.6229234517873614E-4,8.020016075511599E-5,0.02420585414862746,1.590633894466998E-4,0.0019944547272292383,2.972100125219515E-4,0.0012266166737233694,6.768436206632851E-5,4.437198135177044E-4,1.1833931162507494E-4,1.0,3.062684664268553E-4,5.74158192001043E-4,0.010482924957008314,0.0019244910616269375,1.1928342949337888E-4,4.922987315834842E-5,3.508373030682298E-4,0.01004346998532936,7.320775109817337E-4,6.840080389165552E-5,1.184424107133244E-4,8.010695222581068E-4,0.006640628933108113,3.875548160745046E-5,0.009196560871620834,5.179914765588304E-4,0.008020419456784581,0.014870443873725473,1.1834821741953652E-4,0.0011400488662608897,0.0015917915027455674,1.0333326377431212E-4,5.798537997552016E-5,0.005751595964989596,1.0378951576262254E-4,0.004632886938977559,1.0261129608166064E-4,2.1479594519921219E-4,1.1130620289646351E-4,1.4448692124545786E-4,0.008073293993451277,0.01716265471565476,1.219601648540114E-4],[3.8895784839202053E-4,0.003332168282793834,2.50742849758645E-4,3.1913954974359344E-4,2.789628656057694E-4,4.902210588237498E-4,3.4195562514167385E-4,0.00483069786769183,3.584558205542204E-4,0.0030508546279148317,4.535915776921885E-4,0.01762360010771474,1.4456702839028737E-4,6.478391511201052E-4,3.666387854354833E-4,3.062684664268553E-4,1.0,9.912761182195662E-4,0.0014403341933553137,0.0034396448567509653,0.0014138149991152287,3.1567680410401653E-4,4.108692070096388E-4,0.0029429762224980347,4.2817074494892147E-4,3.8230689809582025E-5,4.063710005951962E-4,9.576159665200051E-4,0.004865939211598016,2.838442484988913E-4,0.008274311036311075,8.729323648822587E-4,0.002065860532996531,0.011018890335455781,3.190981486755214E-4,0.0015670134733675363,0.0018542035205020946,1.2407747480890362E-4,3.471648174566759E-4,0.01353577500080529,3.564571504979352E-4,0.006665303203881617,3.0539798604949846E-4,4.6281292733693554E-4,1.4694608585781604E-4,2.74218625846374E-4,0.009011405767434007,0.006395781015240983,3.353603197158802E-4],[1.2929062942690437E-4,0.006390066981352647,7.823863332310679E-4,5.538857426318928E-4,5.633548353489458E-4,0.0010122400209184115,1.61609842774411E-4,0.0236701360639602,6.005078650126682E-4,0.0022079096274145666,0.002066774010895778,0.01211435900030783,3.278777642029777E-4,0.0010271404756614275,5.185379922767972E-4,5.74158192001043E-4,9.912761182195662E-4,1.0,0.010162855455711146,0.0011679286141103359,0.0014216316738401207,4.1893909537886313E-4,9.739992210138832E-4,0.0033423421210267514,9.848561878531288E-4,3.80543066321951E-4,6.044101326397899E-4,0.0011514507666533756,0.0047418497184417464,7.419652444322499E-4,0.01874920322693925,0.0018296849994813736,0.005316810332582443,0.011731555551963964,8.738801249568893E-4,0.002268250888020835,0.001975683748354904,3.775394049091876E-5,5.601610071681029E-4,0.006246199100087837,8.781895279187493E-4,0.003395174677518921,1.8302939395498438E-4,0.001087358596241537,1.4466434108556116E-4,5.735418677249058E-4,0.0010762151190450966,0.013317813734264576,2.779642594486054E-4],[1.2680533110828477E-4,0.009020221984444994,0.004170009887410112,0.0033220846196633292,0.002651138410848028,0.007285289671948374,0.006876419252455305,0.01761457186274533,0.006423466264171459,0.0056486863745945914,0.00987647719127296,0.016691431978856707,0.001806742465782069,0.006876294048748328,0.009742739128233417,0.010482924957008314,0.0014403341933553137,0.010162855455711146,1.0,0.007242866039061858,0.003836418568446549,0.0028172631612765303,0.002821553113394606,0.011192443816705767,0.008072550096677044,0.0024321520428978163,0.010324659870780947,0.0048996926605951955,0.009330980084076096,0.009707283870864506,0.019844815355669364,0.007628064651008032,0.016571604786260526,0.014540314602347715,0.007675051543842029,0.008060903067153947,0.005377080988148363,0.009712235544086865,0.010578463199250397,0.01245757200541396,0.007996018697268424,0.01127377856754649,0.004209662232177231,0.009836034954162227,0.006750039235518482,3.353425084680493E-4,0.01113769120161627,0.01725917973819418,0.003932519730977943],[9.999263575126206E-4,0.004221180002196551,1.0896657515034884E-4,0.0010712527805717947,0.001655649346238569,0.002754925755041248,0.00117027027815735,0.010538666937112232,4.1174080950745614E-4,0.003514149195593153,0.003439871174445148,0.020407586041155636,0.002397870550021877,0.0013116357670442769,3.29793323859857E-4,0.0019244910616269375,0.0034396448567509653,0.0011679286141103359,0.007242866039061858,1.0,0.002598597904233667,9.281018705939668E-4,0.0011206458361094091,0.008121874355174193,0.0029212274424703834,0.0030623255591147184,3.3266699201410266E-4,0.0021092418864968577,0.00694945731217529,0.0022989955611121284,0.011333862959717203,0.002799267348945205,0.022290788290934813,0.0047349708491668365,0.00118475089045306,0.003425291661026171,0.0032165205641139344,0.0035445854575512554,0.0027433330050741374,0.014925874902771991,0.0021960224812027913,0.00426262464168028,1.2719232957973767E-4,0.0015637674515255186,0.0015336557854469595,0.0025712139960558807,0.00837517363725616,0.018904662189615166,5.909529792115331E-4],[0.001565615683161428,0.006368807256074999,8.405549325677241E-4,0.0011452080102501603,8.451487515591231E-4,0.001708531507043752,9.759702286836405E-4,0.012739533267961949,4.460199802911566E-4,0.0018962035622239538,0.0023024470210997548,0.00992810879481091,0.001195179857411808,0.0015420318384661614,0.001167413546843281,1.1928342949337888E-4,0.0014138149991152287,0.0014216316738401207,0.003836418568446549,0.002598597904233667,1.0,9.488402774445029E-4,4.87828273920666E-4,0.0080074977193875,0.0016274412364653966,0.0013444224568608708,0.0011381132691542755,0.0017300693070737246,0.0036529201837186605,5.930131498287005E-4,0.008596002242056392,0.0017874174315872609,0.019830610892376255,0.012938893245876808,0.0017166354469208883,0.0022014905957720167,0.0018701916788600211,0.001283548752186066,2.9540657377359045E-4,0.008771209931299567,9.992953685836706E-4,0.006371410453254716,4.0898821028641664E-4,0.0012000716989923547,0.0013732933642955827,0.0013718819596289496,0.004516072774199992,0.018336754466201984,0.001584275145964831],[5.3073201722884265E-5,0.003180586188167904,1.578893134605204E-5,8.659799010754125E-5,2.6577544599425706E-5,4.5594084650722597E-4,1.9753564565990287E-5,0.005759857776458602,6.214810386935434E-5,0.0022692651763026365,0.0019137157161839948,6.494762789913934E-5,1.8084402016593722E-5,9.184845312777472E-4,4.0010175565788935E-5,4.922987315834842E-5,3.1567680410401653E-4,4.1893909537886313E-4,0.0028172631612765303,9.281018705939668E-4,9.488402774445029E-4,1.0,1.9720551172908933E-4,0.008598883178970455,4.995311536981509E-4,2.454110305922818E-5,9.201601188881358E-5,0.001043087964716132,4.3892058654200467E-4,1.4058346553535912E-5,0.003982177375174721,7.986032696203272E-4,0.006916431060437429,0.00699556371962286,2.184367857566312E-5,6.413074172811089E-4,0.001554861961363322,2.6123827206254748E-5,1.4913956335688525E-5,0.013759097916920322,3.297936567364637E-5,0.008831153444025613,4.30364970606567E-5,5.121346331774187E-4,8.319716409261437E-5,1.2722439658899732E-4,0.0016562170280673297,0.00395991775656791,1.10338971870657E-4],[1.8404740393610056E-4,0.001007377664659784,3.0139669625359883E-4,3.438476502358133E-4,5.088626317189835E-5,8.546209467177207E-4,4.0875244908269575E-4,0.014821411202234404,3.485709541099538E-4,9.026716566543981E-4,0.0023038946497481983,0.001516633534476793,1.9566698713689652E-4,7.948023901399722E-4,2.709954763152747E-4,3.508373030682298E-4,4.108692070096388E-4,9.739992210138832E-4,0.002821553113394606,0.0011206458361094091,4.87828273920666E-4,1.9720551172908933E-4,1.0,0.0019775853611644816,8.253039683451412E-4,2.0922337072582664E-4,1.8092832442732389E-4,0.0014107735042283268,0.0028146655655344275,3.4135236447255056E-4,0.010525857992615188,0.0015185261138268517,9.15263571641348E-4,0.00500802628357955,3.760422211331524E-4,6.448444655838698E-4,6.120489563604981E-4,2.66722622137818E-4,1.8991110474512812E-4,0.010816351146890755,1.313213625271681E-4,0.0022032985737204117,3.9642796986590534E-4,8.16444245043634E-4,2.4823512458495376E-4,3.464866884248716E-4,0.008608271008591104,0.004893994489830698,3.545914327554801E-4],[0.005060212054164089,0.010797110311603672,0.006643837242837594,0.003997352483022784,0.008674413833326997,0.0011015486497361103,0.00884316588260271,0.022166241934006695,0.005574114108423484,0.007356493529212667,0.004899782156507289,0.01179923866669495,0.007303095525063824,0.009235814313752084,0.008355341238458968,0.01004346998532936,0.0029429762224980347,0.0033423421210267514,0.011192443816705767,0.008121874355174193,0.0080074977193875,0.008598883178970455,0.0019775853611644816,1.0,0.005422472625369759,0.002010245638830043,0.00887048866018309,0.0019739194251771433,0.01104740204921489,0.0024550246359395515,0.018058534658440054,0.005291343164025455,0.011298127404579207,0.014907365525225917,0.0022475468617916415,0.009323728880537412,0.006709445371648772,3.0112806047435746E-4,0.008709856877735076,0.012355088408299766,0.009917103925852905,0.011093329767759064,0.007141501398882537,0.004185238138411786,0.0021480812237299196,0.006005280980259924,0.01063812173769933,0.011494550631930868,0.009707357390840903],[7.208673548744506E-4,0.003447588511827534,4.9021926728908155E-5,8.29621355220565E-4,8.628044228629339E-4,0.0010019695385205033,4.160015452817577E-5,0.015478694667850143,5.343241627361838E-4,0.002177063925049565,0.002015611503234714,0.0031722309542168356,4.007334503350368E-5,9.977304712807064E-4,8.030702427258822E-4,7.320775109817337E-4,4.2817074494892147E-4,9.848561878531288E-4,0.008072550096677044,0.0029212274424703834,0.0016274412364653966,4.995311536981509E-4,8.253039683451412E-4,0.005422472625369759,1.0,4.3384174725149215E-4,7.807391438817602E-4,0.0012369973798735542,0.00676525449260649,1.6277836996573104E-4,0.0027292044978532194,0.0010448641257047259,0.004214267584809478,0.007762063474084604,6.234230934471415E-4,0.0018369072749685397,0.0017181002286302948,8.302889824092542E-4,3.662194681754767E-4,0.005520319360841314,5.402863200487739E-4,0.004651773571044345,1.223603629389553E-4,9.963515457025371E-4,2.0031604253185637E-4,8.943638555441099E-4,0.0013301311347328891,0.017816643551835966,8.265531788962559E-4],[4.754255164925075E-5,0.004348485345050017,2.3164475511189442E-5,1.3134337458339546E-4,2.20296887884003E-5,8.102044805337083E-4,2.265300909455544E-5,0.02383843170076648,5.025822300729585E-5,0.002637540075706486,9.382177355819186E-5,0.009520474894492972,1.964123459747458E-5,1.4308285899457675E-4,3.3693342945724306E-5,6.840080389165552E-5,3.8230689809582025E-5,3.80543066321951E-4,0.0024321520428978163,0.0030623255591147184,0.0013444224568608708,2.454110305922818E-5,2.0922337072582664E-4,0.002010245638830043,4.3384174725149215E-4,1.0,7.71177321468145E-5,7.87250754889937E-4,0.0048859668469820785,2.3889859766079844E-5,0.003721599444469833,0.002132026229039826,0.02408824490263082,0.012988313922549885,1.5190288735799176E-5,0.0013446882307843635,0.0017654715951807567,1.9189092416145912E-5,1.7597129001113974E-5,0.005116581656750704,2.6511896627647214E-5,0.003562587623963465,5.579763186342177E-5,8.278337802313231E-5,4.051725033569981E-5,2.9323307975137695E-5,0.005140350469771582,0.019392838307472248,1.4887674824227984E-4],[1.3103361258083338E-4,0.003071464405581579,4.280608003058311E-5,1.7675158554929503E-4,1.2107479476466951E-4,6.388248585130043E-4,1.1969130218638814E-4,0.006501540821312088,1.6513994700948805E-4,8.374929596287483E-4,0.002136860291195823,0.014250147444343527,1.3962482820953294E-4,8.96393126514441E-4,1.3480146637762916E-4,1.184424107133244E-4,4.063710005951962E-4,6.044101326397899E-4,0.010324659870780947,3.3266699201410266E-4,0.0011381132691542755,9.201601188881358E-5,1.8092832442732389E-4,0.00887048866018309,7.807391438817602E-4,7.71177321468145E-5,1.0,2.4659182778745273E-4,0.0022178677053241477,8.851909199290712E-5,0.018879506955891447,0.002176609946678444,0.005042403529841908,0.014608907349931569,4.2079285290322E-5,0.001690942227800649,7.217962943867666E-4,3.29406408351047E-5,1.0470562709577695E-4,0.008448420066280877,1.1808163569547716E-4,0.008728375133621062,1.0223191161121767E-4,6.240677608159771E-4,1.3537838173915406E-4,1.4864724249366207E-4,0.007943281438352035,0.010884264938763434,1.7768742441448941E-4],[8.287954862215227E-4,0.0018647226712141683,0.0012726483448818984,0.0014954762507367488,9.18286360755397E-4,0.001111749324899304,0.0010911439878865006,0.005955763653342223,0.0014997105409902537,0.0019700184057150362,0.0018941120350152187,0.01371894933047882,0.0016967445548260118,0.0011335490753265813,6.504495646283311E-4,8.010695222581068E-4,9.576159665200051E-4,0.0011514507666533756,0.0048996926605951955,0.0021092418864968577,0.0017300693070737246,0.001043087964716132,0.0014107735042283268,0.0019739194251771433,0.0012369973798735542,7.87250754889937E-4,2.4659182778745273E-4,1.0,0.0036312966668020706,9.175251091925669E-4,0.0029794636181534303,0.0021428384431533953,0.017518869950330203,0.01505798637246091,0.0010770548000676563,0.0022696017464856064,0.001972104328345364,1.4259329218358952E-4,1.4697372484677012E-4,0.004823888076053318,9.135609935377636E-5,0.007801328624806524,7.257828231781293E-4,0.0013154451978965853,0.0011645959173434103,8.436565969877197E-4,0.004583067371394892,0.002017386450715382,0.0014644059615367213],[9.086173449381362E-4,0.007369000119827585,0.0024361459071138656,0.0064798142658958405,0.0017269145195231643,0.0038004709840303175,0.006629668981020031,0.017608685751162034,0.003658602716853958,0.0034930736866433903,0.006173021523545731,0.019839096612536276,0.003633322293721096,0.0025738379870955583,0.0030480151709445856,0.006640628933108113,0.004865939211598016,0.0047418497184417464,0.009330980084076096,0.00694945731217529,0.0036529201837186605,4.3892058654200467E-4,0.0028146655655344275,0.01104740204921489,0.00676525449260649,0.0048859668469820785,0.0022178677053241477,0.0036312966668020706,1.0,0.0010408178205431125,0.01877829229436637,0.004716750298389636,0.01657677332127379,0.011516626591610736,0.005712908717269966,0.002394176963487565,0.006837935659447221,7.602087779343066E-4,6.630557208347545E-4,0.00862225502480104,0.002415373118759111,0.00745514074465332,4.36360272501092E-4,0.007249889010188708,0.003279773615364554,0.0012495128196296252,0.009288772323627344,0.010316726973331376,0.0054505874459674615],[5.993720374828286E-5,0.004883837627284725,1.381709616593511E-5,1.4080684154627168E-4,1.7417257715837616E-5,5.748829171138406E-4,1.4319241030030713E-5,0.005233998969035679,5.70691535876487E-5,0.0023901779936968226,3.7048216665453836E-4,0.011233463243934831,1.314813031695836E-5,8.048232377711305E-4,2.008604668390894E-5,3.875548160745046E-5,2.838442484988913E-4,7.419652444322499E-4,0.009707283870864506,0.0022989955611121284,5.930131498287005E-4,1.4058346553535912E-5,3.4135236447255056E-4,0.0024550246359395515,1.6277836996573104E-4,2.3889859766079844E-5,8.851909199290712E-5,9.175251091925669E-4,0.0010408178205431125,1.0,0.009591340002969857,0.001346982094058776,0.012863899580598376,0.015574120055234252,1.2603020305748849E-5,5.466275544568454E-4,7.594578391732253E-4,1.4368112471646224E-5,1.3037457846783417E-5,0.012857142127285039,2.423934844799859E-5,0.005174779971432311,7.29790029127514E-5,0.0010352572536819337,5.2251149151337404E-5,1.4487543201269275E-4,0.010180095632951264,0.01712544336147243,5.7153002432083316E-5],[0.0087952523591292,0.013167200762002684,0.009883999496411628,0.02032473884191381,0.0020884308283964205,0.01729604895438709,0.003914562133701502,0.024527813010392193,0.021584030340907143,0.01965476627318589,0.015793671019651796,0.023605373543024968,6.983295469189786E-4,0.01621024769299332,0.0028707439701120274,0.009196560871620834,0.008274311036311075,0.01874920322693925,0.019844815355669364,0.011333862959717203,0.008596002242056392,0.003982177375174721,0.010525857992615188,0.018058534658440054,0.0027292044978532194,0.003721599444469833,0.018879506955891447,0.0029794636181534303,0.01877829229436637,0.009591340002969857,1.0,0.019699347028285914,0.02467777546791399,0.019236491078039437,0.018355834607219807,0.004476071788145703,0.010432168036926728,0.017888676040284927,0.021825246180071527,0.020703252471556563,0.024226214202474113,0.014708221920108278,0.0165292238424922,0.018428002914030954,0.015886347010186277,0.01709844443212811,0.018303055361081053,0.021934520259112095,0.009564562925073563],[4.2882222807528845E-4,0.006691040135331799,0.0015075903829739057,8.489227097504281E-4,0.002207710832171857,0.0018142453741531498,0.002027498127718913,0.01532165626275736,0.0011265792108632352,0.0032156325868057008,0.0024688550034284206,0.0164579194049716,0.0012152799002956094,0.001214732404320291,9.187907655658939E-4,5.179914765588304E-4,8.729323648822587E-4,0.0018296849994813736,0.007628064651008032,0.002799267348945205,0.0017874174315872609,7.986032696203272E-4,0.0015185261138268517,0.005291343164025455,0.0010448641257047259,0.002132026229039826,0.002176609946678444,0.0021428384431533953,0.004716750298389636,0.001346982094058776,0.019699347028285914,1.0,0.0247154709966236,0.005601958764445962,8.550194212860134E-4,0.0022992480631688385,0.0023214925893048377,4.4886592458374215E-4,2.614779210469172E-4,0.00939140427271881,0.0019420740795610522,0.003465584622237991,1.602989040247574E-4,0.0011404676599940042,6.779334068766895E-4,9.851065555922466E-4,0.006363261517481122,0.008072031519220223,0.0010882419225727623],[0.009806706911702648,0.016047815967325296,0.005740867265972182,0.012337916341423198,0.018494415174306292,0.018490814149370906,0.003265635485639706,0.025,0.004931532000948498,0.011493797235193958,0.016828774514353263,0.0235253660308494,0.013026856846416423,0.016984359964627892,0.0016409242497700714,0.008020419456784581,0.002065860532996531,0.005316810332582443,0.016571604786260526,0.022290788290934813,0.019830610892376255,0.006916431060437429,9.15263571641348E-4,0.011298127404579207,0.004214267584809478,0.02408824490263082,0.005042403529841908,0.017518869950330203,0.01657677332127379,0.012863899580598376,0.02467777546791399,0.0247154709966236,1.0,0.016521048036635226,7.990195227212011E-4,0.015963440577811357,0.008054544966737758,0.013316337991564963,0.007295448354238206,0.02446170364239007,0.017183498045155173,0.01799895614169862,0.023527810975467727,0.013412378800112895,0.003338455862335292,0.01994703558533104,0.01611899093463013,0.023709929704521543,0.01110384886455156],[0.012319318909603983,0.009134252978015525,1.9446995334161915E-4,0.014830724999937673,0.009026670396005252,0.013352280700947895,0.015272323028994464,0.01959119040179502,0.01394090501797638,0.010634291530772845,0.012487703386582389,0.020422487954193984,0.004033661672860942,0.0024245050954741663,0.0015235243667353086,0.014870443873725473,0.011018890335455781,0.011731555551963964,0.014540314602347715,0.0047349708491668365,0.012938893245876808,0.00699556371962286,0.00500802628357955,0.014907365525225917,0.007762063474084604,0.012988313922549885,0.014608907349931569,0.01505798637246091,0.011516626591610736,0.015574120055234252,0.019236491078039437,0.005601958764445962,0.016521048036635226,1.0,0.0064140173828007435,0.0068537404802629775,0.012646417806645311,0.01305450415762082,0.00415084062703779,0.015474976268530212,0.01215682786059614,0.01527487545833114,0.015571813857501008,0.008367638806416442,0.005402141550563547,0.0010626614305770507,0.015583936413545755,0.01679539284795351,0.01220089261633139],[6.259011030991104E-5,0.0027852720356278476,1.2993240036026177E-5,6.574409691614037E-5,1.3140386446945573E-5,5.817111983848819E-4,1.5317279998198322E-5,0.023101058913070356,1.3369748636192887E-4,0.0017660444898018963,0.0025089816710267884,0.00512331427061486,1.7161129897773057E-5,8.933130208853202E-4,5.178410460849693E-5,1.1834821741953652E-4,3.190981486755214E-4,8.738801249568893E-4,0.007675051543842029,0.00118475089045306,0.0017166354469208883,2.184367857566312E-5,3.760422211331524E-4,0.0022475468617916415,6.234230934471415E-4,1.5190288735799176E-5,4.2079285290322E-5,0.0010770548000676563,0.005712908717269966,1.2603020305748849E-5,0.018355834607219807,8.550194212860134E-4,7.990195227212011E-4,0.0064140173828007435,1.0,0.0019461153462849742,0.001744718230342569,1.3194028392072137E-5,1.3058507718599221E-5,0.013112331024184938,2.297135090788484E-5,0.0031385590339023865,2.757442137197536E-5,3.4610989083245987E-4,7.509776774549206E-5,5.724871976349848E-5,0.007437329070617971,0.006398748231862387,1.2104444616824039E-4],[0.001813758146546672,0.004223803912750557,0.0019676027291034947,2.8802504029975075E-4,0.0015766319548324579,0.002116892729573221,5.57363486749924E-4,0.005120905802374424,5.598475644897336E-4,0.002469888872109156,0.002299500787627978,0.008408829118187897,0.0011952353515516188,0.001382909266613731,0.0019328277930017585,0.0011400488662608897,0.0015670134733675363,0.002268250888020835,0.008060903067153947,0.003425291661026171,0.0022014905957720167,6.413074172811089E-4,6.448444655838698E-4,0.009323728880537412,0.0018369072749685397,0.0013446882307843635,0.001690942227800649,0.0022696017464856064,0.002394176963487565,5.466275544568454E-4,0.004476071788145703,0.0022992480631688385,0.015963440577811357,0.0068537404802629775,0.0019461153462849742,1.0,0.0022873446903454455,0.0018816474182331104,0.002295480584299745,0.012795786296520778,0.0015432532734412378,0.009113955016286618,0.0011053850929709503,0.001834345454399628,0.0014757644969685567,4.323613172632349E-4,0.007069555932632638,0.010114827270845943,0.0011879899435514],[5.372816070676751E-4,0.0040443667833642595,8.829831951016876E-4,4.1338007653470043E-4,8.411922141238254E-5,0.0016140769785879994,3.6984920145027064E-4,0.012470599711416947,9.269094700123851E-4,0.002974118783442785,0.0023465170291876135,0.011066364183295044,0.0019952692747599613,0.001614275319082936,0.0017921124686509722,0.0015917915027455674,0.0018542035205020946,0.001975683748354904,0.005377080988148363,0.0032165205641139344,0.0018701916788600211,0.001554861961363322,6.120489563604981E-4,0.006709445371648772,0.0017181002286302948,0.0017654715951807567,7.217962943867666E-4,0.001972104328345364,0.006837935659447221,7.594578391732253E-4,0.010432168036926728,0.0023214925893048377,0.008054544966737758,0.012646417806645311,0.001744718230342569,0.0022873446903454455,1.0,0.0018269638530889927,0.0012021981008922416,0.011541212871451918,3.076353954179431E-4,0.009315190919257591,0.0021287398294621315,0.0011437341920888509,3.440446979128802E-4,0.002030483873393307,0.005864177520504362,0.011422959365375428,1.9546153645813347E-4],[7.375111603319478E-5,7.357663863826296E-5,1.4337988312889383E-5,4.322564651232856E-5,1.7735042985151394E-5,3.7191553928537466E-4,1.829398243807976E-5,0.019354289494608195,1.4014035039074137E-4,0.0011403529471168841,3.6885113101472236E-4,0.012367830207310497,1.7035128701317472E-5,2.5017236653895376E-4,1.0825180433081226E-4,1.0333326377431212E-4,1.2407747480890362E-4,3.775394049091876E-5,0.009712235544086865,0.0035445854575512554,0.001283548752186066,2.6123827206254748E-5,2.66722622137818E-4,3.0112806047435746E-4,8.302889824092542E-4,1.9189092416145912E-5,3.29406408351047E-5,1.4259329218358952E-4,7.602087779343066E-4,1.4368112471646224E-5,0.017888676040284927,4.4886592458374215E-4,0.013316337991564963,0.01305450415762082,1.3194028392072137E-5,0.0018816474182331104,0.0018269638530889927,1.0,1.4683129690226033E-5,0.0103133327955313,3.25825821101964E-5,4.667269249860567E-4,5.381984151638015E-5,2.8340627248433906E-4,9.504922216543553E-5,5.2670446063686045E-5,0.002726643487762193,0.007935106469291561,1.1823397369091681E-4],[3.56993551767105E-5,0.0057863024572101605,1.3268179233629995E-5,1.2196227492276372E-4,1.951774861038437E-5,9.093024158575982E-4,1.5125210568577272E-5,0.01855876992563327,7.963226144737094E-5,1.6235888669817033E-4,0.0016800132579015158,0.00890087136919239,1.5641009772538323E-5,8.640317634272717E-4,3.393937910931458E-5,5.798537997552016E-5,3.471648174566759E-4,5.601610071681029E-4,0.010578463199250397,0.0027433330050741374,2.9540657377359045E-4,1.4913956335688525E-5,1.8991110474512812E-4,0.008709856877735076,3.662194681754767E-4,1.7597129001113974E-5,1.0470562709577695E-4,1.4697372484677012E-4,6.630557208347545E-4,1.3037457846783417E-5,0.021825246180071527,2.614779210469172E-4,0.007295448354238206,0.00415084062703779,1.3058507718599221E-5,0.002295480584299745,0.0012021981008922416,1.4683129690226033E-5,1.0,0.006468716868468812,1.3618871430877905E-5,0.004358961536679621,4.176888115794418E-5,9.650306397254797E-4,4.135428406405002E-5,8.323863635859661E-5,0.01011797135827719,0.0013355507792425856,1.8986905009416353E-5],[0.001373523824387805