[[1.0,1.7463777361421512E-5,3.6290305654311864E-4,1.689717947203915E-5,0.022953716815815473,8.418306799887743E-5,1.889903710386991E-5,9.954871291889288E-5,0.001200265431226123,0.0016001296089231387,8.325384056746277E-5,0.0010472927177273632,2.028382037793392E-5,2.3780180559393557E-5,2.2947268224385076E-4,7.087399185322215E-5,2.954550622498927E-5,9.247038197018839E-5,0.0013280844053270326,3.216897984089562E-5,0.026217726642492438,0.0025857992385373797,1.744615686850383E-5,8.611524546388759E-5,1.264892597887217E-4,1.8615896650009628E-4,6.949984399934474E-4,8.248159793229145E-5,3.3872784064010254E-4,0.0011291344155630243,0.010729811917265731,2.0258628715784678E-4,4.886665079589371E-5,0.07126659194253111,0.0062112146743591775,0.006874096104907562,1.4501260300204218E-5,1.6913175171322054E-5,0.001348204257632186,0.0015645825677143101,2.4343297174612969E-4,7.409691433801772E-4,0.020590248211571786,3.314639461478382E-4,0.0041621110500464735,0.02653150833191841,0.0011464081516666044,2.0655939230923438E-5,3.05504676951555E-4,0.010046447255278689,0.0067246010761507985,5.803950192715352E-5,4.150983256537272E-4,1.7018788885446434E-5,9.951027567066398E-5,0.0018377104548513107,3.501109477271435E-5,1.7401636125437124E-5,2.8066850670967056E-4],[1.7463777361421512E-5,1.0,4.2710189592730954E-4,1.0669539040441298E-5,0.014351028311719556,4.9413682589446516E-5,1.8704152251443667E-5,2.4136599362476578E-4,6.966477290930461E-4,0.010507839473558815,9.970133390540926E-5,7.325614870145138E-4,2.16547066406662E-5,2.050308892049601E-5,3.9393095435783843E-4,2.6204712969449228E-5,2.7816154277880696E-5,5.929638961161683E-5,0.0014537625907469936,1.7214044431556312E-4,0.06539051147489058,8.404294646212793E-4,1.6449883113202643E-5,1.399215035311603E-4,7.456347046650235E-4,1.6611733276300578E-5,2.1586774284666527E-4,2.5701716457406034E-5,3.2748295908089134E-4,0.0011099519132450558,0.011652303558611635,0.0010896679272235656,0.0022163994645266207,0.05213172217347085,0.00830682410198627,0.005208480470050226,1.3181533015212537E-5,1.6752904579429128E-5,2.20571018977267E-4,0.0015146681755366142,2.046151990963838E-4,1.2162905356560312E-4,0.01995991766780776,4.987898021491084E-4,0.0038850711261496727,0.029586952312176097,1.1763605553188124E-4,1.851264470215992E-5,8.757208884241867E-4,0.007516438766650354,0.0025465172453870756,4.225231628800283E-5,2.9452943992049E-4,1.5070298324377652E-5,7.588917367181672E-5,9.840997801935575E-4,3.721542162622875E-5,1.5074292759633203E-5,1.5776547490172784E-4],[3.6290305654311864E-4,4.2710189592730954E-4,1.0,1.406808209510236E-4,0.005866114934090788,5.520816750674847E-4,4.450967235626418E-4,5.961279787562246E-4,0.0013648605629294826,0.0026553521966190116,3.1243589655503595E-4,0.0013359082454956878,5.986610151252022E-4,8.493601433254126E-5,5.473527609243785E-4,1.2705523766466868E-4,3.787832892775321E-4,5.386896314556219E-4,0.001293537173508704,5.000791722570096E-4,0.03961822881544217,0.002250991226323787,4.8621177565351474E-4,5.550031472971558E-4,6.566747451939504E-4,4.946462801531771E-4,0.0011724858483972114,4.4515349170568116E-4,5.513666122319856E-4,6.228627131959354E-4,0.005091943692146793,0.0010447958106577816,0.0024760223933770332,0.08589857224221947,0.0021344309306375858,0.006204167498233546,4.5282203519694965E-4,3.8276712986531404E-4,7.909898421594379E-4,9.613165373417449E-4,5.032447532904256E-4,9.234547921375153E-4,0.01703005917625923,6.041601830635773E-4,0.0027864941782701482,0.003449348669735738,8.641029445317895E-4,1.5490052222945515E-4,9.873773254216885E-4,0.008308953173323913,0.01941395050019706,4.8646292245467347E-4,4.810845767435781E-4,5.961462414288063E-4,5.870639319000742E-4,0.0011075235325362835,4.1069377524836995E-4,1.697050508863324E-4,7.85865844522584E-4],[1.689717947203915E-5,1.0669539040441298E-5,1.406808209510236E-4,1.0,0.0014272338753619149,1.5493973838988492E-4,1.7880942052099413E-5,6.126957473425834E-5,0.0011320794138863848,0.006243893328575064,8.888448356009542E-5,0.0014266105615835625,1.9937052046670944E-5,1.5695474750957813E-5,3.772346391718044E-4,1.4638825206895866E-5,1.8714905294890797E-5,3.903828455507228E-5,7.877307570391254E-4,6.293514300940019E-5,0.052059547634162776,1.8161025102099687E-4,1.578057502611938E-5,6.822317592049107E-5,7.053534892906943E-4,7.198446307641549E-5,0.0015448675506678792,1.120404789713558E-5,2.6263824808436294E-4,6.887833405837497E-4,0.007006441626471646,8.113006239169289E-4,1.2039240551801354E-5,0.003432760209926728,0.010113325743258142,0.006441676214631847,1.034881926425801E-5,1.567284729081052E-5,0.001438353605423086,8.887824675539687E-4,1.7072316972090417E-4,4.4875059044774374E-4,0.023994475326472288,2.9095466746702106E-4,0.002882306021604265,0.0037491420866905246,9.514027999416296E-4,6.560557069637057E-5,5.793468700197409E-4,0.007749726397713375,6.41862160310971E-4,2.3756327166493618E-5,7.950515310199456E-5,1.1387161014376909E-5,1.6235239253042547E-4,4.0199207853531854E-4,4.8028477874048595E-5,1.0551010653045126E-5,0.0010677887961173923],[0.022953716815815473,0.014351028311719556,0.005866114934090788,0.0014272338753619149,1.0,0.002138536148629997,0.012657111729136285,0.01686058533452808,0.019710039479892277,0.013627895861447912,0.0044493311736087445,0.020337577099772804,0.019158710051659013,0.02535655253812992,0.001709114016784194,0.011690756451597563,0.0013774488082314172,0.005929056189116554,0.013592983831457994,0.024558622782240313,0.05256042626643004,0.01580520716070471,1.7761105505529996E-4,0.0010849298109943028,0.01397442448598633,0.0016740763756232955,0.017426699950960203,0.014443932387302086,0.004177995212997677,0.0044563684646285,0.018560460557780614,0.023790129494984564,0.025463199856130443,0.03765084418682446,0.019071002485560325,0.02388136542614883,0.004698934414748469,0.019895970088279497,0.019889276562299083,0.00242262495630324,0.006487038679374144,0.007592697434621667,0.0301489463965987,0.007658885691382279,0.021344491848048788,0.03071513163900303,0.0028687344520623177,0.018352644163099622,0.022390013452039642,0.016453557426382846,0.03372908675741644,0.02547200458327674,0.019140268600968086,0.021251526822720326,0.024967876826497776,0.018670197030206028,0.003935382968910999,0.016535238087920238,0.016396197521037954],[8.418306799887743E-5,4.9413682589446516E-5,5.520816750674847E-4,1.5493973838988492E-4,0.002138536148629997,1.0,5.166036023692135E-5,2.507934155491483E-4,3.4173873879673236E-4,0.0010858676500267528,1.9927303925840618E-4,0.001050609890660672,1.0462161920864177E-4,1.212945875970812E-4,2.451232001750664E-4,9.993283599480479E-5,1.799734208181348E-4,1.3822644600720852E-4,0.0018514662525230432,1.999102246617918E-4,0.028463073972511008,0.0012975576368891956,2.4565650521262267E-5,1.5505438266107195E-4,8.699167684324723E-4,3.4879228938126255E-4,0.0013119317153433144,1.7195103892392088E-4,2.2643858182080803E-4,9.392357550118316E-4,0.0010813028027773053,0.0016394693566161174,0.002069183321780412,0.06384847781971355,0.005503971522138189,0.006791052081147983,1.1587165267119991E-4,1.3005691405004724E-4,0.001157242021042582,3.47635929690628E-4,2.1362117790113872E-4,5.30005830277258E-4,0.020182573349489506,2.2629582183778552E-4,0.0011108036402876019,0.025561042984877744,8.414159478701096E-4,1.902342186144052E-4,7.657590285900988E-4,0.005559819382540172,0.02403587614681098,2.006330315199525E-4,2.7716222767284413E-4,1.4783062839754594E-4,2.036850307702329E-4,4.3532085714121684E-4,1.8998583101870466E-4,6.65917433763495E-5,6.071881331742617E-4],[1.889903710386991E-5,1.8704152251443667E-5,4.450967235626418E-4,1.7880942052099413E-5,0.012657111729136285,5.166036023692135E-5,1.0,3.624569258997331E-5,0.0012778867859362779,0.001079670129864433,8.519376216509802E-5,0.00128964968561363,2.2559222652281827E-5,2.4175518459155055E-5,7.817562150665846E-5,2.271136469220059E-5,3.691072766940689E-5,1.1346246150844523E-4,3.974091250366442E-4,3.875284514968599E-5,0.07945388964417237,0.0010661544573414513,1.8888717579913444E-5,6.661606542738657E-5,7.725704941507628E-4,2.6508603385656977E-4,0.0016560032362734247,2.9836793980108108E-5,1.5185879992581975E-4,5.460638346413143E-4,0.012387951725138971,0.001034288760880606,0.0013513067125505236,0.09559207029427678,0.012009419316835579,0.002080353898879019,1.8546332311346533E-5,2.0241041197430926E-5,9.180209968498771E-4,5.074372724918656E-4,2.4937218484764444E-4,0.001135526025488902,0.00995314799766903,1.339057576547862E-4,0.004507975036301998,0.004523370214957142,0.0010090881577250524,1.1123847013497687E-4,2.3255051691881224E-4,0.005300626974468651,0.03690201087509423,8.98371740245811E-5,3.511677819817622E-4,1.8342468938310307E-5,1.0120501484028286E-4,0.001546126361905461,3.3821807664387824E-5,1.673844917786523E-5,8.821565830400121E-4],[9.954871291889288E-5,2.4136599362476578E-4,5.961279787562246E-4,6.126957473425834E-5,0.01686058533452808,2.507934155491483E-4,3.624569258997331E-5,1.0,0.001520844800447047,0.001411135406958307,2.543654835787065E-4,9.926645787057735E-4,6.315568837372888E-5,1.7935906109346444E-4,3.4916208425206526E-4,1.9671505318039057E-4,2.574502467521048E-4,2.56826474270066E-4,0.0012673136020928191,2.6703784806884483E-4,0.09044430583673756,0.002301659337934596,1.9292362593721673E-4,2.0018188668994641E-4,9.802251738901925E-4,3.6923867800561273E-4,7.041683110038264E-4,1.7474007842294733E-4,3.49313542890361E-4,0.0011322994843869256,0.010923951202095543,4.750476748900821E-4,0.0013880078662182875,0.09504838748915152,0.005376412352635324,0.009386347038360431,1.741593769368682E-4,8.903214247808701E-5,0.0011545912385461236,0.0015101080090285993,2.936709917559998E-4,3.070138857332311E-4,0.0093348922470462,4.3584741423207773E-4,0.003822351252127825,0.0357799943318734,0.001242170703593778,1.8049607471908654E-4,0.0010141087290606741,0.009617555776394693,0.03348960900242979,1.6300633524679402E-4,4.242199767258021E-4,6.188705279932478E-5,2.1618924534057266E-4,0.0011699299551781066,1.5006861415323662E-4,2.140965906122106E-4,0.0010197105433846553],[0.001200265431226123,6.966477290930461E-4,0.0013648605629294826,0.0011320794138863848,0.019710039479892277,3.4173873879673236E-4,0.0012778867859362779,0.001520844800447047,1.0,0.00186155845397115,9.634214975649936E-4,0.0015989434821256636,0.0011463284021461396,3.6511394877569394E-4,0.0014611467926576194,6.420525786340956E-4,5.086923289787976E-4,0.0010710990011324165,0.001634901819449817,7.097519501046245E-4,0.08755457924659224,0.0015672574080255782,4.2456975793158183E-4,0.0013541543522302569,0.0014492526569180701,0.0013520085739889315,0.0015994774984738115,0.001202324301989872,9.087290886036828E-4,0.0012702862376810177,0.013497229845896535,0.0016433801142269819,0.001724347969222067,0.07263351494720338,0.011314694813177205,0.004103312757795455,9.207335833786704E-4,7.558823552188159E-5,0.0015829803828011362,0.001727770099784671,4.2209791526067776E-4,0.0015206504687988757,0.005781284207841129,0.0010377099429563139,0.00479828361884745,0.02753800853639027,0.001338271786901481,0.001292395367237189,0.001366779404989572,0.008456225735906958,0.018606948730853393,1.9832086933679248E-4,0.0011205405318864487,9.99128642147581E-4,4.4417532614783497E-4,0.0016622108989392597,0.0011312798151471878,6.499230775473675E-4,0.0011899514692124413],[0.0016001296089231387,0.010507839473558815,0.0026553521966190116,0.006243893328575064,0.013627895861447912,0.0010858676500267528,0.001079670129864433,0.001411135406958307,0.00186155845397115,1.0,0.005729344774157499,0.0022233764271032356,0.009571955403344354,0.009903544206111335,0.010520356135467769,0.0023463567695693587,0.006629217840273248,0.0045736364293665465,0.007810946956574282,0.0064612379867055505,0.07209000460855385,0.00874567055085439,0.0015825259266937198,0.005881214087018103,0.004062731527144887,0.009528920585586275,0.008955828811178762,0.010056024380380574,0.009413108847421631,0.004684375942421385,0.012287890674242685,0.0032850523269881723,0.0031051267877169808,0.04058365733674667,0.013343658855095858,0.01012399422028489,0.0067946770412454045,0.008982461400617796,0.00474588658827516,0.008877110393352913,0.0030541927042987333,0.003281144067757514,0.02305867410254852,0.005637213812525131,0.009793631767570386,0.032690937999606734,0.0039373364870155855,0.009226741204575355,0.002920911922525314,0.010312026942307045,0.03712009429330668,0.0023747815937501453,0.009224670982904222,0.0017002288533604815,0.0030003282484833325,0.007924707062262488,0.002803270069892672,0.004057883923476894,0.008762512062455471],[8.325384056746277E-5,9.970133390540926E-5,3.1243589655503595E-4,8.888448356009542E-5,0.0044493311736087445,1.9927303925840618E-4,8.519376216509802E-5,2.543654835787065E-4,9.634214975649936E-4,0.005729344774157499,1.0,8.486086105754402E-4,1.0187904347495346E-4,7.589570167844818E-5,1.380632946613767E-4,1.0595047347798485E-4,5.2136461276864724E-5,1.3089071658731983E-4,0.0017661550728379667,1.3697712734222331E-4,0.02788725122918496,0.0018884787057476533,1.0287446669716848E-4,1.509645205911468E-4,7.873352147764434E-4,1.8944339847416707E-4,2.49442560500212E-4,1.2284451160850458E-4,2.6119941139687787E-4,0.0012230488222990132,0.009059628450341748,0.0017528875730567347,0.0013928382497409996,0.09892282506472973,0.013085639231765886,0.002473984781012257,6.848476143447788E-5,4.070973692884632E-5,0.0012313965174697737,7.262070515728121E-4,1.3213048864884117E-4,4.7906016301810147E-4,0.012211574189017367,3.1353951143926225E-4,0.0036044148541672814,0.02256716026369866,3.9437165070362523E-4,1.1788447695887147E-4,3.884703898370267E-4,0.009284969624568715,6.650165595573375E-4,1.1001820455198958E-4,1.7250969597716603E-4,2.6780166073000445E-5,1.6535234128290752E-4,0.0019124704853813635,8.554894389751026E-5,2.0978799176988887E-5,5.000111563030163E-4],[0.0010472927177273632,7.325614870145138E-4,0.0013359082454956878,0.0014266105615835625,0.020337577099772804,0.001050609890660672,0.00128964968561363,9.926645787057735E-4,0.0015989434821256636,0.0022233764271032356,8.486086105754402E-4,1.0,0.0013897154923829796,0.001166220069005708,8.891650063649492E-4,4.3834083157871567E-4,1.814726928833884E-4,7.572105086010504E-4,0.0016843084153647086,7.632409024921145E-4,0.0853517079482728,0.0028479481585601974,3.3410897182595685E-4,4.0101090799191086E-4,0.001483732000246648,6.844840147407218E-4,0.0016960610491600712,0.0014282878752770317,4.2200747149478355E-4,0.0015010995786679247,0.007373263144849736,0.0016813678444098827,0.0017548511611577442,0.005682349768696662,0.008075984278516803,0.0035346882512447934,5.291073609021031E-4,2.039545457374747E-4,0.0016865037772190931,0.0016649561330265624,9.014003056991846E-4,0.0011932382373965292,0.018604754077686483,9.482379175510347E-4,0.00471346750634942,0.004237920462766992,0.0013521888815042767,0.0015433052632778841,0.001292944523999315,0.0038790561978521406,0.0137720917903187,8.733505916939803E-4,6.243753715230051E-4,7.35272547584588E-4,6.886753316819484E-4,0.0018691874160790764,5.635491951176703E-4,5.129644643930377E-4,0.0012449005399673922],[2.028382037793392E-5,2.16547066406662E-5,5.986610151252022E-4,1.9937052046670944E-5,0.019158710051659013,1.0462161920864177E-4,2.2559222652281827E-5,6.315568837372888E-5,0.0011463284021461396,0.009571955403344354,1.0187904347495346E-4,0.0013897154923829796,1.0,2.3737601205734803E-5,9.280723114289984E-5,3.0876094908315745E-5,2.6328768354660603E-5,7.614015354353393E-5,0.0011700835544626712,1.0832719176114517E-4,0.024757185036499655,0.00213005202136226,2.2549894914855915E-5,1.3060060414645563E-4,5.205249584346645E-4,2.749344528411342E-4,2.7711270470102386E-5,9.046674479122708E-5,2.8367778106027253E-4,9.873170399125558E-4,0.00485916553822859,3.4186345211453903E-4,0.0012430833512235859,0.018850968158096965,0.005826654895521527,0.004369870631491198,2.0144106658980946E-5,2.043172505410489E-5,0.0011287249437497069,8.575725560330762E-4,2.1759012901288063E-4,7.570148972540322E-4,0.02169955336901237,2.5090169784273807E-4,0.0020899707124271854,0.01707237499908783,7.402504773313279E-4,7.398792138411607E-5,4.972574127399397E-4,0.010081629163301674,0.014551434314758983,7.24770966678505E-5,4.013095468899987E-4,1.7241524475287212E-5,1.718273961911493E-4,8.130838088748168E-4,2.6056942408577553E-5,2.015913406543359E-5,3.730156270327229E-5],[2.3780180559393557E-5,2.050308892049601E-5,8.493601433254126E-5,1.5695474750957813E-5,0.02535655253812992,1.212945875970812E-4,2.4175518459155055E-5,1.7935906109346444E-4,3.6511394877569394E-4,0.009903544206111335,7.589570167844818E-5,0.001166220069005708,2.3737601205734803E-5,1.0,3.0038447221647285E-4,4.5774866399162353E-5,3.680427503554346E-5,1.0450650624142526E-4,0.0012229069944918035,1.7159445543838022E-4,0.029255294540202502,0.0027970101251310092,2.359967259963821E-5,5.9993568410055074E-5,8.96600644745438E-4,2.8927621272254193E-4,0.001447893027974117,1.1749023173598204E-4,2.524077384732892E-4,6.723544188935661E-4,0.005587975819614793,7.282968018272498E-4,0.0017455127219547885,0.05574006040901002,0.002261209531887256,0.00865236951155162,1.9076036877278376E-5,1.6844177036796518E-5,0.001508551313409698,1.8435120299270627E-4,1.4263293754154588E-4,9.983940665460789E-4,0.007833882605146569,8.111541091661059E-5,0.0011296303995972216,0.005437972392159849,3.4250870620682077E-4,5.9004124180137344E-5,1.8700398582337545E-4,0.009064610557572895,0.016421932065605133,9.935661182507543E-5,4.0198902483434666E-4,2.100881624586923E-5,1.7677627082149415E-4,0.0018514428483188228,2.7517456885124126E-5,1.5312304237809043E-5,0.001110672034087411],[2.2947268224385076E-4,3.9393095435783843E-4,5.473527609243785E-4,3.772346391718044E-4,0.001709114016784194,2.451232001750664E-4,7.817562150665846E-5,3.4916208425206526E-4,0.0014611467926576194,0.010520356135467769,1.380632946613767E-4,8.891650063649492E-4,9.280723114289984E-5,3.0038447221647285E-4,1.0,8.313797464728089E-5,1.5466005113799305E-4,2.0326651678122585E-4,7.466854087795742E-4,2.234909109348921E-4,0.04585747594050741,0.0028471826725992217,2.9117434416665194E-4,3.559049946744516E-4,5.63282739175192E-4,4.148018476710937E-4,4.313348099865127E-4,2.1305568156844727E-4,4.0947799315709833E-4,7.725156899757669E-4,0.0017614964341887496,0.001077729530295639,0.0016811316028548524,0.046685267410161144,0.007519084934586832,0.008884045909358628,2.783981227712573E-4,1.7843931686637598E-4,0.0015910642743961977,0.001525308015649775,3.8384331748035074E-4,6.83559221753127E-4,0.02700914964806261,5.178353691405908E-4,0.0023838354075931966,0.02741275401570717,5.901531450080368E-4,1.436712911041742E-4,6.426475601909135E-4,0.005011269135276458,0.01356913259321587,1.5993934544029345E-4,4.2590979511909977E-4,9.937510511623812E-5,3.016098146984986E-4,0.0014776228163746392,2.1803124795230063E-4,3.5777620999164595E-4,5.686233330386738E-4],[7.087399185322215E-5,2.6204712969449228E-5,1.2705523766466868E-4,1.4638825206895866E-5,0.011690756451597563,9.993283599480479E-5,2.271136469220059E-5,1.9671505318039057E-4,6.420525786340956E-4,0.0023463567695693587,1.0595047347798485E-4,4.3834083157871567E-4,3.0876094908315745E-5,4.5774866399162353E-5,8.313797464728089E-5,1.0,4.326163982997994E-5,1.2111946487863991E-4,0.0013666024458625998,1.575015861213248E-4,0.06575936002917927,0.002309153805921078,5.9450780588429826E-5,9.104680880246974E-5,3.615053660809324E-4,3.6214164542966454E-4,0.0010512353717231854,1.0253847794376879E-4,1.8519315045578656E-4,2.180395371975678E-4,0.002729635669215084,0.0016352383403450959,7.853693347461831E-4,0.03116868488073826,0.012218686457729564,0.0018607552134081412,6.263118952920665E-5,2.265905693776939E-5,0.0013710576004465926,0.0012227256304804361,1.1194534376469438E-4,9.588346808263317E-4,0.03348811333233274,1.1818914096143128E-4,7.559235277614409E-4,0.033514877062036076,1.0767791956623732E-4,9.660490336087059E-5,5.231196557763712E-4,0.0022980119134668564,0.01829346658336928,8.267644981036633E-5,2.2129041041649708E-4,6.393210757971799E-5,1.636917859178663E-4,0.0014653781082239645,7.18001100538791E-5,2.0223241572857054E-5,2.782280925331732E-4],[2.954550622498927E-5,2.7816154277880696E-5,3.787832892775321E-4,1.8714905294890797E-5,0.0013774488082314172,1.799734208181348E-4,3.691072766940689E-5,2.574502467521048E-4,5.086923289787976E-4,0.006629217840273248,5.2136461276864724E-5,1.814726928833884E-4,2.6328768354660603E-5,3.680427503554346E-5,1.5466005113799305E-4,4.326163982997994E-5,1.0,4.3921847050799146E-5,0.0010877981787074033,6.33027073820209E-5,0.034206097009767504,0.0010887528079517057,2.9045630612665586E-5,5.2237721020871604E-5,6.409742487592382E-4,2.8636006896443056E-4,0.001200020239580225,4.488230121039844E-5,1.4095105347706783E-4,6.271220656660273E-4,4.8791797367006773E-4,8.578527783886315E-4,0.0013597862673231606,0.013918426902801997,0.008555614037578166,0.009426297213239645,1.1771918421477637E-5,2.3339230934264158E-5,2.1143812829023875E-4,3.623687823663387E-4,3.989847399591394E-5,0.0010449236696930132,0.01628965417265347,4.872643712747205E-4,3.199087953281626E-4,0.018237690230160298,7.426782890104221E-4,7.727648032399443E-5,1.3188807949546344E-4,0.0014996554923389289,0.018927300008094318,5.840524896689828E-5,2.480611315885273E-4,3.117943603519757E-5,1.4994989221034282E-4,0.0012026662221205067,5.0397285940180156E-5,3.276212814331742E-5,2.0710204077534143E-4],[9.247038197018839E-5,5.929638961161683E-5,5.386896314556219E-4,3.903828455507228E-5,0.005929056189116554,1.3822644600720852E-4,1.1346246150844523E-4,2.56826474270066E-4,0.0010710990011324165,0.0045736364293665465,1.3089071658731983E-4,7.572105086010504E-4,7.614015354353393E-5,1.0450650624142526E-4,2.0326651678122585E-4,1.2111946487863991E-4,4.3921847050799146E-5,1.0,9.017858777579004E-4,1.6029712038808318E-4,0.07301386425291699,7.892713648428423E-4,5.687078848670281E-5,1.50166579935799E-4,6.252972487997888E-4,3.2346987870173247E-4,4.4586746066326553E-4,1.3480514577428763E-4,2.2453433780182715E-4,8.033244887846114E-4,0.01178744154901246,0.00138220575377653,2.924968992081871E-4,0.0553107594974531,0.0051577445660303005,0.006670095648823345,1.1545966332136075E-4,9.5070511590671E-5,0.0016172753988104396,8.605207057942828E-4,3.0400111070259415E-4,0.001011806944903023,0.019339555401058927,4.193172421316389E-4,0.0019804775118867574,0.013168132943358155,5.312283169758761E-4,1.2970564724437055E-4,8.589021711780132E-4,0.003399700481518317,0.030094886773667676,1.0374650297625377E-4,4.065084141147101E-4,5.6663070832321246E-5,1.4703989102120472E-4,0.0017519199212121107,8.306022937208691E-5,7.124916099627699E-5,5.334539735138927E-4],[0.0013280844053270326,0.0014537625907469936,0.001293537173508704,7.877307570391254E-4,0.013592983831457994,0.0018514662525230432,3.974091250366442E-4,0.0012673136020928191,0.001634901819449817,0.007810946956574282,0.0017661550728379667,0.0016843084153647086,0.0011700835544626712,0.0012229069944918035,7.466854087795742E-4,0.0013666024458625998,0.0010877981787074033,9.017858777579004E-4,1.0,0.001308447441485665,0.06225795461497127,0.0023360878677641996,5.631863151467258E-4,0.0015682648108200242,0.001516319433661845,0.001315042350897853,0.0018470719263785163,6.558386945806805E-4,5.219616304352726E-4,0.0012758704848724383,0.0076242646658957825,0.001956241487401537,0.002482325812106518,0.060350647733225335,0.003992583037243123,0.003277994835512733,4.124963964458682E-4,0.001378446537417967,0.001845101696504981,0.001966740992697938,5.0268738949109E-4,0.0012205983683582654,0.0066815760822051,8.968637481813213E-4,0.0026358100395097814,0.023313734647291744,0.001959286415681131,0.0012271220431307257,0.0010590413392409217,0.0021930584717513757,0.020073898021231953,0.0014648929589761964,6.413919793431752E-4,0.001814521807457819,0.0011084816043461902,0.001930308625726068,0.0012843224977599642,0.0013220208793019682,0.0017388536498086362],[3.216897984089562E-5,1.7214044431556312E-4,5.000791722570096E-4,6.293514300940019E-5,0.024558622782240313,1.999102246617918E-4,3.875284514968599E-5,2.6703784806884483E-4,7.097519501046245E-4,0.0064612379867055505,1.3697712734222331E-4,7.632409024921145E-4,1.0832719176114517E-4,1.7159445543838022E-4,2.234909109348921E-4,1.575015861213248E-4,6.33027073820209E-5,1.6029712038808318E-4,0.001308447441485665,1.0,0.04141377096525302,0.0013726225443482442,1.2823831789289262E-4,1.5349355305836027E-4,0.0010516054486929306,3.1072600059954607E-4,0.0013515655307507507,1.2242587852184867E-4,1.9650420203909256E-4,7.91254859155813E-4,3.164934773755144E-4,0.0015477109038565756,0.001648128367025837,0.0708286778902327,0.001223446489652227,0.004561972527955425,3.899164798643848E-5,3.725817140391378E-5,6.416864074450832E-4,0.0016176245296149617,3.15886716206875E-4,7.846016586031555E-4,0.019766816752760284,5.920228254280725E-4,0.004972160433535446,0.03359460616679025,8.904355461272667E-4,1.4436622802512582E-4,5.18360779224881E-4,0.004096333404823558,0.007847347071662032,1.661589023034464E-4,2.2662021392891172E-4,1.8564515821492599E-4,2.1225611171364582E-4,7.002692178139184E-4,1.0574933811727399E-4,6.811557792825326E-5,9.681423299198698E-4],[0.026217726642492438,0.06539051147489058,0.03961822881544217,0.052059547634162776,0.05256042626643004,0.028463073972511008,0.07945388964417237,0.09044430583673756,0.08755457924659224,0.07209000460855385,0.02788725122918496,0.0853517079482728,0.024757185036499655,0.029255294540202502,0.04585747594050741,0.06575936002917927,0.034206097009767504,0.07301386425291699,0.06225795461497127,0.04141377096525302,1.0,0.011917423964026563,0.002800516950556279,0.06672196639821643,0.0758877574756738,0.0026841084201291395,0.029013525014710374,0.03491597891731018,0.07169523237928403,0.06077161855431348,0.07056685334551041,0.05175941384908659,0.05484707324575309,0.09777338831983345,0.07531288279015384,0.03772695893207893,0.023743137631842,0.04151752819311393,0.06455325720009195,0.03654229474570491,0.04660417440673709,0.015676272324907363,0.05060461609560135,0.01988430380943691,0.02747756676030526,0.06766137393151976,0.07037365640105661,0.022246563439702032,0.03417817473951636,0.03154741341491027,0.0594677780881771,0.02421132806247331,0.00536232091969383,0.017355571199808188,0.0159020324413288,0.0020393516223284947,0.07248554023401883,0.08646626900315045,0.05287265548356149],[0.0025857992385373797,8.404294646212793E-4,0.002250991226323787,1.8161025102099687E-4,0.01580520716070471,0.0012975576368891956,0.0010661544573414513,0.002301659337934596,0.0015672574080255782,0.00874567055085439,0.0018884787057476533,0.0028479481585601974,0.00213005202136226,0.0027970101251310092,0.0028471826725992217,0.002309153805921078,0.0010887528079517057,7.892713648428423E-4,0.0023360878677641996,0.0013726225443482442,0.011917423964026563,1.0,0.0026801968052646797,8.470807952774556E-4,0.0012438897883411788,0.0011705362814439031,0.002220141275768801,0.0017102162965727922,8.25215070737831E-4,0.0028279181346880294,0.008356962647133943,0.002836704798317,0.0027920167332020017,0.013945742866658006,0.006941271518892187,0.0038007841531372405,0.0028545246547009256,5.062064968874595E-4,0.0023956652148031674,0.0020092338186799047,7.790363191247489E-4,0.002028960346963067,0.031127902575062667,0.0016722568001016056,0.0046326523258380025,0.023624837848992497,0.002268470552311965,5.853075354958265E-4,0.0025723640550998485,0.009167060684398837,0.0339624151955131,0.0026154440193668655,0.002222009558625667,0.002307279555137333,0.0015748529752962123,0.002579737639759401,0.002645437852377073,4.345686399367976E-4,0.001534578948868134],[1.744615686850383E-5,1.6449883113202643E-5,4.8621177565351474E-4,1.578057502611938E-5,1.7761105505529996E-4,2.4565650521262267E-5,1.8888717579913444E-5,1.9292362593721673E-4,4.2456975793158183E-4,0.0015825259266937198,1.0287446669716848E-4,3.3410897182595685E-4,2.2549894914855915E-5,2.359967259963821E-5,2.9117434416665194E-4,5.9450780588429826E-5,2.9045630612665586E-5,5.687078848670281E-5,5.631863151467258E-4,1.2823831789289262E-4,0.002800516950556279,0.0026801968052646797,1.0,7.118698035779213E-5,9.598628793842743E-4,1.846758805497786E-4,7.072478838400069E-4,7.377913854668492E-5,2.1870518326847134E-5,6.455183892343253E-4,0.0012009742323548496,2.2159984770506256E-4,0.0017863114250244237,0.0888080266632989,0.006009584041866323,0.004662809310741415,1.619756359489669E-5,1.7031657414557678E-5,9.040588464401237E-4,3.4158066759299105E-4,2.0622076814300064E-4,2.993652611261728E-4,0.00971321187626702,1.8519292790621566E-4,0.0018249523116876045,0.018532445161431915,7.218019924950864E-4,9.17302798437642E-5,4.2050469899007506E-4,0.004605079454516109,0.027196392870448876,3.443340953340663E-5,3.4007329975097115E-4,1.3314737895628972E-5,1.0936620820569837E-4,1.57855300433992E-4,3.238461563205916E-5,1.6556218930076794E-5,0.0010921409509911297],[8.611524546388759E-5,1.399215035311603E-4,5.550031472971558E-4,6.822317592049107E-5,0.0010849298109943028,1.5505438266107195E-4,6.661606542738657E-5,2.0018188668994641E-4,0.0013541543522302569,0.005881214087018103,1.509645205911468E-4,4.0101090799191086E-4,1.3060060414645563E-4,5.9993568410055074E-5,3.559049946744516E-4,9.104680880246974E-5,5.2237721020871604E-5,1.50166579935799E-4,0.0015682648108200242,1.5349355305836027E-4,0.06672196639821643,8.470807952774556E-4,7.118698035779213E-5,1.0,0.0010024534758733866,3.6206723660926114E-4,3.1390886310602654E-4,1.3422424284009833E-4,3.3806272217734286E-4,5.476613952099048E-4,0.006788335015010018,6.366199224069811E-4,0.002172869912813017,0.03395344028411991,0.007719008577982163,0.009508779202503807,4.6840861193438955E-5,1.0382821833842592E-4,2.8958442124447605E-4,0.0015918542247500848,1.753370669469415E-4,9.620343153231582E-4,0.012437385186183668,4.896265975055103E-4,0.004210455251574998,0.021425894853343386,5.039579961921966E-4,1.270834346255661E-4,8.644906865704042E-4,0.002653215348812866,0.019869391386270977,1.3414130316304334E-4,4.1658272483875204E-4,1.1400686550142069E-4,1.524371698713016E-4,1.6669525989748728E-4,9.715159777005098E-5,7.150583401851263E-5,0.0010869194057114345],[1.264892597887217E-4,7.456347046650235E-4,6.566747451939504E-4,7.053534892906943E-4,0.01397442448598633,8.699167684324723E-4,7.725704941507628E-4,9.802251738901925E-4,0.0014492526569180701,0.004062731527144887,7.873352147764434E-4,0.001483732000246648,5.205249584346645E-4,8.96600644745438E-4,5.63282739175192E-4,3.615053660809324E-4,6.409742487592382E-4,6.252972487997888E-4,0.001516319433661845,0.0010516054486929306,0.0758877574756738,0.0012438897883411788,9.598628793842743E-4,0.0010024534758733866,1.0,4.957333085653673E-4,0.001626200678294425,2.179693565287976E-4,4.16888984935068E-4,0.001152380621078717,0.01114748655990901,0.0016510535998692558,0.001698009162307692,0.055658068690148964,0.012501780158168729,0.003813427434439313,4.410078485805583E-4,5.3721451215355684E-5,0.0013495015583604145,0.0012637306636825983,7.530511097674944E-4,0.0011015975755240299,0.022330483762684733,8.595531988406874E-4,0.0021565187977929095,0.03230775029806361,0.001086889508593165,7.299504552467059E-4,0.0010272500401273216,0.010128533206299806,0.03565432087625471,4.4414716973356264E-4,8.458286302295905E-4,2.494208882576849E-4,9.060615272915877E-4,0.0015288806037564264,2.0941192737037359E-4,5.144593323836813E-4,0.0010998874778872809],[1.8615896650009628E-4,1.6611733276300578E-5,4.946462801531771E-4,7.198446307641549E-5,0.0016740763756232955,3.4879228938126255E-4,2.6508603385656977E-4,3.6923867800561273E-4,0.0013520085739889315,0.009528920585586275,1.8944339847416707E-4,6.844840147407218E-4,2.749344528411342E-4,2.8927621272254193E-4,4.148018476710937E-4,3.6214164542966454E-4,2.8636006896443056E-4,3.2346987870173247E-4,0.001315042350897853,3.1072600059954607E-4,0.0026841084201291395,0.0011705362814439031,1.846758805497786E-4,3.6206723660926114E-4,4.957333085653673E-4,1.0,5.223392501391626E-4,1.5001227428215616E-4,3.8285231538504153E-4,0.00109686901805184,0.0077636156804273175,4.1570228413594085E-4,3.884342667124494E-4,0.04811909264099954,0.001160824338062085,0.0035168657995693357,1.9639504024780556E-4,2.591645529355349E-4,0.0016250480212767946,0.0011574210427583243,3.58882247015927E-4,8.893877066110387E-4,0.010410595477001324,5.477112315910805E-4,0.0034684485628500242,0.016837186364792728,0.0011218230655664645,1.5311511217165185E-4,4.3886251140193495E-4,0.006609570364714663,0.02924209661504726,2.8182967660592584E-4,3.94062183746938E-4,3.416151016801569E-4,2.5968161150022393E-4,7.805132279191098E-4,8.737064779559356E-5,4.385937696192901E-5,6.402206650323665E-4],[6.949984399934474E-4,2.1586774284666527E-4,0.0011724858483972114,0.0015448675506678792,0.017426699950960203,0.0013119317153433144,0.0016560032362734247,7.041683110038264E-4,0.0015994774984738115,0.008955828811178762,2.49442560500212E-4,0.0016960610491600712,2.7711270470102386E-5,0.001447893027974117,4.313348099865127E-4,0.0010512353717231854,0.001200020239580225,4.4586746066326553E-4,0.0018470719263785163,0.0013515655307507507,0.029013525014710374,0.002220141275768801,7.072478838400069E-4,3.1390886310602654E-4,0.001626200678294425,5.223392501391626E-4,1.0,0.0016837380190613007,4.262945686618195E-4,0.0016175192176497034,0.0035592890909964606,0.0017400268877287082,0.0018451420501096826,0.0067306320179265616,0.011596008908919027,0.004357375930459693,6.074137467876726E-4,0.0013969196246383258,0.0017012421684724488,0.0017449618351905254,0.0016734813870315864,0.001382520034500631,0.012473906026682687,0.0010351440630082802,0.005132879679809225,0.02880177259400174,0.0016876994126119253,0.0012295542143413835,0.0010769123822732944,0.0018761636420872715,0.03211000450691522,3.6302261336893486E-4,0.0016551553745502668,0.0012306228001563526,0.001513159996041759,0.001715787047203159,1.3541065296271526E-4,0.001622276179751527,0.0015677741423186506],[8.248159793229145E-5,2.5701716457406034E-5,4.4515349170568116E-4,1.120404789713558E-5,0.014443932387302086,1.7195103892392088E-4,2.9836793980108108E-5,1.7474007842294733E-4,0.001202324301989872,0.010056024380380574,1.2284451160850458E-4,0.0014282878752770317,9.046674479122708E-5,1.1749023173598204E-4,2.1305568156844727E-4,1.0253847794376879E-4,4.488230121039844E-5,1.3480514577428763E-4,6.558386945806805E-4,1.2242587852184867E-4,0.03491597891731018,0.0017102162965727922,7.377913854668492E-5,1.3422424284009833E-4,2.179693565287976E-4,1.5001227428215616E-4,0.0016837380190613007,1.0,2.6728256130299376E-4,9.988913258308506E-4,0.009720095115680442,0.0016456356987096946,0.0021083191484490287,0.027063844569311952,0.013433806064359356,0.0020773761714893307,1.3177949345914493E-5,6.164438356251551E-5,0.0013282354728748093,1.4681354097412713E-4,1.292158447465954E-4,5.115922113763346E-4,0.009135571795716418,1.5007656646035688E-4,0.00434482188088331,0.0013030549190775744,0.0012058733117816668,1.1579250832444743E-4,8.606053295246809E-4,0.009365070224604422,0.0032706559483851455,1.1618408176701552E-4,2.930682256048128E-4,2.0330489045733644E-5,2.0004376409325558E-4,0.0010809139513843656,6.975922476933484E-5,5.847913529690467E-5,1.9051868607465917E-4],[3.3872784064010254E-4,3.2748295908089134E-4,5.513666122319856E-4,2.6263824808436294E-4,0.004177995212997677,2.2643858182080803E-4,1.5185879992581975E-4,3.49313542890361E-4,9.087290886036828E-4,0.009413108847421631,2.6119941139687787E-4,4.2200747149478355E-4,2.8367778106027253E-4,2.524077384732892E-4,4.0947799315709833E-4,1.8519315045578656E-4,1.4095105347706783E-4,2.2453433780182715E-4,5.219616304352726E-4,1.9650420203909256E-4,0.07169523237928403,8.25215070737831E-4,2.1870518326847134E-5,3.3806272217734286E-4,4.16888984935068E-4,3.8285231538504153E-4,4.262945686618195E-4,2.6728256130299376E-4,1.0,8.735464987133535E-4,0.0036776061875123155,0.0010213111769367205,6.007107911968692E-4,0.07712237604694497,0.003986165043689922,0.003610051906889506,3.131858264916917E-4,1.8027247874055201E-4,7.489718098863834E-4,4.360238342188863E-4,3.623736581466594E-4,9.443174909711995E-4,0.028065744654572462,4.998350555713664E-4,0.0021709545429047135,0.008897893183211289,0.0011142929518225867,1.31467209242124E-4,5.52058722359007E-4,7.273261834968577E-4,0.0042151220045343945,3.450421642502531E-4,4.2571414813474394E-4,3.6831802994780885E-4,2.965776737622718E-4,0.0018929615086631273,3.2585483396030195E-4,8.510623503692636E-5,5.101965259643969E-4],[0.0011291344155630243,0.0011099519132450558,6.228627131959354E-4,6.887833405837497E-4,0.0044563684646285,9.392357550118316E-4,5.460638346413143E-4,0.0011322994843869256,0.0012702862376810177,0.004684375942421385,0.0012230488222990132,0.0015010995786679247,9.873170399125558E-4,6.723544188935661E-4,7.725156899757669E-4,2.180395371975678E-4,6.271220656660273E-4,8.033244887846114E-4,0.0012758704848724383,7.91254859155813E-4,0.06077161855431348,0.0028279181346880294,6.455183892343253E-4,5.476613952099048E-4,0.001152380621078717,0.00109686901805184,0.0016175192176497034,9.988913258308506E-4,8.735464987133535E-4,1.0,0.007564959158050197,0.0016193927376756327,0.0024587928497395075,0.023998491611838837,0.006410219959336024,0.00907311090115713,7.790404046629456E-4,0.0011034721425840451,0.001624735808879756,0.0015145374211933446,8.612591585495807E-4,0.0011866855236467853,0.031589110943508365,8.75316948045463E-4,0.0013280659620563077,0.010368745120818212,0.0012581262953555953,0.0011940301721400969,0.0011861797157813,0.006913676915438799,0.038410276574937494,1.9425154944023018E-4,5.071243965821064E-4,1.2132195465865219E-4,5.518335662665501E-4,0.001908268983396395,8.150411467759383E-4,3.7073087860634056E-4,0.001233433861624605],[0.010729811917265731,0.011652303558611635,0.005091943692146793,0.007006441626471646,0.018560460557780614,0.0010813028027773053,0.012387951725138971,0.010923951202095543,0.013497229845896535,0.012287890674242685,0.009059628450341748,0.007373263144849736,0.00485916553822859,0.005587975819614793,0.0017614964341887496,0.002729635669215084,4.8791797367006773E-4,0.01178744154901246,0.0076242646658957825,3.164934773755144E-4,0.07056685334551041,0.008356962647133943,0.0012009742323548496,0.006788335015010018,0.01114748655990901,0.0077636156804273175,0.0035592890909964606,0.009720095115680442,0.0036776061875123155,0.007564959158050197,1.0,0.0032111488991256234,0.009665799353165687,0.07419332954712028,0.0144932942676915,0.013821345432751436,0.014091678296434708,0.013716292882066277,0.007501545891731403,0.014100022143605014,0.0021470938381255265,0.0033516195942910666,0.027761374393870702,0.008854421608594464,0.008627596711748457,0.030701033576847087,0.006718189519368235,0.014184076516836695,0.0013507075453977342,0.011953837845292975,0.031007391563890013,0.009573714740155347,0.006359864376857567,0.007640511178661446,0.0020969025734634494,0.013203305008497535,0.00705837125527374,0.014125193726640197,0.013341183312932561],[2.0258628715784678E-4,0.0010896679272235656,0.0010447958106577816,8.113006239169289E-4,0.023790129494984564,0.0016394693566161174,0.001034288760880606,4.750476748900821E-4,0.0016433801142269819,0.0032850523269881723,0.0017528875730567347,0.0016813678444098827,3.4186345211453903E-4,7.282968018272498E-4,0.001077729530295639,0.0016352383403450959,8.578527783886315E-4,0.00138220575377653,0.001956241487401537,0.0015477109038565756,0.05175941384908659,0.002836704798317,2.2159984770506256E-4,6.366199224069811E-4,0.0016510535998692558,4.1570228413594085E-4,0.0017400268877287082,0.0016456356987096946,0.0010213111769367205,0.0016193927376756327,0.0032111488991256234,1.0,0.00220202514448783,0.012694493244983365,0.012295325978320249,0.008168410118458407,1.2758068949216838E-4,0.0013083171866063834,0.0017084827724647446,0.0017709871527991023,0.0015971486920854387,0.0015001251597256521,0.028810160407480426,0.0010692849912273456,0.003540206700467987,0.02292193447286363,0.0015483026951443267,4.901897915650141E-4,0.001450376748801099,0.009789845868759289,0.017130606464631732,0.001756323913875002,7.767873778854897E-4,2.585299431689073E-4,0.0014512400880741427,0.0018929873353126187,7.681797739319937E-4,0.0012688919965340723,0.0016193239705231447],[4.886665079589371E-5,0.0022163994645266207,0.0024760223933770332,1.2039240551801354E-5,0.025463199856130443,0.002069183321780412,0.0013513067125505236,0.0013880078662182875,0.001724347969222067,0.0031051267877169808,0.0013928382497409996,0.0017548511611577442,0.0012430833512235859,0.0017455127219547885,0.00168