[[1.0,0.004689198998107491,0.008315027075913136,0.001097130502182496,0.0033850557679735733,6.46995612528615E-4,3.866502015557543E-4,0.0010577305904345175,0.0012033724844675068,0.0011555626949110993,3.179667533797357E-4,0.0031080891752267347,0.001694975355765639,7.357379577541878E-4,0.0011843367855834787,5.919902188688983E-4,0.002984765303008812,0.0011811712621879714,0.0011368292013028045,9.601846891831929E-4,0.0010459704820979367,0.0012160849677083226,9.12808289005543E-4,0.0010385547670601388,0.003210220959312571,2.5390313395526787E-4,0.00669083502464841,9.724366842807034E-4,6.019147791081855E-4,8.267438809301424E-4,0.006950899675420568,0.0014559343640713842,0.002280270922199885,1.9230761264697077E-4,0.012690611294553997,7.507073387946719E-4,4.0072049219331966E-4,0.0010082109868424871,0.001078168644856919,0.0013658260314043647,5.174021825393217E-4,0.0015845523061998328,0.0036914839179184858,0.002198452289694979,0.0011588318402803491,0.011999709016726309,0.0011888210878417,0.0011845972221019641,6.557540143558586E-4,0.0012776416497809727,0.0011868284780792767,0.0017319900538140132,0.01228710425776068,0.001187780998263941,4.95930493269154E-4,0.03242584325059711,0.005108915456178304,0.0012350349834167088,8.065318639409495E-4],[0.004689198998107491,1.0,0.015038839546738441,0.00706875211191788,0.004805901629232857,0.003690361551780322,0.0025661925152908175,0.003443590246892377,0.004902854192262931,0.002916702766171208,6.900051426597483E-4,0.007468727781101001,0.0049182245193357035,0.0035919484798256143,0.003880390793907504,0.00136203212898148,0.006784613309173484,0.0030644704023745075,0.005909278046565144,0.004828701425188222,0.006102249729187699,0.007259871517871068,0.0027106711256594442,0.005370644369478117,0.007748182766826785,5.125394828383453E-4,0.012179700753110078,0.0016054266857724192,0.0028985324461094273,4.755267876300836E-4,0.02311196455929786,0.002606368633478743,0.009785167878392861,4.890756816333835E-4,0.02454332735987809,0.0058779695601862275,0.004961138605394733,0.006227607919553284,0.003466541884236354,0.007288567282063091,0.0025847568486356883,0.007006954705318581,0.008460408608946377,0.003007445661999787,9.165690834340211E-4,0.01019154596096596,0.0019293439888282318,0.008080719417830144,7.437259332871949E-4,0.0031265741996314624,0.0018042305379895472,0.004743463048808833,0.043506728011797786,0.007647347813593269,0.0027914193328209933,0.050071905826742015,0.006039150790769511,0.00554193490602711,0.0016481730342768357],[0.008315027075913136,0.015038839546738441,1.0,0.0012385255883643274,0.010718047238308393,0.0060674218929213505,0.0050363472966960775,0.006240032783833014,0.011105701902461846,9.853226723269234E-4,0.0024807338605859373,0.01442117054867355,0.01093450226849732,0.015118798634180546,0.0055429748722838935,0.012042091175595794,0.013089644328643468,0.014859968910244733,0.00920386525338719,0.009753532772884753,0.002075573154114569,0.002201640341275908,0.007535610444562168,0.011783807317817951,0.007785580700911089,0.010189470365911647,0.016526947527329965,0.010028382528267828,0.004525538130943603,0.01025519288678478,0.027005763475496075,0.014011547075242294,0.013700781791186981,0.010702882807833226,0.020401268034159994,0.011434580541376162,0.006885038673250224,0.016002056505967685,0.007498389416714742,0.013023400897684853,0.006300477685506158,0.007537350108690092,0.004952190640190726,0.004545129073980289,0.010349431171999855,0.012130178677536421,0.015945768230599074,0.002682026180772195,0.0037742834619700024,0.010496135841448864,0.0038663617811330055,0.01425171896796081,0.0201233181323627,0.010896375554414117,0.00854632102239544,0.03804826017703919,0.012395517134881559,0.012201108109322968,0.011636417599441026],[0.001097130502182496,0.00706875211191788,0.0012385255883643274,1.0,0.0010375756154107339,1.548546373579099E-4,5.452120746826073E-5,5.5926534284595E-5,4.40900466069012E-4,1.4322352486562744E-4,1.591709659719103E-4,8.388194302609599E-4,5.03664528413839E-4,1.8931307099519029E-4,5.471055961308643E-4,1.1809437685763074E-4,0.0018814589287213701,9.820723232704156E-5,1.4311774138208388E-4,1.492048450373098E-4,7.776276367681243E-5,4.8669922619207315E-4,5.006808926107231E-5,2.0716603697876955E-4,0.0019176436787350067,1.2887781051503097E-4,0.010468030127015741,4.0220258728003493E-4,2.279256131869646E-4,1.5612036396567443E-4,0.00413020863477396,3.628027404136735E-4,0.007461686168049726,1.5027696850757055E-4,0.017346535189615406,1.5076724832159509E-4,2.800270810345909E-4,1.4580654352069333E-4,9.082871626326102E-5,0.0011953031086788083,2.3087124147040763E-5,2.7691805368251977E-4,0.002833365471787876,0.0025838175639775716,2.214103934785546E-4,0.0016764636097425767,2.57016719031725E-4,9.433397706676558E-5,5.380001494344509E-5,2.1803351790699015E-4,2.172066384492343E-5,0.001463227182181765,0.025640583612761888,2.197419201088992E-4,1.248639100262299E-4,0.05805991226784629,9.943447616035566E-4,5.106271008268235E-4,1.4108476277971624E-4],[0.0033850557679735733,0.004805901629232857,0.010718047238308393,0.0010375756154107339,1.0,0.00219908996129436,0.0035934703057066116,0.00225588537993741,0.0020670858849976877,3.5934215926659103E-4,0.00398852521070283,0.00556483846897623,0.0030107339628324893,7.210879718833202E-4,0.0027203708075680764,0.003557725425407059,0.004037254812024465,0.0033144170958789125,0.00363007875326741,0.003457299039799964,5.5491230101939294E-5,0.002989075959951482,0.003588300418953232,0.001053679785118625,0.004037364331012064,0.003837204855767638,0.005630478561729851,0.0026947017368745482,0.00238387156066686,0.004044419266858942,0.022042771667617343,0.00393691511938013,0.012843647526940267,0.0015508167858712101,0.020415934554613036,0.0021952093543135486,0.0018165508626639495,0.002129858860912535,0.0037526152144912953,0.0038280353635502394,0.0022995817320462363,0.0033957339498889216,0.004128361608706415,0.0030617699898275942,7.24846892842475E-4,0.00941687765171002,0.0025398319953026894,0.0018646263722578115,0.002782784535976717,0.002160428996652838,0.0013835557708464347,0.0036030262272389903,0.004662915135548936,0.0034618096235722044,0.0010194836903666938,0.04547153451004965,0.004389546423887983,0.0016465005436883074,1.6246419892485588E-4],[6.46995612528615E-4,0.003690361551780322,0.0060674218929213505,1.548546373579099E-4,0.00219908996129436,1.0,1.0929305497259574E-4,7.851529099218547E-5,9.001221993105883E-4,1.389234974258474E-4,1.6017096952034962E-4,0.001812614196639441,4.886056209804281E-4,2.2165408526026397E-4,0.0010711612362877168,1.0886571538977816E-4,0.0013562869697749638,1.4898260661958955E-4,1.387178083756616E-4,1.493989876400168E-4,1.437331388473011E-4,7.258980436120359E-4,8.820611957804564E-5,1.6467193808619252E-4,6.093929892234247E-4,1.312427159958941E-4,0.005576657868813692,5.143826282509017E-4,1.6979344394261371E-4,1.6971035568208207E-4,0.026348588650117515,0.0011566304427898717,0.005533647218277534,1.540501902102785E-4,0.009737130808808874,1.5402979068539197E-4,2.0823177515195677E-4,1.454416650948751E-4,6.628113998488294E-5,0.0016151530959390573,2.808924950375086E-5,4.172922316416819E-4,0.004197295881310271,0.0017635224152014579,3.0970166013696376E-4,0.00410540174293374,5.043168444000769E-4,1.0189709889866144E-4,5.268980379896026E-5,0.0014180668166566316,1.914070195463931E-5,5.983009677825407E-4,0.03399129525841472,2.4512195704697514E-4,6.618756623490867E-5,0.011332286680300263,0.003865746047685902,6.520431771566223E-4,1.3742859862677945E-4],[3.866502015557543E-4,0.0025661925152908175,0.0050363472966960775,5.452120746826073E-5,0.0035934703057066116,1.0929305497259574E-4,1.0,3.316254536142613E-5,8.669310669146169E-4,9.154468914043858E-5,1.4839747377593253E-4,0.002909631567503303,7.051628385288276E-4,1.2208639038570213E-4,5.066453507069398E-4,4.161873524428979E-5,0.0018026051471930827,2.9562636293072108E-5,1.3000760131898464E-4,1.057615415965061E-4,1.5540953245613633E-5,9.759119907085254E-4,3.159634037236153E-5,2.2185108166206585E-4,0.0019779931884063326,5.3896539735643935E-5,0.012138797760341595,1.2589624958970097E-4,1.8153229568522016E-4,1.4053668065713894E-4,0.025498613595274423,6.517978345189785E-4,0.0077073656764348394,5.824059991532239E-5,0.02648763430453764,1.3093393836866065E-4,7.758848939240848E-5,1.215788033504122E-4,1.1927005549153223E-5,9.979111549344084E-4,1.9060567112055755E-5,0.0010870777175630059,0.002862199873075202,8.173987663679825E-4,1.3607762674090325E-4,0.008865367887125572,7.659075525126066E-5,2.049217618203877E-5,2.420290556983022E-5,8.444454006478303E-4,2.6926171399512116E-5,0.002572715941600871,0.054459728457244484,1.9101126397350225E-4,2.0812137433376145E-5,0.037717588007296333,0.003699491994240315,2.5367774295317376E-4,3.345031676022296E-5],[0.0010577305904345175,0.003443590246892377,0.006240032783833014,5.5926534284595E-5,0.00225588537993741,7.851529099218547E-5,3.316254536142613E-5,1.0,8.638987073498743E-4,6.352482475198968E-5,9.563725982294223E-5,0.0010842819734980741,0.0010390847838638603,2.2788583383067946E-4,9.996926325334112E-4,5.8359047830649836E-5,0.002417147954590785,5.0427080741422564E-5,1.257879658157105E-4,9.326465896187956E-5,1.4423379084121316E-5,0.0010645715488576096,4.304546173073864E-5,5.527554831650732E-5,0.0020108281576616395,6.762365251226773E-5,0.011610236274842119,3.499465583692856E-4,1.1143033717765381E-4,9.270990645395168E-5,0.01749040504271371,0.0015113988030695132,0.005204609046310216,1.2916195033598827E-4,0.02027300053798521,5.84833094596695E-5,1.7829728583518015E-4,7.10639023439298E-5,4.6279023941137886E-5,0.0010225527826062423,4.242993427868688E-5,4.561139036834209E-4,0.0012922520793137266,7.887739809450049E-4,6.980669059204568E-5,0.010722263847863503,5.095469292948187E-4,2.8479480169810424E-5,4.6087123952444155E-5,7.363699036019488E-4,2.472091682353527E-5,7.114571417119438E-4,0.05445954993346871,2.919236468105373E-4,3.6994541359071454E-5,0.0027228218615208983,0.0045310431208984295,9.102655663944561E-4,1.012633585911954E-4],[0.0012033724844675068,0.004902854192262931,0.011105701902461846,4.40900466069012E-4,0.0020670858849976877,9.001221993105883E-4,8.669310669146169E-4,8.638987073498743E-4,1.0,5.182414232407181E-4,1.97334158086751E-4,0.004289656447101514,0.00145555666623384,3.949517184138102E-4,0.0011395028582626703,3.743531548885502E-4,0.003495812012044449,9.512558472671805E-5,5.106901353313007E-4,9.59456723886058E-4,4.822099354805408E-4,0.001136803421143916,3.7945853018049266E-4,4.2111846926061566E-4,0.0030686703032793664,9.880238840579974E-4,0.00866692439793031,8.768408018895093E-4,5.895282781505556E-4,8.227937094843468E-4,0.014769837401559528,0.001272706837116275,0.005650666340764279,1.8337933224035424E-4,0.008414041981716852,6.623334583000207E-4,6.335411233108005E-4,2.2153199848673618E-4,9.55482143465315E-4,0.0015205329984097219,0.0010571607969421387,0.0017990297067895403,0.0021776518154407436,0.002334371347932418,8.195305292667298E-4,0.01023561172613225,6.553470534333985E-4,8.556513016906443E-4,0.001031723897223424,0.0011483346057782296,4.102534330682722E-4,0.0022367346032573752,0.010931138495646428,3.5475294691687776E-4,9.551838772825166E-4,0.0477316368846396,0.004941656852516082,0.001221531425924801,3.304517309189439E-4],[0.0011555626949110993,0.002916702766171208,9.853226723269234E-4,1.4322352486562744E-4,3.5934215926659103E-4,1.389234974258474E-4,9.154468914043858E-5,6.352482475198968E-5,5.182414232407181E-4,1.0,1.219745083338323E-4,0.004016242232684616,4.299166445807791E-4,1.5444229337373651E-4,1.9584880383806446E-4,1.113761174584919E-4,0.001453265588646074,6.311878476195128E-5,1.2830687105257535E-4,1.249341123945735E-4,3.743776323299599E-5,0.0010157878775385687,1.134242913550108E-4,1.550192839694315E-4,0.0022955283596144756,1.097307738617891E-4,0.0032144777601206044,1.2609846081232124E-4,1.734908566943194E-4,1.6169132659046154E-4,0.024282143441433167,8.449786718539781E-4,0.0032159154815870183,1.2867924969691902E-4,0.03461321086483531,1.4425055582614212E-4,1.3436478394852485E-4,1.2970841460984767E-4,9.329084803940044E-5,6.453571727798586E-4,2.746931348351423E-5,9.680150433223645E-4,0.002638679398444858,0.002775244353452138,2.3457185925624942E-4,0.007073099627632001,3.933308945586744E-4,6.398376973290507E-5,4.741969850919263E-5,0.001179218220916449,2.7193023265307065E-5,0.001395470712745102,0.030811657722892516,2.1730192124753278E-4,1.7265128239025493E-5,0.003028652945163247,0.0021773678668166215,0.00102160126939783,1.2438725546113833E-4],[3.179667533797357E-4,6.900051426597483E-4,0.0024807338605859373,1.591709659719103E-4,0.00398852521070283,1.6017096952034962E-4,1.4839747377593253E-4,9.563725982294223E-5,1.97334158086751E-4,1.219745083338323E-4,1.0,0.002631910331693158,2.602118756875883E-4,2.3755805852394615E-4,3.195035950079955E-4,1.3602049826148005E-4,0.0028075021631364444,1.3263830681308622E-4,1.5403072270342652E-4,1.51255441473253E-4,1.2153596439608353E-4,8.094440923768044E-4,6.559362599678301E-5,2.1347336127355306E-4,0.0019632147377472175,1.6440933723198026E-4,0.01172452378210577,3.003464388749372E-4,2.1216478645335034E-4,1.743929787089179E-4,0.020107479752633727,5.687237924269476E-4,0.005943081367216733,1.6058952934908197E-4,0.009977864257632887,1.5995590351045182E-4,1.724151914799638E-4,1.598904687118209E-4,1.3432565079365554E-4,0.0021097905579603466,4.379170797776159E-5,0.0015153971755487723,0.0030249852688986195,0.0013442056966249828,1.775035101261978E-4,0.0015375990742426354,4.5396402737381904E-4,1.2641492025246927E-4,6.035416520575301E-5,0.0013143931590130803,1.6368480689793398E-4,0.0017106382278170385,0.011956732890651068,3.0973083597117686E-4,2.3423868721354356E-5,0.002423004673111655,0.005201996848320372,7.649728611569373E-4,1.648553908636369E-4],[0.0031080891752267347,0.007468727781101001,0.01442117054867355,8.388194302609599E-4,0.00556483846897623,0.001812614196639441,0.002909631567503303,0.0010842819734980741,0.004289656447101514,0.004016242232684616,0.002631910331693158,1.0,0.0037802695185520357,0.0037687984880642386,0.0023449745707794308,0.0016967680071432283,0.004391432614706156,1.1858537096944474E-4,0.0021377728797682843,0.005630994151900632,0.003458464380587859,0.0040453527323816,0.0018128757997062923,0.004555649871222337,0.004654989620223675,0.0029833143973927866,0.01610448675777485,0.0016259681013116028,0.003239492419419984,0.003236116978136112,0.009583804691412677,0.0038249623521935784,0.0092831208078194,0.0014504187661845372,0.011753985576342881,0.0016724458692721953,0.0021194572913259884,3.366569304379671E-4,0.002873742464235294,0.004567589744735649,3.680908418921945E-4,0.005745310967779974,0.005804783239279618,0.005614118341021457,0.002965265247023925,0.010497000082742777,0.003172217210494877,0.0010708987327389247,0.005821954885871098,0.003933591279843598,0.003588939647768263,0.005016785009316279,0.04837430810359173,0.0025972552581536214,0.0052089101671960675,0.03377174438644061,0.0058009061298663735,0.0034995299511369456,0.0015662608489635493],[0.001694975355765639,0.0049182245193357035,0.01093450226849732,5.03664528413839E-4,0.0030107339628324893,4.886056209804281E-4,7.051628385288276E-4,0.0010390847838638603,0.00145555666623384,4.299166445807791E-4,2.602118756875883E-4,0.0037802695185520357,1.0,4.90919264145435E-4,0.0011629485006403634,5.578029449569044E-4,0.0033360251494625693,0.001481751867371789,2.4679983364954135E-4,4.266227131478487E-4,0.001281570514972378,0.0012617713120432843,3.99296755004361E-4,0.0018598543863193244,0.003235571494334178,0.001192844180026915,0.008386441723205674,8.555240806325491E-4,0.002013986561864092,7.309195692069706E-4,0.01135416526053107,0.0018946918427861083,0.005945849959398449,2.9991144681533726E-4,0.005676951203763332,0.0013347838834877044,9.686544595667917E-4,8.00984168225326E-4,3.511845955089512E-4,0.0021383668656904053,0.002089564561882434,0.0021176880012964997,0.0023157668065571773,0.0022614978122478123,0.0013047476323507054,0.008887313258228021,0.0016318076208586007,7.831418495411347E-4,4.7730693312191344E-4,0.0014668576247302023,0.0019995692579923446,0.0027315808244191917,0.038026223190482905,0.0018352422665232492,0.0011337273898987632,0.03774883577644149,0.0048812250489436385,0.002050894143236232,5.127310419165041E-4],[7.357379577541878E-4,0.0035919484798256143,0.015118798634180546,1.8931307099519029E-4,7.210879718833202E-4,2.2165408526026397E-4,1.2208639038570213E-4,2.2788583383067946E-4,3.949517184138102E-4,1.5444229337373651E-4,2.3755805852394615E-4,0.0037687984880642386,4.90919264145435E-4,1.0,5.640545528131359E-4,2.6043911472284587E-4,0.001149551909157171,2.011552697243279E-4,2.2964251109084245E-4,1.8966837495941368E-4,2.6122154131343566E-4,4.6499337806385553E-4,1.7209022840802127E-4,2.502916233645458E-4,0.0010754017804224935,1.3171780069699056E-4,0.015425444218025504,3.083262811173419E-4,2.612149400512679E-4,1.8958084001685063E-4,0.027009483808564383,3.859159677118751E-4,0.01040285942142234,1.704284317634298E-4,0.015587708295295268,1.8598959297900518E-4,3.020275186744085E-4,2.523737157396556E-4,1.76800525808135E-4,0.00110861241706646,2.6410542826214915E-4,3.339472237853627E-4,0.00394705948809211,0.00217403327340781,3.0361010530550206E-4,0.001810755942551269,4.3693671408228274E-4,8.318817821764393E-5,1.5398837472550025E-4,0.0013131662815208996,2.0326095390245177E-4,0.0023836238991827895,0.009054341528066544,3.162122843479738E-4,3.8348717393294305E-5,0.011304995711910102,0.0015910870359167795,4.063615359494711E-4,2.0266615661486545E-4],[0.0011843367855834787,0.003880390793907504,0.0055429748722838935,5.471055961308643E-4,0.0027203708075680764,0.0010711612362877168,5.066453507069398E-4,9.996926325334112E-4,0.0011395028582626703,1.9584880383806446E-4,3.195035950079955E-4,0.0023449745707794308,0.0011629485006403634,5.640545528131359E-4,1.0,8.339174693787343E-4,0.0016757666559141988,3.6830475886218903E-4,7.742723286098542E-4,8.074927525840023E-4,3.4554933960146783E-4,0.0011407341467393765,2.8312164621076676E-4,6.701973194748037E-4,0.0027154566897513097,2.997398052936672E-4,0.0024176608176860194,0.001071798390110434,4.114601499324832E-4,0.001148024315689174,0.019698853438975115,0.0013164030563277936,0.00899547792444705,4.0795298808811285E-4,0.018737338341553583,7.375727587065672E-4,9.832823652359778E-4,0.0011511126646999513,5.580941323992533E-4,0.0017125678016093075,6.420457143502463E-4,0.0011542960315746673,0.0025975846370080193,0.0014985945484528626,9.574221165977699E-4,0.0020286107284484345,8.104729508337077E-4,9.956398862259535E-4,2.3825395051739354E-4,0.001232988873791952,1.912897582982748E-5,0.001442509387293053,0.0356672598096311,7.061194907680697E-4,2.0787203231894456E-4,0.05254871455897051,0.004811981901891461,0.0012270859267547074,4.128039145345077E-4],[5.919902188688983E-4,0.00136203212898148,0.012042091175595794,1.1809437685763074E-4,0.003557725425407059,1.0886571538977816E-4,4.161873524428979E-5,5.8359047830649836E-5,3.743531548885502E-4,1.113761174584919E-4,1.3602049826148005E-4,0.0016967680071432283,5.578029449569044E-4,2.6043911472284587E-4,8.339174693787343E-4,1.0,0.0023030432594008336,7.868137724760817E-5,1.119336740771788E-4,1.1120699566741407E-4,1.4601235729310195E-5,6.573461803490433E-4,8.047181948480474E-5,1.6717943191938737E-4,0.0020246437326134855,1.0830814272104621E-4,0.003966533077831113,2.901565190822669E-4,1.9267775902999227E-4,1.1329079853665402E-4,0.002424222875013319,7.47530860897265E-4,0.009745812508351865,1.386480349830351E-4,0.009999581638441654,1.1297194107384628E-4,2.816978186711168E-4,1.1254417310895939E-4,5.066738385923559E-5,0.0015532315337005588,5.240681592597274E-5,0.0010046346986103839,0.001270841308271493,0.0028472336137714297,2.1357993128522123E-4,0.0077544244794768334,5.291337268624543E-4,5.1443813129945966E-5,6.3398692226589E-5,7.693208223087433E-4,8.041604535047461E-5,0.0017843016565184315,0.0108257747876261,1.1395183567905102E-4,3.121516184533E-5,0.051547001915409216,0.0024848450656974924,2.66615837306285E-4,1.1054345584842121E-4],[0.002984765303008812,0.006784613309173484,0.013089644328643468,0.0018814589287213701,0.004037254812024465,0.0013562869697749638,0.0018026051471930827,0.002417147954590785,0.003495812012044449,0.001453265588646074,0.0028075021631364444,0.004391432614706156,0.0033360251494625693,0.001149551909157171,0.0016757666559141988,0.0023030432594008336,1.0,0.0014729161671420867,6.847043843250693E-4,0.0015244523472414506,0.003264407047844406,0.0012665378312149416,0.0014607921526794635,0.0012096227936441025,0.003742356244976034,0.0016173804222203614,0.011536183587684554,0.0022668273112753487,0.0019497502706003506,4.6449330699370125E-4,0.026336431053234938,0.003577786188154248,0.012997251776645142,0.0012852998494040876,0.03022689106588969,0.0034161989412281497,0.0011247329929771688,0.0026284292661607925,0.0032992695593158936,0.0025954472902119416,0.0012593831675314824,0.002832454084959444,0.003698222893846751,0.0034394407209919434,0.0012648880704683807,0.009644195736312217,0.003250883927291659,0.0030968572498505653,0.0032594243725487092,0.0026519175491376656,0.0016170678455891315,0.0035218396069572303,0.005002514713775987,5.715168074987601E-4,0.0011525887278674455,0.03641081744540842,0.0043131919956415615,0.003494154595794395,5.685616805816267E-4],[0.0011811712621879714,0.0030644704023745075,0.014859968910244733,9.820723232704156E-5,0.0033144170958789125,1.4898260661958955E-4,2.9562636293072108E-5,5.0427080741422564E-5,9.512558472671805E-5,6.311878476195128E-5,1.3263830681308622E-4,1.1858537096944474E-4,0.001481751867371789,2.011552697243279E-4,3.6830475886218903E-4,7.868137724760817E-5,0.0014729161671420867,1.0,9.868602709031256E-5,8.923350676231022E-5,4.803729363277622E-5,8.315785615015713E-4,4.113727168764648E-5,8.51206106440003E-5,6.244115920924884E-4,8.404436270698951E-5,0.008454851478716385,3.3496764896057216E-4,1.0413023767507273E-4,1.5543945593868386E-4,0.011039708243933796,6.929859036858723E-5,0.004175674714512835,6.244768239370112E-5,1.243404883305737E-4,5.235261837985554E-5,2.4126199351498596E-4,1.0533357461774102E-4,2.9306791786813547E-5,0.001956696584306066,3.614399966526964E-5,0.0016691445319573493,0.0038664188452346435,9.768273117834701E-4,1.3873659013457528E-4,0.008090002947998061,4.0033377088514256E-4,2.112059529445361E-5,4.3171396068177953E-5,0.0012605093139109863,4.015416181252789E-5,0.0020597925160666837,0.039901399732864225,9.018326378054268E-5,4.9434987329727187E-5,0.03368463323535164,0.004030265686302464,0.0010632219919154617,1.1668004444025248E-4],[0.0011368292013028045,0.005909278046565144,0.00920386525338719,1.4311774138208388E-4,0.00363007875326741,1.387178083756616E-4,1.3000760131898464E-4,1.257879658157105E-4,5.106901353313007E-4,1.2830687105257535E-4,1.5403072270342652E-4,0.0021377728797682843,2.4679983364954135E-4,2.2964251109084245E-4,7.742723286098542E-4,1.119336740771788E-4,6.847043843250693E-4,9.868602709031256E-5,1.0,1.3273537676896914E-4,3.8650172242452144E-5,9.115065821553347E-4,1.0492822564264443E-4,1.692906121493307E-4,2.1107593896447046E-4,1.1016821630981635E-4,0.010793188604453318,5.264420963435449E-4,1.9172600988600686E-4,1.5272481934838026E-4,0.02115990163655347,1.6907058869385967E-4,0.001860959833200252,1.3883276425858613E-4,0.006298928799644034,1.4757425382518494E-4,2.2162129592874754E-4,1.3503692001704378E-4,1.0195956269656167E-4,0.002098762261150307,9.946744909655701E-5,0.0017333223306459033,0.002793504431245575,0.0010474103681660549,1.3800624049837112E-4,0.0027653885138260036,5.079330037037868E-4,9.345010616478387E-5,7.990222022000867E-5,6.049185083998802E-4,3.884933134726198E-5,0.0020005834526103483,0.044886259692313475,1.975429710746644E-4,1.8414040150883717E-5,0.002536718031761788,0.004841136550812846,4.307809028476753E-4,1.263953619138193E-4],[9.601846891831929E-4,0.004828701425188222,0.009753532772884753,1.492048450373098E-4,0.003457299039799964,1.493989876400168E-4,1.057615415965061E-4,9.326465896187956E-5,9.59456723886058E-4,1.249341123945735E-4,1.51255441473253E-4,0.005630994151900632,4.266227131478487E-4,1.8966837495941368E-4,8.074927525840023E-4,1.1120699566741407E-4,0.0015244523472414506,8.923350676231022E-5,1.3273537676896914E-4,1.0,4.951224570329556E-5,0.001099219942284086,7.634479106707399E-5,1.8404101448357495E-4,0.003142706193705577,1.2285875636929483E-4,0.01486670050878329,3.4779156268337046E-4,2.081686101204659E-4,1.4186673103187098E-4,0.0022677071673831047,0.0012603579660443523,0.005889281584028736,1.384827654840797E-4,0.03275641014259461,1.5145804074749448E-4,2.8014133853054867E-4,1.3873922532569013E-4,6.125043709575323E-5,5.59251886291224E-4,3.070994152000313E-5,0.001792263261096278,3.1994483230457586E-4,0.0022980742075380117,2.2718986541544925E-4,0.003388736483404601,3.429460979785324E-4,9.280729221991993E-5,7.238269550369492E-5,3.296032129534286E-4,1.2174719314703104E-4,0.001955261847689407,0.057689293233983495,2.641197700140168E-4,3.551350754679798E-5,0.027591592950922877,0.003071901505730827,9.732210839701335E-4,1.3483508036335435E-4],[0.0010459704820979367,0.006102249729187699,0.002075573154114569,7.776276367681243E-5,5.5491230101939294E-5,1.437331388473011E-4,1.5540953245613633E-5,1.4423379084121316E-5,4.822099354805408E-4,3.743776323299599E-5,1.2153596439608353E-4,0.003458464380587859,0.001281570514972378,2.6122154131343566E-4,3.4554933960146783E-4,1.4601235729310195E-5,0.003264407047844406,4.803729363277622E-5,3.8650172242452144E-5,4.951224570329556E-5,1.0,0.0010774859299095278,3.4128426336359305E-5,1.930319096041932E-4,0.0012407697232128243,1.751495156469291E-5,0.0063935484678248,9.184679829915915E-5,2.324691528065053E-4,7.365581364476511E-5,5.484989093431353E-4,7.271688325771185E-4,0.011899086496444528,1.3251617304978796E-4,0.003151191262868295,1.2038877987332637E-4,2.486307074039629E-4,7.214583564203793E-5,1.1150522071113576E-5,0.0016710975776667162,1.457387014330389E-5,0.0020721321825249326,0.0035330554658482183,8.493352321654801E-4,2.5169449671273275E-4,0.0046557813090939695,1.5723519523761225E-4,1.3337250339175204E-5,1.1011159226592011E-5,0.0011448831497012936,1.5300249995960652E-5,0.001716132847413721,0.015553162155958224,2.302174765734325E-4,1.4852332217002998E-5,0.04177890994936429,1.6629348445531877E-4,5.683453819381631E-4,6.92692981793493E-5],[0.0012160849677083226,0.007259871517871068,0.002201640341275908,4.8669922619207315E-4,0.002989075959951482,7.258980436120359E-4,9.759119907085254E-4,0.0010645715488576096,0.001136803421143916,0.0010157878775385687,8.094440923768044E-4,0.0040453527323816,0.0012617713120432843,4.6499337806385553E-4,0.0011407341467393765,6.573461803490433E-4,0.0012665378312149416,8.315785615015713E-4,9.115065821553347E-4,0.001099219942284086,0.0010774859299095278,1.0,6.610964711883529E-4,7.02331426156973E-4,0.00243670565113397,2.170288144161088E-4,0.008448378223333743,6.779043429880696E-4,0.0010255551037662437,0.0010072984114231744,0.02469220250973187,0.0014404226692568871,0.01178717677445499,6.381366223091396E-4,0.0022020967103513127,9.525506013727515E-4,9.490885273238974E-4,5.441537783354884E-4,2.972491046294108E-4,0.0021499554900803273,7.485137275762364E-4,0.001618812834258283,0.0025693561180771315,0.001542806743393648,0.001066485625781161,0.008681489243234532,6.894760595492295E-4,7.716755469167442E-4,9.701206963907185E-4,0.0014027553781424682,2.3286603289074035E-4,0.0015357071414217455,0.025145606295859067,0.001038458968044426,6.65714721893437E-4,0.007392203045540163,0.004936355851666481,0.0012439460342727172,5.273691218945153E-4],[9.12808289005543E-4,0.0027106711256594442,0.007535610444562168,5.006808926107231E-5,0.003588300418953232,8.820611957804564E-5,3.159634037236153E-5,4.304546173073864E-5,3.7945853018049266E-4,1.134242913550108E-4,6.559362599678301E-5,0.0018128757997062923,3.99296755004361E-4,1.7209022840802127E-4,2.8312164621076676E-4,8.047181948480474E-5,0.0014607921526794635,4.113727168764648E-5,1.0492822564264443E-4,7.634479106707399E-5,3.4128426336359305E-5,6.610964711883529E-4,1.0,2.1846447803175497E-4,6.96661567967686E-5,9.760026943892849E-5,0.010074046177037558,4.8421511807728956E-4,2.3343770148476445E-4,1.7384117112708214E-4,0.01061173872643157,9.153322959148586E-4,0.0054216082828626175,1.2077272336756287E-4,0.016766894665850886,1.2425250996327987E-4,2.0093237003942463E-4,4.9265839739055185E-5,1.7004592292670976E-5,0.0015527576858382717,2.356389510006735E-5,7.572369497158969E-4,0.0027050615047866243,0.0019290703783941413,3.0404506758257974E-4,0.005731901504989528,5.71653599689462E-4,1.8863585047993157E-5,2.963750124906469E-5,0.0011950396544178014,3.4111836641481896E-5,0.0022193772178554006,0.04044021534062615,9.915733438967933E-5,2.7266449888303633E-5,0.04282062622317633,0.005221578251099467,8.063711522202816E-4,1.180886782748207E-4],[0.0010385547670601388,0.005370644369478117,0.011783807317817951,2.0716603697876955E-4,0.001053679785118625,1.6467193808619252E-4,2.2185108166206585E-4,5.527554831650732E-5,4.2111846926061566E-4,1.550192839694315E-4,2.1347336127355306E-4,0.004555649871222337,0.0018598543863193244,2.502916233645458E-4,6.701973194748037E-4,1.6717943191938737E-4,0.0012096227936441025,8.51206106440003E-5,1.692906121493307E-4,1.8404101448357495E-4,1.930319096041932E-4,7.02331426156973E-4,2.1846447803175497E-4,1.0,0.0031644151666336963,2.1581163523298153E-4,0.013612941364777944,5.142093665190368E-4,2.365259015082621E-4,2.0314669374179494E-4,0.021998511383303217,5.268388239753574E-4,0.007952627685867136,2.0077898391677058E-4,0.029453874072312664,1.9952537882076364E-4,2.45363014289261E-4,2.087539666081443E-4,2.13519623983534E-4,0.002376227559333858,2.1376980224901865E-4,4.1920171823847695E-4,0.003305446037410292,0.0011899922453386775,2.910442358562668E-4,0.009201316517844931,3.538721954663152E-4,1.1580250654367475E-4,1.9992697746829742E-4,8.572663335721313E-4,9.556999153404879E-5,9.808785573066595E-4,0.03245933732361087,3.052363569550859E-4,1.2985142623549495E-4,0.04192165441952974,0.0020573142586380617,3.979959399183472E-4,2.0409322977254338E-4],[0.003210220959312571,0.007748182766826785,0.007785580700911089,0.0019176436787350067,0.004037364331012064,6.093929892234247E-4,0.0019779931884063326,0.0020108281576616395,0.0030686703032793664,0.0022955283596144756,0.0019632147377472175,0.004654989620223675,0.003235571494334178,0.0010754017804224935,0.0027154566897513097,0.0020246437326134855,0.003742356244976034,6.244115920924884E-4,2.1107593896447046E-4,0.003142706193705577,0.0012407697232128243,0.00243670565113397,6.96661567967686E-5,0.0031644151666336963,1.0,0.0011646177243409001,0.006063119151407895,6.926754658277607E-4,0.0023115100117837364,0.0013203594670589593,0.023064120511606966,0.0019222300254593096,0.0066020447847126695,2.858801451963242E-4,0.019170663661408488,0.0034200331599349596,0.00148478225110826,0.0015498103534200979,0.002068875572165474,0.003858602619886361,0.003043368373582742,0.002935033503314143,0.0040350329552559586,0.003266159788029364,0.003050462738659151,0.011501607397362371,0.0036093622637316278,0.003110010408203112,0.0030241813644094175,0.0031733411285965202,0.0012551496016162682,0.003002881099033807,0.013345646382785256,0.0035310900305597125,0.0013247910656829973,0.051609112614389996,0.003886321124234162,0.0016911537173882056,0.0033883284348467787],[2.5390313395526787E-4,5.125394828383453E-4,0.010189470365911647,1.2887781051503097E-4,0.003837204855767638,1.312427159958941E-4,5.3896539735643935E-5,6.762365251226773E-5,9.880238840579974E-4,1.097307738617891E-4,1.6440933723198026E-4,0.0029833143973927866,0.001192844180026915,1.3171780069699056E-4,2.997398052936672E-4,1.0830814272104621E-4,0.0016173804222203614,8.404436270698951E-5,1.1016821630981635E-4,1.2285875636929483E-4,1.751495156469291E-5,2.170288144161088E-4,9.760026943892849E-5,2.1581163523298153E-4,0.0011646177243409001,1.0,1.4141979721028552E-4,3.555146740074123E-4,2.3262162190344697E-4,1.6263405683586012E-4,0.005629499559058455,0.001176852053916703,0.010265303352569746,1.4708698519086877E-4,0.018108399687114175,1.3490014530939546E-4,2.4523003274141194E-4,1.346144071110825E-4,6.351052848212054E-5,5.872005746969568E-4,4.190621294439431E-5,0.0016196827616987504,6.717508257340577E-4,0.0012493359563971148,3.028813455820581E-4,0.011423672392210498,3.537033326453437E-4,4.611026425021267E-5,3.82872538931434E-5,8.93705704812093E-4,6.585412872156984E-5,0.0010989113875380784,0.007050045660779852,2.3249256490716182E-4,5.091246584022119E-5,0.04708138312296374,0.0014403240850897002,4.679117263334306E-4,1.1200322518576113E-4],[0.00669083502464841,0.012179700753110078,0.016526947527329965,0.010468030127015741,0.005630478561729851,0.005576657868813692,0.012138797760341595,0.011610236274842119,0.00866692439793031,0.0032144777601206044,0.01172452378210577,0.01610448675777485,0.008386441723205674,0.015425444218025504,0.0024176608176860194,0.003966533077831113,0.011536183587684554,0.008454851478716385,0.010793188604453318,0.01486670050878329,0.0063935484678248,0.008448378223333743,0.010074046177037558,0.013612941364777944,0.006063119151407895,1.4141979721028552E-4,1.0,0.0011542698533768408,0.015604124179284763,0.002530979405731212,0.016883765448670977,0.015395150547779136,0.01637897044561905,0.005303768592068786,0.035450776783795254,0.002974365502937299,0.001499508222926992,0.01567905794184143,0.008906312809239276,0.009742784393066682,0.0076614397263226755,0.008945370183724027,0.012033717470766005,0.014690903962586328,0.005792140233734491,0.0165608796659292,0.01065226607685666,0.009197456104113136,0.012034989058467355,0.01056591232477076,0.014101476509900254,0.008138025770660997,0.0371710357203045,0.009472598735445314,0.0028040579598289646,0.05410947087916944,0.008292849318014574,0.013939372378188427,0.01240024695681591],[9.724366842807034E-4,0.0016054266857724192,0.010028382528267828,4.0220258728003493E-4,0.0026947017368745482,5.143826282509017E-4,1.2589624958970097E-4,3.499465583692856E-4,8.768408018895093E-4,1.2609846081232124E-4,3.003464388749372E-4,0.0016259681013116028,8.555240806325491E-4,3.083262811173419E-4,0.001071798390110434,2.901565190822669E-4,0.0022668273112753487,3.3496764896057216E-4,5.264420963435449E-4,3.4779156268337046E-4,9.184679829915915E-5,6.779043429880696E-4,4.8421511807728956E-4,5.142093665190368E-4,6.926754658277607E-4,3.555146740074123E-4,0.0011542698533768408,1.0,2.4329841004198626E-4,5.186098497465479E-4,0.0055094951592235385,6.983521115311908E-4,0.0080728235404413,4.629839972939385E-4,0.025366027836573195,2.1840777860010946E-4,5.315964547895225E-4,4.893182132455769E-4,3.7236996309542063E-4,0.0017596206299310112,1.6991085069334737E-4,0.0015093357246682682,0.0011952413551643433,0.0022730667144516313,3.7764831503650785E-4,0.004657874102124215,5.626694721311177E-4,2.584428494505505E-4,1.1421744605931498E-4,0.0012125107079966376,2.9581396611086944E-4,9.407018442945381E-4,0.017549087394852197,4.780701314750659E-4,1.3590205849130834E-4,0.05104479022769417,0.004556654268836818,7.64675463268128E-4,1.3287106697971272E-4],[6.019147791081855E-4,0.0028985324461094273,0.004525538130943603,2.279256131869646E-4,0.00238387156066686,1.6979344394261371E-4,1.8153229568522016E-4,1.1143033717765381E-4,5.895282781505556E-4,1.734908566943194E-4,2.1216478645335034E-4,0.003239492419419984,0.002013986561864092,2.612149400512679E-4,4.114601499324832E-4,1.9267775902999227E-4,0.0019497502706003506,1.0413023767507273E-4,1.9172600988600686E-4,2.081686101204659E-4,2.324691528065053E-4,0.0010255551037662437,2.3343770148476445E-4,2.365259015082621E-4,0.0023115100117837364,2.3262162190344697E-4,0.015604124179284763,2.4329841004198626E-4,1.0,2.2815501022119763E-4,0.024786999629274917,6.496203482520784E-4,6.539983839221962E-4,1.698341714876769E-4,0.030169575169550118,1.547284455209623E-4,2.911961758431373E-4,2.2913971931356984E-4,3.9702917648069145E-5,0.0024552928261772204,6.059865356228768E-5,0.0012897451221378765,0.0034497366111532596,0.002403354925994878,2.749538091075153E-4,0.009225707930548223,2.495085238773078E-4,1.4043805298681144E-4,1.6836375701745208E-4,0.0010070869909535275,1.6393026285611088E-4,5.425747107478354E-4,0.004616510686726176,2.468295883029745E-4,1.583185160552736E-4,0.02768038037154346,3.768229649159941E-4,8.926838240906808E-4,2.1960207656473096E-4],[8.267438809301424E-4,4.755267876300836E-4,0.01025519288678478,1.5612036396567443E-4,0.004044419266858942,1.6971035568208207E-4,1.4053668065713894E-4,9.270990645395168E-5,8.227937094843468E-4,1.6169132659046154E-4,1.743929787089179E-4,0.003236116978136112,7.309195692069706E-4,1.8958084001685063E-4,0.001148024315689174,1.1329079853665402E-4,4.6449330699370125E-4,1.5543945593868386E-4,1.5272481934838026E-4,1.4186673103187098E-4,7.365581364476511E-5,0.0010072984114231744,1.7384117112708214E-4,2.0314669374179494E-4,0.0013203594670589593,1.6263405683586012E-4,0.002530979405731212,5.186098497465479E-4,2.2815501022119763E-4,1.0,0.015632234112863713,8.011053438438851E-4,8.915445307057016E-4,1.5530270287769966E-4,0.027247250384307926,1.6436446006135743E-4,2.7889137816971096E-4,1.7050126718032212E-4,1.0697341698077275E-4,0.001856384483606978,1.2832885912918767E-4,0.0013483636810007664,0.0010446054353209146,9.259673373038164E-4,2.5353107621618656E-4,0.009772785948771788,2.632144830125642E-4,1.482676185750146E-4,1.4454169056439114E-4,7.175423814104718E-4,1.3214806681711053E-4,7.982939965009322E-4,0.0018795395188438157,3.220689784112597E-4,1.5884010323355028E-4,0.008793204594788722,0.003001059485044487,5.924019956633883E-4,1.669102146526932E-4],[0.006950899675420568,0.02311196455929786,0.027005763475496075,0.00413020863477396,0.022042771667617343,0.026348588650117515,0.025498613595274423,0.01749040504271371,0.014769837401559528,0.024282143441433167,0.020107479752633727,0.009583804691412677,0.01135416526053107,0.027009483808564383,0.019698853438975115,0.002424222875013319,0.026336431053234938,0.011039708243933796,0.02115990163655347,0.0022677071673831047,5.484989093431353E-4,0.02469220250973187,0.01061173872643157,0.021998511383303217,0.023064120511606966,0.005629499559058455,0.016883765448670977,0.0055094951592235385,0.024786999629274917,0.015632234112863713,1.0,0.006540200796557151,0.02441292265862268,0.012867448167910451,0.027589365165224467,0.009496243412951383,0.015614580932147914,0.010036144923116913,0.019522301676291938,0.022723181844253496,0.017579404673968818,0.004203835631367664,0.010304190310854902,0.02069152635202058,0.019109056838602444,0.01754266106764262,0.02609451969116247,0.019904317247096917,0.005738496115414262,0.017009755540247463,0.007471336295492192,0.01092337362127572,0.03152839941302205,0.025747490027650043,0.0056380328204391275,0.03452072297176205,0.005978168840436479,0.02560274727009305,0.001778740336908295],[0.0014559343640713842,0.002606368633478743,0.014011547075242294,3.628027404136735E-4,0.00393691511938013,0.0011566304427898717,6.517978345189785E-4,0.0015113988030695132,0.001272706837116275,8.449786718539781E-4,5.687237924269476E-4,0.0038249623521935784,0.0018946918427861083,3.859159677118751E-4,0.0013164030563277936,7.47530860897265E-4,0.003577786188154248,6.929859036858723E-5,1.6907058869385967E-4,0.0012603579660443523,7.271688325771185E-4,0.0014404226692568871,9.153322959148586E-4,5.268388239753574E-4,0.0019222300254593096,0.001176852053916703,0.015395150547779136,6.983521115311908E-4,6.496203482520784E-4,8.011053438438851E-4,0.006540200796557151,1.0,0.01273048171271361,0.001475481817848232,0.0033446843357892056,6.222137527170952E-4,7.450559470181889E-4,0.0010371444356956523,1.563620444158046E-4,0.0023074566362509736,0.0013524556649309439,0.0020654218821156466,0.0021276234758007767,0.0023945586351972947,0.0011856718674548882,0.011704875674162568,8.158095622784881E-4,6.38706320308691E-4,8.369762634631916E-4,0.001573306828080167,9.708230661063286E-4,0.0019027840560724358,0.011791059354992165,6.280703403862911E-4,6.772684054091522E-4,0.043092094040901245,0.002064006959292819,0.0015819643107606403,9.315159037550776E-4],[0.002280270922199885,0.009785167878392861,0.013700781791186981,0.007461686168049726,0.012843647526940267,0.005533647218277534,0.0077073656764348394,0.005204609046310216,0.005650666340764279,0.0032159154815870183,0.005943081367216733,0.0092831208078194,0.005945849959398449,0.01040285942142234,0.00899547792