[[1.0,2.2001105851768085E-4,2.7390756264553123E-4,0.005248810091389265,9.194287081534885E-4,4.224395346431167E-4,4.341472100201821E-4,3.5495175002129615E-4,2.918104646267129E-4,2.4335956657635556E-4,4.679936429770959E-4,2.3739105471579748E-4,1.4688800863879033E-4,2.2639093246506047E-4,1.4603921226812014E-4,1.422805588149414E-4,0.004022012705413034,0.0011148062049374803,1.8390368168535206E-4,1.4457769080137507E-4,2.3524981031582397E-4,1.8544300854174276E-4,1.9149550057878125E-4,2.2839494841504323E-4,0.003331223549155695,9.906864409252462E-5,3.1736999334601337E-4,2.4276681557171682E-4,4.926879882186516E-4,1.912284616079903E-4,0.0026050930289932147,2.4436399842534527E-4,1.731515161508209E-4,2.1206267162084878E-4,6.67330925622624E-4,0.009764366541914486,0.0044762548588256935,5.675628279971067E-5,6.79824394680282E-4,2.3141652345917338E-4,0.005809204114945124,1.4142356192857578E-4,0.0015628859263709764,2.4236865587713935E-4,0.019554090315684555,4.7181347615197594E-4,0.026462556569640684],[2.2001105851768085E-4,1.0,6.048349079479802E-4,0.0036104786556623823,9.744164392993398E-4,4.0856407202131625E-4,7.891742291031979E-4,2.0635705153459116E-4,6.201792395070496E-4,2.0804755139075835E-4,4.953863948379989E-4,3.192591148818409E-5,1.6088809385643544E-4,1.4899575874512236E-4,1.2272958037606025E-4,1.1312615257988087E-4,0.009329136214121625,6.4305445986907E-4,1.6988446206515385E-4,1.8251569655622262E-4,1.848127291112465E-4,1.5794244835931699E-4,1.3387326015425487E-4,1.722008737073124E-4,0.0029566880341162305,6.987702845662881E-5,3.413622597660069E-4,2.303196804779908E-4,2.5139638794702295E-4,1.6689369486937194E-4,0.010107846227876588,2.2752638942826094E-4,8.15844796690355E-5,1.5166893780125515E-4,0.0015592104160268043,0.007646734258312405,0.006858150000362991,7.332275215961E-5,9.404133621387664E-4,6.020812925078986E-5,0.005049429349476346,1.7388368309621672E-4,0.0014622189350067109,2.2806125956785045E-4,0.023043740276601617,0.0017538632081881373,0.002840337961328331],[2.7390756264553123E-4,6.048349079479802E-4,1.0,0.004734067389332876,0.003068803045658851,0.0038322721073959323,0.003020411757082877,0.0013979347585239014,0.0030026019136386558,2.8570934684553746E-4,0.002734702223857811,8.853718214815299E-4,0.0024470447030605883,0.0032955592723396196,0.0019941330189735327,0.0028703301734972608,0.013561202987191124,0.002840394547859439,0.0032656687823979813,0.0023189914588537825,0.0019430096972427738,0.0015911945614381009,0.002548767502933966,0.0017297614361481473,0.004878645212587299,0.001955796547485329,0.0023040131931161352,9.191194475049986E-4,0.0028149279173740153,0.0014354384940401027,0.009396922047298487,0.0025321230728164506,7.657462159343605E-4,3.1648548095465824E-4,0.002214519578870474,0.009912223247959023,0.0048708705930993025,3.115325095853164E-4,0.0014705546881467093,0.0016357386265462752,0.00619444347054642,0.0021505482395560234,0.003289914183055226,0.0023110007625388477,0.017041036168522435,0.0030868731198405745,0.018390985198394258],[0.005248810091389265,0.0036104786556623823,0.004734067389332876,1.0,0.0022810212520909005,0.005521146219117779,0.0019061164753035637,0.004830501929346318,0.005582283035600391,0.003387544811256277,0.004674709703855974,7.202804122846886E-4,0.0016804118713358751,0.002020904214221955,0.0020272748489112793,0.0046399649848957785,0.013936197480951686,0.004126242819649634,0.0011007057413824808,0.004951053541999368,0.0017812121145917886,0.0013079189504089086,0.001393414457786836,0.0018964989138685162,0.0061893395721815654,0.005664167695996535,0.003747600728625151,0.005836035314606551,0.0036978198779884825,0.001251833188521325,0.010083425539667719,2.7047269291573896E-4,0.003599273108746841,7.972639439552657E-4,0.005414827239399113,0.011882482530606097,0.006011255674227454,0.0035900779608918384,0.005113347318622205,0.002685084929136411,0.005933263050107688,0.0012267596579536148,0.002278959455131035,0.0025588975247066176,0.007493332612075624,0.003459695233163326,0.026227568233940263],[9.194287081534885E-4,9.744164392993398E-4,0.003068803045658851,0.0022810212520909005,1.0,6.593258387606459E-4,0.0011247131720355176,8.114020874289399E-4,0.0012062950789170502,6.881500012537158E-4,9.343223067261718E-4,3.024522985953796E-4,5.458544059839123E-4,9.370723948720341E-4,4.230388779125745E-4,8.293059630037617E-4,0.002829601751638376,0.0016609647000603157,0.0010761992643029098,2.0215952872900376E-4,2.4597541376488894E-4,4.0949438730678164E-4,7.768090263515182E-4,0.0010006282376170523,0.009007473910584799,5.460467562119837E-4,7.429993791326656E-4,8.61534887952331E-4,0.001075942178859893,5.880930441656751E-4,0.0013892021512932923,7.59370212569399E-4,3.590932526764231E-4,3.393675156727832E-4,0.0018863060696013437,0.008284713992481114,0.007699624922579933,2.1268402881267418E-4,0.001193118680802633,7.801432826433739E-4,0.003473295707055168,8.295846187852559E-4,0.0012861462252956096,4.124986431671974E-4,0.010870714720119315,0.0013790051259395563,0.01776833629618712],[4.224395346431167E-4,4.0856407202131625E-4,0.0038322721073959323,0.005521146219117779,6.593258387606459E-4,1.0,8.127933053149788E-4,4.514057635277465E-4,6.670351426151657E-4,2.7110910147121675E-4,6.315036749314162E-4,3.2217416876775096E-4,4.370184930464682E-4,1.7912788751639E-4,3.0858259454060614E-5,2.521404728171162E-4,0.010080925779672326,0.0015937321020403866,1.6885129636270955E-4,1.472709915771064E-4,2.0864692502041573E-4,3.9874715422418005E-4,4.143105321485393E-4,3.6946110628470447E-4,0.008409881123343017,3.393066843713298E-4,4.2933516199261E-4,3.9875879738220153E-4,5.160275425416111E-4,3.9498321163069545E-4,0.0019654108816946486,4.2957550458687713E-4,2.3952349113052379E-4,2.2837851211888994E-4,0.0011576877419130225,0.007322503259420448,6.608798610490002E-4,2.1454056144089905E-4,7.038774179524928E-4,5.0952479886193306E-5,0.004001513211938748,3.82747805225316E-4,9.614800412116465E-4,4.405151745811935E-4,0.017736598835564388,6.699197129066094E-4,0.017244031898481324],[4.341472100201821E-4,7.891742291031979E-4,0.003020411757082877,0.0019061164753035637,0.0011247131720355176,8.127933053149788E-4,1.0,8.844315077306201E-4,0.0011166949712305815,5.127375183230286E-4,0.00100525665523237,2.9863649318104057E-4,5.244702619543842E-4,5.590630465662113E-4,8.819851555919588E-4,9.35939077642494E-4,0.00650953552722542,0.0015387153165808542,3.562080912346172E-4,5.200968857080623E-4,0.001027284630264729,1.5109887695363697E-4,3.754243949295567E-4,5.865148987161379E-4,0.0053830362729391104,3.2728406273066756E-4,8.7142704051271E-4,8.970146712910799E-4,0.0010702460523117356,6.683935060445869E-4,0.003685749577601202,0.0010404719073031571,7.818385218110608E-4,7.736220363661126E-4,0.0015627613565246696,0.012876102537464296,0.00619864231630252,5.498478441186409E-4,0.0011378327685270932,2.7397803528700246E-4,0.003829420342941176,6.510852486462E-4,0.0014081109131310345,0.0010147901780090483,0.00930732218028584,0.001326025044813139,0.017051162436298995],[3.5495175002129615E-4,2.0635705153459116E-4,0.0013979347585239014,0.004830501929346318,8.114020874289399E-4,4.514057635277465E-4,8.844315077306201E-4,1.0,0.001078094085812396,3.514424837853033E-4,6.545672996679927E-4,4.068676582018235E-4,3.8006749772872075E-4,2.9510994832677897E-4,2.293754489177665E-4,3.460588257336787E-4,0.008663898908910393,6.030889932541805E-4,1.5592552736636594E-4,4.6344457936982856E-4,4.1048604413836587E-4,3.610125960732998E-4,1.5161540063254148E-4,3.0207556738725687E-4,0.009367668574922636,1.2125542537818476E-4,3.977427109713226E-4,4.036602130596809E-4,9.676204100977722E-4,1.3238394545014197E-4,0.007668601154462589,4.3831570943025325E-4,2.48242205495806E-4,2.0821221426838411E-4,0.0010064012711513267,0.007856770443043382,0.004445561484028327,1.0741625726287549E-4,6.007130969389496E-4,3.3363913984389134E-4,9.745035289761482E-4,3.9446443821983994E-4,0.0010497023892685371,3.2750655604818756E-4,0.026302184794638184,0.001344522113036022,0.0052641599329699],[2.918104646267129E-4,6.201792395070496E-4,0.0030026019136386558,0.005582283035600391,0.0012062950789170502,6.670351426151657E-4,0.0011166949712305815,0.001078094085812396,1.0,4.362343350568478E-4,9.699743580750345E-4,0.0011193917178122462,4.952766632624785E-4,1.6183768912857255E-4,6.725444735194751E-4,4.902543247503799E-4,0.009892050110684482,0.001269007945929528,9.011545787058536E-4,3.280342922472955E-4,0.0010301628530628882,6.915072454981601E-4,4.3215628940539017E-4,0.0011136103157221714,0.0036416264126016133,3.991900310419182E-4,4.869608030232565E-4,9.606278625382617E-4,0.001167946597245949,0.001025687334127986,0.006897376222083904,9.412691797236613E-4,7.890083637475203E-5,9.579636883002429E-4,0.0012295379841244832,0.0077199648247462055,0.005732154791045333,9.189893245074008E-4,0.0012047778971048012,8.121592553370468E-4,0.0030311862379118087,4.02352846231488E-4,0.0014110485908165745,4.770316391512828E-4,0.02566042184937728,0.0012952148028160144,0.03990226558384908],[2.4335956657635556E-4,2.0804755139075835E-4,2.8570934684553746E-4,0.003387544811256277,6.881500012537158E-4,2.7110910147121675E-4,5.127375183230286E-4,3.514424837853033E-4,4.362343350568478E-4,1.0,3.94886349671804E-4,5.0710019142977656E-5,1.9142682191581253E-4,1.6417328166317782E-4,4.6333670484265376E-5,1.777313329999027E-4,0.00252678269735999,6.510633112922735E-4,2.0203636078313433E-4,1.573183765381411E-4,1.9489606445059624E-4,1.4211048707286596E-4,2.2579810310219278E-4,2.123984750578193E-4,0.005856700953142796,1.2338922660675764E-4,3.3238704793695927E-4,2.4506067792358116E-4,5.54608995428666E-4,2.129499672676066E-4,0.002170571487991471,2.495678244981394E-4,1.2185749472323136E-4,1.4095609753093127E-4,0.001620528138661048,0.0058813767401320795,0.006900369023469447,1.7237186211114085E-4,0.0011693230998159859,1.9834743546120426E-4,0.0041914652322380215,1.9749260602720497E-4,9.47657295180847E-4,2.4974242093320204E-4,0.025891916876501084,0.0017324244129194029,0.03692310852867802],[4.679936429770959E-4,4.953863948379989E-4,0.002734702223857811,0.004674709703855974,9.343223067261718E-4,6.315036749314162E-4,0.00100525665523237,6.545672996679927E-4,9.699743580750345E-4,3.94886349671804E-4,1.0,6.523994723985055E-4,3.88080415160121E-4,2.3778112478212046E-4,6.321960631607416E-4,7.343807757282438E-4,0.004758227495608399,0.0012374182542658461,4.919078168193295E-4,4.962211756933443E-4,6.546070963141786E-4,8.922424129460801E-4,5.388637475204546E-4,6.199746699456162E-4,0.005617923574933996,3.0538950270219583E-4,5.87502272748353E-4,3.2786230818987927E-4,0.0010349376329655692,1.868242433365539E-4,0.0031129766974099657,2.925743950617857E-4,3.34635780622071E-4,6.26553000401553E-4,0.0016765136889524005,0.011342486182198474,0.005017557216905129,1.95883765053916E-4,0.0010175397528324312,8.453668307224307E-4,0.005481410291069841,5.197663367116274E-4,0.0014520966361799463,8.064082561503928E-4,0.009619560837195977,0.0017613789031177929,0.033233759667365824],[2.3739105471579748E-4,3.192591148818409E-5,8.853718214815299E-4,7.202804122846886E-4,3.024522985953796E-4,3.2217416876775096E-4,2.9863649318104057E-4,4.068676582018235E-4,0.0011193917178122462,5.0710019142977656E-5,6.523994723985055E-4,1.0,9.121936391111325E-5,9.200030171444191E-5,1.8047842113757055E-5,6.866791557103073E-5,0.006910059747684454,2.735823372203715E-4,1.225659776086426E-4,9.562388280923071E-5,2.5606082327818345E-5,1.1564191214445934E-4,2.816808092649755E-5,1.261705554784602E-4,0.005899446441538923,1.4396444561142824E-5,3.5620803775395215E-4,1.7051572707914216E-4,1.4031598640265223E-4,1.0427928135859938E-4,0.010390923865210807,1.0133134863454786E-4,3.1626337427890125E-5,4.624398313872745E-5,0.0016974955635876954,0.00790705340082928,0.0033471291121778654,1.4035471096016469E-5,1.6908433518329232E-4,1.9369706283183113E-5,0.0062265329380515105,1.828066699838785E-5,0.0013064583099239987,1.8191098911761195E-4,0.021686271851863066,0.0017038201233079084,0.03780918972762131],[1.4688800863879033E-4,1.6088809385643544E-4,0.0024470447030605883,0.0016804118713358751,5.458544059839123E-4,4.370184930464682E-4,5.244702619543842E-4,3.8006749772872075E-4,4.952766632624785E-4,1.9142682191581253E-4,3.88080415160121E-4,9.121936391111325E-5,1.0,1.3361589022723558E-4,1.1381297389433955E-4,1.1765030928252495E-4,0.003139050432987655,3.537749721472658E-4,1.3383767421765145E-4,1.3825518046148985E-4,1.4802032253772562E-4,1.338427216369336E-4,1.332360763297817E-4,1.3400661098769546E-4,0.0019645225819629386,6.596671897569434E-5,3.0751865344330435E-4,1.4353365810155917E-4,3.148388991665942E-4,1.1191594878138141E-4,0.005394154253140947,1.5309058892884697E-4,1.2847201071804415E-4,1.2049893019118459E-4,3.3022261652781E-4,0.012828715720104876,0.003920157247930554,1.2474882244046035E-4,4.815990667097692E-4,5.472698208381598E-5,0.006181328761494374,2.1419223708297688E-5,6.040809350108109E-4,2.308298137618951E-4,0.015316987291754335,5.001293041920846E-4,0.0046472696588612614],[2.2639093246506047E-4,1.4899575874512236E-4,0.0032955592723396196,0.002020904214221955,9.370723948720341E-4,1.7912788751639E-4,5.590630465662113E-4,2.9510994832677897E-4,1.6183768912857255E-4,1.6417328166317782E-4,2.3778112478212046E-4,9.200030171444191E-5,1.3361589022723558E-4,1.0,1.0072494727002031E-4,1.2203236187875035E-4,0.0016539672283505294,2.2089575681645066E-4,1.339329959096681E-4,1.3390764654920407E-4,1.344656800324065E-4,1.3482875707415437E-4,1.2250345829522424E-4,1.3380763879410775E-4,0.004400057926514194,8.994161290379334E-5,2.0559072739450928E-4,1.612939831283646E-4,2.192225669048004E-4,1.2765941035281493E-4,0.003408135511979617,2.316817292733886E-4,6.361095566046435E-5,1.1252814167633001E-4,0.0015623051496995622,0.0019061176526895117,0.00281252915302388,5.5957413452749664E-5,5.831124551343467E-4,8.653985565934571E-5,0.005626329493616706,6.84965451530746E-5,0.0012100482765235786,1.9843332380308626E-4,0.023977886148904753,4.962264287539384E-4,0.036119771690160056],[1.4603921226812014E-4,1.2272958037606025E-4,0.0019941330189735327,0.0020272748489112793,4.230388779125745E-4,3.0858259454060614E-5,8.819851555919588E-4,2.293754489177665E-4,6.725444735194751E-4,4.6333670484265376E-5,6.321960631607416E-4,1.8047842113757055E-5,1.1381297389433955E-4,1.0072494727002031E-4,1.0,9.799262555116193E-5,0.008776473163884904,0.0016518188946367963,1.0099676747988115E-4,6.503710119543192E-5,3.327349100841905E-5,1.2803363036101978E-5,8.695440898634599E-5,1.9537802520804903E-5,0.001994033904152334,1.2388422209784518E-5,5.308141875568588E-5,3.2500921340712366E-5,8.905000103980965E-4,1.044757265995037E-4,0.005383831534148653,1.6251797115259664E-4,3.191466560974302E-5,5.2966448415605484E-5,0.0013011811792043018,0.013137493579531702,0.008429206859076312,1.2547376931534125E-5,8.547791518992032E-4,1.365997189781085E-5,0.003103192961693112,1.4066636975073307E-5,0.0012388947173012311,2.2066415941389794E-4,0.01951693345275231,0.001290170116242697,0.028517193082113815],[1.422805588149414E-4,1.1312615257988087E-4,0.0028703301734972608,0.0046399649848957785,8.293059630037617E-4,2.521404728171162E-4,9.35939077642494E-4,3.460588257336787E-4,4.902543247503799E-4,1.777313329999027E-4,7.343807757282438E-4,6.866791557103073E-5,1.1765030928252495E-4,1.2203236187875035E-4,9.799262555116193E-5,1.0,0.0025557509677127553,5.690425667914139E-4,1.255827979476383E-4,1.2196458032839732E-4,1.550600370230086E-4,1.2265028379905124E-4,1.0529849195375044E-4,1.276594532041772E-4,0.0014224433791354156,1.0039083704863163E-4,2.620379176049249E-4,1.100450878533285E-4,9.446505171368737E-4,1.009528241947462E-4,0.007532353280907168,1.01509675699203E-4,6.787086492473382E-5,1.0243380846533931E-4,4.4905751210698377E-4,0.006192813279337821,0.0032849741639816576,7.803732030359323E-5,9.045781355201788E-4,4.653504878850144E-5,0.0025351847709626524,8.954599319204388E-5,0.001466288510752616,2.523652746161347E-4,0.014004368891752692,0.0011400354523636825,0.006744209692675936],[0.004022012705413034,0.009329136214121625,0.013561202987191124,0.013936197480951686,0.002829601751638376,0.010080925779672326,0.00650953552722542,0.008663898908910393,0.009892050110684482,0.00252678269735999,0.004758227495608399,0.006910059747684454,0.003139050432987655,0.0016539672283505294,0.008776473163884904,0.0025557509677127553,1.0,0.01286674094113802,0.0027129693661485112,0.0027884115443580788,0.004288744586458769,2.69220648342829E-4,0.003312165267892337,0.006495620654647272,0.013436903756653188,0.011702023616686284,0.007811500551564553,0.0018254409420231247,0.0035621453610716045,0.0016302684406639147,0.014000125264298481,0.014007998823861353,0.0023468820720156376,4.5292732622988956E-4,0.004949591500567969,0.013840350584247395,0.011768310457428651,0.01246227314952286,0.001505564428534875,0.008423516640552575,0.007115551483489443,0.008425628931190834,0.013289347738072865,9.214043961664648E-4,0.02367337110235647,0.01350794540446433,0.02107970510175313],[0.0011148062049374803,6.4305445986907E-4,0.002840394547859439,0.004126242819649634,0.0016609647000603157,0.0015937321020403866,0.0015387153165808542,6.030889932541805E-4,0.001269007945929528,6.510633112922735E-4,0.0012374182542658461,2.735823372203715E-4,3.537749721472658E-4,2.2089575681645066E-4,0.0016518188946367963,5.690425667914139E-4,0.01286674094113802,1.0,3.915088212222906E-4,0.0017092800460760983,4.1247903095706503E-4,0.0012455630637749932,0.0012879164759226835,0.0013697868169845744,0.0033677479761915815,3.8156681956190344E-4,7.84324872124246E-4,6.175172854689253E-4,0.0013752621260379617,0.0010349555706497498,0.006474423568568836,9.733655023447581E-4,3.086015918922067E-4,1.478191805506038E-4,0.0018252994255721316,0.012258518980168744,0.005384948463324787,0.0012308153289662394,0.0017676190078853068,0.0017214277119149315,0.004290912475120276,1.8685293985028803E-4,0.0017534132836861877,0.0011757383247056493,0.015178698301523637,0.0018170824627399705,0.03252958629417014],[1.8390368168535206E-4,1.6988446206515385E-4,0.0032656687823979813,0.0011007057413824808,0.0010761992643029098,1.6885129636270955E-4,3.562080912346172E-4,1.5592552736636594E-4,9.011545787058536E-4,2.0203636078313433E-4,4.919078168193295E-4,1.225659776086426E-4,1.3383767421765145E-4,1.339329959096681E-4,1.0099676747988115E-4,1.255827979476383E-4,0.0027129693661485112,3.915088212222906E-4,1.0,1.3431350655621679E-4,1.3862694578499355E-4,1.343992106539218E-4,1.308292655796026E-4,1.356513891620846E-4,0.007885793751969293,3.7214583215902655E-5,3.454911380823796E-4,1.6745492944624017E-4,4.6057014667344535E-4,1.2901537706860747E-4,0.006487327903860728,1.5117042796438507E-4,1.056496377143915E-4,1.3049123876014945E-4,6.101319808165488E-4,0.005013603866785021,0.0085691062052756,1.0112767678246938E-4,8.507409726462971E-4,1.1898359931625143E-4,0.0011212203018873034,7.722675821084263E-5,0.001117153619106788,1.9293571233696105E-4,0.015261576932229405,7.671800276467713E-4,0.033348362313993574],[1.4457769080137507E-4,1.8251569655622262E-4,0.0023189914588537825,0.004951053541999368,2.0215952872900376E-4,1.472709915771064E-4,5.200968857080623E-4,4.6344457936982856E-4,3.280342922472955E-4,1.573183765381411E-4,4.962211756933443E-4,9.562388280923071E-5,1.3825518046148985E-4,1.3390764654920407E-4,6.503710119543192E-5,1.2196458032839732E-4,0.0027884115443580788,0.0017092800460760983,1.3431350655621679E-4,1.0,1.6644111678204077E-4,1.4014856595754736E-4,1.1511608239013374E-4,1.4254919048655923E-4,0.00893051361903063,4.424778368103024E-5,3.5809367032814437E-4,1.4920315164904306E-4,0.00104659299810213,1.212162094487066E-4,0.006685234107632312,2.4682415954465454E-4,1.211882646157848E-4,1.3358660794893966E-4,0.0010886425263374213,0.008365676091554912,0.002426670666956276,1.109512994350506E-4,0.0010594309953296773,7.72509505509407E-5,0.002874220301354414,4.345767172704138E-5,0.001301435670292146,1.6553561579741598E-4,0.006583144064310598,4.3703251270854485E-4,0.04009716421061998],[2.3524981031582397E-4,1.848127291112465E-4,0.0019430096972427738,0.0017812121145917886,2.4597541376488894E-4,2.0864692502041573E-4,0.001027284630264729,4.1048604413836587E-4,0.0010301628530628882,1.9489606445059624E-4,6.546070963141786E-4,2.5606082327818345E-5,1.4802032253772562E-4,1.344656800324065E-4,3.327349100841905E-5,1.550600370230086E-4,0.004288744586458769,4.1247903095706503E-4,1.3862694578499355E-4,1.6644111678204077E-4,1.0,1.466733472528195E-4,1.2039811860985449E-4,1.4495830859745577E-4,0.007719232616434551,1.7450956951783844E-5,1.9557583334010785E-4,2.20532311479264E-4,6.0235848340381E-4,1.2905194922773424E-4,0.007290027909454938,2.0502908833749364E-4,1.7235727521994117E-4,1.5941776386040523E-4,0.0014474125978922406,0.010095397743501199,0.0016474454099074784,1.7243521134947598E-5,8.659363627847935E-4,6.933607906414315E-5,0.00609350848628119,1.0948518617391377E-4,8.929032904833733E-4,2.1475790943609744E-4,0.006317367991817598,0.001402061578432696,0.03912165725504955],[1.8544300854174276E-4,1.5794244835931699E-4,0.0015911945614381009,0.0013079189504089086,4.0949438730678164E-4,3.9874715422418005E-4,1.5109887695363697E-4,3.610125960732998E-4,6.915072454981601E-4,1.4211048707286596E-4,8.922424129460801E-4,1.1564191214445934E-4,1.338427216369336E-4,1.3482875707415437E-4,1.2803363036101978E-5,1.2265028379905124E-4,2.69220648342829E-4,0.0012455630637749932,1.343992106539218E-4,1.4014856595754736E-4,1.466733472528195E-4,1.0,1.3182274942474776E-4,1.3615643653703443E-4,0.008557738390614477,1.259890476266699E-4,2.3791675730614045E-4,1.66341573479873E-4,5.232296329213551E-4,1.0950394405791076E-4,0.002228637490540135,1.5076764468857987E-4,6.27411526643684E-5,1.1835125007915571E-4,0.0018062594161713861,0.006341026768745605,0.0014059177002916862,9.040112365834099E-5,3.2058937253887836E-4,5.092480906435424E-5,0.006410347554328118,1.9405945230907998E-5,7.884805578537182E-4,1.823070744439153E-4,0.004581118720841567,8.259267338127577E-4,0.03553300725661651],[1.9149550057878125E-4,1.3387326015425487E-4,0.002548767502933966,0.001393414457786836,7.768090263515182E-4,4.143105321485393E-4,3.754243949295567E-4,1.5161540063254148E-4,4.3215628940539017E-4,2.2579810310219278E-4,5.388637475204546E-4,2.816808092649755E-5,1.332360763297817E-4,1.2250345829522424E-4,8.695440898634599E-5,1.0529849195375044E-4,0.003312165267892337,0.0012879164759226835,1.308292655796026E-4,1.1511608239013374E-4,1.2039811860985449E-4,1.3182274942474776E-4,1.0,1.2516717800515695E-4,0.008733347381400301,6.469314698954659E-5,1.5330116060540108E-4,1.1532607834028238E-4,2.4268794096661761E-4,1.0887348357495223E-4,0.008476075912044925,1.3669287171003009E-4,4.098857932807342E-5,1.0840794619771028E-4,0.0016621495800256928,0.0029185317819227104,0.004599592669604877,4.1953040100368416E-5,0.0011918726482819928,4.002055429588217E-5,0.004427763464720939,7.071298093897294E-5,0.0016093101705607368,2.2924547494916652E-4,0.018863925527187186,9.247018511297687E-4,0.0012022225155964227],[2.2839494841504323E-4,1.722008737073124E-4,0.0017297614361481473,0.0018964989138685162,0.0010006282376170523,3.6946110628470447E-4,5.865148987161379E-4,3.0207556738725687E-4,0.0011136103157221714,2.123984750578193E-4,6.199746699456162E-4,1.261705554784602E-4,1.3400661098769546E-4,1.3380763879410775E-4,1.9537802520804903E-5,1.276594532041772E-4,0.006495620654647272,0.0013697868169845744,1.356513891620846E-4,1.4254919048655923E-4,1.4495830859745577E-4,1.3615643653703443E-4,1.2516717800515695E-4,1.0,0.004506246339787562,3.261967903990598E-5,2.696311334279773E-4,2.3154051674733716E-4,3.177429849235807E-4,1.301277332057335E-4,0.010281573226257324,2.48891349606507E-4,7.502018706095459E-5,1.1323940794076452E-4,0.0018324243462556546,0.009490910196560308,0.006006301876056068,1.8582446499559764E-5,9.786606563812236E-4,3.6155177437607435E-5,0.006439239350090542,8.321802894786445E-5,0.0015058366989742066,1.4213913699487983E-4,0.018598603133276447,2.9893340233680074E-4,0.04291884784091916],[0.003331223549155695,0.0029566880341162305,0.004878645212587299,0.0061893395721815654,0.009007473910584799,0.008409881123343017,0.0053830362729391104,0.009367668574922636,0.0036416264126016133,0.005856700953142796,0.005617923574933996,0.005899446441538923,0.0019645225819629386,0.004400057926514194,0.001994033904152334,0.0014224433791354156,0.013436903756653188,0.0033677479761915815,0.007885793751969293,0.00893051361903063,0.007719232616434551,0.008557738390614477,0.008733347381400301,0.004506246339787562,1.0,0.0026854787673151644,5.102942700919049E-4,0.009271999437809613,0.006004320856778827,0.005489759584584102,0.010000926747629653,0.006893778006701957,0.008461168214631056,0.006551192546321468,0.007789257839114005,0.010203573157279511,0.00916935639367184,0.004649961171392325,0.0071871701575223716,0.005003014496530347,0.009454791371044161,0.001406998287348074,0.00688025877806497,0.0043234023929864165,0.019123736680321985,0.008828277050773827,0.030071569558250667],[9.906864409252462E-5,6.987702845662881E-5,0.001955796547485329,0.005664167695996535,5.460467562119837E-4,3.393066843713298E-4,3.2728406273066756E-4,1.2125542537818476E-4,3.991900310419182E-4,1.2338922660675764E-4,3.0538950270219583E-4,1.4396444561142824E-5,6.596671897569434E-5,8.994161290379334E-5,1.2388422209784518E-5,1.0039083704863163E-4,0.011702023616686284,3.8156681956190344E-4,3.7214583215902655E-5,4.424778368103024E-5,1.7450956951783844E-5,1.259890476266699E-4,6.469314698954659E-5,3.261967903990598E-5,0.0026854787673151644,1.0,6.581117427391711E-5,7.583428775094126E-5,6.973274937302303E-4,7.347858891065646E-5,0.0033040727104432406,1.1963876999427224E-4,3.9646692656983046E-5,6.724409351689233E-5,0.0010477209408147384,0.005700777363904523,0.007771167236389563,1.2097196137579674E-5,9.923382101484203E-4,1.451500191912434E-5,0.002840281441759061,1.422668864887854E-5,1.1115291885758535E-4,2.40748705020022E-4,0.01358034013450214,0.0017744249645772294,0.017267197704814073],[3.1736999334601337E-4,3.413622597660069E-4,0.0023040131931161352,0.003747600728625151,7.429993791326656E-4,4.2933516199261E-4,8.7142704051271E-4,3.977427109713226E-4,4.869608030232565E-4,3.3238704793695927E-4,5.87502272748353E-4,3.5620803775395215E-4,3.0751865344330435E-4,2.0559072739450928E-4,5.308141875568588E-5,2.620379176049249E-4,0.007811500551564553,7.84324872124246E-4,3.454911380823796E-4,3.5809367032814437E-4,1.9557583334010785E-4,2.3791675730614045E-4,1.5330116060540108E-4,2.696311334279773E-4,5.102942700919049E-4,6.581117427391711E-5,1.0,3.570569470942749E-4,5.826359967755447E-4,2.914001702924835E-4,0.0028186082741047743,3.2763906081406354E-4,3.554725062096429E-4,1.309961841470046E-4,4.969142441815654E-4,0.008576927415129306,0.006621596579465717,2.54544130807145E-4,0.0010293409554544251,8.22786939596147E-5,0.0041567555789946975,1.8652976090732692E-4,9.93401829407297E-4,3.51079768423285E-4,0.013492648977692267,0.0010690202932811344,0.04276046829926796],[2.4276681557171682E-4,2.303196804779908E-4,9.191194475049986E-4,0.005836035314606551,8.61534887952331E-4,3.9875879738220153E-4,8.970146712910799E-4,4.036602130596809E-4,9.606278625382617E-4,2.4506067792358116E-4,3.2786230818987927E-4,1.7051572707914216E-4,1.4353365810155917E-4,1.612939831283646E-4,3.2500921340712366E-5,1.100450878533285E-4,0.0018254409420231247,6.175172854689253E-4,1.6745492944624017E-4,1.4920315164904306E-4,2.20532311479264E-4,1.66341573479873E-4,1.1532607834028238E-4,2.3154051674733716E-4,0.009271999437809613,7.583428775094126E-5,3.570569470942749E-4,1.0,3.46984684546295E-4,2.1466659355232897E-4,0.00703669773196991,2.4763218874216986E-4,8.17825865501791E-5,2.2703974318991418E-4,0.0010114659671884834,0.006246620958354072,0.004336260710325223,5.593155817706535E-5,4.8320673929645047E-4,1.4055997979028025E-4,0.004184797349547724,1.59902530630142E-4,0.0012103826046753609,2.5202621085144164E-4,0.019837330247455626,0.0010278613746459717,0.02440959947416796],[4.926879882186516E-4,2.5139638794702295E-4,0.0028149279173740153,0.0036978198779884825,0.001075942178859893,5.160275425416111E-4,0.0010702460523117356,9.676204100977722E-4,0.001167946597245949,5.54608995428666E-4,0.0010349376329655692,1.4031598640265223E-4,3.148388991665942E-4,2.192225669048004E-4,8.905000103980965E-4,9.446505171368737E-4,0.0035621453610716045,0.0013752621260379617,4.6057014667344535E-4,0.00104659299810213,6.0235848340381E-4,5.232296329213551E-4,2.4268794096661761E-4,3.177429849235807E-4,0.006004320856778827,6.973274937302303E-4,5.826359967755447E-4,3.46984684546295E-4,1.0,3.944613208409317E-4,0.0018751843716229098,8.359343097138984E-4,3.0448899003760984E-4,6.356751249744375E-4,0.0018362216881869843,0.003682891185967792,0.0023535401836962634,9.402011445126743E-4,0.0010849377472195007,4.178772673520688E-4,0.0032463721805435844,4.017473481281923E-4,0.001187866032407557,4.1681972505362567E-4,0.024227017974135658,0.00121428320285167,0.022377408171073542],[1.912284616079903E-4,1.6689369486937194E-4,0.0014354384940401027,0.001251833188521325,5.880930441656751E-4,3.9498321163069545E-4,6.683935060445869E-4,1.3238394545014197E-4,0.001025687334127986,2.129499672676066E-4,1.868242433365539E-4,1.0427928135859938E-4,1.1191594878138141E-4,1.2765941035281493E-4,1.044757265995037E-4,1.009528241947462E-4,0.0016302684406639147,0.0010349555706497498,1.2901537706860747E-4,1.212162094487066E-4,1.2905194922773424E-4,1.0950394405791076E-4,1.0887348357495223E-4,1.301277332057335E-4,0.005489759584584102,7.347858891065646E-5,2.914001702924835E-4,2.1466659355232897E-4,3.944613208409317E-4,1.0,0.008371296692295697,2.4810476779078415E-4,1.0018588760198908E-4,1.0424370077905991E-4,4.701922905466695E-4,0.001281781795950939,0.0048403070672254234,1.801427111642352E-5,3.4203490069482337E-4,8.053391659290918E-5,0.0061873910085557095,6.028351499149077E-5,8.04567665080581E-4,2.2981741853807236E-4,0.026956749959879223,3.287974643796399E-4,0.02150473949582167],[0.0026050930289932147,0.010107846227876588,0.009396922047298487,0.010083425539667719,0.0013892021512932923,0.0019654108816946486,0.003685749577601202,0.007668601154462589,0.006897376222083904,0.002170571487991471,0.0031129766974099657,0.010390923865210807,0.005394154253140947,0.003408135511979617,0.005383831534148653,0.007532353280907168,0.014000125264298481,0.006474423568568836,0.006487327903860728,0.006685234107632312,0.007290027909454938,0.002228637490540135,0.008476075912044925,0.010281573226257324,0.010000926747629653,0.0033040727104432406,0.0028186082741047743,0.00703669773196991,0.0018751843716229098,0.008371296692295697,1.0,0.004192032086150242,0.0013401070791658966,0.0019941185948521164,0.0046325270539410044,0.013249565258355814,0.011514805334373329,0.0022446537736802758,0.0023352790275991747,0.003937095072495766,0.012382292487190433,3.4354946798717E-4,0.012559682626662249,0.005133254032585631,0.015953211737481585,0.00253046851516626,0.017378215196696554],[2.4436399842534527E-4,2.2752638942826094E-4,0.0025321230728164506,2.7047269291573896E-4,7.59370212569399E-4,4.2957550458687713E-4,0.0010404719073031571,4.3831570943025325E-4,9.412691797236613E-4,2.495678244981394E-4,2.925743950617857E-4,1.0133134863454786E-4,1.5309058892884697E-4,2.316817292733886E-4,1.6251797115259664E-4,1.01509675699203E-4,0.014007998823861353,9.733655023447581E-4,1.5117042796438507E-4,2.4682415954465454E-4,2.0502908833749364E-4,1.5076764468857987E-4,1.3669287171003009E-4,2.48891349606507E-4,0.006893778006701957,1.1963876999427224E-4,3.2763906081406354E-4,2.4763218874216986E-4,8.359343097138984E-4,2.4810476779078415E-4,0.004192032086150242,1.0,7.281762229656574E-5,1.986160573328468E-4,8.158965159913837E-4,0.011826592350004599,0.0058467908742109425,8.289250837190638E-5,6.962008294785069E-4,5.071314030624885E-5,0.0059386847439156076,2.1186899819652114E-4,0.0015615327637856374,2.53819417610281E-4,0.005242813790234477,0.0014717062203224711,0.03565363878578459],[1.731515161508209E-4,8.15844796690355E-5,7.657462159343605E-4,0.003599273108746841,3.590932526764231E-4,2.3952349113052379E-4,7.818385218110608E-4,2.48242205495806E-4,7.890083637475203E-5,1.2185749472323136E-4,3.34635780622071E-4,3.1626337427890125E-5,1.2847201071804415E-4,6.361095566046435E-5,3.191466560974302E-5,6.787086492473382E-5,0.0023468820720156376,3.086015918922067E-4,1.056496377143915E-4,1.211882646157848E-4,1.7235727521994117E-4,6.27411526643684E-5,4.098857932807342E-5,7.502018706095459E-5,0.008461168214631056,3.9646692656983046E-5,3.554725062096429E-4,8.17825865501791E-5,3.0448899003760984E-4,1.0018588760198908E-4,0.0013401070791658966,7.281762229656574E-5,1.0,6.0401789105987727E-5,0.001612893277279681,0.002988719083620766,0.005961869003431176,1.7553059797697257E-5,7.271488157501967E-4,3.701612243025025E-5,0.0017233479080788676,3.0980672908708455E-5,7.458039338139554E-4,2.060088982749009E-4,1.054117457463296E-4,5.300446228691303E-4,0.021423781001862915],[2.1206267162084878E-4,1.5166893780125515E-4,3.1648548095465824E-4,7.972639439552657E-4,3.393675156727832E-4,2.2837851211888994E-4,7.736220363661126E-4,2.0821221426838411E-4,9.579636883002429E-4,1.4095609753093127E-4,6.26553000401553E-4,4.624398313872745E-5,1.2049893019118459E-4,1.1252814167633001E-4,5.2966448415605484E-5,1.0243380846533931E-4,4.5292732622988956E-4,1.478191805506038E-4,1.3049123876014945E-4,1.3358660794893966E-4,1.5941776386040523E-4,1.1835125007915571E-4,1.0840794619771028E-4,1.1323940794076452E-4,0.006551192546321468,6.724409351689233E-5,1.309961841470046E-4,2.2703974318991418E-4,6.356751249744375E-4,1.0424370077905991E-4,0.0019941185948521164,1.986160573328468E-4,6.0401789105987727E-5,1.0,0.0011288892561742052,0.005981271034380777,0.008018764328444653,7.890352945671381E-5,7.805580357961255E-4,1.7072033283307522E-5,0.004338850532082154,4.855710908730473E-5,2.5216713591151324E-4,1.3699987233782947E-4,0.022940630805662807,1.7740076019454694E-4,0.024583347234991483],[6.67330925622624E-4,0.0015592104160268043,0.002214519578870474,0.005414827239399113,0.0018863060696013437,0.0011576877419130225,0.0015627613565246696,0.0010064012711513267,0.0012295379841244832,0.001620528138661048,0.0016765136889524005,0.0016974955635876954,3.3022261652781E-4,0.0015623051496995622,0.0013011811792043018,4.4905751210698377E-4,0.004949591500567969,0.0018252994255721316,6.101319808165488E-4,0.0010886425263374213,0.0014474125978922406,0.0018062594161713861,0.0016621495800256928,0.0018324243462556546,0.007789257839114005,0.0010477209408147384,4.969142441815654E-4,0.0010114659671884834,0.0018362216881869843,4.701922905466695E-4,0.0046325270539410044,8.158965159913837E-4,0.001612893277279681,0.0011288892561742052,1.0,0.009559563934956812,0.003617540896750439,0.0018630681645976836,0.001844053336096605,8.146158896684272E-4,0.004871554674264186,0.0010478016576022755,0.001722931036429842,9.594189299535179E-4,0.014077060859241227,0.001861461911713975,0.039273524534841564],[0.009764366541914486,0.007646734258312405,0.009912223247959023,0.011882482530606097,0.008284713992481114,0.007322503259420448,0.012876102537464296,0.007856770443043382,0.0077199648247462055,0.0058813767401320795,0.011342486182198474,0.00790705340082928,0.012828715720104876,0.0019061176526895117,0.013137493579531702,0.006192813279337821,0.013840350584247395,0.012258518980168744,0.005013603866785021,0.008365676091554912,0.010095397743501199,0.006341026768745605,0.0029185317819227104,0.009490910196560308,0.010203573157279511,0.005700777363904523,0.008576927415129306,0.006246620958354072,0.003682891185967792,0.001281781795950939,0.013249565258355814,0.011826592350004599,0.002988719083620766,0.005981271034380777,0.009559563934956812,1.0,0.010494999001904554,0.007998723918736378,0.0015509716477032898,0.010606523357386903,0.011875925123105152,0.006070650336147846,0.009246969997205595,0.010174388646448344,0.024680337690764335,0.004622144330308721,0.016021715356173888],[0.0044762548588256935,0.006858150000362991,0.0048708705930993025,0.006011255674227454,0.007699624922579933,6.608798610490002E-4,0.00619864231630252,0.004445561484028327,0.005732154791045333,0.006900369023469447,0.005017557216905129,0.0033471291121778654,0.003920157247930554,0.00281252915302388,0.008429206859076312,0.0032849741639816576,0.011768310457428651,0.005384948463324787,0.0085691062052756,0.002426670666956276,0.0016474454099074784,0.0014059177002916862,0.004599592669604877,0.006006301876056068,0.00916935639367184,0.007771167236389563,0.006621596579465717,0.004336260710325223,0.0023535401836962634,0.0048403070672254234,0.011514805334373329,0.0058467908742109425,0.005961869003431176,0.008018764328444653,0.003617540896750439,0.010494999001904554,1.0,0.005596893186177067,0.008033205113784638,0.004115197089243921,0.008381639488380853,0.0029327356350803226,0.005250257030719864,0.0028829750326019084,0.015692897934627324,0.004173779762519741,0.016814710903148546],[5.675628279971067E-5,7.332275215961E-5,3.115325095853164E-4,0.0035900779608918384,2.1268402881267418E-4,2.1454056144089905E-4,5.498478441186409E-4,1.0741625726287549E-4,9.189893245074008E-4,1.7237186211114085E-4,1.95883765053916E-4,1.4035471096016469E-5,1.2474882244046035E-4,5.5957413452749664E-5,1.2547376931534125E-5,7.803732030359323E-5,0.01246227314952286,0.0012308153289662394,1.0112767678246938E-4,1.109512994350506E-4,1.7243521134947598E-5,9.040112365834099E-5,4.1953040100368416E-5,1.8582446499559764E-5,0.004649961171392325,1.2097196137579674E-5,2.54544130807145E-4,5.593155817706535E-5,9.402011445126743E-4,1.801427111642352E-5,0.0022446537736802758,8.289250837190638E-5,1.7553059797697257E-5,7.890352945671381E-5,0.0018630681645976836,0.007998723918736378,0.005596893186177067,1.0,0.0010543821594844866,1.4464102204535778E-5,0.005030125552941846,1.3201901206124605E-5,0.0014913483902831812,1.9162042156888704E-4,0.009596201653263354,0.0015038922499552062,0.011928653455158119],[6.79824394680282E-4,9.404133621387664E-4,0.0014705546881467093,0.005113347318622205,0.001193118680802633,7.038774179524928E-4,0.0011378327685270932,6.007130969389496E-4,0.0012047778971048012,0.0011693230998159859,0.0010175397528324312,1.6908433518329232E-4,4.815990667097692E-4,5.831124551343467E-4,8.547791518992032E-4,9.045781355201788E-4,0.001505564428534875,0.0017676190078853068,8.507409726462971E-4,0.0010594309953296773,8.659363627847935E-4,3.2058937253887836E-4,0.0011918726482819928,9.786606563812236E-4,0.0071871701575223716,9.923382101484203E-4,0.0010293409554544251,4.8320673929645047E-4,0.0010849377472195007,3.4203490069482337E-4,0.0023352790275991747,6.962008294785069E-4,7.271488157501967E-4,7.805580357961255E-4,0.001844053336096605,0.0015509716477032898,0.008033205113784638,0.0010543821594844866,1.0,0.001086171721708751,0.0045546487253553,8.322325511459902E-4,0.0015532135398812652,6.011116194378253E-4,0.022513110668333704,0.0015845532520623452,0.012679686834441727],[2.3141652345917338E-4,6.020812925078986E-5,0.0016357386265462752,0.002685084929136411,7.801432826433739E-4,5.0952479886193306E-5,2.7397803528700246E-4,3.3363913984389134E-4,8.121592553370468E-4,1.9834743546120426E-4,8.453668307224307E-4,1.9369706283183113E-5,5.472698208381598E-5,8.653985565934571E-5,1.365997189781085E-5,4.653504878850144E-5,0.008423516640552575,0.0017214277119149315,1.1898359931625143E-4,7.72509505509407E-5,6.933607906414315E-5,5.092480906435424E-5,4.002055429588217E-5,3.6155177437607435E-5,0.005003014496530347,1.451500191912434E-5,8.22786939596147E-5,1.4055997979028025E-4,4.178772673520688E-4,8.053391659290918E-5,0.003937095072495766,5.071314030624885E-5,3.701612243025025E-5,1.7072033283307522E-5,8.146158896684272E-4,0.010606523357386903,0.004115197089243921,1.4464102204535778E-5,0.001086171721708751,1.0,0.0019496982707836014,1.5635179595181332E-5,0.001525086726757968,6.76217714898874E-5,0.007415949383384924,4.2398275051880075E-4,0.041157546224380115],[0.005809204114945124,0.005049429349476346,0.00619444347054642,0.005933263050107688,0.003473295707055168,0.004001513211938748,0.003829420342941176,9.745035289761482E-4,0.0030311862379118087,0.0041914652322380215,0.005481410291069841,0.0062265329380515105,0.006181328761494374,0.005626329493616706,0.003103192961693112,0.0025351847709626524,0.007115551483489443,0.004290912475120276,0.0011212203018873034,0.002874220301354414,0.00609350848628119,0.006410347554328118,0.004427763464720939,0.006439239350