[[1.0,3.0762785065238814E-4,2.2017202547732552E-4,1.116276303278722E-4,1.5868176717996355E-4,0.017902750162100776,3.9358606867199433E-4,8.043717463756811E-5,8.324144651898816E-4,1.8854267398729348E-4,1.3246819838694482E-4,0.0036556944691297525,0.002087617443329298,7.445608441470167E-4,3.394067890028083E-4,1.493947420885004E-4,1.5660650620273435E-4,0.0018950957366579287,4.841216798561514E-4,1.6201325695282753E-4,0.0015818597581095397,1.4962824879123876E-4,2.854514074320146E-4,0.0018425456982012485,0.001430729749848845,1.75905937304048E-4,2.10511357510312E-4,1.7728959556899737E-4,1.4990100156096712E-4,1.4537179442484214E-4,7.673590135734217E-4,2.0930980633580701E-4,0.015478455292215431,3.2696567833119983E-4,0.0012479680097379144,8.723048732396255E-4,3.133513238807794E-5,0.001389737941480677,0.006062250117688605,3.03460431818241E-4,9.449401737565709E-4,1.9133050867602524E-4,0.0014130382114692528,1.83096901907422E-4,3.1404949652463364E-4,1.8692058801354837E-4,0.00138413177573091,4.1994118030626553E-4,2.4582689800124204E-4,0.0025379179055976695,0.006334383644744638,1.1405122696219293E-4,0.001040955491092461,3.3485946536066874E-4,9.047548729040675E-5],[3.0762785065238814E-4,1.0,4.119087398202443E-4,2.4171136393703166E-4,1.6296571381451243E-4,0.0046883486466311255,9.530902526981798E-4,3.650189188599799E-4,7.16125311460179E-4,5.151025317680756E-4,3.2857853810493414E-4,0.002013637554030419,0.003206657802340236,0.0022716759407768665,6.56923305642356E-4,6.559337609437844E-4,4.1077717111841656E-4,0.0012599340941472736,9.457867903209598E-4,3.075909510786694E-4,0.0012172780848365712,5.392280556685674E-4,6.102990678187865E-4,0.001810033011796556,0.0037535548372928376,3.271351589308331E-4,4.816256700198993E-4,3.9193317504990623E-4,6.214485986096661E-4,3.689568529560717E-4,9.906071683266106E-4,6.509950143257887E-4,0.043227838702775655,6.401724857862552E-4,0.0011258501193561904,6.809087838520729E-4,3.86609393884103E-4,8.384448257456574E-4,0.015652264615995035,0.0013486158438054119,0.0016853195412846586,0.004281541211083711,6.699851857495203E-4,3.1858597711837674E-4,5.056365586635096E-4,2.836666448058275E-4,9.750625665900031E-4,9.368424964485778E-4,0.0010599593429312718,0.0022545145597104186,0.0014500842675938168,4.7455315668403967E-4,0.0012157074042484057,4.794419551079467E-4,1.1059116837925265E-4],[2.2017202547732552E-4,4.119087398202443E-4,1.0,1.671731580744252E-4,1.169913475960406E-4,0.004309013149018308,6.372372880413123E-4,7.994771725419027E-5,0.0011018209115957627,2.3783148243790747E-4,1.355144880239755E-4,0.008154265440674557,0.002839066079795367,0.0023954150223694107,4.653489066358867E-4,1.4131305983524568E-4,2.1944940864992757E-4,0.0018743759804896497,4.920245448878527E-4,1.6347343399690227E-4,9.504220278953342E-4,1.6903599642193292E-4,2.5321360500597616E-4,6.179366488026456E-4,0.003353821261549769,2.021801859639063E-4,2.633788905382464E-4,2.1762011864431136E-4,7.34020161488856E-5,1.9339416410750265E-4,6.36113624151217E-4,2.613436132642957E-4,0.043575833164619535,4.692480891107457E-4,6.840066082945278E-4,5.564211105756058E-4,1.0396457225107289E-4,0.0013009232499902388,0.00762785950397084,0.0012895673981527115,0.0011719352671613029,0.002719615588857791,0.0017075325173805285,2.0614113757346428E-4,3.478274541139773E-4,2.3160151145420191E-4,0.0015989848365183558,0.0010284015478891184,8.639716053034011E-4,0.0016631134049959113,0.01003172109098875,1.0954741370322488E-4,6.41506025096793E-4,2.489809065356843E-4,1.8094715502422725E-4],[1.116276303278722E-4,2.4171136393703166E-4,1.671731580744252E-4,1.0,9.152838448667927E-5,6.499360771609912E-4,6.944735687791909E-4,5.259166367024603E-5,5.708621049656516E-4,2.2643118629693716E-4,8.212447490021032E-5,0.017767103142802807,1.9586128874635108E-4,1.3773820580025944E-4,2.5368673507361443E-4,4.3830977495953415E-5,1.878242933153764E-5,0.0013499199998948475,5.621588158094491E-4,4.013039556876276E-5,0.001188721649412097,1.3253431569734464E-4,2.867364719910685E-4,3.1816686894550714E-5,0.0034651593972099336,5.7485588302519157E-5,2.595094065728176E-4,6.264911929106096E-5,2.5050896394051633E-5,2.3374113233929764E-5,3.853609315794752E-4,2.1386676730152118E-4,0.025042325127212165,2.30338119138126E-4,5.961601543531302E-4,3.66179071068981E-4,1.580074348494938E-5,0.001058433343524603,0.013027098829908065,6.471544504856267E-4,9.609328251601778E-4,0.003602614695132774,0.0016348335983405215,1.6705734659452177E-4,2.9947691260967066E-5,1.2997462608361135E-4,9.34896676051918E-4,0.0012413438614930136,0.0016144657695492661,0.0011984821308945147,2.0172421691917362E-4,2.2012862309591254E-5,4.2431457190131105E-5,3.158776053927321E-4,2.2671341584890287E-5],[1.5868176717996355E-4,1.6296571381451243E-4,1.169913475960406E-4,9.152838448667927E-5,1.0,0.013596512064728776,2.079967273343289E-4,1.0682526935082448E-4,1.276176325390633E-4,1.4146063199972487E-4,1.2002797149864747E-4,0.0036081857838129944,0.004141818245055434,0.0018286346765085124,3.701620898340542E-4,1.2065848002050675E-4,8.521738991859571E-5,0.00215732815530607,2.230833550769197E-4,1.1617010820269268E-4,0.0020434308317478426,1.3026293383261138E-4,1.8326269659610286E-4,0.0018727428768058147,0.0011915577734579429,1.4895312970187935E-4,1.6647192160846179E-4,1.2517074717205296E-4,6.13745582123625E-5,1.1085068556386425E-4,3.7915915703457497E-4,1.396547897257174E-4,0.007062458115158445,1.594127580485824E-4,9.335423715795617E-4,7.155202589367747E-4,4.320265759719063E-5,8.932173818341181E-4,0.0016298249353999326,3.968962405995812E-4,3.3605888178175555E-4,0.0017969724028607283,2.2469781253076218E-4,1.707023564320012E-4,2.5316998798867365E-4,1.3490471071355266E-4,3.7007058227824305E-4,4.3189582488781464E-4,6.235850088940316E-4,4.6715560980636244E-4,0.0028417506716250404,8.921904735489179E-5,3.7074019402026897E-4,3.528226737396569E-4,7.341874901510547E-5],[0.017902750162100776,0.0046883486466311255,0.004309013149018308,6.499360771609912E-4,0.013596512064728776,1.0,0.006719817704049834,0.005755851625154005,0.0189956423558967,0.009718894104235445,0.007987205616673564,0.01830523368496328,0.012539052942299955,0.007243535119111947,0.021213971347071474,0.00364677636195922,0.013927951163210571,0.020086008130538086,0.011594494787380713,0.015392641398388638,0.010843033271352354,0.019796623013049148,0.0020251273058110647,0.008279079647747682,0.017263476403430345,0.020632912667166273,0.011989391151879481,0.021822860699165336,0.007061460945488549,0.014646114533273928,0.01316624845455491,0.020197503087141026,0.04260079508851033,0.007487977969671182,0.005645676488948962,0.00309398458786296,0.014263788954437953,0.01758802040363102,0.019418284238167126,0.008436543434509945,0.018616670159965282,0.006361496522497994,0.0064717289271529485,0.006892648313221273,0.015020327321711243,0.01899818269102003,0.021066878163611264,0.0017250520787313504,0.00563831550608081,0.008104520220346493,0.017570614771933956,0.01277892232213334,0.021743519838497143,0.009519165534751376,0.008195879226616527],[3.9358606867199433E-4,9.530902526981798E-4,6.372372880413123E-4,6.944735687791909E-4,2.079967273343289E-4,0.006719817704049834,1.0,6.436332862561628E-4,0.001206991523245866,9.437575045427955E-4,1.332770860696706E-4,0.015352474330711866,0.0042567683394064615,0.0018247874868555732,5.820571586687005E-4,5.512045042495175E-4,6.998873443710295E-4,0.0019914547163531735,0.001086036071155521,5.984779204967534E-4,0.002593546994026014,8.739618837681086E-4,5.465049550230359E-4,0.0016381318316292452,0.0016930479222834033,4.0363931487390594E-4,0.0010125313332517126,8.292216097441753E-4,5.912536670173428E-4,1.0989475418446224E-4,0.0012841459293509866,9.346379017696868E-4,0.024940500539425762,7.722623470646171E-4,0.0012477689461193955,0.0010633943033211226,6.788167885811013E-5,0.0013526424187613802,0.00691451742397771,0.0012068978991051618,0.0017798630687005995,0.0032538112648122955,0.0019472197735411496,4.5435656982735126E-4,8.136545275907354E-4,3.2729245618747416E-4,0.0013155632998829386,0.0014179881863160184,0.0017172553214270334,0.002779063653508572,0.009340984594263822,4.331126355717451E-4,0.001480035434612732,4.2410990695977496E-4,9.458059879073595E-4],[8.043717463756811E-5,3.650189188599799E-4,7.994771725419027E-5,5.259166367024603E-5,1.0682526935082448E-4,0.005755851625154005,6.436332862561628E-4,1.0,0.0011462291862369548,1.233459783003457E-4,8.73337328593988E-5,0.017689690558119156,0.003528477400348591,0.002735103164609012,1.8859139585368723E-4,9.435589484779471E-5,4.58483047030319E-5,9.960816593704946E-4,0.0010114740607513777,8.761091839127428E-5,0.0010041540498095633,1.2472508054764734E-4,2.9099657928736565E-4,0.001985918119346038,0.002812837657790484,9.798333461505867E-5,1.267881288491056E-4,1.463373818908042E-4,2.9935431091371453E-5,8.386937248210108E-5,6.7718204632237E-4,1.8136574947706552E-4,0.037300343195319274,5.333327444769952E-4,5.267270532087878E-4,7.505276886273594E-4,3.6884700325493826E-5,0.0011140037739075827,0.009199592901126569,7.48419404316343E-4,4.511784859630688E-4,2.3225472671478963E-4,0.0011881836981127798,8.335297166829618E-5,2.1182291472994627E-4,1.7313052480351495E-4,9.595629555295221E-4,6.446589648433137E-4,0.001448867676558348,0.0029136278396417023,0.008393831135896491,5.016564959509619E-5,8.347977293680233E-4,2.96761886476494E-4,5.611616574478784E-5],[8.324144651898816E-4,7.16125311460179E-4,0.0011018209115957627,5.708621049656516E-4,1.276176325390633E-4,0.0189956423558967,0.001206991523245866,0.0011462291862369548,1.0,0.0011874727870192765,0.0011254470855252738,0.009865376658642766,0.004197843382939985,0.0019796488028849084,0.0010338391073270096,8.470653805827704E-4,0.0010165644849535163,0.0016470111926687229,0.001197078736262532,7.865376086988318E-4,0.0021501849286261277,1.835585238908838E-4,3.215935741210507E-4,0.0024033809016485367,0.001555591827245224,6.408690184886953E-4,4.3203376830593885E-4,2.5405146229302443E-4,1.992476309168245E-4,7.011472308731421E-4,0.0012836436997599348,9.329641928165888E-4,0.009077399551522893,9.288932447790933E-4,0.0012397985645228565,0.0012066885548779006,7.031789149835396E-4,0.001249009414422643,0.002498929173863066,0.0013330253225226861,0.0014414078873466957,0.003943494549281763,0.0015253493745142324,4.898049836131051E-4,4.682276302653255E-4,0.0012188026409105078,0.0014388257797343879,0.001437561942650713,0.0016346261275841526,0.002875309000688573,0.0028979289902829218,4.926833652995065E-4,0.0013571455676525033,4.414017504684546E-4,8.843205492482005E-4],[1.8854267398729348E-4,5.151025317680756E-4,2.3783148243790747E-4,2.2643118629693716E-4,1.4146063199972487E-4,0.009718894104235445,9.437575045427955E-4,1.233459783003457E-4,0.0011874727870192765,1.0,1.4975776145709883E-4,0.003206125726292614,0.0017191337712069805,0.0016343162450706927,3.6867062690648823E-4,2.015623164061134E-4,1.4180717458550947E-4,7.463027599504689E-4,4.4213460802791334E-4,1.507476382962624E-4,0.0024488811052110456,1.892748490013771E-4,2.573822386274846E-4,3.075129912199296E-4,0.002586900586236114,2.0791866827348974E-4,3.058916810760922E-4,2.067788791709578E-4,1.3825704697166205E-4,1.918385261722665E-4,8.661466924006228E-4,2.4024035602440813E-4,0.02304287661646024,4.894179418319894E-4,7.249144230294814E-4,5.532020831043468E-4,1.7125403225738613E-4,3.986719827269715E-4,0.015538073845424567,3.765959783592851E-4,0.0015590435316721464,0.0030697781991787373,0.0014834543777517725,2.3356628796672863E-4,3.3094306379211926E-4,1.9315525469666545E-4,6.706163044592839E-4,5.942397676203819E-4,7.279113858605239E-4,0.0018838096214910472,0.00829572696310322,4.4236045012793895E-5,0.0013263420176994872,3.058373757081533E-4,2.2519180601560945E-4],[1.3246819838694482E-4,3.2857853810493414E-4,1.355144880239755E-4,8.212447490021032E-5,1.2002797149864747E-4,0.007987205616673564,1.332770860696706E-4,8.73337328593988E-5,0.0011254470855252738,1.4975776145709883E-4,1.0,0.005113731395744677,0.00358672210148764,0.002046950702246716,3.110286593218058E-4,1.320273554407073E-4,7.59360297235827E-5,0.0015108926642676225,7.236402257812128E-4,1.1836962900696119E-4,0.0027952693987614618,1.330774636466877E-4,2.2598453875890395E-4,0.0014896235642609865,0.003396544519024795,1.3906547967007188E-4,2.5269076653186627E-4,1.335488003374572E-4,6.861609606822286E-5,1.1640580354956912E-4,5.539598819189737E-4,2.449234062526152E-4,0.004823128673579535,5.290701016655873E-4,0.0012075862279923412,6.433324562430226E-4,1.1240532752519381E-4,7.510577188245695E-4,0.015466114202669402,0.001204737422762885,0.0015680887343189705,4.7093702042989036E-4,2.3590110204625814E-4,1.7281444917547687E-4,1.6065175758637966E-4,1.5231646346466608E-4,6.102615349066053E-4,0.0010010421782636078,3.4341262970436425E-4,1.4346885002500172E-4,0.003485794690944959,4.163104738308648E-5,0.001444698843960999,2.829257118131972E-4,8.465626729096606E-5],[0.0036556944691297525,0.002013637554030419,0.008154265440674557,0.017767103142802807,0.0036081857838129944,0.01830523368496328,0.015352474330711866,0.017689690558119156,0.009865376658642766,0.003206125726292614,0.005113731395744677,1.0,0.008591764381116904,0.0058060920957956974,0.005113715761821935,0.007357415885762323,0.005644449622644802,0.01533270358456327,0.011110333049437475,0.004848684723400953,0.006922864747011113,0.008360881398955597,0.01077188860452131,0.01780788236379072,0.012688792078364871,0.0057023667522984964,0.012368835863371464,0.0014128814912929832,0.016353360232363678,0.008096904182161463,0.014160808262298872,7.32170981028384E-4,0.04019335994281799,0.011676699506368557,0.013042578672304381,0.017162151229362918,0.011022537125897694,0.002491141163085041,0.017578664700872174,0.005283817910529375,0.01570509889639286,0.009758438895037812,0.009338628711096381,0.005454101542512771,0.014007091928895621,0.010581533304545475,0.0018071123512547569,0.01237697121745665,0.014783365717554212,0.017114632161569845,0.016953658660592088,0.01730746750564794,0.001965101241183642,0.001811977139516256,0.01590134758526089],[0.002087617443329298,0.003206657802340236,0.002839066079795367,1.9586128874635108E-4,0.004141818245055434,0.012539052942299955,0.0042567683394064615,0.003528477400348591,0.004197843382939985,0.0017191337712069805,0.00358672210148764,0.008591764381116904,1.0,0.00296811993611941,9.546217107522978E-4,0.0025676631226562996,5.473073163913755E-4,0.0031392574498148767,0.003711082585410699,8.276460188825063E-4,0.004317280491416718,0.002387963648050811,0.0011770063064217027,0.0028001227106742217,0.004519472475651499,0.003700603101175428,0.0028755027468401495,0.001487769522707232,0.00281688097456943,0.003016130060063941,0.004277445778215556,0.003803023034453801,0.005984942645694047,6.977785388816872E-4,0.003266957376204199,0.0015391845545003112,0.0014966062529427166,0.0026694187981557505,0.009435390190908607,0.0035166384958755714,0.004040888234659069,0.004450365712495551,0.0026634091467891583,0.0023236242039594533,0.004515762576736005,0.002275215781895121,0.0018134327715348627,0.00424966350575943,0.0029302249945925432,0.0043370942704124065,0.010619963851612409,0.004196671166747422,0.0035799316549285287,0.003485680084236843,0.002297562422267414],[7.445608441470167E-4,0.0022716759407768665,0.0023954150223694107,1.3773820580025944E-4,0.0018286346765085124,0.007243535119111947,0.0018247874868555732,0.002735103164609012,0.0019796488028849084,0.0016343162450706927,0.002046950702246716,0.0058060920957956974,0.00296811993611941,1.0,0.0010188963507728453,0.00119620680210642,0.0015216534204389772,0.0027843901572893984,0.001493952706584168,0.0020540076112183737,0.0028144897593834566,1.8745253775061675E-4,0.0017391677461014304,0.0026682559790977807,0.003464051124663848,0.001757516230174844,4.142584785407062E-4,7.73620010801179E-4,0.002051188165543381,0.0027885840568360356,0.0020840351822235125,0.001101946716614405,0.0418938049786699,0.0016019020568839733,0.002092296560212601,0.0020314842364207502,2.4472677175967793E-4,0.0014805025031543548,0.005734884258131891,0.0026759224908174065,0.00220016414871519,0.004396139456410988,0.002755418766814608,0.0018077997223855187,7.805744284547543E-4,6.652139544449145E-4,0.002120033996195198,0.002625835422799345,0.0017608952245081494,0.002880095991172732,0.002887188872177728,0.002452567967821986,0.002469401493241735,9.151289589535565E-4,0.002259967690870041],[3.394067890028083E-4,6.56923305642356E-4,4.653489066358867E-4,2.5368673507361443E-4,3.701620898340542E-4,0.021213971347071474,5.820571586687005E-4,1.8859139585368723E-4,0.0010338391073270096,3.6867062690648823E-4,3.110286593218058E-4,0.005113715761821935,9.546217107522978E-4,0.0010188963507728453,1.0,4.3418367678044493E-4,5.631772989042582E-5,0.0018149024251539058,7.940582889083183E-4,4.4175741245511355E-4,0.0019486236375066363,1.59661379941624E-4,3.2031476226727944E-4,0.0015549012223770283,0.0030016549813978756,4.5412749617152186E-4,5.167627888331338E-4,4.589890886169734E-4,4.4914861221245013E-4,1.1952849451463477E-4,6.024687442830003E-4,4.4907853504677164E-4,0.020829648449181896,5.758197283533762E-4,9.699856846262122E-4,6.729098160125123E-4,9.08392689034582E-5,5.98875472376527E-4,0.0049388903161304894,7.932483793746597E-4,0.0011296993724543671,0.0039672112434635375,9.835607406364914E-4,2.439789912047157E-4,4.954166885682061E-4,4.1110232307223E-4,0.0017330579080736073,0.0012809840621959472,0.0016725812361026206,0.0025763422748302104,0.008063129301026815,2.2024954084380239E-4,0.0011350336298902167,3.935711027646998E-4,2.2233727794686403E-4],[1.493947420885004E-4,6.559337609437844E-4,1.4131305983524568E-4,4.3830977495953415E-5,1.2065848002050675E-4,0.00364677636195922,5.512045042495175E-4,9.435589484779471E-5,8.470653805827704E-4,2.015623164061134E-4,1.320273554407073E-4,0.007357415885762323,0.0025676631226562996,0.00119620680210642,4.3418367678044493E-4,1.0,2.6040535584938854E-5,0.0014508368352674408,8.606105603738877E-4,1.2747879818118316E-4,0.001762112268691737,1.328010687159321E-4,2.6466734712979226E-4,0.001129138204144187,0.003310843904130831,1.4807130181903184E-4,1.3651871187020248E-4,1.927666230866666E-4,1.0836523023268248E-4,1.0695038987853802E-4,2.054207324993573E-4,1.837228823370156E-4,2.511036332547286E-4,4.2692404912258715E-4,5.264458229622439E-4,8.390947601704053E-4,2.8800199348659937E-5,5.644394164740171E-4,0.002113644545870349,6.160169805178932E-4,7.620490405898234E-4,0.00214280178089358,0.0020378746870147874,1.7602934007507527E-4,2.6294862012025234E-4,1.6090208498844235E-4,4.1938838033976026E-4,0.0010745748454533154,2.846183844905078E-4,3.8860475245522635E-4,0.008819880264222407,1.1085362697134369E-4,8.944981398101984E-4,2.1984622685522498E-4,1.2089835615159653E-4],[1.5660650620273435E-4,4.1077717111841656E-4,2.1944940864992757E-4,1.878242933153764E-5,8.521738991859571E-5,0.013927951163210571,6.998873443710295E-4,4.58483047030319E-5,0.0010165644849535163,1.4180717458550947E-4,7.59360297235827E-5,0.005644449622644802,5.473073163913755E-4,0.0015216534204389772,5.631772989042582E-5,2.6040535584938854E-5,1.0,6.550959914862445E-4,4.8662288222903487E-4,2.3784259843641647E-5,6.376986215568975E-4,4.529014836738084E-5,2.2001233761835076E-4,7.228680340842947E-4,0.0012226581610451542,1.6483350610893934E-4,1.3716384081698018E-4,1.472860467149254E-4,2.428223126881091E-5,8.914519822212619E-5,0.0013284306919390213,2.5574038988096378E-5,0.029394985799414165,1.996149312203977E-4,7.378454834510983E-4,5.603251672137294E-5,1.681727660911754E-5,7.868493861849424E-4,0.0021786832153151935,4.33363789301024E-4,9.237647044099182E-5,0.0018400818257223285,0.0014723983770331167,8.2592661041659E-5,9.03715078383218E-5,1.5539305824129968E-4,9.675003495125138E-4,0.001102613911363908,1.9276699922719822E-4,0.002368470284440832,0.0018176152755610456,2.2928315874950275E-5,8.063260987589583E-4,2.486255229088531E-4,4.056232908267159E-5],[0.0018950957366579287,0.0012599340941472736,0.0018743759804896497,0.0013499199998948475,0.00215732815530607,0.020086008130538086,0.0019914547163531735,9.960816593704946E-4,0.0016470111926687229,7.463027599504689E-4,0.0015108926642676225,0.01533270358456327,0.0031392574498148767,0.0027843901572893984,0.0018149024251539058,0.0014508368352674408,6.550959914862445E-4,1.0,0.001424118530593113,0.0010476188739815151,0.0027839022255140514,0.002311846694986619,0.002223179038905302,0.002602512781417565,0.003437529274118934,0.0024311440783424767,0.0012454239033717457,0.0013043420831858824,0.0023452101105114176,0.0016073165056332559,0.0021441180137019788,0.0015406055526342827,0.04120178954635362,9.740951878474075E-4,0.0015573784716037932,0.001924692708748523,9.990427213725705E-4,0.002317623781659512,0.01360019591588131,0.0022920470727968868,0.002258061281506956,0.003970802522673639,0.0024537657297951884,0.0023134796482288246,0.0015773551877716692,0.0012372515670967337,0.0020756787766978537,0.0017571054262624302,0.0021449750603733777,0.0030031854305990493,0.00988387031149702,0.0024410317536945002,0.0020185571667560324,0.0010284989094568478,0.0014151123451367194],[4.841216798561514E-4,9.457867903209598E-4,4.920245448878527E-4,5.621588158094491E-4,2.230833550769197E-4,0.011594494787380713,0.001086036071155521,0.0010114740607513777,0.001197078736262532,4.4213460802791334E-4,7.236402257812128E-4,0.011110333049437475,0.003711082585410699,0.001493952706584168,7.940582889083183E-4,8.606105603738877E-4,4.8662288222903487E-4,0.001424118530593113,1.0,8.989281095851845E-4,0.001910264142944932,2.871170021267102E-4,4.7643103919861113E-4,0.002388394752050542,0.0034524592032838825,4.773574812828391E-4,7.763455395766245E-4,9.937679045217032E-4,6.215406743678967E-4,7.001973855419566E-4,0.0012549752758440062,2.931625900718889E-4,0.007917159140963458,7.439506500649825E-4,0.001198487578410314,0.0010970256620518204,2.887447448336306E-4,0.001204693466280207,0.002906953504165391,0.0011363507331410047,0.0011792672010757423,0.004372037855649466,0.0022920297327604262,3.5818665549843865E-4,6.668567462458193E-4,3.544164711424872E-4,0.0014656736629581957,0.0013087942804614545,0.0012319483243376774,0.0030233298503759775,0.010390931572738597,9.895830626606148E-4,0.0011610782406562198,7.652775355874225E-4,8.789726447554402E-4],[1.6201325695282753E-4,3.075909510786694E-4,1.6347343399690227E-4,4.013039556876276E-5,1.1617010820269268E-4,0.015392641398388638,5.984779204967534E-4,8.761091839127428E-5,7.865376086988318E-4,1.507476382962624E-4,1.1836962900696119E-4,0.004848684723400953,8.276460188825063E-4,0.0020540076112183737,4.4175741245511355E-4,1.2747879818118316E-4,2.3784259843641647E-5,0.0010476188739815151,8.989281095851845E-4,1.0,0.0025174478658207744,1.2806348741892953E-4,1.8402675586985087E-4,5.069259850961741E-4,0.0032206996946328556,1.2978622370242367E-4,2.793946448011631E-4,1.6596509804779418E-4,1.0733837937018145E-4,1.005533137010861E-4,0.0010648208769469473,1.9068056168813894E-4,0.027744086212447037,4.481810933784677E-4,7.198893637431716E-4,8.886272218102191E-4,8.911397628295582E-5,9.365789658446977E-4,0.003967819782358737,2.3667385197285553E-4,0.0017968433799128256,0.0031843638124812593,0.0017878384278741375,1.4490302385603308E-4,2.6069597747146675E-4,1.7937675470844087E-4,0.001416012859519943,0.0014472440411518984,8.987753405786279E-4,0.0024837746231672546,0.011036784834909382,2.444433076867796E-5,8.038068471501658E-4,3.221509505915109E-4,6.26164522946117E-5],[0.0015818597581095397,0.0012172780848365712,9.504220278953342E-4,0.001188721649412097,0.0020434308317478426,0.010843033271352354,0.002593546994026014,0.0010041540498095633,0.0021501849286261277,0.0024488811052110456,0.0027952693987614618,0.006922864747011113,0.004317280491416718,0.0028144897593834566,0.0019486236375066363,0.001762112268691737,6.376986215568975E-4,0.0027839022255140514,0.001910264142944932,0.0025174478658207744,1.0,6.131797122647781E-4,0.0026757395292172073,0.002672274791640963,0.0035873798971971346,0.0027966633630829595,0.0010825653407603815,0.002013748772963458,0.0016708822677079962,1.5426631533880923E-4,0.001732810688910272,0.001391530280047759,0.00792781999623718,0.0022790810172840345,0.0024185660223426976,0.0014006107370792503,0.001087638756435923,0.0019131087245906142,0.007231049389754405,0.0027093157128163263,0.002139341043708042,0.004173812951799632,0.0026405248072154572,9.27512111046545E-4,0.0024696534016357867,0.0010563871446345153,0.002922772325625573,0.0022142472310489746,0.0027342446553431515,0.0029973775721423897,0.004707270858787237,0.0011608518301960216,0.0015604872099224854,6.004611036736689E-4,0.0028930776985244665],[1.4962824879123876E-4,5.392280556685674E-4,1.6903599642193292E-4,1.3253431569734464E-4,1.3026293383261138E-4,0.019796623013049148,8.739618837681086E-4,1.2472508054764734E-4,1.835585238908838E-4,1.892748490013771E-4,1.330774636466877E-4,0.008360881398955597,0.002387963648050811,1.8745253775061675E-4,1.59661379941624E-4,1.328010687159321E-4,4.529014836738084E-5,0.002311846694986619,2.871170021267102E-4,1.2806348741892953E-4,6.131797122647781E-4,1.0,1.632333390191249E-4,8.704433091413749E-4,7.779739777984436E-4,1.4644300478611043E-4,2.64780112424343E-4,1.4692599917568228E-4,1.264876932158543E-4,1.1608912473940525E-4,8.263189786315914E-4,1.5090606727979767E-4,0.04310795073576482,4.675861957240536E-4,0.001065614910708663,5.095987985748861E-4,5.372697630945716E-5,7.150630351175856E-4,0.013622488466363755,1.6923216227294487E-4,6.37520428769356E-4,0.003442268677581335,5.484145595445053E-4,1.8758642601306047E-4,2.292864373016294E-4,1.7614891295783503E-4,0.0010168494652387852,0.0012022142347125758,0.0014571071770520662,7.544776513513787E-4,0.004972321288467767,3.2597024249819105E-5,0.0012955322401988693,1.9464494975557353E-4,1.0531258931922958E-4],[2.854514074320146E-4,6.102990678187865E-4,2.5321360500597616E-4,2.867364719910685E-4,1.8326269659610286E-4,0.0020251273058110647,5.465049550230359E-4,2.9099657928736565E-4,3.215935741210507E-4,2.573822386274846E-4,2.2598453875890395E-4,0.01077188860452131,0.0011770063064217027,0.0017391677461014304,3.2031476226727944E-4,2.6466734712979226E-4,2.2001233761835076E-4,0.002223179038905302,4.7643103919861113E-4,1.8402675586985087E-4,0.0026757395292172073,1.632333390191249E-4,1.0,0.0023862329614750943,0.0017757936247722367,2.2647743554112277E-4,3.219044793461474E-4,2.1458624482872853E-4,5.7647161425004927E-5,1.1267883741082759E-4,0.0012573838383165184,2.756246784231142E-4,0.014218268535016254,4.923946497684304E-4,3.910546992996732E-4,7.523160754103965E-4,2.923731913658332E-4,0.0012774036469001613,0.013042428184048806,3.9532931918943463E-4,0.0014072679325194872,0.002042069809201185,0.0020113618820820096,2.3495324664482895E-4,3.1503912922849913E-4,2.8453007358257316E-4,0.001178969788927438,0.001306444361220583,9.031734574655707E-4,0.00220431151315112,0.0043531037554857795,3.009303600781617E-4,0.001179171115605298,3.451625070915773E-4,8.886625371836778E-5],[0.0018425456982012485,0.001810033011796556,6.179366488026456E-4,3.1816686894550714E-5,0.0018727428768058147,0.008279079647747682,0.0016381318316292452,0.001985918119346038,0.0024033809016485367,3.075129912199296E-4,0.0014896235642609865,0.01780788236379072,0.0028001227106742217,0.0026682559790977807,0.0015549012223770283,0.001129138204144187,7.228680340842947E-4,0.002602512781417565,0.002388394752050542,5.069259850961741E-4,0.002672274791640963,8.704433091413749E-4,0.0023862329614750943,1.0,0.0034816037085025637,9.89714603273217E-4,0.0025488309788706336,0.0013551631315166263,0.002441824375434116,5.255051202668017E-4,0.0014548796813772433,0.0019476376634378677,0.015028481003044186,0.002500230750228399,0.0013532225477723742,0.0011114500761310769,9.521255741378143E-5,0.0017022016853648872,0.011351539637873363,0.002076472559784388,0.0019778635033048915,0.0029231192130711797,0.002610788327399404,2.1547360327590906E-4,0.002175593353765599,0.0021054743665585916,0.0018362315294439362,0.0023297296365638646,0.0018853311061655033,0.002700356478054171,0.009228870630275231,0.00192170196844664,0.002330135598218712,0.0015888159144152934,2.3186980964147328E-4],[0.001430729749848845,0.0037535548372928376,0.003353821261549769,0.0034651593972099336,0.0011915577734579429,0.017263476403430345,0.0016930479222834033,0.002812837657790484,0.001555591827245224,0.002586900586236114,0.003396544519024795,0.012688792078364871,0.004519472475651499,0.003464051124663848,0.0030016549813978756,0.003310843904130831,0.0012226581610451542,0.003437529274118934,0.0034524592032838825,0.0032206996946328556,0.0035873798971971346,7.779739777984436E-4,0.0017757936247722367,0.0034816037085025637,1.0,3.533966207137916E-4,0.002784187910727984,0.003035774379588986,9.928175723651266E-5,0.0024524832346441007,0.002769156484579997,0.0036315613939274256,0.013291365115597309,0.0015307555224241094,0.0029583686224598548,0.0022296265515943355,0.0017778102060639876,0.0014487463854776469,0.011063616842971587,0.0029923264158996667,0.002022394392719808,0.004258269807927589,0.0035197709543533856,0.0011796232304926496,0.0037760441427094663,0.003306350496331788,0.0022279380643831083,0.0030427088826222057,0.0023436092070256644,0.003930041887121651,0.005023550019621395,0.00349961254423653,0.0028787430849065766,0.0016478126573626155,0.002408606743130881],[1.75905937304048E-4,3.271351589308331E-4,2.021801859639063E-4,5.7485588302519157E-5,1.4895312970187935E-4,0.020632912667166273,4.0363931487390594E-4,9.798333461505867E-5,6.408690184886953E-4,2.0791866827348974E-4,1.3906547967007188E-4,0.0057023667522984964,0.003700603101175428,0.001757516230174844,4.5412749617152186E-4,1.4807130181903184E-4,1.6483350610893934E-4,0.0024311440783424767,4.773574812828391E-4,1.2978622370242367E-4,0.0027966633630829595,1.4644300478611043E-4,2.2647743554112277E-4,9.89714603273217E-4,3.533966207137916E-4,1.0,1.8653261405034857E-4,1.96970916419184E-4,8.596590896777551E-5,1.3232675112766454E-4,3.302945759582247E-4,2.4139440284852697E-4,0.040483257307879425,4.2670245969459873E-4,6.136905430904396E-4,5.107532930330354E-4,1.9308565226976062E-5,7.887513104388546E-4,0.014562636096033756,3.05730628555544E-4,2.4998298315411595E-4,0.003759136650292287,0.001402108698828208,1.8526584277758207E-4,3.197587051667562E-4,1.8429570796157197E-4,3.382679922528561E-4,5.463286535321032E-4,7.971581531962144E-4,0.001000498693915992,0.010742609600467424,5.461763510461685E-5,5.616058363482762E-4,2.5525029574842244E-4,8.094410047355686E-5],[2.10511357510312E-4,4.816256700198993E-4,2.633788905382464E-4,2.595094065728176E-4,1.6647192160846179E-4,0.011989391151879481,0.0010125313332517126,1.267881288491056E-4,4.3203376830593885E-4,3.058916810760922E-4,2.5269076653186627E-4,0.012368835863371464,0.0028755027468401495,4.142584785407062E-4,5.167627888331338E-4,1.3651871187020248E-4,1.3716384081698018E-4,0.0012454239033717457,7.763455395766245E-4,2.793946448011631E-4,0.0010825653407603815,2.64780112424343E-4,3.219044793461474E-4,0.0025488309788706336,0.002784187910727984,1.8653261405034857E-4,1.0,2.6720111117875734E-4,2.1667427312621805E-4,1.679097045020757E-4,9.627276510380124E-4,3.184717540698166E-4,0.009417915810049547,4.55958489088512E-4,0.0010178009775396806,0.0010382094030235713,2.031115800227294E-4,0.0013885630546543169,0.00490526855579288,6.657558700242005E-4,0.0011354796337755505,0.004145492646688917,0.001789776562979786,2.770025560975371E-4,3.610098300643492E-4,3.1564779880887013E-4,8.309620096472816E-4,7.062402488169845E-4,9.63171659992244E-4,0.0018663122576182789,0.004328114511337265,1.263447251277673E-4,4.871520011977676E-4,3.340517144697178E-4,1.6057379261009356E-4],[1.7728959556899737E-4,3.9193317504990623E-4,2.1762011864431136E-4,6.264911929106096E-5,1.2517074717205296E-4,0.021822860699165336,8.292216097441753E-4,1.463373818908042E-4,2.5405146229302443E-4,2.067788791709578E-4,1.335488003374572E-4,0.0014128814912929832,0.001487769522707232,7.73620010801179E-4,4.589890886169734E-4,1.927666230866666E-4,1.472860467149254E-4,0.0013043420831858824,9.937679045217032E-4,1.6596509804779418E-4,0.002013748772963458,1.4692599917568228E-4,2.1458624482872853E-4,0.0013551631315166263,0.003035774379588986,1.96970916419184E-4,2.6720111117875734E-4,1.0,1.7711509595268792E-4,1.548401192174788E-4,0.001063675544740265,2.659290439855651E-4,0.030842798165679464,3.142905003526031E-4,9.449635444537391E-4,3.0183215643454704E-4,1.8063244467230816E-4,0.0012524133321605378,0.00998005559633473,9.121025789422518E-4,0.001373455542972471,0.002430880986451134,0.00210599200081971,1.989212364336643E-4,2.9660307179462633E-4,1.9245232040853168E-4,3.879936817864285E-4,5.40376640456425E-4,0.0012611846964686064,8.577557325138922E-4,0.006829025994478906,4.109066773539382E-5,5.838761779459018E-4,2.4393485297142313E-4,1.7998171113109535E-4],[1.4990100156096712E-4,6.214485986096661E-4,7.34020161488856E-5,2.5050896394051633E-5,6.13745582123625E-5,0.007061460945488549,5.912536670173428E-4,2.9935431091371453E-5,1.992476309168245E-4,1.3825704697166205E-4,6.861609606822286E-5,0.016353360232363678,0.00281688097456943,0.002051188165543381,4.4914861221245013E-4,1.0836523023268248E-4,2.428223126881091E-5,0.0023452101105114176,6.215406743678967E-4,1.0733837937018145E-4,0.0016708822677079962,1.264876932158543E-4,5.7647161425004927E-5,0.002441824375434116,9.928175723651266E-5,8.596590896777551E-5,2.1667427312621805E-4,1.7711509595268792E-4,1.0,6.013491895792502E-5,0.001024701745898571,2.4642690569675674E-4,0.03399395232521245,5.350591891195686E-5,3.2435776607037873E-4,7.500797275974429E-4,1.6585086395640443E-5,3.7401406045055633E-4,0.016326450470764618,4.911815542735756E-4,6.379688217583313E-4,0.0013128253805945623,2.9717138503023403E-4,1.6701922912503613E-4,3.82815471701682E-4,8.56055657584922E-5,0.0013208823155246123,8.185675706606208E-4,1.1552113869841127E-4,0.0015126986012359888,0.005182734279986453,2.4906058608912843E-5,4.592157920694619E-4,2.8961941552815796E-4,4.5487412252935734E-5],[1.4537179442484214E-4,3.689568529560717E-4,1.9339416410750265E-4,2.3374113233929764E-5,1.1085068556386425E-4,0.014646114533273928,1.0989475418446224E-4,8.386937248210108E-5,7.011472308731421E-4,1.918385261722665E-4,1.1640580354956912E-4,0.008096904182161463,0.003016130060063941,0.0027885840568360356,1.1952849451463477E-4,1.0695038987853802E-4,8.914519822212619E-5,0.0016073165056332559,7.001973855419566E-4,1.005533137010861E-4,1.5426631533880923E-4,1.1608912473940525E-4,1.1267883741082759E-4,5.255051202668017E-4,0.0024524832346441007,1.3232675112766454E-4,1.679097045020757E-4,1.548401192174788E-4,6.013491895792502E-5,1.0,0.0012288531943795366,1.762615166558495E-4,0.00424019729666754,4.703728351992415E-4,7.482887425305879E-4,9.556819678955547E-4,5.05207533083165E-5,0.0010754336168789262,0.0122893748581415,1.8021242792259668E-4,0.0012583051641580547,0.0038874640170435486,0.0013090868821881265,1.7170227698600526E-4,1.7342949220913425E-4,1.5302875511278994E-4,2.7978295175143603E-4,0.001109899448007592,0.0015352139818521843,0.0022351817888352347,0.005320136036589594,6.649274337032455E-5,8.382702043122563E-4,1.4552660975042316E-4,6.331687994384555E-5],[7.673590135734217E-4,9.906071683266106E-4,6.36113624151217E-4,3.853609315794752E-4,3.7915915703457497E-4,0.01316624845455491,0.0012841459293509866,6.7718204632237E-4,0.0012836436997599348,8.661466924006228E-4,5.539598819189737E-4,0.014160808262298872,0.004277445778215556,0.0020840351822235125,6.024687442830003E-4,2.054207324993573E-4,0.0013284306919390213,0.0021441180137019788,0.0012549752758440062,0.0010648208769469473,0.001732810688910272,8.263189786315914E-4,0.0012573838383165184,0.0014548796813772433,0.002769156484579997,3.302945759582247E-4,9.627276510380124E-4,0.001063675544740265,0.001024701745898571,0.0012288531943795366,1.0,0.001066637565891263,0.013652114417531946,6.467362063828873E-4,0.0013352921499123751,0.0013662485530680857,0.0011388213230468015,0.0014198866545296232,0.013766136812883557,0.0013574577012757725,0.001527274943680352,0.0027705962633721047,0.0022970130785250785,0.0013895307586456436,8.147291243637451E-4,0.0012823435317233162,0.0016295525525375173,0.0014211856501701202,0.0014714082079667677,0.0017810333464577345,0.004331682485846411,0.0011078525301923285,0.0014285848562908998,0.0011141044588683876,9.99888746130713E-4],[2.0930980633580701E-4,6.509950143257887E-4,2.613436132642957E-4,2.1386676730152118E-4,1.396547897257174E-4,0.020197503087141026,9.346379017696868E-4,1.8136574947706552E-4,9.329641928165888E-4,2.4024035602440813E-4,2.449234062526152E-4,7.32170981028384E-4,0.003803023034453801,0.001101946716614405,4.4907853504677164E-4,1.837228823370156E-4,2.5574038988096378E-5,0.0015406055526342827,2.931625900718889E-4,1.9068056168813894E-4,0.001391530280047759,1.5090606727979767E-4,2.756246784231142E-4,0.0019476376634378677,0.0036315613939274256,2.4139440284852697E-4,3.184717540698166E-4,2.659290439855651E-4,2.4642690569675674E-4,1.762615166558495E-4,0.001066637565891263,1.0,0.01571803625319613,4.2281747520808287E-4,9.523506265317318E-4,5.639655560354736E-4,1.5128677262289507E-4,0.0010763686324095282,0.005845390887399162,3.906661087945813E-4,0.0014837484557108712,0.0027114945290623825,0.0018319395804014815,2.2410771444960004E-4,3.7494568215096506E-4,2.2975998734745342E-4,0.0017296359331770027,7.707149515493425E-4,8.553031650371521E-4,7.177967926452954E-4,0.00391218981287236,2.1217733258562514E-4,0.0011930335520452364,3.5164830578532065E-4,2.060119670225482E-4],[0.015478455292215431,0.043227838702775655,0.043575833164619535,0.025042325127212165,0.007062458115158445,0.04260079508851033,0.024940500539425762,0.037300343195319274,0.009077399551522893,0.02304287661646024,0.004823128673579535,0.04019335994281799,0.005984942645694047,0.0418938049786699,0.020829648449181896,2.511036332547286E-4,0.029394985799414165,0.04120178954635362,0.007917159140963458,0.027744086212447037,0.00792781999623718,0.04310795073576482,0.014218268535016254,0.015028481003044186,0.013291365115597309,0.040483257307879425,0.009417915810049547,0.030842798165679464,0.03399395232521245,0.00424019729666754,0.013652114417531946,0.01571803625319613,1.0,0.02422369405334172,0.02292461620069281,0.04015908534268226,0.03825598793164327,0.021530777176229796,0.026816671943549898,0.01224733597458602,0.009190105541792394,0.03272417608905167,0.012611014494795169,0.021304512729378278,0.037526112490089324,0.0386490142405157,0.022531349403130427,0.032266566783158486,0.023274435590824143,0.017924097312223115,0.03548614427453655,0.04170395488655606,0.027927441481531853,0.0401761490832939,0.043488084383235925],[3.2696567833119983E-4,6.401724857862552E-4,4.692480891107457E-4,2.30338119138126E-4,1.594127580485824E-4,0.007487977969671182,7.722623470646171E-4,5.333327444769952E-4,9.288932447790933E-4,4.894179418319894E-4,5.290701016655873E-4,0.011676699506368557,6.977785388816872E-4,0.0016019020568839733,5.758197283533762E-4,4.2692404912258715E-4,1.996149312203977E-4,9.740951878474075E-4,7.439506500649825E-4,4.481810933784677E-4,0.0022790810172840345,4.675861957240536E-4,4.923946497684304E-4,0.002500230750228399,0.0015307555224241094,4.2670245969459873E-4,4.55958489088512E-4,3.142905003526031E-4,5.350591891195686E-5,4.703728351992415E-4,6.467362063828873E-4,4.2281747520808287E-4,0.02422369405334172,1.0,0.0010692246265839268,6.54850551543905E-4,4.1594769151303434E-4,6.185759312920543E-4,0.012209955580820712,6.682993982977566E-4,0.0013398223778606924,0.0036082435967347663,0.001125938690059058,5.006844414666719E-4,4.1665476069954575E-4,1.957986834931638E-4,7.252592607844625E-4,0.0014699246295510906,6.295974248933157E-4,0.001271849461690894,0.003638657277628444,4.181634636479001E-4,5.820831384738374E-4,5.414214944609074E-4,7.239883261587813E-5],[0.0012479680097379144,0.0011258501193561904,6.840066082945278E-4,5.961601543531302E-4,9.335423715795617E-4,0.005645676488948962,0.0012477689461193955,5.267270532087878E-4,0.0012397985645228565,7.249144230294814E-4,0.0012075862279923412,0.013042578672304381,0.003266957376204199,0.002092296560212601,9.699856846262122E-4,5.264458229622439E-4,7.378454834510983E-4,0.0015573784716037932,0.001198487578410314,7.198893637431716E-4,0.0024185660223426976,0.001065614910708663,3.910546992996732E-4,0.0013532225477723742,0.0029583686224598548,6.136905430904396E-4,0.0010178009775396806,9.449635444537391E-4,3.2435776607037873E-4,7.482887425305