[[1.0,5.654979531134477E-5,6.336360713668474E-5,8.713162281009544E-5,3.0018579161128516E-4,6.971332210577647E-4,0.013012271390047504,1.1185305479817354E-4,0.0042067874033095256,3.4892836679992234E-4,5.0029210906671E-5,2.3578230611056599E-4,0.0016762698305950734,2.5928917553218406E-4,2.1573208786531894E-4,1.2565176347367798E-4,3.7913885092530385E-4,7.826451463428703E-4,1.2244524373988564E-4,0.0015288662508707522,1.9852100054394418E-4,1.5068537485366505E-4,2.09262065822719E-4,6.975224138177681E-5,1.0702105628723384E-4,0.0010337223737005815,3.722159989503112E-4,1.120877184581664E-4,2.834100706966432E-4,5.697890426943332E-5,1.7498572458898317E-4,0.0023102413970393083,1.3577323369437698E-4,6.769365571056907E-4,1.5471174388552303E-4,1.2299154156830965E-4,0.0022476882766113843,4.3055219066185225E-4,1.8846710203503992E-4,9.01235909686762E-5,0.007270493178763119,1.6070126676804105E-4,3.7536687787653104E-4,8.423410458473789E-5,8.486466342479823E-4,0.0039982587883363955,4.8497987886713385E-5,1.161043023916864E-4,0.003268356711629803,0.0010810558838440236,7.944317586434393E-4,1.1958689570672573E-4,0.001706310047799839,5.080115638184555E-5,2.233184008245879E-4,3.810183086521648E-4,0.0016640403533017992,1.3550460949685817E-4,2.500213164990158E-4],[5.654979531134477E-5,1.0,2.2056197885655392E-5,1.707212882238949E-5,1.272703560019585E-4,7.415139091935044E-4,0.009720967972460554,6.113834320145334E-5,0.0033689328986551805,2.304827266282076E-4,1.466145662266305E-5,1.1028566795291892E-4,0.0016401540909017091,1.492724691597909E-4,1.3085803698576363E-4,9.197296541139994E-5,2.2818420316762097E-4,2.8787416825098116E-4,9.90235883088067E-5,9.987811704334844E-4,2.1349932982812794E-5,5.656519742056807E-5,9.690215776123921E-5,1.4832342415266029E-5,2.5784049738128894E-5,6.693547134110278E-4,7.084299244852949E-4,3.8977916868764095E-5,0.0013144466231100865,2.4164585358240775E-5,2.605200837539256E-4,0.0015787073629717472,8.994479790568394E-5,4.3777834804641465E-4,1.4359848804796675E-4,1.3963225827190497E-4,1.7304819555282665E-4,0.0017533417823059302,2.3748817464204044E-4,2.3831461282676803E-5,0.01781826954340348,6.611891066172294E-4,9.178202636697646E-4,3.701275673297408E-5,1.935576890829112E-4,0.0048259877279689,1.283210600202464E-5,7.006343044242406E-5,0.004704671706435526,7.100796358778427E-4,8.21394905480507E-4,2.912277575959516E-5,0.0024542210085073987,1.3868432993152316E-5,6.666859039517372E-4,9.807296705057304E-4,0.0015527125853969565,1.449087395159102E-4,1.847410370810674E-4],[6.336360713668474E-5,2.2056197885655392E-5,1.0,2.8022220631854248E-5,0.0011731863369079183,6.689607945154202E-4,0.006615807920354975,8.775767429813254E-5,0.005347754163210854,3.674275733167741E-5,3.0272974797061366E-5,1.2058027631598259E-4,7.334896866307609E-4,2.240492421963913E-4,1.3459253368971536E-4,5.346241601525279E-5,7.661214211945003E-4,1.7245229891305164E-4,6.918550497944229E-5,3.372902416178389E-4,1.9701155705681645E-4,9.594872490707918E-5,8.82583996038576E-5,2.8265060740473453E-5,5.2163909136507045E-5,1.995566232104196E-4,1.0947830048556483E-4,7.860275542818297E-5,0.001913340374174741,2.960820482723352E-5,1.4943786748981258E-4,0.0010580071529344027,2.780586624465325E-4,2.9644010287002145E-4,3.66602001540706E-4,9.903324316509369E-5,3.124830640638547E-4,8.290633132457598E-5,4.9970275592714554E-5,3.20558696004748E-5,0.025956591218370437,5.912495358897187E-4,6.502531681628156E-4,3.59962989527188E-5,2.0087058840940163E-4,0.004979809522920491,3.130372655352002E-5,1.1318913261392676E-4,0.005086474397859563,4.96039437377051E-4,0.0011434848099339302,4.418620359850272E-5,2.4127153005098226E-4,2.563513685806651E-5,3.9830320312006127E-4,0.0011640846458893378,0.0019417713578115856,8.314617409147575E-5,7.021334408377597E-5],[8.713162281009544E-5,1.707212882238949E-5,2.8022220631854248E-5,1.0,7.397284764156108E-4,0.0010819358755838262,2.321726886184195E-4,9.731639761709763E-5,0.0038006413486539755,1.2869181709735183E-4,2.1473279884354285E-5,1.2489414806629394E-4,0.001321128395910969,2.637830315603309E-4,9.271214297152189E-5,1.1040171271689631E-4,8.419488863324585E-4,6.026028551482458E-4,9.576177443863901E-5,5.074756633969913E-4,1.494356505630869E-4,4.5614759461211666E-5,1.7102198758092317E-4,1.8358359821791696E-5,1.0356808053216338E-4,6.162261975276857E-4,3.965251081720228E-4,7.700522034460145E-5,9.223729393891478E-4,2.6820869699484708E-5,2.1868280712723762E-4,0.002244934556144474,1.4220866882136838E-4,8.050840085213245E-4,2.45620791332332E-4,8.647873646831661E-5,0.0031197731653122346,0.001142466562500355,2.0728054986356257E-4,2.2124843322287928E-5,0.02355772143832248,9.803296417931835E-5,6.390563872869079E-4,3.2561506694086356E-5,0.001014082396419209,0.0046990215740797476,1.7353055080316225E-5,1.0688802581377155E-4,5.703033830971208E-4,8.925290412567118E-4,6.222173001270417E-4,8.254836006061344E-5,6.945377835941521E-4,1.8246696668272124E-5,5.53402321091402E-4,8.112948730543053E-4,0.001350557287406242,7.77767355582779E-5,1.8747892155633941E-4],[3.0018579161128516E-4,1.272703560019585E-4,0.0011731863369079183,7.397284764156108E-4,1.0,0.0011890713610103014,0.012516685934234729,7.627373539391048E-4,0.004266978927250674,7.588751135586048E-4,3.0604276147394805E-4,3.2683142766857794E-4,0.0014482814087190593,9.463043982150195E-4,0.0011520681301876163,0.0012224360299281135,0.0010426355091840396,0.0012738336116743818,4.284243930037085E-4,0.0013761501374233414,2.7960605812519927E-4,8.622335137903896E-4,4.0429496986776734E-4,8.12900769047082E-4,8.929276161524299E-4,0.0012447398228301121,0.0011250059252553724,1.274298440494985E-4,0.0017944933305780058,0.0012108234554638342,8.511601735325344E-4,0.0015758483828878463,3.386075651381515E-4,0.0012953402921543607,0.0012261298304069293,0.0012572492665550257,0.002418049070264816,0.00175763532599997,0.0012024985898649687,0.0010564170551517625,0.0019426819666372773,0.001050744624502812,0.0012709618432475832,3.808296858471849E-4,0.0012404212275204582,0.0057117880459076195,0.0011638155971262247,9.268556532523321E-4,0.005010668694011525,0.0012891199623621809,0.001497382563842756,8.672821601789776E-4,0.0023141244998276947,7.539890776543771E-4,0.0013761451658336503,0.0013300958847094588,0.0015964115930417596,0.0010464107599937721,6.168940895988576E-4],[6.971332210577647E-4,7.415139091935044E-4,6.689607945154202E-4,0.0010819358755838262,0.0011890713610103014,1.0,0.01287031508173082,1.5346809831746168E-4,0.004545027100106942,6.640766240595483E-4,9.46326416367519E-4,6.045132895282073E-4,0.0012063740726943875,9.708112336782948E-4,0.0010159904635709776,1.4662017945088327E-4,0.001121010601770514,0.001097899635090581,0.0010329075768180126,0.0014975874028290619,4.8244743974423717E-4,0.001092665658157397,4.2943439034201145E-4,3.0362748536099976E-4,9.718954324358603E-4,0.0010824221539250136,0.0011451865078752712,2.1628888581664025E-4,0.0015849854242954416,7.567387609681227E-4,9.85516247995158E-4,0.0025365008836910957,0.0010756299104532044,0.001226336360283185,0.0011303640276276454,3.269339700485523E-4,0.0020851432414604122,0.0019014085007361193,3.3000416195232054E-4,6.863297203903414E-4,0.007055873501306367,0.0010707170324963293,0.0012077335195004783,2.8161627757228574E-4,0.0011610512776760065,0.0040811343692767335,6.397328009110067E-4,8.08515076191523E-4,0.0017129442575148602,0.0011501268348194924,0.0014468390652348096,0.0011048354030960775,0.0014335830131634367,2.5173630634381475E-4,0.0011717325766266282,0.0012991848892618379,0.002091291813014303,0.001108985681932804,0.0010783888119489837],[0.013012271390047504,0.009720967972460554,0.006615807920354975,2.321726886184195E-4,0.012516685934234729,0.01287031508173082,1.0,0.0016677728456477362,0.021225569702852956,0.010792834321985818,0.015523639060946835,0.017508554816041404,0.016435701758137196,0.009926198250040397,0.0140577505821457,0.02062342734441904,0.0038449204853387873,0.0017962646616401503,0.018149723992475383,0.008697094266288508,0.0032554371330933167,0.016744438837301562,0.01506633748346973,0.01802796460747196,0.015187928800955774,0.016013133260176945,0.002309705185365089,4.186139876886088E-4,0.009233937518117664,0.011907078143683797,0.015362720493661025,0.007400159072266289,0.0015319187158702504,0.003664581844037289,0.014982980371258187,0.02082445793675872,0.008576563177175665,0.013767522009691979,0.018845590129559425,0.018499166862214287,0.025151267100822005,0.013329075711546174,0.0049360790523629745,0.01654787896333438,0.006410406715616921,0.01805877255774114,0.0029764292413495185,0.020502776555253042,0.01519708746096154,0.018933573478455267,0.018460454536556075,0.009917816715537249,0.012436962532736441,0.006071111253481515,0.021247985303156032,0.020439462243451688,0.01321595213091845,0.004756031042572091,0.003976166220474875],[1.1185305479817354E-4,6.113834320145334E-5,8.775767429813254E-5,9.731639761709763E-5,7.627373539391048E-4,1.5346809831746168E-4,0.0016677728456477362,1.0,0.0017094168065144907,3.372063399749985E-4,8.346876376119503E-5,1.9498650754601652E-4,0.001886960988680708,1.324852573401672E-4,1.489309907016059E-4,1.1933735886958295E-4,9.150119788108911E-4,0.0010570075807899947,1.1830917875417381E-4,9.874182607170197E-4,1.3910671123541302E-4,1.236758758978239E-4,1.319866359859643E-4,6.954439734418639E-5,1.1702516634904166E-4,1.7443278342526604E-4,4.6113542126434556E-4,1.1989012622696252E-4,1.8479342363646525E-4,9.511656946292418E-5,3.310432012990969E-4,0.00209463302934829,2.124547846010553E-4,3.8782466533169983E-4,3.5012753741949464E-4,1.4892572769220343E-4,0.003477156217477792,0.0014578994773273497,1.3860485636020276E-4,5.671087064940784E-5,0.007948468878317922,6.099084789955293E-4,4.0417363908085266E-4,8.357691919610141E-5,5.787324791634501E-4,0.002518747674075931,1.1204010011392373E-4,1.1914900063375082E-4,0.003227922486001222,6.617442055290978E-4,0.0010308436140104968,1.1938029262194759E-4,0.00242227746619226,7.221240048486621E-5,9.940342413938628E-4,0.0013158327145181524,4.576387822546958E-4,1.216407318263977E-4,1.3121049673474528E-4],[0.0042067874033095256,0.0033689328986551805,0.005347754163210854,0.0038006413486539755,0.004266978927250674,0.004545027100106942,0.021225569702852956,0.0017094168065144907,1.0,0.004320909426270532,0.0011698987894362208,0.003183136544308023,0.003858125277705693,0.0014420302567240899,0.003583404786925335,0.0025306983362145537,0.0027541947486556893,0.004233995895934145,0.004196838023579594,0.0033920161527275254,0.0019189860634461413,0.0026901548315584013,0.0014951504260996046,0.0024726432285854315,3.7166995940037835E-4,0.002396597841998318,0.003808628703403398,0.004461446179742213,0.0039042944394576586,0.005021619656322411,0.0027547613007961546,0.0033211348058783236,0.005242031844208322,0.004256962366472727,0.0037698363811934895,0.004583640895666424,0.004224638018533958,0.003810845731866247,0.0011063657868729923,0.002285929226794513,0.007238280268427212,0.001941175577396358,0.003460748676905375,0.004388411460989652,0.0034375688334331283,0.005600546320626614,0.005252794242381156,0.001765048403106334,0.005750554705635285,0.004903732494260913,0.00269236799070598,0.0042315904513465265,0.003123717327562881,0.0014945192935936532,0.004035515216807641,0.0024754756607660204,0.004839233181385035,0.0010662097428348397,0.004770868871301118],[3.4892836679992234E-4,2.304827266282076E-4,3.674275733167741E-5,1.2869181709735183E-4,7.588751135586048E-4,6.640766240595483E-4,0.010792834321985818,3.372063399749985E-4,0.004320909426270532,1.0,2.116738084819339E-4,3.368664705626368E-4,0.0012086782851057085,3.058140946286586E-4,3.5237789435000943E-4,1.5647071393026256E-4,7.847505881619463E-4,6.3497439828134E-4,3.137313896784365E-4,0.0012417032383686196,2.6977225866467615E-4,1.9756030927715873E-4,3.6062696746864243E-4,2.605915788803935E-4,3.6160260215200224E-4,0.0010690635690882332,4.1822300204864485E-4,2.9312484934571005E-4,0.0014002520976183332,3.547307697403369E-4,4.4687465987129453E-4,0.001636815744916236,3.489034417656499E-4,0.0010772293759794952,5.861228379780847E-4,2.0049225502815138E-4,0.0016532396952881146,9.437202142478546E-4,2.8659862054160844E-4,3.140484396872285E-4,0.007714550995650104,4.17180378875056E-4,8.921374887886286E-4,3.43547703204241E-4,4.565438616321404E-4,0.0011596719578880854,3.1357593155504096E-5,2.863622777363249E-4,0.0012730613144713216,6.932325523014795E-4,0.0014424484803461672,2.887791131750754E-4,9.601570809019484E-4,1.9571690924032848E-4,0.00130087931131218,0.00163508984776488,0.0016453278933463873,3.329996925538912E-4,3.109243098074974E-4],[5.0029210906671E-5,1.466145662266305E-5,3.0272974797061366E-5,2.1473279884354285E-5,3.0604276147394805E-4,9.46326416367519E-4,0.015523639060946835,8.346876376119503E-5,0.0011698987894362208,2.116738084819339E-4,1.0,4.66999533761879E-5,3.2807046706526E-4,1.2920114854412523E-4,7.467807657369365E-5,1.1707061490166847E-4,6.985297657553618E-4,2.0748559466488134E-4,1.1411819710451306E-4,8.499080644180914E-5,7.678699313644273E-5,1.804649103325031E-4,1.6066550443891403E-4,1.769619359953594E-5,5.023492280447394E-5,3.5536994963269243E-4,1.8023738145329216E-4,1.1319974661550778E-4,1.3690883425325343E-4,2.356956079065418E-5,3.7599731374215437E-4,0.0013891145915216959,7.861954392570907E-5,3.3227905567876655E-4,1.4991958507386846E-4,6.385916925456753E-5,9.937752099603123E-4,0.0015951972429702592,7.900360584063413E-5,2.3332510457262237E-5,0.017114442800282566,4.377890312505685E-5,4.4412794323219797E-4,2.70062632406161E-5,8.42916577970441E-4,0.0015956850151415275,1.053133119744054E-5,6.503265816002127E-5,0.003010346248610265,6.097790210923448E-4,0.0013651783817571898,7.961640567518135E-5,0.0018704785152429502,1.6626916199684987E-5,1.4227846570276825E-4,0.0015323460965346771,4.167162192286671E-5,2.0320184171728997E-4,6.228611787714153E-5],[2.3578230611056599E-4,1.1028566795291892E-4,1.2058027631598259E-4,1.2489414806629394E-4,3.2683142766857794E-4,6.045132895282073E-4,0.017508554816041404,1.9498650754601652E-4,0.003183136544308023,3.368664705626368E-4,4.66999533761879E-5,1.0,3.8180307620346655E-4,2.919008600827298E-4,2.2072740353377084E-4,1.9075368293612507E-4,6.309734208940494E-4,5.85800190492443E-4,2.0248967225655696E-4,0.0011007520098634104,2.2751524252747523E-4,2.57465406078764E-4,2.8380419876477663E-4,1.5824531251105984E-4,2.144093062721406E-4,6.490597072880155E-4,4.7270289202956895E-4,2.635302496630893E-4,9.234603188456543E-4,1.9238308911578736E-4,3.399444276103814E-4,0.002043262919734119,2.9112897233115996E-4,4.723570343499308E-4,0.0010880536439427935,2.103034526060029E-4,0.002781076884973913,4.86134268654722E-4,2.807572172367272E-4,2.5181720863409995E-4,0.010908653830829522,3.616240265179349E-4,5.33779919746474E-4,1.4234093059096805E-4,0.0011273081074084958,0.0014042333355037888,1.2095325643476269E-4,1.652794463980757E-4,0.004006085575953142,0.0010040890648205722,0.0012450065892776953,1.9843755204761464E-4,0.0013553593750257333,8.829523484618455E-5,4.5705363764681286E-4,9.186719298639745E-4,5.166569511343081E-4,2.547470456390707E-4,2.9711927817357466E-4],[0.0016762698305950734,0.0016401540909017091,7.334896866307609E-4,0.001321128395910969,0.0014482814087190593,0.0012063740726943875,0.016435701758137196,0.001886960988680708,0.003858125277705693,0.0012086782851057085,3.2807046706526E-4,3.8180307620346655E-4,1.0,6.423834883733096E-4,0.0014367806068845339,0.0012697475182406068,0.0011763182158290287,0.0016490891187421184,9.891743267623017E-4,0.0018546616638996712,0.0014136288652597203,5.996075215889272E-4,0.00183578464256159,0.0013361089240383989,0.001449410981126009,0.0016866713044081329,0.0012138110858423076,0.001097400705279825,0.002566066554149084,0.0013413061778382832,0.0011303284315074247,0.0022903828964685436,3.933721157396276E-4,0.0016706306850269395,0.0013982066718462784,0.0011400822356047952,0.0033478801570872244,0.0019398114842750307,0.0010297399966070714,0.00146287591559011,0.017637069404269696,0.0016713779563739708,0.0013208100257619804,6.729078114828878E-4,0.001955749478203811,0.005512411130662118,4.179289989073344E-4,0.0014970276896060777,0.00545936094210327,0.0019212086123187567,0.001707044812273318,7.046840867720986E-4,0.0021808080692251003,6.054539184693411E-4,0.0018077577894688424,0.0017680401595082458,0.00201993743184255,3.2145053684039856E-4,5.20521610683054E-4],[2.5928917553218406E-4,1.492724691597909E-4,2.240492421963913E-4,2.637830315603309E-4,9.463043982150195E-4,9.708112336782948E-4,0.009926198250040397,1.324852573401672E-4,0.0014420302567240899,3.058140946286586E-4,1.2920114854412523E-4,2.919008600827298E-4,6.423834883733096E-4,1.0,2.7639353160878677E-4,2.5790969257504437E-4,3.9203772314452134E-4,3.88384215191375E-4,1.4452517649512494E-4,5.274262399503193E-4,2.6551270883004417E-4,1.984224699937098E-4,2.7796347017548177E-4,2.0865880532609595E-4,2.377952047727661E-4,8.781735988345249E-4,7.495671444837624E-4,2.0628913106966116E-4,0.0018960970219726362,1.1680538124779377E-4,3.1091480600874366E-4,0.0026030214857512743,2.967254244636576E-4,4.413473395877218E-4,8.957649025952751E-4,2.7728055729437257E-4,0.002794255044554973,0.0016608853530840151,2.8335425308021497E-4,2.780396876599104E-4,0.0029614027852468347,6.810755446216084E-4,5.154103838030896E-4,6.655918117361586E-5,5.268902968701729E-4,0.00368961899476958,1.3772901642325372E-4,2.0338329920359616E-4,5.848713054212995E-4,5.364684828647856E-4,7.504591834887296E-4,2.0806319346316007E-4,0.0012536737288193272,5.726157503573906E-5,0.001439763999215248,4.426378071283861E-4,0.0012556583337574641,2.914683539609413E-4,3.047691842881083E-4],[2.1573208786531894E-4,1.3085803698576363E-4,1.3459253368971536E-4,9.271214297152189E-5,0.0011520681301876163,0.0010159904635709776,0.0140577505821457,1.489309907016059E-4,0.003583404786925335,3.5237789435000943E-4,7.467807657369365E-5,2.2072740353377084E-4,0.0014367806068845339,2.7639353160878677E-4,1.0,1.5574004193961028E-4,2.7136407256051067E-4,7.522732803023277E-4,1.95616695201719E-4,0.0017055555663421183,2.1379432547318883E-4,2.0231487124799979E-4,2.1943599715932E-4,1.2950188005529333E-4,1.1453848472814564E-4,2.1742955567165983E-4,5.689134792023693E-4,1.9809561001613094E-4,0.002386073378811446,7.070005302415916E-5,3.474866238819632E-4,0.002183591412044879,2.5926261643815466E-4,0.001265022896853874,8.465885899934287E-4,1.70420930186709E-4,0.0025955594980385135,0.0016750651347389699,2.2251087487022182E-4,2.0124563987259506E-4,0.005255062181692737,6.095373196903719E-4,0.0011284611876465392,1.5199133840240866E-4,8.184012628339141E-4,0.004127732294553265,2.5585876658736726E-5,1.439398310101283E-4,0.0037918022676394145,4.875032898941603E-4,6.151733353757247E-4,1.8912807687424096E-4,0.001955100762620808,1.9303455556667195E-4,3.383179142128054E-4,0.00152607350184506,2.8494583706062295E-4,2.1577333746688736E-4,2.810059786222017E-4],[1.2565176347367798E-4,9.197296541139994E-5,5.346241601525279E-5,1.1040171271689631E-4,0.0012224360299281135,1.4662017945088327E-4,0.02062342734441904,1.1933735886958295E-4,0.0025306983362145537,1.5647071393026256E-4,1.1707061490166847E-4,1.9075368293612507E-4,0.0012697475182406068,2.5790969257504437E-4,1.5574004193961028E-4,1.0,7.038200609104052E-4,6.049566512938744E-4,1.2752195938370306E-4,0.0016866587606154818,1.6589599752505683E-4,1.4104594980395818E-4,1.4506557156668712E-4,8.983741373025596E-5,1.1257530439961487E-4,8.082213884223328E-4,8.178094944330183E-4,1.2526883017452596E-4,1.9477541142478178E-4,6.48237750622745E-5,1.7594268130358224E-4,0.002096387713875078,1.843067751172503E-4,7.00139866067503E-4,2.3471087109048285E-4,1.5137704149112682E-4,0.003015314666184071,5.453585978757414E-4,1.622489016149739E-4,7.416382059826162E-5,0.011357779489989455,3.734703482942687E-4,4.584640710047912E-4,9.641241617769961E-5,6.709200769364845E-4,0.004685941093773207,1.104416536670662E-4,1.2529614101148661E-4,0.002546691150483062,1.7905109538503714E-4,9.038264255301652E-4,1.2403114810123923E-4,0.0020367904244493543,1.5080419244309173E-5,2.9073655636085175E-4,0.0010274772210104649,3.059701170798043E-4,1.4424813846247584E-4,1.5579305074746175E-4],[3.7913885092530385E-4,2.2818420316762097E-4,7.661214211945003E-4,8.419488863324585E-4,0.0010426355091840396,0.001121010601770514,0.0038449204853387873,9.150119788108911E-4,0.0027541947486556893,7.847505881619463E-4,6.985297657553618E-4,6.309734208940494E-4,0.0011763182158290287,3.9203772314452134E-4,2.7136407256051067E-4,7.038200609104052E-4,1.0,0.001049670848378105,2.499765892590435E-4,0.001060898165787348,7.02629223558225E-4,7.064011786321628E-4,4.7408548905095903E-4,2.0677672073901783E-4,3.65175337775553E-4,0.001023335974793426,0.0010421195531667734,3.583818823392124E-4,0.0024347058217407892,4.651154422232562E-4,5.281663139954561E-4,0.00120291167748879,6.438794803911049E-4,0.0012104581203438687,0.0011207429292888354,3.9847843547492475E-4,0.0025325326686712734,0.0015548884462475592,8.50958312049159E-4,1.6130059853694767E-4,0.011515561635373128,8.341998492200078E-4,0.0011996706226689972,2.8899710337494574E-4,0.0010728950267675464,0.005083520568832804,4.21655781550048E-4,8.34910138665061E-4,0.005891379434624929,0.0010950965665710913,0.0012599772089922142,3.627064904315433E-4,0.0023788465786868706,3.357153050296399E-4,0.0014375434689028353,0.0014608021744695013,0.0012838281786780744,6.551173250990989E-4,4.5824733380780004E-4],[7.826451463428703E-4,2.8787416825098116E-4,1.7245229891305164E-4,6.026028551482458E-4,0.0012738336116743818,0.001097899635090581,0.0017962646616401503,0.0010570075807899947,0.004233995895934145,6.3497439828134E-4,2.0748559466488134E-4,5.85800190492443E-4,0.0016490891187421184,3.88384215191375E-4,7.522732803023277E-4,6.049566512938744E-4,0.001049670848378105,1.0,1.8767093667046734E-4,0.0015343277439508673,4.4769470978740593E-4,8.019245454102396E-4,6.698571175021102E-4,9.92438450237824E-4,3.100538781166586E-4,0.0010704181228987134,0.0011223038605619078,7.827063454852561E-4,0.0025730607005296875,4.3939645131677957E-4,5.766714264036829E-4,0.0019014341447495893,0.0010477674497248691,0.0012137310980142272,0.0010903911710089804,6.590131989173866E-4,0.002392032981400191,0.0017052697379485518,5.056266623461602E-4,8.935269808919298E-4,0.018770081627563447,8.512939529394136E-4,0.0011732671841437222,6.459858189348988E-4,0.0010719985366596317,0.004142589292473729,2.7088157113369047E-4,0.0010400934285804215,0.006343495675663077,0.0011153777301635259,0.0013495210113396734,5.941243549983526E-4,0.0013489513534157378,9.518231354070104E-4,0.0013056027436419465,0.0011382970575857729,0.0015818739856619003,6.727056779248606E-4,8.610319677194635E-4],[1.2244524373988564E-4,9.90235883088067E-5,6.918550497944229E-5,9.576177443863901E-5,4.284243930037085E-4,0.0010329075768180126,0.018149723992475383,1.1830917875417381E-4,0.004196838023579594,3.137313896784365E-4,1.1411819710451306E-4,2.0248967225655696E-4,9.891743267623017E-4,1.4452517649512494E-4,1.95616695201719E-4,1.2752195938370306E-4,2.499765892590435E-4,1.8767093667046734E-4,1.0,8.16930485181147E-4,1.7554262869260722E-4,1.632362300993134E-4,1.3724881556397218E-4,1.217391244193061E-4,1.149192552604776E-4,0.0010542812974545807,5.356635637028799E-4,1.2428201228432398E-4,1.6809747617941298E-4,1.0066381849644623E-4,1.6055702375456014E-4,0.001559162097553128,1.6821296288125725E-4,3.51408552838062E-4,8.055275939316839E-4,1.3070056086223096E-4,0.0031603322460962793,6.05854135707295E-4,1.8309434633448162E-4,1.1701926845640626E-4,0.015001250401799407,5.335672043853088E-4,6.466165244511816E-4,5.067771668585921E-5,1.7625153403569478E-4,0.002136391211257485,8.275929284578968E-5,1.281017531806572E-4,7.407995659277797E-4,5.11665636411866E-4,0.0016222293341335038,1.2528182973715475E-4,0.0024451706711997195,1.0344846793721636E-4,4.1641323911757364E-4,5.305374073158623E-4,8.169286124459024E-4,1.7188351865254572E-4,1.7899667356870437E-4],[0.0015288662508707522,9.987811704334844E-4,3.372902416178389E-4,5.074756633969913E-4,0.0013761501374233414,0.0014975874028290619,0.008697094266288508,9.874182607170197E-4,0.0033920161527275254,0.0012417032383686196,8.499080644180914E-5,0.0011007520098634104,0.0018546616638996712,5.274262399503193E-4,0.0017055555663421183,0.0016866587606154818,0.001060898165787348,0.0015343277439508673,8.16930485181147E-4,1.0,0.001424378516475911,0.0015203679933070574,5.675908610658928E-4,7.045565949547936E-4,0.0013482956218095388,0.001418280713668282,0.0014601885317910325,9.341388177892116E-4,0.0020888998265390325,0.0015824226549532678,0.0010224264928602642,0.0025421581522202166,5.199021340856996E-4,0.001305753838857634,0.0016770811890339705,0.0011988093291847137,0.0025149960309466487,0.0018100997207825943,7.968754813739568E-4,8.295910690485903E-4,0.027346884410735035,0.0016698311623513857,0.0012447299656573997,0.0017245160800819304,0.0017271051822868786,0.005232793787711938,5.166105138515887E-4,3.9794852794893275E-4,0.003769386569359212,0.0015560977736403005,0.0016348075219496758,2.829089979970492E-4,0.0018800736909412982,0.0017550773560714595,0.0017866564890690849,0.0016997337323792882,0.0018039064025464902,4.78664915385554E-4,0.0012561884315125946],[1.9852100054394418E-4,2.1349932982812794E-5,1.9701155705681645E-4,1.494356505630869E-4,2.7960605812519927E-4,4.8244743974423717E-4,0.0032554371330933167,1.3910671123541302E-4,0.0019189860634461413,2.6977225866467615E-4,7.678699313644273E-5,2.2751524252747523E-4,0.0014136288652597203,2.6551270883004417E-4,2.1379432547318883E-4,1.6589599752505683E-4,7.02629223558225E-4,4.4769470978740593E-4,1.7554262869260722E-4,0.001424378516475911,1.0,2.0117451553486342E-4,2.22278899196587E-4,3.464054728062109E-5,1.3602261545621718E-4,4.966655850685621E-4,0.0010865801242825272,1.7051878214937083E-4,0.0010055876962661117,1.1750565318914604E-4,4.4583036651513446E-4,0.0021895240837816483,2.5645997575598285E-4,9.865242572832732E-4,2.336517593348296E-4,1.8241702994601443E-4,0.001079820648129399,7.2775433694255E-4,2.3612070858378842E-4,6.147729697791641E-5,0.027671271324959945,5.809646344244503E-4,9.081303788571004E-4,1.9835912138663588E-4,9.047729654085386E-4,7.549416874143841E-4,1.4893790717599204E-4,1.4322772106516003E-4,2.1576338212181997E-4,7.466499345025273E-4,3.446510249793729E-4,1.7063647521188048E-4,0.0014502475427454393,2.4075688028384038E-5,0.0015700891311696097,9.413135696172766E-4,3.007649624109801E-4,2.0543106559411164E-4,2.3383688860429853E-4],[1.5068537485366505E-4,5.656519742056807E-5,9.594872490707918E-5,4.5614759461211666E-5,8.622335137903896E-4,0.001092665658157397,0.016744438837301562,1.236758758978239E-4,0.0026901548315584013,1.9756030927715873E-4,1.804649103325031E-4,2.57465406078764E-4,5.996075215889272E-4,1.984224699937098E-4,2.0231487124799979E-4,1.4104594980395818E-4,7.064011786321628E-4,8.019245454102396E-4,1.632362300993134E-4,0.0015203679933070574,2.0117451553486342E-4,1.0,2.2144719774214953E-4,1.5409736997090906E-4,1.6308791928339742E-4,2.4006582226049754E-4,6.087532557108391E-4,1.7655058279765945E-4,7.06867758175975E-4,3.993289382591665E-5,2.997931585969253E-4,5.572616398564247E-4,2.9956001650582994E-4,0.0012011077425420034,9.179146412020668E-4,1.6209331343266408E-4,0.0026210925119158845,0.001706060252811178,2.0769637083271165E-4,1.3257003347069576E-4,0.003951778791928939,5.646166746013396E-4,0.001190622934303995,1.2632959588189906E-4,2.2281424147643038E-4,0.004509290991217374,8.604039130334636E-5,1.476075875136056E-4,0.001431213406001157,8.347260321166583E-4,4.555577493991028E-4,1.4637104154117874E-4,2.857873298983469E-4,7.826488129940629E-5,0.0017060543685915178,6.59839676781237E-4,8.620620487776705E-4,1.974228900008214E-4,2.957211311365818E-4],[2.09262065822719E-4,9.690215776123921E-5,8.82583996038576E-5,1.7102198758092317E-4,4.0429496986776734E-4,4.2943439034201145E-4,0.01506633748346973,1.319866359859643E-4,0.0014951504260996046,3.6062696746864243E-4,1.6066550443891403E-4,2.8380419876477663E-4,0.00183578464256159,2.7796347017548177E-4,2.1943599715932E-4,1.4506557156668712E-4,4.7408548905095903E-4,6.698571175021102E-4,1.3724881556397218E-4,5.675908610658928E-4,2.22278899196587E-4,2.2144719774214953E-4,1.0,1.9360763149233463E-4,1.9951452809613955E-4,5.117331418603145E-4,7.524975736779209E-4,2.1060395196209977E-4,6.772075463732452E-4,2.1256238992974023E-4,3.907138991958654E-4,0.0013969861229497448,2.910850010855139E-4,0.0010626227831128624,5.588679684482314E-4,2.1530368637161847E-4,0.0010624446125189041,5.122123748135814E-4,2.492577579417315E-4,1.8718561174039115E-4,0.02328706985223565,6.444485151766166E-4,3.347468817258536E-4,1.2047210175086654E-4,3.478564316751991E-4,0.003164880721955232,1.9832817807565923E-4,1.6845650016323956E-4,0.005541808930893143,5.062460626690114E-4,0.0010709584000282667,1.6077362325835656E-4,6.975963422964305E-4,5.258752432282081E-5,4.6402275304419105E-4,9.456474878711222E-4,4.7677929140648166E-4,2.1053840578948586E-4,2.579436405278196E-4],[6.975224138177681E-5,1.4832342415266029E-5,2.8265060740473453E-5,1.8358359821791696E-5,8.12900769047082E-4,3.0362748536099976E-4,0.01802796460747196,6.954439734418639E-5,0.0024726432285854315,2.605915788803935E-4,1.769619359953594E-5,1.5824531251105984E-4,0.0013361089240383989,2.0865880532609595E-4,1.2950188005529333E-4,8.983741373025596E-5,2.0677672073901783E-4,9.92438450237824E-4,1.217391244193061E-4,7.045565949547936E-4,3.464054728062109E-5,1.5409736997090906E-4,1.9360763149233463E-4,1.0,9.988297536591219E-5,8.179699563884776E-5,0.0010532593304185204,8.019108108133134E-5,0.0025294437112515994,2.690655384937416E-5,5.1099931488071294E-5,0.0019012044777519932,1.2590925698793528E-4,9.317118804761631E-4,4.018901515702268E-4,2.93465160763499E-5,0.002563043167837057,0.001861699464010584,1.0678142543716688E-4,2.1478630810201556E-5,0.008308756485886248,4.503245739261806E-4,8.163176525543359E-4,3.524178502111155E-5,2.563188376780502E-4,0.002085368612804862,1.6290082228449115E-5,6.908498371467025E-5,8.08232791705973E-4,4.368635379366442E-4,3.8516364985109524E-4,8.63067896029843E-5,0.0010889590733676765,1.519492987585932E-5,0.0012437126349680513,0.0014038237490817008,5.2318633631154655E-5,1.8399499174463134E-4,1.2767099981302643E-4],[1.0702105628723384E-4,2.5784049738128894E-5,5.2163909136507045E-5,1.0356808053216338E-4,8.929276161524299E-4,9.718954324358603E-4,0.015187928800955774,1.1702516634904166E-4,3.7166995940037835E-4,3.6160260215200224E-4,5.023492280447394E-5,2.144093062721406E-4,0.001449410981126009,2.377952047727661E-4,1.1453848472814564E-4,1.1257530439961487E-4,3.65175337775553E-4,3.100538781166586E-4,1.149192552604776E-4,0.0013482956218095388,1.3602261545621718E-4,1.6308791928339742E-4,1.9951452809613955E-4,9.988297536591219E-5,1.0,7.207433975520185E-4,2.4478617122131565E-4,1.1811471945541893E-4,0.002609526930297437,6.911886743452223E-5,3.6963203541016195E-4,3.673030055068747E-4,1.252733221845516E-4,2.5202329783454374E-4,4.5083124274705364E-4,1.402275097098825E-4,0.0018914511505159794,0.0016899223972165912,1.4877397757537213E-4,9.165014915891222E-5,0.017918761817455074,1.1612143501392677E-4,0.001009177713046276,1.1115425641453484E-4,0.0010005205397943754,0.005341273049136219,9.38767328345924E-5,1.1808700003799934E-4,0.0020668112571781893,0.0011052164711168153,7.34555135294933E-4,1.179854397816119E-4,5.836946377174967E-4,3.777903722100043E-5,5.500701821361741E-4,3.7993005605548025E-4,4.444115540075657E-4,1.9782630227003258E-4,3.0447511620926087E-4],[0.0010337223737005815,6.693547134110278E-4,1.995566232104196E-4,6.162261975276857E-4,0.0012447398228301121,0.0010824221539250136,0.016013133260176945,1.7443278342526604E-4,0.002396597841998318,0.0010690635690882332,3.5536994963269243E-4,6.490597072880155E-4,0.0016866713044081329,8.781735988345249E-4,2.1742955567165983E-4,8.082213884223328E-4,0.001023335974793426,0.0010704181228987134,0.0010542812974545807,0.001418280713668282,4.966655850685621E-4,2.4006582226049754E-4,5.117331418603145E-4,8.179699563884776E-5,7.207433975520185E-4,1.0,0.0010812233001983554,9.162694071713387E-4,0.0013594007988267306,9.965644480603299E-4,8.506696081112523E-4,0.0016210279968313231,0.0010030348430867422,0.001195018729264112,0.0011142779822643702,2.2862293523330556E-4,0.0019486143732941564,0.0011892920115779174,2.8969446122153016E-4,4.5684923758018583E-4,0.026226068591220994,8.156228073078953E-4,0.0011176382316688276,9.253081768883057E-4,0.001108296551881916,0.00404214290915749,2.2414448661495595E-4,9.664437277634848E-4,0.003918904634654417,0.0010984791244039688,0.001152713567982859,4.945611165770552E-4,0.0020685009864375345,4.447216062475826E-4,0.0015290244779560015,0.0016717038725674906,0.0013001241255453963,5.699775467128156E-4,4.861845932072227E-4],[3.722159989503112E-4,7.084299244852949E-4,1.0947830048556483E-4,3.965251081720228E-4,0.0011250059252553724,0.0011451865078752712,0.002309705185365089,4.6113542126434556E-4,0.003808628703403398,4.1822300204864485E-4,1.8023738145329216E-4,4.7270289202956895E-4,0.0012138110858423076,7.495671444837624E-4,5.689134792023693E-4,8.178094944330183E-4,0.0010421195531667734,0.0011223038605619078,5.356635637028799E-4,0.0014601885317910325,0.0010865801242825272,6.087532557108391E-4,7.524975736779209E-4,0.0010532593304185204,2.4478617122131565E-4,0.0010812233001983554,1.0,4.2484321785791216E-4,0.0012376349418746703,6.241027250882068E-4,0.001081754633235899,0.002290796499939577,3.453270726585878E-4,0.0011418429285735454,0.0011280850570577843,4.968449425251459E-4,0.0027867002192244065,0.0011384494843046922,0.0010197480499919995,3.9045336706006097E-4,0.010513726402303084,8.491981664256354E-4,0.0012169338973178289,5.866617348259291E-4,0.0011388325722375217,0.003827960307488652,1.4676605336984923E-4,0.0010068664132360787,0.004656253615428622,0.0011249905145938334,0.0013895762257410183,2.188883767767747E-4,0.001410531938858299,2.0024616262360955E-4,0.0015305348119697996,0.0011366668702507893,0.001459319205050011,8.581947075025259E-4,0.0011153958489706786],[1.120877184581664E-4,3.8977916868764095E-5,7.860275542818297E-5,7.700522034460145E-5,1.274298440494985E-4,2.1628888581664025E-4,4.186139876886088E-4,1.1989012622696252E-4,0.004461446179742213,2.9312484934571005E-4,1.1319974661550778E-4,2.635302496630893E-4,0.001097400705279825,2.0628913106966116E-4,1.9809561001613094E-4,1.2526883017452596E-4,3.583818823392124E-4,7.827063454852561E-4,1.2428201228432398E-4,9.341388177892116E-4,1.7051878214937083E-4,1.7655058279765945E-4,2.1060395196209977E-4,8.019108108133134E-5,1.1811471945541893E-4,9.162694071713387E-4,4.2484321785791216E-4,1.0,7.874686367508148E-4,4.5543772254612296E-5,2.9234537686870037E-4,0.002654839922697997,1.6290409700223248E-4,0.001197178468628639,5.712941124232148E-4,1.5496336040424205E-4,0.0032485871656740004,8.444945482721418E-4,1.969615104969778E-4,8.841674400409972E-5,0.016754306649977922,2.959225020580143E-4,0.0010634473314195003,4.4945809699193975E-5,0.0011263714487323364,0.0030040536849277447,1.0377987946409043E-4,1.2317600017426115E-4,0.0036569261169942203,0.0010519626643470804,0.0010612851738512417,1.2356914812019614E-4,0.0010679786357538587,3.6434913480533204E-5,9.270250375576581E-4,0.0010931088463232664,1.6215039901520647E-4,1.3712716027039593E-4,2.051123787727265E-4],[2.834100706966432E-4,0.0013144466231100865,0.001913340374174741,9.223729393891478E-4,0.0017944933305780058,0.0015849854242954416,0.009233937518117664,1.8479342363646525E-4,0.0039042944394576586,0.0014002520976183332,1.3690883425325343E-4,9.234603188456543E-4,0.002566066554149084,0.0018960970219726362,0.002386073378811446,1.9477541142478178E-4,0.0024347058217407892,0.0025730607005296875,1.6809747617941298E-4,0.0020888998265390325,0.0010055876962661117,7.06867758175975E-4,6.772075463732452E-4,0.0025294437112515994,0.002609526930297437,0.0013594007988267306,0.0012376349418746703,7.874686367508148E-4,1.0,8.332811864414936E-4,0.002054078927888345,0.0026702752463253674,0.0013208182352219535,0.0013829369744892098,0.0013290890284579147,5.888041034592819E-4,0.002844085966942268,0.0020378135147136023,0.0019048886384897556,2.69114883082295E-4,0.012413161798414531,0.0010832221899794434,0.0016956625857764466,9.56009885137517E-4,0.0021240005720142966,0.004232035051009767,3.91074701701516E-4,0.0014886519821375541,0.003062890273307374,0.001784083009784767,0.002259373429421472,0.00164064404068473,0.0024667831715140345,3.7965933576800207E-4,0.0024731171884662187,0.0021455392180441783,0.002183797259777037,7.495891162888863E-4,0.0010579455439245309],[5.697890426943332E-5,2.4164585358240775E-5,2.960820482723352E-5,2.6820869699484708E-5,0.0012108234554638342,7.567387609681227E-4,0.011907078143683797,9.511656946292418E-5,0.005021619656322411,3.547307697403369E-4,2.356956079065418E-5,1.9238308911578736E-4,0.0013413061778382832,1.1680538124779377E-4,7.070005302415916E-5,6.48237750622745E-5,4.651154422232562E-4,4.3939645131677957E-4,1.0066381849644623E-4,0.0015824226549532678,1.1750565318914604E-4,3.993289382591665E-5,2.1256238992974023E-4,2.690655384937416E-5,6.911886743452223E-5,9.965644480603299E-4,6.241027250882068E-4,4.5543772254612296E-5,8.332811864414936E-4,1.0,3.6068376944560195E-4,0.001563345097365351,2.0348828886358807E-4,1.1844159398711416E-4,8.870257437980655E-4,1.1477221605845805E-4,0.0017486322209622636,8.783264730699617E-4,7.936188138946966E-5,3.580467558835826E-5,0.004710107609472736,1.116441675280678E-4,6.127195506053652E-4,3.897841859149112E-5,8.829577270187035E-4,0.0015779814944703674,1.5147783886390612E-5,5.015038139456019E-5,1.8319988632729963E-4,3.579972042096125E-5,2.4171612755242064E-4,8.27004342522793E-5,0.00223545660395332,2.4366767519635033E-5,0.0010722756680086724,0.0014904924805513049,0.0018957783770327155,1.4103489177902758E-4,1.0003981498007413E-4],[1.7498572458898317E-4,2.605200837539256E-4,1.4943786748981258E-4,2.1868280712723762E-4,8.511601735325344E-4,9.85516247995158E-4,0.015362720493661025,3.310432012990969E-4,0.0027547613007961546,4.4687465987129453E-4,3.7599731374215437E-4,3.399444276103814E-4,0.0011303284315074247,3.1091480600874366E-4,3.474866238819632E-4,1.7594268130358224E-4,5.281663139954561E-4,5.766714264036829E-4,1.6055702375456014E-4,0.0010224264928602642,4.4583036651513446E-4,2.997931585969253E-4,3.907138991958654E-4,5.1099931488071294E-5,3.6963203541016195E-4,8.506696081112523E-4,0.001081754633235899,2.9234537686870037E-4,0.002054078927888345,3.6068376944560195E-4,1.0,8.601760560433963E-4,3.2624806150448836E-4,8.089191403955012E-4,8.058275212870778E-4,3.907473104632923E-4,0.0027178812803137315,0.0012165023085812135,3.6898118193489293E-4,3.466296731457662E-4,0.027865873767475687,5.6195680891499E-4,7.467470370076027E-4,1.1541757443212454E-4,7.705036991116217E-4,0.004592600005805949,3.0865056520298727E-4,2.455145785161665E-4,0.0021852004742590777,0.0010623519750133353,7.159952308927917E-4,3.5602514057723046E-4,0.002104832797259328,1.0684089834433149E-4,0.0011045656547891865,0.0012741066967763464,9.158933154950735E-4,4.2790883807552517E-4,3.6768416099943206E-4],[0.0023102413970393083,0.0015787073629717472,0.0010580071529344027,0.002244934556144474,0.0015758483828878463,0.0025365008836910957,0.007400159072266289,0.00209463302934829,0.0033211348058783236,0.001636815744916236,0.0013891145915216959,0.002043262919734119,0.0022903828964685436,0.0026030214857512743,0.002183591412044879,0.002096387713875078,0.00120291167748879,0.0019014341447495893,0.001559162097553128,0.0025421581522202166,0.0021895240837816483,5.572616398564247E-4,0.0013969861229497448,0.0019012044777519932,3.673030055068747E-4,0.0016210279968313231,0.002290796499939577,0.002654839922697997,0.0026702752463253674,0.001563345097365351,8.601760560433963E-4,1.0,8.50435776306587E-4,0.001659490652350398,0.0022642204395564277,0.0013671607413065973,0.0032953855616650405,0.0022808108819176802,0.0016867480431473289,2.0064840667631276E-4,0.024555697445788702,0.002614972384619821,0.002471630416553784,9.535434200156622E-4,0.0018496922565720227,0.004181541028811341,0.0015992169034089122,0.0022388787460712986,0.0037778689592653488,0.0024702675740060926,0.0018535121714174825,8.077840459552885E-4,0.002724861473303233,6.393966302777456E-4,0.0022327156564065334,0.002303499117193891,0.0022323496347175158,3.174142209549842E-4,0.002477016101228962],[1.3577323369437698E-4,8.994479790568394E-5,2.7805866244653