[[1.0,1.6568681544844438E-4,6.51562365182379E-5,2.158939384601604E-5,7.682512760937878E-5,0.0014388978680918503,0.0013828070127424714,3.043464399045075E-5,4.115496876917967E-5,1.7002758194364294E-5,1.3404950990934567E-4,0.0035907714057455066,1.752786578986938E-5,9.666383027832899E-5,0.05809384850836109,1.6559360635410968E-5,0.0017152425358528888,8.486633790512314E-5,0.003978486177037304,4.714732065237683E-5,3.924362095861454E-5,5.601710303172306E-4,9.900079665516902E-4,0.013826336558705733,8.416296996879869E-4,0.0011224162011472438,0.012368807435624244,0.0612693645479791,1.694208920771848E-5,2.0747459099560177E-4,0.06056103047688228,1.8251451344726545E-5,9.84134361856841E-4,7.847863668507399E-4,3.887723620271846E-4,3.2476514439369684E-4,0.012701722762662411,0.0019968637176610376,5.193158589572629E-5,1.206615781148508E-4,0.0032714227422777084,1.9927945879384292E-5,3.0991321317740724E-4,2.0986614021915075E-5,1.6579842651039506E-5],[1.6568681544844438E-4,1.0,1.6874849939777054E-4,3.2059138087121386E-4,3.181058050994586E-4,0.0013717430962215786,5.740156989709549E-4,1.0126187915414117E-4,1.81639032802682E-4,1.226040974562941E-4,2.383545695262762E-4,0.004878258536749782,1.659116086493629E-4,2.2460398576666608E-4,0.028481887949369702,2.33658441691443E-4,0.0015364345308693304,3.188078500525147E-4,0.00679805163786983,1.7973228821983238E-4,1.4790874232629335E-4,4.484847393364301E-4,0.0011801907959003012,0.0211519278657136,0.0010161004104306637,0.001487377413703631,0.005736365664482904,0.06652861491496095,8.228513465388668E-5,5.502820021456665E-4,0.06195658559124256,7.849934438914748E-5,0.0012121393408449804,0.0011177255010582157,5.44193263236954E-4,4.518276573414214E-4,0.01027597252477011,0.0023540626245584723,3.24454724596829E-4,3.0496669531402396E-4,0.0012520575416832178,8.098133613290395E-4,4.1981398797128687E-4,2.598352069389876E-4,2.687779103070991E-4],[6.51562365182379E-5,1.6874849939777054E-4,1.0,1.1310841499036374E-4,1.3328311801312663E-4,9.986644253314504E-4,6.700397836439716E-4,4.681619279172167E-5,1.321048164838092E-4,4.322471970970458E-5,2.0359087502515622E-4,0.0026299389083343358,5.761135853496465E-5,1.1436191420606309E-4,0.035467162185696455,5.9720580462010276E-5,0.0019102580102742658,1.0825068436925962E-4,0.0012711609732783777,1.2164124776317385E-4,1.148013631098405E-4,5.284832287442057E-4,6.313526323246184E-4,0.005645290557701945,5.032514809612367E-4,9.335659748465586E-4,0.003182955809873883,0.062039901934512365,2.6645797088249917E-5,4.37487327245683E-4,0.06456132681009805,6.663024732469587E-5,4.33039754495785E-4,3.2963020546127774E-4,9.184515230560075E-4,3.6482026946733724E-4,0.014955092590362597,0.0024414813035519047,1.1933806042057557E-4,1.8454463416872727E-4,0.004765745188451037,4.8440995484191137E-4,2.908764753720057E-4,1.0254977815212712E-4,6.876206794202934E-5],[2.158939384601604E-5,3.2059138087121386E-4,1.1310841499036374E-4,1.0,1.2103430184781624E-4,0.0016319074515189179,0.002089915045409646,8.08032047140307E-5,1.307087374665265E-4,1.0238866866746002E-4,1.3941765810712923E-4,0.0068988844986228905,5.377938061401294E-5,1.1402071886470338E-4,0.009698457902480036,5.51498803291981E-5,6.30830772268509E-4,1.0868133479248113E-4,0.0029332293235963163,1.1417190077848938E-4,1.1330796395448692E-4,1.609958633494373E-4,0.001324150430962797,0.011794138661242973,6.194691023594896E-4,9.197107120863591E-4,0.007244289836177291,0.04347330636707384,8.263132339304329E-5,3.0526487559669126E-4,0.027115491821933898,3.3944700509920096E-5,7.152724048441148E-4,0.0012475367254935785,9.465694629888935E-4,3.925662254293271E-4,0.007460163566796796,3.639991368157083E-4,1.278734313607215E-4,1.6351109656504505E-4,0.004228623700055353,6.685847788553126E-4,2.2384434745085634E-4,4.160623764273815E-5,5.515115849095872E-5],[7.682512760937878E-5,3.181058050994586E-4,1.3328311801312663E-4,1.2103430184781624E-4,1.0,8.319984667964327E-4,9.671369693991972E-4,1.4447973560294247E-4,1.3681955552057953E-4,1.4205821624292504E-4,1.664805827803182E-4,0.003392205433256713,1.4178672898873757E-4,1.3782498640457685E-4,0.05287864961767454,7.493245493718334E-5,0.0014561842263512712,1.1079765557098558E-4,0.00707989521792067,1.412202425446654E-4,1.1972828659973344E-4,5.238211888692616E-4,9.210568220731894E-4,0.00866843671640297,4.859399458054467E-4,8.952121919801423E-4,0.005546028979991476,0.040925689630220974,2.4750635548112593E-5,3.542712278277299E-4,0.06515722883061123,9.843183711999487E-5,9.532710263181513E-4,6.487494327769951E-4,4.1280387573051116E-4,4.255156157821131E-4,0.005905519815288053,0.0023228073495918816,1.4777718508174426E-4,2.317628771366306E-4,3.28979665402012E-4,1.6323237591094812E-4,2.6651411057890717E-4,9.773643462911139E-5,2.1497144577622512E-5],[0.0014388978680918503,0.0013717430962215786,9.986644253314504E-4,0.0016319074515189179,8.319984667964327E-4,1.0,0.002019966206684883,0.001381629867891118,8.034183359108836E-4,8.342660782520937E-4,0.0013942797140902726,0.002872947756280542,0.0012327688479396432,0.0013287107988169244,0.008998850695940766,6.782957897959479E-4,0.0018747394466245523,0.0010245347854941056,0.004292191207937544,0.0013545093642319704,5.2436693065866E-4,0.0015740467417483925,0.0016572535264940493,0.003469262072598721,0.0012203748260932368,0.0017505113509572157,0.011487232753913815,0.038799768233352475,6.702445544029414E-4,7.059247067807857E-4,0.05951059427999969,4.653713429634613E-4,0.0018520433432970824,0.001605889006179639,0.0013670874960826573,0.001081498472353546,0.015512918357162292,0.001768091921730707,0.0010252957120779995,9.605387110463951E-4,0.001955567178188805,0.001219249499113418,0.0014798909800977176,7.646029163922971E-4,4.082643787118437E-4],[0.0013828070127424714,5.740156989709549E-4,6.700397836439716E-4,0.002089915045409646,9.671369693991972E-4,0.002019966206684883,1.0,0.0014229036717598044,0.002037298371999204,5.862251993744652E-4,2.8645066372277633E-4,0.0027819151948923777,0.001947778449654301,0.0011396462777531857,0.03419910348669017,0.0019885580095555964,0.0023546125829880422,0.0020413508940296137,0.0041469122159212175,0.0019352096961682461,0.0018972946081918397,0.0016977786152352885,0.0017998535217604553,0.020800082591959368,0.0021484465246611757,0.001858619693565404,0.005636860306984753,0.06175234439115264,1.1214428263930823E-4,0.0021733522915023036,0.0032061666152094917,3.2963941691546277E-4,0.0021114086888142556,0.0022243016512227738,0.00224932775120074,0.002197436640542739,0.004298971994005978,0.002729100148790895,0.0013246816183690613,3.053917457764415E-4,0.00381043545037282,0.002286712247109811,0.0013829759282796275,0.001799487757572169,2.0415414584646824E-4],[3.043464399045075E-5,1.0126187915414117E-4,4.681619279172167E-5,8.08032047140307E-5,1.4447973560294247E-4,0.001381629867891118,0.0014229036717598044,1.0,1.3140258937248596E-4,2.3759084150232342E-5,7.75247401099505E-5,0.0047597894406372545,3.065018803233279E-5,1.0204352096739757E-4,0.044688072606725235,2.9202144357335407E-5,0.0010136913570711725,1.0690869990402204E-4,0.0070932166980369055,3.500957844948106E-5,4.3053688672822026E-5,2.0273983423520014E-4,4.236808375976912E-5,0.015466076890848335,4.968615715663638E-4,9.071262710350644E-4,0.0017250328517877552,0.09835987039634034,1.9769678662682055E-5,3.5848111074859943E-4,0.02471791446482436,2.3385024351275147E-5,5.05792945653124E-4,8.3388605270339E-4,0.00105856315497956,4.284052945113935E-4,0.014521889409634716,0.0019230339191418633,9.214470758311565E-5,8.698468132754743E-5,9.968069272653808E-4,4.6925257242722067E-4,1.2047628280922298E-4,3.493588251901682E-5,2.1026143727425488E-5],[4.115496876917967E-5,1.81639032802682E-4,1.321048164838092E-4,1.307087374665265E-4,1.3681955552057953E-4,8.034183359108836E-4,0.002037298371999204,1.3140258937248596E-4,1.0,8.322251567397448E-5,1.9677361512984102E-4,8.190990245107732E-4,3.988773073611424E-5,1.263658118781925E-4,0.05566234895136419,6.09554803704405E-5,0.0010274578516011861,1.2736886598324973E-4,0.002446591888545748,1.3668598104646818E-4,1.2574331126912155E-4,2.0831483724341124E-4,5.475957739696081E-4,4.54208936180653E-4,5.945879508674591E-4,9.217527474681823E-4,0.004336071649592082,0.009815339645958241,1.2193773340017031E-4,2.9571665091628367E-4,0.002726469938600978,9.17208656070516E-5,5.507802628721369E-4,9.002485417130775E-4,8.041254256906128E-4,4.1316586441217395E-4,0.007764631534936587,7.882372469135135E-4,1.391589805095686E-4,2.3879052706980377E-4,0.003924358097006803,5.262774941090225E-4,2.758324931997925E-4,7.237124934995933E-5,2.793227271893251E-5],[1.7002758194364294E-5,1.226040974562941E-4,4.322471970970458E-5,1.0238866866746002E-4,1.4205821624292504E-4,8.342660782520937E-4,5.862251993744652E-4,2.3759084150232342E-5,8.322251567397448E-5,1.0,1.457163934256323E-4,0.009201507038305244,2.1409979253882204E-5,7.849686281198091E-5,0.07670152988561205,1.6164219610257422E-5,1.4748238132114035E-4,4.230653654698852E-5,0.0032632776388500065,1.2795628736239113E-4,2.685219402217934E-5,9.558492591191093E-5,6.610962596894796E-4,0.017526859785615457,4.987647336875217E-4,6.13417153637154E-4,0.0016905789059230218,0.05051793717684896,1.6396080134727223E-5,2.083864253899665E-5,0.05006970701839629,1.8805112520801545E-5,0.0016821528804079895,8.00455773430836E-4,2.713937553434451E-4,1.750175551906414E-4,0.002016985360842248,4.299901578473819E-4,8.35387839743648E-5,2.2520457279747518E-4,0.0015193681022892174,2.5812722085937826E-5,2.68910954668631E-4,2.3441619296053575E-5,1.4102719048107965E-5],[1.3404950990934567E-4,2.383545695262762E-4,2.0359087502515622E-4,1.3941765810712923E-4,1.664805827803182E-4,0.0013942797140902726,2.8645066372277633E-4,7.75247401099505E-5,1.9677361512984102E-4,1.457163934256323E-4,1.0,0.006830767738516955,1.965178545898474E-4,1.6092071194255092E-4,0.019655554220562765,5.4691915860263126E-5,5.236507339647402E-4,1.476099293705821E-4,0.003360143759298737,1.831522930517719E-4,1.7718618261796894E-4,6.323860536729758E-4,5.025943221426255E-4,0.00858627131476805,0.0011266376263903638,4.62834025143069E-4,0.010367108504850519,0.04390936001467552,2.9753423367944E-5,4.538547757752898E-4,0.05302362828680361,1.987983681558341E-4,0.0011838406775674095,8.831869328073251E-4,7.45895872174467E-4,2.3669713248446298E-4,0.009622160836563677,7.603062001277223E-4,1.638783789482428E-4,2.3851119186651633E-4,2.4444724717971627E-4,3.765476100108196E-4,3.572242603076425E-4,1.470127974749941E-4,1.598428975014592E-4],[0.0035907714057455066,0.004878258536749782,0.0026299389083343358,0.0068988844986228905,0.003392205433256713,0.002872947756280542,0.0027819151948923777,0.0047597894406372545,8.190990245107732E-4,0.009201507038305244,0.006830767738516955,1.0,0.0031820574791584467,0.01092854216593502,0.05340883416686355,0.010769692669413026,0.004908582875260452,0.006589855672073033,0.010508034470773612,0.01058777646204066,0.010672528072839723,0.002633543043217891,0.004609696930621226,0.016793767221596177,0.010975468420754383,0.008420299681043984,0.01142219269400158,0.03219348614778912,5.679857262535735E-4,0.0011544917629449114,0.060128332112605806,0.006340018866384197,0.010183845215645098,0.0017303937753014157,0.00914786346766193,0.00876615122502602,0.013428162557203353,0.0036552646626824845,0.008043642029313826,0.004506589421260217,0.007979840068827515,0.007459160145638149,0.007389225851992564,6.571540506464809E-4,0.003169548596777744],[1.752786578986938E-5,1.659116086493629E-4,5.761135853496465E-5,5.377938061401294E-5,1.4178672898873757E-4,0.0012327688479396432,0.001947778449654301,3.065018803233279E-5,3.988773073611424E-5,2.1409979253882204E-5,1.965178545898474E-4,0.0031820574791584467,1.0,1.0007034601205552E-4,0.06534301596622455,1.666674982740683E-5,5.181895136665657E-4,8.04413687335786E-5,0.006115615569453391,8.215244516907788E-5,8.092452454376692E-5,7.303680308849609E-4,3.3252371891904803E-4,0.0035716632303675502,2.7715400044068026E-4,6.373385179061295E-4,0.0035827083056975636,0.025744956962402695,2.4138938568024076E-5,5.929005019310395E-4,0.019076821579725237,2.2155408754103113E-5,0.0014773768299322547,4.931805339566386E-4,4.775054494627686E-4,2.5164242727862844E-4,0.014739898775362192,0.0022758481700210806,5.4825166253805534E-5,1.6878160152858972E-4,0.001278363951868308,5.644304901565081E-4,2.1486658120299545E-4,3.4591470799118245E-5,2.175407790797316E-5],[9.666383027832899E-5,2.2460398576666608E-4,1.1436191420606309E-4,1.1402071886470338E-4,1.3782498640457685E-4,0.0013287107988169244,0.0011396462777531857,1.0204352096739757E-4,1.263658118781925E-4,7.849686281198091E-5,1.6092071194255092E-4,0.01092854216593502,1.0007034601205552E-4,1.0,0.005538001632411072,4.6440101111278085E-5,6.380276022003648E-4,1.0896762530444401E-4,0.005387831662703248,1.1747289517664172E-4,1.1576209671008447E-4,7.915739094730838E-4,0.0015517077943172847,0.019513807142951322,0.0011486983561967115,0.0015022959392011848,0.011887634557951882,0.06733252451393096,4.280166441968953E-5,4.4259143270629613E-4,0.023301674511494223,6.974410095709864E-5,9.679467750348871E-4,0.0012757948377266413,2.64186702335893E-4,3.614019587287355E-4,0.017580832798663588,0.0012764685922081326,1.356621413482121E-4,2.4191363352306125E-4,0.0043989323473208695,3.68140767345664E-4,3.985851323715445E-4,1.0212670805395836E-4,9.052195594974347E-5],[0.05809384850836109,0.028481887949369702,0.035467162185696455,0.009698457902480036,0.05287864961767454,0.008998850695940766,0.03419910348669017,0.044688072606725235,0.05566234895136419,0.07670152988561205,0.019655554220562765,0.05340883416686355,0.06534301596622455,0.005538001632411072,1.0,0.016484305599675668,0.013066406877825345,0.031003940136469742,0.030706825069182743,0.07109116949037868,0.009992595107261007,0.025092890505414772,0.07929228012366989,0.036399477429731195,0.06836743742995398,0.013234136104143304,0.05408311483522614,0.09618371268418136,0.039729089486956255,0.026634607948608852,0.07670705213073538,0.009740806818569222,0.003412835101557244,0.02006997174699272,0.06328701628224205,0.028972156155508355,0.05104631394167592,0.07163967351022135,0.012231733685407224,0.056457143913314495,0.022171204907262716,0.015011259010304727,0.01391672830959668,0.05671869445550792,0.051209025587902274],[1.6559360635410968E-5,2.33658441691443E-4,5.9720580462010276E-5,5.51498803291981E-5,7.493245493718334E-5,6.782957897959479E-4,0.0019885580095555964,2.9202144357335407E-5,6.09554803704405E-5,1.6164219610257422E-5,5.4691915860263126E-5,0.010769692669413026,1.666674982740683E-5,4.6440101111278085E-5,0.016484305599675668,1.0,0.001631719299998121,4.458840802447041E-5,0.003253913819284858,8.455056523002085E-5,7.298765010871566E-5,3.522206137683871E-4,9.18355728463527E-4,0.01512744953078377,4.903161159746502E-4,0.0012609176534479187,8.170640771260006E-4,0.06582760898282901,1.5198975427336465E-5,4.2706269164624594E-4,0.009575233979267702,1.543778639971941E-5,2.7560477847947076E-4,8.682023277251823E-5,2.7745942249485223E-4,4.154614300478473E-4,0.004442501497574865,0.002658344487803888,1.9463362356849035E-5,2.1137730696363475E-4,0.002942526884356684,5.544768787691326E-4,5.398503777373564E-5,2.0327486661626183E-5,1.3254933501308545E-5],[0.0017152425358528888,0.0015364345308693304,0.0019102580102742658,6.30830772268509E-4,0.0014561842263512712,0.0018747394466245523,0.0023546125829880422,0.0010136913570711725,0.0010274578516011861,1.4748238132114035E-4,5.236507339647402E-4,0.004908582875260452,5.181895136665657E-4,6.380276022003648E-4,0.013066406877825345,0.001631719299998121,1.0,3.9316822879866914E-4,0.005622433331952197,0.0010516478200146675,0.0015474172348697163,0.0013282484290415648,0.0018261480493410615,0.020284673680442983,0.0018732030889499264,0.0019236699268415736,0.002717346717305262,0.06974845700838568,0.0017577342119332762,6.478934719641687E-4,0.018290447725389868,7.216562309331907E-4,0.0019375110022469733,0.0016048711568211855,0.0019249746529085108,0.0013316816638091079,0.017304945041016657,0.0023853789647797,9.881066879437626E-4,6.301692876352781E-4,0.003614225065896006,0.0011461014600471137,7.970837200056612E-4,0.0013947038100916118,0.0015143341538844137],[8.486633790512314E-5,3.188078500525147E-4,1.0825068436925962E-4,1.0868133479248113E-4,1.1079765557098558E-4,0.0010245347854941056,0.0020413508940296137,1.0690869990402204E-4,1.2736886598324973E-4,4.230653654698852E-5,1.476099293705821E-4,0.006589855672073033,8.04413687335786E-5,1.0896762530444401E-4,0.031003940136469742,4.458840802447041E-5,3.9316822879866914E-4,1.0,0.00561727620505772,1.2675013658439702E-4,1.1553967661371329E-4,4.479550572304257E-4,2.0029172039288324E-4,0.01937895053898956,5.788021719764279E-4,1.1196730553339393E-4,0.00813773448066145,0.059206972677467495,5.168493200035707E-5,1.5246499990581464E-4,0.05034645038961685,3.981205420636957E-5,2.1015156398550337E-4,5.24731635470607E-4,0.0010589683246680136,3.454495724670256E-4,0.001094535694979715,0.0025977521383128135,1.4526750372075532E-4,2.466035058491323E-4,0.004125570167605368,4.1884576656991165E-4,2.834488604005895E-4,8.075589469567153E-5,8.544046890320074E-5],[0.003978486177037304,0.00679805163786983,0.0012711609732783777,0.0029332293235963163,0.00707989521792067,0.004292191207937544,0.0041469122159212175,0.0070932166980369055,0.002446591888545748,0.0032632776388500065,0.003360143759298737,0.010508034470773612,0.006115615569453391,0.005387831662703248,0.030706825069182743,0.003253913819284858,0.005622433331952197,0.00561727620505772,1.0,0.006774893486974714,0.004191582811826019,0.004684046373628067,0.004531194219670739,0.01888376923346751,0.006683137682059949,0.002559980787021553,0.010593026656707805,0.016651659892031,0.005754150935314493,7.777562141076865E-4,0.05779846465633117,8.159319038773752E-4,0.003878182042633041,0.0016630651843845472,0.007533648259364312,0.006400178717415959,0.011922483557427564,0.007053223250890673,0.0015207410523984258,0.007282262175885343,0.007377317697123019,0.007188237199626431,0.005084525186007031,0.00581876613810092,2.4834815789334143E-4],[4.714732065237683E-5,1.7973228821983238E-4,1.2164124776317385E-4,1.1417190077848938E-4,1.412202425446654E-4,0.0013545093642319704,0.0019352096961682461,3.500957844948106E-5,1.3668598104646818E-4,1.2795628736239113E-4,1.831522930517719E-4,0.01058777646204066,8.215244516907788E-5,1.1747289517664172E-4,0.07109116949037868,8.455056523002085E-5,0.0010516478200146675,1.2675013658439702E-4,0.006774893486974714,1.0,1.3581074803875538E-4,2.0546942466275375E-4,7.685466037017391E-4,0.019344890268751105,4.583780582385616E-4,0.0016059523923358519,0.01502722889872964,0.09356124328087642,1.3894960204895144E-4,4.877042852986638E-4,0.04694526310013727,4.535468324365135E-5,0.0012971193738678963,9.264437893665814E-4,4.814915597151993E-4,2.9262513335724194E-4,0.00185967928200747,0.0016121313697156398,1.4333105352675718E-4,1.6195010151289442E-4,0.004356684159910234,6.423220609174306E-4,3.587555740470572E-4,4.4979918281409473E-5,4.732152983490354E-5],[3.924362095861454E-5,1.4790874232629335E-4,1.148013631098405E-4,1.1330796395448692E-4,1.1972828659973344E-4,5.2436693065866E-4,0.0018972946081918397,4.3053688672822026E-5,1.2574331126912155E-4,2.685219402217934E-5,1.7718618261796894E-4,0.010672528072839723,8.092452454376692E-5,1.1576209671008447E-4,0.009992595107261007,7.298765010871566E-5,0.0015474172348697163,1.1553967661371329E-4,0.004191582811826019,1.3581074803875538E-4,1.0,6.19667027635564E-4,0.0016374622271380138,0.016220287922292707,4.536423387734496E-4,0.0014544101850736766,0.0029059680886051064,0.07922094235370798,3.439528666210111E-5,5.727792685660145E-4,0.04938721778476772,5.501137127243065E-5,0.0010503123879681089,2.3674291007292513E-4,8.851594252334793E-4,2.7341995336669354E-4,0.005576691120840728,2.1810993138727508E-4,1.1863927351769504E-4,1.7347133945435584E-4,0.0010008612322176926,2.7211113385454047E-4,2.2187283992930744E-4,9.831462908168532E-5,8.579986603548762E-5],[5.601710303172306E-4,4.484847393364301E-4,5.284832287442057E-4,1.609958633494373E-4,5.238211888692616E-4,0.0015740467417483925,0.0016977786152352885,2.0273983423520014E-4,2.0831483724341124E-4,9.558492591191093E-5,6.323860536729758E-4,0.002633543043217891,7.303680308849609E-4,7.915739094730838E-4,0.025092890505414772,3.522206137683871E-4,0.0013282484290415648,4.479550572304257E-4,0.004684046373628067,2.0546942466275375E-4,6.19667027635564E-4,1.0,0.0014327087747864912,0.017919830117864,9.049079907498966E-4,9.876555547616015E-4,0.0034733538988535,0.036931662084346936,4.376421344613073E-4,7.028997689834111E-4,0.03552906343648543,5.522476282634238E-4,0.001526596912167527,9.787181485894647E-4,0.001052090150128031,6.403743998150899E-4,0.006316860617557408,0.002523497382672372,5.210930679664138E-4,6.933607721558907E-4,0.0026530593987523377,8.807267642243239E-4,6.732785838971871E-4,3.725319677275157E-4,2.6619969799106236E-4],[9.900079665516902E-4,0.0011801907959003012,6.313526323246184E-4,0.001324150430962797,9.210568220731894E-4,0.0016572535264940493,0.0017998535217604553,4.236808375976912E-5,5.475957739696081E-4,6.610962596894796E-4,5.025943221426255E-4,0.004609696930621226,3.3252371891904803E-4,0.0015517077943172847,0.07929228012366989,9.18355728463527E-4,0.0018261480493410615,2.0029172039288324E-4,0.004531194219670739,7.685466037017391E-4,0.0016374622271380138,0.0014327087747864912,1.0,0.015356411099634829,0.0015832897484285018,0.0017776304536164936,0.012003087312290679,0.03562852645757035,0.0013242439823006695,0.0011586018805064312,0.03631114735406209,2.147525706149543E-4,0.0017568948100983182,0.0015397104399058113,0.0012654108858373603,0.0013204280899190356,0.013126790602126234,0.0018815522982485405,3.857209954371962E-4,0.0015261195090333953,0.0027528585486865566,0.0015188347178989666,9.243024675919885E-4,0.00100711594865373,0.0012866349359905846],[0.013826336558705733,0.0211519278657136,0.005645290557701945,0.011794138661242973,0.00866843671640297,0.003469262072598721,0.020800082591959368,0.015466076890848335,4.54208936180653E-4,0.017526859785615457,0.00858627131476805,0.016793767221596177,0.0035716632303675502,0.019513807142951322,0.036399477429731195,0.01512744953078377,0.020284673680442983,0.01937895053898956,0.01888376923346751,0.019344890268751105,0.016220287922292707,0.017919830117864,0.015356411099634829,1.0,0.002280271013052965,0.01594713995181604,0.019283112636426156,0.09794426062835247,0.009236131405973921,0.008311689918767719,0.04577094163290772,0.010066019601975635,0.010374624800739612,0.002597625591079347,0.01488427942235395,0.0020573669094233636,0.020934193234709207,0.018148733867970886,0.01869518042132817,0.01196685599455757,0.017434353254851112,0.011361160782471883,0.01513418230280895,0.011003857789958202,0.0014840389361609595],[8.416296996879869E-4,0.0010161004104306637,5.032514809612367E-4,6.194691023594896E-4,4.859399458054467E-4,0.0012203748260932368,0.0021484465246611757,4.968615715663638E-4,5.945879508674591E-4,4.987647336875217E-4,0.0011266376263903638,0.010975468420754383,2.7715400044068026E-4,0.0011486983561967115,0.06836743742995398,4.903161159746502E-4,0.0018732030889499264,5.788021719764279E-4,0.006683137682059949,4.583780582385616E-4,4.536423387734496E-4,9.049079907498966E-4,0.0015832897484285018,0.002280271013052965,1.0,0.0011830539952032023,0.011726001870537163,0.09822511856566857,3.499518980829729E-4,9.870803461917294E-4,0.06007506433437663,1.0909337041809422E-4,0.0016893209717846079,0.001398901217676973,0.0011420774345937356,0.0010743420630547635,0.010001937100873692,0.0025416255009389943,5.974297614072628E-4,0.001127463019647727,0.0047536223228156335,0.0011407575180448683,4.445490637130432E-4,6.522424519767711E-4,7.555772673054425E-4],[0.0011224162011472438,0.001487377413703631,9.335659748465586E-4,9.197107120863591E-4,8.952121919801423E-4,0.0017505113509572157,0.001858619693565404,9.071262710350644E-4,9.217527474681823E-4,6.13417153637154E-4,4.62834025143069E-4,0.008420299681043984,6.373385179061295E-4,0.0015022959392011848,0.013234136104143304,0.0012609176534479187,0.0019236699268415736,1.1196730553339393E-4,0.002559980787021553,0.0016059523923358519,0.0014544101850736766,9.876555547616015E-4,0.0017776304536164936,0.01594713995181604,0.0011830539952032023,1.0,0.006728800934379765,0.017938152280147515,0.0016962607485958262,0.0015520568495264024,0.052028223894330435,0.0011824782401241845,0.0019349610670246807,0.0016194661136465396,0.0017673833690503961,0.0013409660375793778,0.010457123950970952,0.002409863132217309,9.216524429957714E-4,4.179479149685869E-4,0.0035282042596594915,0.0010380023775183487,0.0013398523559990422,7.810954591644477E-4,0.0014934740226471446],[0.012368807435624244,0.005736365664482904,0.003182955809873883,0.007244289836177291,0.005546028979991476,0.011487232753913815,0.005636860306984753,0.0017250328517877552,0.004336071649592082,0.0016905789059230218,0.010367108504850519,0.01142219269400158,0.0035827083056975636,0.011887634557951882,0.05408311483522614,8.170640771260006E-4,0.002717346717305262,0.00813773448066145,0.010593026656707805,0.01502722889872964,0.0029059680886051064,0.0034733538988535,0.012003087312290679,0.019283112636426156,0.011726001870537163,0.006728800934379765,1.0,0.09007030250020368,0.01296629848746159,0.005569748300305417,0.04138208546059008,0.013315491944857514,0.010285045215787122,0.005190595460689087,0.010881232833484076,0.001839454791017898,0.01752030459029993,0.006320893965473293,0.0034835658796458216,0.01237358498672304,0.012374360619148646,0.012918968451323464,0.010374305022836037,0.0017347259117033369,0.0023252142096566956],[0.0612693645479791,0.06652861491496095,0.062039901934512365,0.04347330636707384,0.040925689630220974,0.038799768233352475,0.06175234439115264,0.09835987039634034,0.009815339645958241,0.05051793717684896,0.04390936001467552,0.03219348614778912,0.025744956962402695,0.06733252451393096,0.09618371268418136,0.06582760898282901,0.06974845700838568,0.059206972677467495,0.016651659892031,0.09356124328087642,0.07922094235370798,0.036931662084346936,0.03562852645757035,0.09794426062835247,0.09822511856566857,0.017938152280147515,0.09007030250020368,1.0,0.07358584840493919,0.05308236064559716,0.09807272141276545,0.0294436422428565,0.08434425722959654,0.06047055139895493,0.0444684614422513,0.0012021919410292016,0.09198709442284414,0.06079163512235374,0.035050534496069534,0.05151801486935841,0.0770479225860571,0.08889121653559717,0.07133467437791897,0.07890126035417723,0.0777970327761028],[1.694208920771848E-5,8.228513465388668E-5,2.6645797088249917E-5,8.263132339304329E-5,2.4750635548112593E-5,6.702445544029414E-4,1.1214428263930823E-4,1.9769678662682055E-5,1.2193773340017031E-4,1.6396080134727223E-5,2.9753423367944E-5,5.679857262535735E-4,2.4138938568024076E-5,4.280166441968953E-5,0.039729089486956255,1.5198975427336465E-5,0.0017577342119332762,5.168493200035707E-5,0.005754150935314493,1.3894960204895144E-4,3.439528666210111E-5,4.376421344613073E-4,0.0013242439823006695,0.009236131405973921,3.499518980829729E-4,0.0016962607485958262,0.01296629848746159,0.07358584840493919,1.0,5.159417508129614E-4,0.014071631934920965,2.0660492396759402E-5,0.0017210474627552938,1.7815296172668443E-4,0.0010321769478484593,2.672552278573724E-5,0.01479560761875761,0.0021867684491164176,1.2621544149985805E-4,1.7971528843425003E-4,0.00407861500097432,4.5921651966329796E-5,3.48557838741045E-4,2.5005288110582065E-5,1.5226080333742232E-5],[2.0747459099560177E-4,5.502820021456665E-4,4.37487327245683E-4,3.0526487559669126E-4,3.542712278277299E-4,7.059247067807857E-4,0.0021733522915023036,3.5848111074859943E-4,2.9571665091628367E-4,2.083864253899665E-5,4.538547757752898E-4,0.0011544917629449114,5.929005019310395E-4,4.4259143270629613E-4,0.026634607948608852,4.2706269164624594E-4,6.478934719641687E-4,1.5246499990581464E-4,7.777562141076865E-4,4.877042852986638E-4,5.727792685660145E-4,7.028997689834111E-4,0.0011586018805064312,0.008311689918767719,9.870803461917294E-4,0.0015520568495264024,0.005569748300305417,0.05308236064559716,5.159417508129614E-4,1.0,0.043732878046543404,1.1863137579724855E-4,0.0015904591537391414,7.181553632859111E-4,7.936624907453578E-4,4.646011557380727E-4,0.016695363860469964,0.002384722462603856,2.627066635754826E-4,3.443781166370438E-4,0.00403688012504432,7.103250679827058E-4,4.6840743819237063E-4,3.8224047503510365E-4,2.5087791772947465E-4],[0.06056103047688228,0.06195658559124256,0.06456132681009805,0.027115491821933898,0.06515722883061123,0.05951059427999969,0.0032061666152094917,0.02471791446482436,0.002726469938600978,0.05006970701839629,0.05302362828680361,0.060128332112605806,0.019076821579725237,0.023301674511494223,0.07670705213073538,0.009575233979267702,0.018290447725389868,0.05034645038961685,0.05779846465633117,0.04694526310013727,0.04938721778476772,0.03552906343648543,0.03631114735406209,0.04577094163290772,0.06007506433437663,0.052028223894330435,0.04138208546059008,0.09807272141276545,0.014071631934920965,0.043732878046543404,1.0,0.04086244763908032,0.022284745495740024,0.024670713227980715,0.0318407305628807,0.056590420567705024,0.029231269454384548,0.022308856422949948,0.02322123614775911,0.018144840197181666,0.04431269460220097,0.008438653932543264,0.04767824005710197,0.03899020609628846,0.038016721992326974],[1.8251451344726545E-5,7.849934438914748E-5,6.663024732469587E-5,3.3944700509920096E-5,9.843183711999487E-5,4.653713429634613E-4,3.2963941691546277E-4,2.3385024351275147E-5,9.17208656070516E-5,1.8805112520801545E-5,1.987983681558341E-4,0.006340018866384197,2.2155408754103113E-5,6.974410095709864E-5,0.009740806818569222,1.543778639971941E-5,7.216562309331907E-4,3.981205420636957E-5,8.159319038773752E-4,4.535468324365135E-5,5.501137127243065E-5,5.522476282634238E-4,2.147525706149543E-4,0.010066019601975635,1.0909337041809422E-4,0.0011824782401241845,0.013315491944857514,0.0294436422428565,2.0660492396759402E-5,1.1863137579724855E-4,0.04086244763908032,1.0,0.0010833705255303859,0.0012570374250331184,3.130271200411771E-4,2.583511946482655E-4,0.011820755687468857,6.617624369416169E-4,1.1444005615119515E-4,1.5469168763455592E-4,0.003189840441835159,1.603834170875279E-4,3.6163611821583104E-4,2.674947386450398E-5,2.0308197871079682E-5],[9.84134361856841E-4,0.0012121393408449804,4.33039754495785E-4,7.152724048441148E-4,9.532710263181513E-4,0.0018520433432970824,0.0021114086888142556,5.05792945653124E-4,5.507802628721369E-4,0.0016821528804079895,0.0011838406775674095,0.010183845215645098,0.0014773768299322547,9.679467750348871E-4,0.003412835101557244,2.7560477847947076E-4,0.0019375110022469733,2.1015156398550337E-4,0.003878182042633041,0.0012971193738678963,0.0010503123879681089,0.001526596912167527,0.0017568948100983182,0.010374624800739612,0.0016893209717846079,0.0019349610670246807,0.010285045215787122,0.08434425722959654,0.0017210474627552938,0.0015904591537391414,0.022284745495740024,0.0010833705255303859,1.0,0.0017569016974489733,0.001595820939373362,4.6021685818730047E-4,0.017980701616973793,0.0026650210958095236,8.6500574422081E-4,6.304396330965411E-4,0.0019917551821245715,0.0010293624923116205,6.874027070123455E-4,0.0015719390419051897,0.0013408554006780532],[7.847863668507399E-4,0.0011177255010582157,3.2963020546127774E-4,0.0012475367254935785,6.487494327769951E-4,0.001605889006179639,0.0022243016512227738,8.3388605270339E-4,9.002485417130775E-4,8.00455773430836E-4,8.831869328073251E-4,0.0017303937753014157,4.931805339566386E-4,0.0012757948377266413,0.02006997174699272,8.682023277251823E-5,0.0016048711568211855,5.24731635470607E-4,0.0016630651843845472,9.264437893665814E-4,2.3674291007292513E-4,9.787181485894647E-4,0.0015397104399058113,0.002597625591079347,0.001398901217676973,0.0016194661136465396,0.005190595460689087,0.06047055139895493,1.7815296172668443E-4,7.181553632859111E-4,0.024670713227980715,0.0012570374250331184,0.0017569016974489733,1.0,0.0012560276164485151,0.001342730244660353,0.007543148018919624,0.0015653523638792443,0.0010278983705241432,0.0013261228710772874,0.002988818866120811,0.0012767366452869494,0.001059879590517581,1.6155119078117359E-4,4.1564291874361263E-4],[3.887723620271846E-4,5.44193263236954E-4,9.184515230560075E-4,9.465694629888935E-4,4.1280387573051116E-4,0.0013670874960826573,0.00224932775120074,0.00105856315497956,8.041254256906128E-4,2.713937553434451E-4,7.45895872174467E-4,0.00914786346766193,4.775054494627686E-4,2.64186702335893E-4,0.06328701628224205,2.7745942249485223E-4,0.0019249746529085108,0.0010589683246680136,0.007533648259364312,4.814915597151993E-4,8.851594252334793E-4,0.001052090150128031,0.0012654108858373603,0.01488427942235395,0.0011420774345937356,0.0017673833690503961,0.010881232833484076,0.0444684614422513,0.0010321769478484593,7.936624907453578E-4,0.0318407305628807,3.130271200411771E-4,0.001595820939373362,0.0012560276164485151,1.0,8.109874886539879E-4,0.00629523804920556,0.002741516901912925,2.464480964677393E-4,8.888829240079582E-4,0.003943123650044513,9.691455993522974E-4,0.0010115432927296744,2.2333336515752372E-4,3.489473193462489E-4],[3.2476514439369684E-4,4.518276573414214E-4,3.6482026946733724E-4,3.925662254293271E-4,4.255156157821131E-4,0.001081498472353546,0.002197436640542739,4.284052945113935E-4,4.1316586441217395E-4,1.750175551906414E-4,2.3669713248446298E-4,0.00876615122502602,2.5164242727862844E-4,3.614019587287355E-4,0.028972156155508355,4.154614300478473E-4,0.0013316816638091079,3.454495724670256E-4,0.006400178717415959,2.9262513335724194E-4,2.7341995336669354E-4,6.403743998150899E-4,0.0013204280899190356,0.0020573669094233636,0.0010743420630547635,0.0013409660375793778,0.001839454791017898,0.0012021919410292016,2.672552278573724E-5,4.646011557380727E-4,0.056590420567705024,2.583511946482655E-4,4.6021685818730047E-4,0.001342730244660353,8.109874886539879E-4,1.0,0.007153426003259222,0.0013961048619648934,1.8838488567098045E-4,3.598914845383746E-4,0.0035547742482005297,7.428066835011085E-4,4.273594584653876E-4,6.947172191057487E-5,5.871855239077919E-5],[0.012701722762662411,0.01027597252477011,0.014955092590362597,0.007460163566796796,0.005905519815288053,0.015512918357162292,0.004298971994005978,0.014521889409634716,0.007764631534936587,0.002016985360842248,0.009622160836563677,0.013428162557203353,0.014739898775362192,0.017580832798663588,0.05104631394167592,0.004442501497574865,0.017304945041016657,0.001094535694979715,0.011922483557427564,0.00185967928200747,0.005576691120840728,0.006316860617557408,0.013126790602126234,0.020934193234709207,0.010001937100873692,0.010457123950970952,0.01752030459029993,0.09198709442284414,0.01479560761875761,0.016695363860469964,0.029231269454384548,0.011820755687468857,0.017980701616973793,0.007543148018919624,0.00629523804920556,0.007153426003259222,1.0,0.008021046408268933,0.00243955355033901,5.977350537435062E-4,0.0055783508904663544,0.006031306268983995,0.0037660528792627075,0.01550536721176972,0.008198442651443328],[0.0019968637176610376,0.0023540626245584723,0.0024414813035519047,3.639991368157083E-4,0.0023228073495918816,0.001768091921730707,0.002729100148790895,0.0019230339191418633,7.882372469135135E-4,4.299901578473819E-4,7.603062001277223E-4,0.0036552646626824845,0.0022758481700210806,0.0012764685922081326,0.07163967351022135,0.002658344487803888,0.0023853789647797,0.0025977521383128135,0.007053223250890673,0.0016121313697156398,2.1810993138727508E-4,0.002523497382672372,0.0018815522982485405,0.018148733867970886,0.0025416255009389943,0.002409863132217309,0.006320893965473293,0.06079163512235374,0.0021867684491164176,0.002384722462603856,0.022308856422949948,6.617624369416169E-4,0.0026650210958095236,0.0015653523638792443,0.002741516901912925,0.0013961048619648934,0.008021046408268933,1.0,0.0013729532001253652,0.0012941893075591937,0.0031475432021114197,9.816056491020163E-4,0.0022598664190765887,0.0010662787246739764,0.002834372146793416],[5.193158589572629E-5,3.24454724596829E-4,1.1933806042057557E-4,1.278734313607215E-4,1.4777718508174426E-4,0.0010252957120779995,0.0013246816183690613,9.214470758311565E-5,1.391589805095686E-4,8.35387839743648E-5,1.638783789482428E-4,0.008043642029313826,5.4825166253805534E-5,1.356621413482121E-4,0.012231733685407224,1.9463362356849035E-5,9.881066879437626E-4,1.4526750372075532E-4,0.0015207410523984258,1.4333105352675718E-4,1.1863927351769504E-4,5.210930679664138E-4,3.857209954371962E-4,0.01869518042132817,5.974297614072628E-4,9.216524429957714E-4,0.0034835658796458216,0.035050534496069534,1.2621544149985805E-4,2.627066635754826E-4,0.02322123614775911,1.1444005615119515E-4,8.6500574422081E-4,0.0010278983705241432,2.464480964677393E-4,1.8838488567098045E-4,0.00243955355033901,0.0013729532001253652,1.0,2.743525460009871E-4,0.0012011455825837857,1.9016619285961675E-4,1.8216735041670407E-4,4.7226041076387895E-5,1.0924378726011484E-4],[1.206615781148508E-4,3.0496669531402396E-4,1.8454463416872727E-4,1.6351109656504505E-4,2.317628771366306E-4,9.605387110463951E-4,3.053917457764415E-4,8.698468132754743E-5,2.3879052706980377E-4,2.2520457279747518E-4,2.3851119186651633E-4,0.004506589421260217,1.6878160152858972E-4,2.4191363352306125E-4,0.056457143913314495,2.1137730696363475E-4,6.301692876352781E-4,2.466035058491323E-4,0.007282262175885343,1.6195010151289442E-4,1.7347133945435584E-4,6.933607721558907E-4,0.0015261195090333953,0.01196685599455757,0.001127463019647727,4.179479149685869E-4,0.01237358498672304,0.05151801486935841,1.7971528843425003E-4,3.443781166370438E-4,0.018144840197181666,1.5469168763455592E-4,6.304396330965411E-4,0.0013261228710772874,8.888829240079582E-4,3.598914845383746E-4,5.977350537435062E-4,0.0012941893075591937,2.743525460009871E-4,1.0,0.00469162695439904,5.740563235283678E-4,3.262731592565672E-4,2.2221477293336546E-4,2.034631749514337E-4],[0.0032714227422777084,0.0012520575416832178,0.004765745188451037,0.004228623700055353,3.28979665402012E-4,0.001955567178188805,0.00381043545037282,9.968069272653808E-4,0.003924358097006803,0.0015193681022892174,2.4444724717971627E-4,0.007979840068827515,0.001278363951868308,0.0043989323473208695,0.022171204907262716,0.002942526884356684,0.003614225065896006,0.004125570167605368,0.007377317697123019,0.004356684159910234,0.0010008612322176926,0.0026530593987523377,0.0027528585486865566,0.017434353254851112,0.0047536223228156335,0.0035282042596594915,0.012374360619148646,0.0770479225860571,0.00407861500097432,0.00403688012504432,0.04431269460220097,0.003189840441835159,0.0019917551821245715,0.002988818866120811,0.003943123650044513,0.0035547742482005297,0.0055783508904663544,0.0031475432021114197,0.0012011455825837857,0.00469162695439904,1.0,0.0013353241325872907,0.002236138157348347,0.0025256703168127217,0.004722789955251493],[1.9927945879384292E-5,8.098133613290395E-4,4.8440995484191137E-4,6.685847788553126E-4,1.6323237591094812E-4,0.001219249499113418,0.002286712247109811,4.6925257242722067E-4,5.262774941090225E-4,2.5812722085937826E-5,3.765476100108196E-4,0.007459160145638149,5.644304901565081E-4,3.68140767345664E-4,0.015011259010304727,5.544768787691326E-4,0.0011461014600471137,4.1884576656991165E-4,0.007188237199626431,6.423220609174306E-4,2.7211113385454047E-4,8.807267642243239E-4,0.0015188347178989666,0.011361160782471883,0.0011407575180448683,0.0010380023775183487,0.012918968451323464,0.08889121653559717,4.5921651966329796E-5,7.103250679827058E-4,0.008438653932543264,1.603834170875279E-4,0.0010293624923116205,0.0012767366452869494,9.691455993522974E-4,7.428066835011085E-4,0.006031306268983995,9.816056491020163E-4,1.9016619285961675E-4,5.740563235283678E-4,0.0013353241325872907,1.0,8.281070984710473E-4,2.1332759003575246E-4,1.1295248397007768E-4],[3.0991321317740724E-4,4.1981398797128687E-4,2.908764753720057E-4,2.2384434745085634E-4,2.6651411057890717E-4,0.0014798909800977176,0.0013829759282796275,1.2047628280922298E-4,2.758324931997925E-4,2.68910954668631E-4,3.572242603076425E-4,0.007389225851992564,2.1486658120299545E-4,3.985851323715445E-4,0.01391672830959668,5.398503777373564E-5,7.970837200056612E-4,2.834488604005895E-4,0.005084525186007031,3.587555740470572E-4,2.2187283992930744E-4,6.732785838971871E-4,9.243024675919885E-4,0.01513418230280895,4.445490637130432E-4,0.0013398523559990422,0.010374305022836037,0.07133467437791897,3.48557