[[1.0,2.0749540825964574E-4,2.0934434521402483E-4,0.02015476710369773,0.0037119419173733056,8.429705680622979E-5,1.5437743161839747E-5,4.521792323320682E-4,1.1100325511268571E-5,1.195331810430076E-5,0.005598540106109112,2.9463960202149568E-5,0.0010634268388464965,9.245726096031512E-5,2.567310238179455E-4,6.214971698065115E-4,0.0016369238204027442,1.648972707402551E-5,0.0019920403392812485,5.794407427663281E-4,8.272656093108757E-4,2.0065146846048976E-4,8.02959309061239E-5,2.3749887119408993E-4,7.452528678610728E-4,0.03150331791804778,1.5329363051350584E-5,4.105112740865469E-5,0.0016770484816976711,7.023854897408741E-5,0.0022297832687368283,0.00963766127328621,1.1159146649046167E-5,3.309082925622752E-4,8.417076930223898E-4,7.15843933934695E-4,1.918850263512778E-5,1.3625264237653531E-5,2.27301383266075E-4,0.004780995345876595,1.0297817413269495E-4,2.2506221467621153E-4,1.1685297777184903E-5,2.5336998078192104E-5,7.906166327703706E-5,1.3539661858184209E-5,4.723065949126797E-5,1.1940209607735558E-4,9.023578074560062E-5,7.556660632183641E-4],[2.0749540825964574E-4,1.0,2.3452994530980358E-4,0.018360419634248195,0.016265835690024953,2.2977523761180614E-4,1.772490109762756E-4,4.227145837627892E-4,5.2492419234248945E-5,1.2913707068515545E-5,0.012305298560231449,3.452866214631546E-4,5.261961302453595E-4,2.0724284187208106E-4,0.0014827016439042772,7.230329015889685E-4,0.0022370288017660948,1.913678719493123E-4,0.002183609485492741,0.0021993459944842503,0.0018926534343025173,2.3668335483669248E-4,0.0025134439592679426,2.4539156793768226E-4,0.0011058729684940041,0.029800207282698783,1.6148040144006539E-4,2.0694765206453897E-4,9.73104933693115E-4,2.1826533554869155E-4,0.0010876528520366554,0.012542898434363374,1.2963011575410912E-5,2.911225098038258E-4,0.001968554554802278,4.664270093266165E-4,4.976090220240615E-5,1.6236934115726665E-4,6.889740106053218E-4,0.004871847019109545,1.3518111122653344E-4,8.999550745856119E-4,7.069683489422515E-5,2.186987325177616E-4,2.4380675221388886E-4,2.3678880210606433E-4,2.425370490311951E-4,1.7989174949008295E-4,2.153409402801195E-4,6.209627940449968E-4],[2.0934434521402483E-4,2.3452994530980358E-4,1.0,0.01648081242279475,0.01751495320464875,1.7779228965285993E-4,1.4881488533650478E-4,4.241046008174197E-4,8.508246704825442E-5,3.895181464888173E-5,0.0071408398016005415,0.0010092937203612362,6.765096862143818E-4,1.8530334982139852E-4,0.0014639579074148265,0.0012846772745523367,4.378252860111066E-4,1.1823875343041764E-4,0.0022121388638701254,0.0012701849986576463,0.0010673405666662588,2.147104407219471E-4,0.002921900700243502,2.34191579557803E-4,6.545700927288213E-4,0.009030076862527348,1.8501815157153986E-4,1.713551736380065E-4,0.0015982280125471727,1.560751564531266E-4,6.582525485130876E-4,0.015027543937391714,1.814106218570837E-4,6.685602263004054E-4,9.433670159734465E-4,0.001514525564526714,1.6793053691693352E-4,1.9790721138342507E-4,5.548160350709793E-4,0.0019641191087444647,1.713796212125917E-4,5.670124065918491E-4,1.1563858730454145E-4,1.364058916251002E-4,1.9330782873072352E-4,9.402987458081106E-5,5.689843497635252E-5,1.591677577446881E-4,1.6528449225718187E-4,7.393262632702578E-4],[0.02015476710369773,0.018360419634248195,0.01648081242279475,1.0,0.028908907065223498,0.023702742476070994,0.012117993215565007,0.01665396532529761,0.0191601189480457,0.02643505381520255,0.031734292744169515,0.008036324050540286,0.029291106940961802,0.02550822734585939,0.026150613522680305,0.022942078158433552,0.010426069895330922,3.877128169189188E-4,0.012372075660918838,0.026040202892236446,0.014707906609288654,0.020660786648380843,0.029871329444864026,0.008881947188282098,0.011451128582109137,0.03658575340465495,0.030068803586168102,6.013912829575486E-4,0.00708603489255496,0.015823031829226907,0.01651133870927779,0.017680104147502707,0.009701712272598084,0.026023064074281194,0.019221699418072256,0.005559374407235258,0.009612255755372823,0.018014945362146307,0.012837515249367479,0.01356494763885112,0.0045382752399806955,0.014891688708617377,4.918462441872579E-4,0.02208170595716985,0.02290099873178515,0.02160047974890554,0.02725538886282529,0.03108274225695757,0.021895451765213302,0.0325340589137708],[0.0037119419173733056,0.016265835690024953,0.01751495320464875,0.028908907065223498,1.0,0.007954400240181774,1.714385021438805E-4,0.015664235710567787,0.00788021880102239,0.01090044957642324,0.025235654433351913,0.017180332657753213,0.0017007939971712307,0.0028525555588419936,0.012907646526821697,0.027679701313430144,0.0226794208739064,0.01700154254163593,0.017162413969395385,0.005764375483424847,0.02612280604405753,0.001424372855311244,0.005420009208379491,0.010852405593379173,0.022128589186875127,0.030141677287534356,0.021366401818054513,0.01851150388540638,0.012069818028129866,0.01714735610382435,0.008844350683154513,0.024506797856480085,0.025992365282649695,0.015803210098833814,0.013868708343756106,0.009954782584196506,0.016495184316609943,0.003327139225902873,0.017783558637710983,0.01232787905359621,0.02110266211794013,0.027231608333674273,0.021186924466021037,0.010647461532706367,0.008284002807068593,0.011269805586056695,0.007504281550594119,0.007680391583993234,0.001673928536921078,0.021054503907045278],[8.429705680622979E-5,2.2977523761180614E-4,1.7779228965285993E-4,0.023702742476070994,0.007954400240181774,1.0,1.028434016079083E-4,4.1401535586193996E-4,1.5421529405406455E-4,1.2902591788875462E-4,0.003394073221614517,8.502540722606932E-4,2.333158354626356E-4,1.5215065521584128E-4,0.002107844258408103,9.156236903161091E-4,0.001619765319643509,8.648598685334371E-5,0.0015952786109982781,9.984083887979536E-4,0.0019851881116202063,1.7010220699198127E-4,0.003419576389998203,1.8417521671757777E-4,6.831381625790006E-4,0.0293029958052192,1.4435258850439454E-4,1.331940073523735E-4,8.743421009243866E-4,1.600565967569851E-4,0.002887721782154288,0.006623804574096591,9.757350583014708E-5,2.7479838422788045E-4,8.102677374956702E-4,9.849627955013658E-4,1.9716049414976972E-5,1.3516231389449187E-4,8.327346238149568E-4,5.841132586685903E-4,1.2246113947794428E-4,5.760373707154999E-4,8.155714032140577E-5,1.1848614431271535E-4,1.6596640904474887E-4,2.4786904840950335E-5,1.0026846217025783E-4,1.5715663239412801E-4,1.2822390496808992E-4,7.914881821358265E-4],[1.5437743161839747E-5,1.772490109762756E-4,1.4881488533650478E-4,0.012117993215565007,1.714385021438805E-4,1.028434016079083E-4,1.0,4.882298221114416E-4,1.364617371885521E-5,1.293658768815289E-5,0.0012790859813433214,9.425272283620644E-5,3.125398299909376E-4,2.285038787070644E-5,2.6629146001253004E-5,0.0010224636520320515,0.002273754479691185,1.9514983645245263E-5,1.1499246218005086E-4,0.0015608487371268926,0.0032936169172706727,5.147764768385093E-5,0.0021003915196757404,9.254235072610836E-5,5.870411313321651E-5,0.025976929619101446,1.768673532719327E-5,4.613994872136597E-5,3.7804010434678507E-4,8.518843319128818E-5,0.0022523860676562455,0.011890795583265707,1.4385289679104694E-5,3.2310276545042383E-4,0.0013625968682876516,0.0018114459278288962,1.9183235946614784E-5,6.935053817357097E-5,8.016618243166363E-4,0.002966940557224942,3.16446615488109E-5,2.0251095573127037E-4,1.4772261820404521E-5,2.4646890741918336E-5,2.1215414009034472E-5,1.5253719226309771E-5,5.112902669561389E-5,4.8460874592814986E-5,6.110938146930021E-5,5.063039030106702E-4],[4.521792323320682E-4,4.227145837627892E-4,4.241046008174197E-4,0.01665396532529761,0.015664235710567787,4.1401535586193996E-4,4.882298221114416E-4,1.0,2.8108435821115455E-4,1.331076828522173E-4,0.009072853053671531,7.746296894036761E-4,9.071869407788322E-4,4.1872978448951085E-4,0.0023046185868655024,8.325636096418557E-4,0.0025877084849495534,3.92392733441639E-4,0.0017399657058885108,0.0018687632011309052,0.0023169806428996534,2.599698352384072E-4,0.0032155870640975014,5.062744390279829E-4,0.001080715862531033,0.03970353214690537,1.6744519931965682E-4,4.69332330395596E-4,9.798546606982898E-4,2.8135353470007385E-4,0.0014936697849780105,0.007735544958468,6.864087068449192E-5,5.98707657712136E-4,0.0012634149646392227,0.0016405293804456788,3.784270309713581E-4,1.2940013065427137E-4,0.0010512720466239341,0.0045684991587677986,2.1332978943845274E-4,7.259510348479246E-4,4.891526758734707E-4,1.096589648830149E-4,4.5106347694791614E-4,1.9051902333061134E-4,6.370700710099254E-5,4.68088231987676E-4,3.0008868007624364E-4,6.354879141387251E-4],[1.1100325511268571E-5,5.2492419234248945E-5,8.508246704825442E-5,0.0191601189480457,0.00788021880102239,1.5421529405406455E-4,1.364617371885521E-5,2.8108435821115455E-4,1.0,1.1708483269307205E-5,0.00721036857023543,4.143103795759349E-4,1.5074576912425342E-4,1.278952784179716E-4,0.001190149489685136,5.138831524396779E-4,9.373223009117571E-4,1.7835384559600602E-5,8.268495047537322E-4,0.0014718284007039317,2.2575295105919238E-4,2.0731464088806224E-4,0.0032821929610392718,2.6021374697236868E-5,6.767391632358844E-4,0.03274792984223253,1.798471981707791E-5,1.1676597239270089E-4,0.001179814418259735,9.710157207061587E-5,5.932179610920883E-4,0.012748717336841494,1.0484875130935856E-5,7.486313054516173E-4,0.001061471527363203,0.0016867451116502753,1.2725034096210653E-5,2.1731731242900794E-5,3.6651529234158555E-4,0.002719680548385848,2.1382258827240252E-5,0.001220352139047144,1.0235144082885047E-5,2.6276726424443036E-5,1.7602559084919914E-4,1.459914975342498E-5,2.7111338030533535E-5,7.421677624630993E-5,1.0802657882165422E-4,7.63918309660435E-4],[1.195331810430076E-5,1.2913707068515545E-5,3.895181464888173E-5,0.02643505381520255,0.01090044957642324,1.2902591788875462E-4,1.293658768815289E-5,1.331076828522173E-4,1.1708483269307205E-5,1.0,0.013843563466667519,5.902901808495804E-4,9.522293684459555E-4,1.2196591022686232E-4,0.0026201930132400564,2.1131126291675024E-4,6.088124920476887E-5,1.974676488763208E-5,0.0010852392382583217,6.075941438083265E-4,0.0025014219982982325,1.264154474827135E-4,0.001113785767565647,1.5631334759388533E-4,0.0011587447854225978,0.03326421853093337,1.3166324546129325E-5,1.2873492848666963E-4,8.156809085790922E-4,8.68545128303178E-5,0.002793866028526237,0.011268306761663622,1.0995886024993946E-5,2.57897151694741E-4,3.218419184088435E-4,0.0019617797255412723,1.2069275446387439E-5,6.96316905676941E-5,4.5692556448179535E-5,0.0026778703373597267,3.8435966445564216E-5,0.001427852819613405,1.1830641397556547E-5,2.4536902483653344E-5,1.71237016256176E-4,1.4530130110136686E-5,2.597911529079417E-5,9.841431336455037E-5,1.1801172679897047E-4,9.511654887032824E-4],[0.005598540106109112,0.012305298560231449,0.0071408398016005415,0.031734292744169515,0.025235654433351913,0.003394073221614517,0.0012790859813433214,0.009072853053671531,0.00721036857023543,0.013843563466667519,1.0,0.003027099725622013,0.012392060378838854,0.0020347077403818697,0.003532591200679623,0.01519210016777593,0.004139187461191456,0.009139861378940375,0.013967628410259107,0.010057852431406515,0.013089292828572584,0.004624260003373535,0.012861578962407267,0.010143734929685386,0.00972554909994368,0.02685489497550994,0.007093789967921096,0.012691500182182631,0.009734373016657735,0.0028836322750199934,0.004022723939728642,0.015577561708530386,0.010084019746465967,0.012387465884669643,0.006956830361540477,0.008340996460925456,0.002588997069079484,0.009363982040856138,0.01427243043192075,0.008748321864172893,0.0033756791844415427,0.0026148217082154783,0.00827175245906788,0.0028187598530724127,0.009534017428514549,0.0045317142401891525,0.0017182567572129651,0.008516545271987737,0.010557171982121895,0.008142651852919798],[2.9463960202149568E-5,3.452866214631546E-4,0.0010092937203612362,0.008036324050540286,0.017180332657753213,8.502540722606932E-4,9.425272283620644E-5,7.746296894036761E-4,4.143103795759349E-4,5.902901808495804E-4,0.003027099725622013,1.0,0.001107667053531627,6.511629920003294E-4,0.0013226372295390356,0.0012825763524869633,0.002588812309255062,5.090824959903212E-4,0.0017719924884964395,0.0014032509864760963,0.002161049825742108,8.691187363509477E-4,0.0013103982288481036,7.664816638651491E-4,0.0011680890085802426,0.028300026502176806,2.022822135415426E-4,5.675664008825505E-4,0.0011045663934003988,7.636690371006003E-4,0.0013458836550265065,0.008951318097439438,9.613251814785795E-4,8.811132644929011E-4,0.0019817639941292296,0.0015037552929873014,7.893591519766529E-4,9.956960945887663E-5,0.001077536632154863,0.0026014053698525568,1.2434173194925732E-4,0.0010999466437680253,4.7781162402962704E-4,7.888794588329373E-5,4.504597469180873E-4,2.6994603996886813E-4,7.497301458708592E-4,9.609734453225442E-4,7.817753256448419E-4,0.0010438687972381643],[0.0010634268388464965,5.261961302453595E-4,6.765096862143818E-4,0.029291106940961802,0.0017007939971712307,2.333158354626356E-4,3.125398299909376E-4,9.071869407788322E-4,1.5074576912425342E-4,9.522293684459555E-4,0.012392060378838854,0.001107667053531627,1.0,0.0011870321681731763,0.002404071739254802,0.0013000274233098273,0.0017945790192147955,0.0012524653841074207,0.0016950552824821915,0.0015610806224840821,0.002125266479143301,0.00109308504266237,0.002360769229700628,7.841863107763654E-4,0.0013294280056402774,0.011213460724729393,0.0011698384901641312,2.9875104037497104E-4,0.001494267629900039,8.308888964291423E-4,0.0023397325835842523,0.00726552192373642,5.109176667940195E-4,0.001099775454745133,0.002276639711339029,0.001392144989163885,2.8155972541083884E-4,7.143200710390764E-4,0.0011945567235640338,0.001975192178424183,8.184998308416989E-4,0.0014750955452670956,0.0012106514730900444,5.721903252943173E-4,3.2724703740415954E-4,0.001001101315764651,9.883349843039233E-4,0.0011449796887523596,4.6674234193715364E-4,0.0011053340836035533],[9.245726096031512E-5,2.0724284187208106E-4,1.8530334982139852E-4,0.02550822734585939,0.0028525555588419936,1.5215065521584128E-4,2.285038787070644E-5,4.1872978448951085E-4,1.278952784179716E-4,1.2196591022686232E-4,0.0020347077403818697,6.511629920003294E-4,0.0011870321681731763,1.0,0.002106684343565709,0.0012699493876142918,0.00268802353843331,1.1791630610275518E-4,0.0010789477922590518,0.001712868307158413,0.003077404339010512,2.044778292696627E-4,0.0013871432325445133,1.589030483742638E-4,4.0598216615742185E-4,0.031200115785807656,1.970144231228595E-5,1.3324725918480084E-4,0.0024408486711389415,1.3956082964495777E-4,0.002907785145004526,0.013177192082809746,2.9136081079405817E-5,3.053545123975596E-4,0.0018606097789054523,5.609450082522818E-4,7.505139142312508E-5,1.1019049261448608E-4,4.0345033350577006E-4,0.004266964552807231,1.2717659286508358E-4,0.0015244958089807197,7.561302461020505E-5,9.239617300471498E-5,1.4297121003410842E-4,6.591653808287242E-5,1.2006854084331309E-4,1.4015204570118594E-4,1.3252519879663284E-4,8.432184537154168E-4],[2.567310238179455E-4,0.0014827016439042772,0.0014639579074148265,0.026150613522680305,0.012907646526821697,0.002107844258408103,2.6629146001253004E-5,0.0023046185868655024,0.001190149489685136,0.0026201930132400564,0.003532591200679623,0.0013226372295390356,0.002404071739254802,0.002106684343565709,1.0,0.0023281935590501717,0.002810748869165077,0.0015443822463550062,0.0026045938530882334,0.0026816901554220906,0.003075545749460498,3.3541062256887326E-4,0.003325826916591965,0.0016175419689419606,0.001414086961370041,0.030696623348360805,0.0018001578562492763,0.001119959802577249,0.002747112713915587,0.0010027574296474979,0.002870721333636165,0.0035500842017170725,5.076492909587658E-4,0.002531858597067655,0.002334776640179594,0.0025156268096583425,9.457555816397735E-4,2.7103826386286946E-4,0.0019050862636066663,0.003119324301779747,7.552478530607176E-4,0.0019857577887113856,0.001572628671248177,0.0011897257554658262,0.0016477428800039358,2.4939941540919398E-5,2.515346396979474E-4,5.711231506071375E-4,0.0015837027991843786,0.0021494365053404824],[6.214971698065115E-4,7.230329015889685E-4,0.0012846772745523367,0.022942078158433552,0.027679701313430144,9.156236903161091E-4,0.0010224636520320515,8.325636096418557E-4,5.138831524396779E-4,2.1131126291675024E-4,0.01519210016777593,0.0012825763524869633,0.0013000274233098273,0.0012699493876142918,0.0023281935590501717,1.0,0.001845674074980124,4.8147546390834455E-4,0.001502027736118012,0.0015720267238267843,0.0034785900557572627,4.4448645559066894E-4,0.0024825286145127873,4.77255485954808E-4,0.001330369841503041,0.028756219717008483,4.0878776027172044E-4,4.251448383896802E-4,0.0024870918789185615,5.030263721042853E-4,0.002824666430956824,0.007941096570502813,5.020644070634741E-4,8.797540504163997E-4,0.0014574105460818114,0.001931107236613448,8.474023049481313E-4,7.073808001291708E-4,0.0011973663309653505,0.0036516955120534248,0.0011856791893673799,0.0013124080332958881,4.2487586510977083E-4,1.8702369857339637E-4,5.472908564380702E-4,8.054226888154983E-4,0.0010373908715606464,5.99301043938791E-4,9.75727678545875E-4,0.001100231749700174],[0.0016369238204027442,0.0022370288017660948,4.378252860111066E-4,0.010426069895330922,0.0226794208739064,0.001619765319643509,0.002273754479691185,0.0025877084849495534,9.373223009117571E-4,6.088124920476887E-5,0.004139187461191456,0.002588812309255062,0.0017945790192147955,0.00268802353843331,0.002810748869165077,0.001845674074980124,1.0,0.002829228963777908,0.0026976253640691823,0.0026760285806114517,0.0032506112831923884,0.0019183454391136973,0.0032428412285683723,0.0016091867311896094,0.0022654957861364643,0.010350875379872575,7.074276595488832E-5,0.002792571359952407,0.002798001457400139,0.0014948544108322034,0.002945022765905307,0.007018982563619007,0.0016739445391321063,0.0016910161150728454,0.0023168219500970238,0.0022683579836654142,0.002888718708039659,0.0016459271753282896,0.0016142686738183543,0.0029685435014568246,0.0012042785082445957,0.002055448490121765,8.073318397578317E-4,0.0012455386143404405,0.0014009391411398389,0.0020000979469259996,5.442780737633334E-4,0.001270330218067314,0.00267935932840309,0.00262154848570299],[1.648972707402551E-5,1.913678719493123E-4,1.1823875343041764E-4,3.877128169189188E-4,0.01700154254163593,8.648598685334371E-5,1.9514983645245263E-5,3.92392733441639E-4,1.7835384559600602E-5,1.974676488763208E-5,0.009139861378940375,5.090824959903212E-4,0.0012524653841074207,1.1791630610275518E-4,0.0015443822463550062,4.8147546390834455E-4,0.002829228963777908,1.0,7.535141780853689E-4,9.700372794784708E-4,0.0015321827680154754,1.9021573226705714E-4,0.001970938334425085,1.5203235309831764E-4,6.217367640458928E-4,0.034623791223311065,1.829801117442065E-5,9.427079600915619E-5,0.0025814419225733414,1.1166308172547432E-4,6.881606246946035E-4,0.014308432487967494,1.664809251871703E-5,1.44242213051347E-4,7.756098483655394E-5,2.3081804163456343E-4,1.9345029015370644E-5,3.732159919764868E-5,5.956243408528669E-4,0.004419849359773809,6.170654672976839E-5,0.001286747004600052,1.820330877198383E-5,2.18513226599454E-5,8.683513072900662E-5,1.9380138839494352E-5,3.608348743261849E-5,1.2505671842994123E-4,1.0180650645854158E-4,7.469691197312095E-5],[0.0019920403392812485,0.002183609485492741,0.0022121388638701254,0.012372075660918838,0.017162413969395385,0.0015952786109982781,1.1499246218005086E-4,0.0017399657058885108,8.268495047537322E-4,0.0010852392382583217,0.013967628410259107,0.0017719924884964395,0.0016950552824821915,0.0010789477922590518,0.0026045938530882334,0.001502027736118012,0.0026976253640691823,7.535141780853689E-4,1.0,0.002319809592903747,0.0027826328893570166,0.002208027005746434,0.0029208746081418185,5.24503435622994E-4,0.0014769164510251608,0.014607763479406588,0.001009048784194221,0.002160169832639903,0.0024688966723532832,0.0017188014027181115,0.00323486638542552,0.008989378064695751,3.775303071707383E-4,0.0022620165987820395,0.002298660469311077,0.002265583652220954,0.0016557600535589772,0.0015343480781934524,0.0015244048508401293,0.0036449845882224113,0.0022967281460769787,0.002246261733220061,0.0013534961861294617,0.0018870801651729736,3.0666114123560135E-4,0.0018185097076522932,0.002287056878790676,0.001012832665618381,0.0016358078469594609,0.0021177462522599453],[5.794407427663281E-4,0.0021993459944842503,0.0012701849986576463,0.026040202892236446,0.005764375483424847,9.984083887979536E-4,0.0015608487371268926,0.0018687632011309052,0.0014718284007039317,6.075941438083265E-4,0.010057852431406515,0.0014032509864760963,0.0015610806224840821,0.001712868307158413,0.0026816901554220906,0.0015720267238267843,0.0026760285806114517,9.700372794784708E-4,0.002319809592903747,1.0,0.0027633971828690284,0.0017232736805431082,0.003305959158286371,0.0016702945823717436,0.002058029150389828,0.02431233433015352,0.0010843072726384954,0.001027790138444943,0.00254406363250271,0.002012258671865564,0.002694896403212152,0.0055580174777548445,0.0012832941123007897,0.002210468220036233,0.0023052503829699587,0.0021180042052269237,1.8339013621715568E-4,2.713385535019041E-4,0.0015714550446249208,0.004871014262786523,0.0021854599650101983,0.0017884118290897146,7.078603051568949E-5,0.0017147956378911248,3.136246943184595E-4,7.174604715870155E-4,0.0010114403355499148,0.0014904009582853727,0.0011352634167296422,0.0011754271564306013],[8.272656093108757E-4,0.0018926534343025173,0.0010673405666662588,0.014707906609288654,0.02612280604405753,0.0019851881116202063,0.0032936169172706727,0.0023169806428996534,2.2575295105919238E-4,0.0025014219982982325,0.013089292828572584,0.002161049825742108,0.002125266479143301,0.003077404339010512,0.003075545749460498,0.0034785900557572627,0.0032506112831923884,0.0015321827680154754,0.0027826328893570166,0.0027633971828690284,1.0,0.0016457653685827724,0.0036209786832140083,0.002829306701219036,0.0032423743074317547,0.00929711911706222,0.002595547037234638,3.104376504094124E-4,0.0035061397568749045,0.0013108015620952591,0.0035484672786972715,0.00422109270414072,0.003001473136231905,0.001742310594181055,0.002600855919391407,0.0026286639934626037,6.259605625808416E-4,0.0025092964647154647,0.0014737639445284768,0.004045082300147881,0.0028226599538385146,0.0022295760874267803,0.0019122205471996641,0.003570410461680334,2.2490940546257971E-4,0.0019470764910111947,0.003119133243407289,0.0034349389300374618,0.003350567650600607,0.0026433933932636044],[2.0065146846048976E-4,2.3668335483669248E-4,2.147104407219471E-4,0.020660786648380843,0.001424372855311244,1.7010220699198127E-4,5.147764768385093E-5,2.599698352384072E-4,2.0731464088806224E-4,1.264154474827135E-4,0.004624260003373535,8.691187363509477E-4,0.00109308504266237,2.044778292696627E-4,3.3541062256887326E-4,4.4448645559066894E-4,0.0019183454391136973,1.9021573226705714E-4,0.002208027005746434,0.0017232736805431082,0.0016457653685827724,1.0,0.0016450731386281477,2.2563541507439634E-4,0.0010283168396975726,0.005329015276954493,9.823239891897667E-5,1.7933009417182074E-4,0.00256635672738647,2.007312911099065E-4,0.0027499291953161915,0.012299520500966304,9.19005548906737E-5,6.995639560737257E-4,0.0010240202532653241,0.001650286749168613,1.1485185575635005E-4,1.4126769076262553E-4,6.457986983452833E-4,0.004709817826854793,1.782350683119356E-4,8.068038701560339E-4,1.9792191534464773E-4,5.084527474217488E-5,2.0221448533119763E-4,6.642164208771571E-5,1.2751366983716937E-4,1.7891154935820375E-4,1.8681125266746757E-4,2.2658684963148317E-4],[8.02959309061239E-5,0.0025134439592679426,0.002921900700243502,0.029871329444864026,0.005420009208379491,0.003419576389998203,0.0021003915196757404,0.0032155870640975014,0.0032821929610392718,0.001113785767565647,0.012861578962407267,0.0013103982288481036,0.002360769229700628,0.0013871432325445133,0.003325826916591965,0.0024825286145127873,0.0032428412285683723,0.001970938334425085,0.0029208746081418185,0.003305959158286371,0.0036209786832140083,0.0016450731386281477,1.0,0.0014756032218187934,0.0024438444806643067,0.012404514772610252,0.0023862899388832335,0.003493864269071644,0.002737189979079668,0.002154356191818875,0.0034974030977809943,0.003703258858471238,0.0023023933368708743,0.002372230942632741,0.002884487364320724,0.0034369949606613682,0.0018725632111022783,8.767002999359139E-4,0.002957548521107709,0.004956424423805346,9.744452735060444E-4,0.001793143284623751,0.003607952694359617,0.002740595646354383,0.002835973690208758,0.003293873706604712,0.003342557619344922,0.00138769765459993,0.0015536364968053791,0.0015870590056849166],[2.3749887119408993E-4,2.4539156793768226E-4,2.34191579557803E-4,0.008881947188282098,0.010852405593379173,1.8417521671757777E-4,9.254235072610836E-5,5.062744390279829E-4,2.6021374697236868E-5,1.5631334759388533E-4,0.010143734929685386,7.664816638651491E-4,7.841863107763654E-4,1.589030483742638E-4,0.0016175419689419606,4.77255485954808E-4,0.0016091867311896094,1.5203235309831764E-4,5.24503435622994E-4,0.0016702945823717436,0.002829306701219036,2.2563541507439634E-4,0.0014756032218187934,1.0,4.293529765690931E-4,0.003118799192170708,3.345201910918101E-5,2.473379087888886E-4,6.281889688908524E-4,2.2487201423426845E-4,0.0027101744255646275,0.010461453869233884,2.486401109960319E-4,4.4859311270888807E-4,0.0022234667319277718,0.0010249704624417705,1.9772681507479865E-4,1.643720921183699E-4,7.397646092191708E-4,0.0018922760175937759,2.1219267929862957E-4,8.678221425268402E-4,1.5082923129300407E-4,8.236710020616421E-5,2.1600535433627464E-4,2.2045498386814532E-4,2.4081448860679148E-4,2.1118003601720104E-4,1.352447503830276E-4,3.6007683593412344E-4],[7.452528678610728E-4,0.0011058729684940041,6.545700927288213E-4,0.011451128582109137,0.022128589186875127,6.831381625790006E-4,5.870411313321651E-5,0.001080715862531033,6.767391632358844E-4,0.0011587447854225978,0.00972554909994368,0.0011680890085802426,0.0013294280056402774,4.0598216615742185E-4,0.001414086961370041,0.001330369841503041,0.0022654957861364643,6.217367640458928E-4,0.0014769164510251608,0.002058029150389828,0.0032423743074317547,0.0010283168396975726,0.0024438444806643067,4.293529765690931E-4,1.0,0.03697184140406879,0.0011098753979555944,2.967981005169446E-4,0.0019279435893622384,0.001196801908594079,0.0017957327216405953,0.0032732956050564622,6.380032463104623E-4,8.925382610155009E-4,0.0020304911112442314,0.0016139791844834348,5.327718766107129E-4,0.0010203006510908193,0.001337754759829596,0.0032379136413807977,7.44859538795372E-4,0.001476102537604591,1.5327960249272404E-4,1.3177810092063392E-4,3.2064677061715554E-4,0.001050072554792497,5.996005077541038E-4,9.86299239859124E-4,0.0011297600128435676,0.001307498584221984],[0.03150331791804778,0.029800207282698783,0.009030076862527348,0.03658575340465495,0.030141677287534356,0.0293029958052192,0.025976929619101446,0.03970353214690537,0.03274792984223253,0.03326421853093337,0.02685489497550994,0.028300026502176806,0.011213460724729393,0.031200115785807656,0.030696623348360805,0.028756219717008483,0.010350875379872575,0.034623791223311065,0.014607763479406588,0.02431233433015352,0.00929711911706222,0.005329015276954493,0.012404514772610252,0.003118799192170708,0.03697184140406879,1.0,0.01397035548592101,0.015521095144987852,0.017026183118025673,0.015371225100777292,0.013438848597035365,0.02149993289993145,0.015914676627568652,0.02900228056740394,0.024828777202212327,0.025305474598263353,0.03912111638998525,0.034743257850921166,0.005170706672617051,0.03373027804459529,0.0322662355554455,0.02289624482910607,0.0029891172076215466,0.022956664235162648,0.025875641583263706,0.021402901226584153,0.016072453125058075,0.0012500915797803607,0.02087059101929415,0.025978780956571086],[1.5329363051350584E-5,1.6148040144006539E-4,1.8501815157153986E-4,0.030068803586168102,0.021366401818054513,1.4435258850439454E-4,1.768673532719327E-5,1.6744519931965682E-4,1.798471981707791E-5,1.3166324546129325E-5,0.007093789967921096,2.022822135415426E-4,0.0011698384901641312,1.970144231228595E-5,0.0018001578562492763,4.0878776027172044E-4,7.074276595488832E-5,1.829801117442065E-5,0.001009048784194221,0.0010843072726384954,0.002595547037234638,9.823239891897667E-5,0.0023862899388832335,3.345201910918101E-5,0.0011098753979555944,0.01397035548592101,1.0,6.05224947998516E-5,0.0014866257256037866,4.1355750305375216E-5,0.0011116352948378758,0.004123952260941143,1.170992502203908E-5,7.677582522268355E-4,0.0013492394640347986,0.0015449630902839284,1.922326480065674E-5,9.367577323206717E-5,1.7577301299329532E-4,0.0011957171184385493,1.097216295240521E-4,0.0011820295801756953,1.1840201076281419E-5,2.384741061650879E-5,6.270414886840725E-5,1.7080584767489198E-5,3.162215583295566E-5,6.932052386908209E-5,8.515867026635753E-5,3.7001563613316206E-4],[4.105112740865469E-5,2.0694765206453897E-4,1.713551736380065E-4,6.013912829575486E-4,0.01851150388540638,1.331940073523735E-4,4.613994872136597E-5,4.69332330395596E-4,1.1676597239270089E-4,1.2873492848666963E-4,0.012691500182182631,5.675664008825505E-4,2.9875104037497104E-4,1.3324725918480084E-4,0.001119959802577249,4.251448383896802E-4,0.002792571359952407,9.427079600915619E-5,0.002160169832639903,0.001027790138444943,3.104376504094124E-4,1.7933009417182074E-4,0.003493864269071644,2.473379087888886E-4,2.967981005169446E-4,0.015521095144987852,6.05224947998516E-5,1.0,0.0019911004356157223,1.394900747355386E-4,5.83806258223251E-4,0.008434047885205843,2.6596415998190547E-5,2.8531395522284715E-4,0.0014094878904894292,0.0013748627851886447,1.2297752898480973E-4,1.0078180189158751E-4,9.244799778818148E-4,0.004324660881350732,1.167542022065556E-4,4.0862126963243104E-4,2.3902476863230563E-5,5.446896063256455E-5,1.3384037207751418E-4,1.0735429718482665E-4,1.0039136359049793E-4,1.3432089328462908E-4,1.2455581720725655E-4,6.750304477295369E-4],[0.0016770484816976711,9.73104933693115E-4,0.0015982280125471727,0.00708603489255496,0.012069818028129866,8.743421009243866E-4,3.7804010434678507E-4,9.798546606982898E-4,0.001179814418259735,8.156809085790922E-4,0.009734373016657735,0.0011045663934003988,0.001494267629900039,0.0024408486711389415,0.002747112713915587,0.0024870918789185615,0.002798001457400139,0.0025814419225733414,0.0024688966723532832,0.00254406363250271,0.0035061397568749045,0.00256635672738647,0.002737189979079668,6.281889688908524E-4,0.0019279435893622384,0.017026183118025673,0.0014866257256037866,0.0019911004356157223,1.0,0.0016804793626639064,0.0031597036799067414,0.008778173520388592,0.001723692688819625,0.0024664466021250336,0.0023697841420615034,0.002454628272907624,0.0015167106737136607,0.0024197080986300646,0.001478676328695697,0.0027612877746966656,0.0011089743854271253,0.001976922697399455,0.0010802201494849114,0.001698601474548262,8.171865939604557E-4,0.0012399829168252112,0.0012966954355174282,0.00243972595503628,0.0010216298718307266,0.0014097760673587223],[7.023854897408741E-5,2.1826533554869155E-4,1.560751564531266E-4,0.015823031829226907,0.01714735610382435,1.600565967569851E-4,8.518843319128818E-5,2.8135353470007385E-4,9.710157207061587E-5,8.68545128303178E-5,0.0028836322750199934,7.636690371006003E-4,8.308888964291423E-4,1.3956082964495777E-4,0.0010027574296474979,5.030263721042853E-4,0.0014948544108322034,1.1166308172547432E-4,0.0017188014027181115,0.002012258671865564,0.0013108015620952591,2.007312911099065E-4,0.002154356191818875,2.2487201423426845E-4,0.001196801908594079,0.015371225100777292,4.1355750305375216E-5,1.394900747355386E-4,0.0016804793626639064,1.0,0.0019598901307537023,0.010337503124238721,1.438352176247255E-4,5.92260083742552E-4,0.0016913428089113584,0.0012841879945090708,1.1375855991250947E-4,1.2788526510972847E-4,5.832082845089368E-4,0.0020655622006413125,1.2887913630706694E-4,3.9460350761386597E-4,1.389606456167812E-4,1.448518110464996E-4,1.658315146551742E-4,6.828212215086446E-5,9.082552875722548E-5,1.48457712674359E-4,1.4140393759451504E-4,6.49572022387633E-4],[0.0022297832687368283,0.0010876528520366554,6.582525485130876E-4,0.01651133870927779,0.008844350683154513,0.002887721782154288,0.0022523860676562455,0.0014936697849780105,5.932179610920883E-4,0.002793866028526237,0.004022723939728642,0.0013458836550265065,0.0023397325835842523,0.002907785145004526,0.002870721333636165,0.002824666430956824,0.002945022765905307,6.881606246946035E-4,0.00323486638542552,0.002694896403212152,0.0035484672786972715,0.0027499291953161915,0.0034974030977809943,0.0027101744255646275,0.0017957327216405953,0.013438848597035365,0.0011116352948378758,5.83806258223251E-4,0.0031597036799067414,0.0019598901307537023,1.0,0.004672384631906512,0.002653883865960179,0.0032057463417147825,0.003072061013732426,0.0023716838602512664,0.0029090199344019873,0.0010723423885521518,0.0014378906516808122,0.003516765677866814,0.0029604265622911945,0.0025418840107728023,0.0026587848428577137,0.0030353465604965593,5.429190689792047E-4,0.0022095421151263625,0.001402737312397457,0.001057163719222036,0.0023991540752180303,0.0032202737943061817],[0.00963766127328621,0.012542898434363374,0.015027543937391714,0.017680104147502707,0.024506797856480085,0.006623804574096591,0.011890795583265707,0.007735544958468,0.012748717336841494,0.011268306761663622,0.015577561708530386,0.008951318097439438,0.00726552192373642,0.013177192082809746,0.0035500842017170725,0.007941096570502813,0.007018982563619007,0.014308432487967494,0.008989378064695751,0.0055580174777548445,0.00422109270414072,0.012299520500966304,0.003703258858471238,0.010461453869233884,0.0032732956050564622,0.02149993289993145,0.004123952260941143,0.008434047885205843,0.008778173520388592,0.010337503124238721,0.004672384631906512,1.0,0.013064789593675862,0.0062468127363763185,0.005688981071378708,0.008602215891064939,0.006347770780610284,0.006229830479126272,0.008877980654431556,0.013719650987104658,0.006986086522783046,0.012485309310358687,0.011440620368094661,0.00639292223901696,0.004915943020925511,0.0026890435035100196,0.00520578499220016,0.010066436005619931,7.804156909781321E-4,0.010491517085344446],[1.1159146649046167E-5,1.2963011575410912E-5,1.814106218570837E-4,0.009701712272598084,0.025992365282649695,9.757350583014708E-5,1.4385289679104694E-5,6.864087068449192E-5,1.0484875130935856E-5,1.0995886024993946E-5,0.010084019746465967,9.613251814785795E-4,5.109176667940195E-4,2.9136081079405817E-5,5.076492909587658E-4,5.020644070634741E-4,0.0016739445391321063,1.664809251871703E-5,3.775303071707383E-4,0.0012832941123007897,0.003001473136231905,9.19005548906737E-5,0.0023023933368708743,2.486401109960319E-4,6.380032463104623E-4,0.015914676627568652,1.170992502203908E-5,2.6596415998190547E-5,0.001723692688819625,1.438352176247255E-4,0.002653883865960179,0.013064789593675862,1.0,2.748292563943693E-4,0.001902379621945093,0.0012264199399646379,1.846743300613356E-5,7.407824585056021E-5,8.736236294522955E-4,0.004249150616910333,2.2753786458251317E-5,7.828984346263256E-5,1.1613956550708065E-5,1.5883413370836533E-5,1.4283538677983148E-4,1.4759555941028153E-5,3.2795230561340196E-5,1.4270566012716395E-4,1.1548896844186117E-4,4.9586731400532745E-5],[3.309082925622752E-4,2.911225098038258E-4,6.685602263004054E-4,0.026023064074281194,0.015803210098833814,2.7479838422788045E-4,3.2310276545042383E-4,5.98707657712136E-4,7.486313054516173E-4,2.57897151694741E-4,0.012387465884669643,8.811132644929011E-4,0.001099775454745133,3.053545123975596E-4,0.002531858597067655,8.797540504163997E-4,0.0016910161150728454,1.44242213051347E-4,0.0022620165987820395,0.002210468220036233,0.001742310594181055,6.995639560737257E-4,0.002372230942632741,4.4859311270888807E-4,8.925382610155009E-4,0.02900228056740394,7.677582522268355E-4,2.8531395522284715E-4,0.0024664466021250336,5.92260083742552E-4,0.0032057463417147825,0.0062468127363763185,2.748292563943693E-4,1.0,0.0018142660975862626,0.0012971440273118573,3.56188480142016E-4,4.2880058379419063E-4,9.26699442354787E-4,0.0035777901667729053,6.118068540196958E-4,0.0015117687741861142,2.8351325652232773E-4,3.7406244759621154E-4,4.56799839240059E-4,1.1694428352153491E-4,8.925012722275626E-5,7.057658545925485E-4,6.026293479418058E-4,8.843426243654168E-4],[8.417076930223898E-4,0.001968554554802278,9.433670159734465E-4,0.019221699418072256,0.013868708343756106,8.102677374956702E-4,0.0013625968682876516,0.0012634149646392227,0.001061471527363203,3.218419184088435E-4,0.006956830361540477,0.0019817639941292296,0.002276639711339029,0.0018606097789054523,0.002334776640179594,0.0014574105460818114,0.0023168219500970238,7.756098483655394E-5,0.002298660469311077,0.0023052503829699587,0.002600855919391407,0.0010240202532653241,0.002884487364320724,0.0022234667319277718,0.0020304911112442314,0.024828777202212327,0.0013492394640347986,0.0014094878904894292,0.0023697841420615034,0.0016913428089113584,0.003072061013732426,0.005688981071378708,0.001902379621945093,0.0018142660975862626,1.0,0.0022283521461398718,0.002084866181095256,3.8241682660269244E-4,0.0012835498680136672,0.002571445870148261,2.315040884475775E-4,0.0020153657384861857,4.545054513793059E-4,5.59905457940876E-4,0.001674090155574872,9.471971744694349E-4,1.901631860847454E-4,0.0015483721197903967,7.815838149984042E-4,0.001798940805671334],[7.15843933934695E-4,4.664270093266165E-4,0.001514525564526714,0.005559374407235258,0.009954782584196506,9.849627955013658E-4,0.0018114459278288962,0.0016405293804456788,0.0016867451116502753,0.0019617797255412723,0.008340996460925456,0.0015037552929873014,0.001392144989163885,5.609450082522818E-4,0.0025156268096583425,0.001931107236613448,0.0022683579836654142,2.3081804163456343E-4,0.002265583652220954,0.0021180042052269237,0.0026286639934626037,0.001650286749168613,0.0034369949606613682,0.0010249704624417705,0.0016139791844834348,0.025305474598263353,0.0015449630902839284,0.0013748627851886447,0.002454628272907624,0.0012841879945090708,0.0023716838602512664,0.008602215891064939,0.0012264199399646379,0.0012971440273118573,0.0022283521461398718,1.0,5.784694104377022E-5,4.695669643141541E-4,0.001324751607299979,0.0022399771858207535,0.0013577130376967463,0.0017800420972604709,0.0014688257751575794,1.878094939940901E-4,6.493015912341147E-4,0.0011312167210466518,8.76446339303992E-4,0.001012275725709423,6.147729425560175E-4,0.0018247350676293557],[1.918850263512778E-5,4.976090220240615E-5,1.6793053691693352E-4,0.009612255755372823,0.016495184316609943,1.9716049414976972E-5,1.9183235946614784E-5,3.784270309713581E-4,1.2725034096210653E-5,1.2069275446387439E-5,0.002588997069079484,7.893591519766529E-4,2.8155972541083884E-4,7.505139142312508E-5,9.457555816397735E-4,8.474023049481313E-4,0.002888718708039659,1.9345029015370644E-5,0.0016557600535589772,1.8339013621715568E-4,6.259605625808416E-4,1.1485185575635005E-4,0.0018725632111022783,1.9772681507479865E-4,5.327718766107129E-4,0.03912111638998525,1.922326480065674E-5,1.2297752898480973E-4,0.0015167106737136607,1.1375855991250947E-4,0.0029090199344019873,0.006347770780610284,1.846743300613356E-5,3.56188480142016E-4,0.002084866181095256,5.784694104377022E-5,1.0,5.9628766737965435E-5,7.214673438001877E-4,0.0027668401316687193,6.611946684958691E-5,8.731446363361778E-5,1.3567429299759206E-5,2.0832569018653325E-5,2.4854465410318523E-5,1.869954991227648E-5,4.9234999564913163E-5,3.312190066073522E-5,7.731191977026592E-5,1.1083055196373526E-4],[1.3625264237653531E-5,1.6236934115726665E-4,1.9790721138342507E-4,0.018014945362146307,0.003327139225902873,1.3516231389449187E-4,6.935053817357097E-5,1.2940013065427137E-4,2.1731731242900794E-5,6.96316905676941E-5,0.009363982040856138,9.956960945887663E-5,7.143200710390764E-4,1.1019049261448608E-4,2.7103826386286946E-4,7.073808001291708E-4,0.0016459271753282896,3.732159919764868E-5,0.0015343480781934524,2.713385535019041E-4,0.0025092964647154647,1.4126769076262553E-4,8.767002999359139E-4,1.643720921183699E-4,0.0010203006510908193,0.034743257850921166,9.367577323206717E-5,1.0078180189158751E-4,0.0024197080986300646,1.2788526510972847E-4,0.0010723423885521518,0.006229830479126272,7.407824585056021E-5,4.2880058379419063E-4,3.8241682660269244E-4,4.695669643141541E-4,5.9628766737965435E-5,1.0,4.057461901290037E-4,0.0037992774392145816,1.0927596392082585E-4,4.039729779030223E-4,7.548901766880974E-5,3.0550488299262865E-5,1.4165818704904885E-4,7.467404983353375E-5,6.375103262984633E-5,1.412045325937049E-4,1.0119156821914623E-4,8.291141051566569E-4],[2.27301383266075E-4,6.889740106053218E-4,5.548160350709793E-4,0.0128