[[1.0,1.3560189546788534E-5,0.0013146893939490513,1.2051333561914058E-4,9.063519111225729E-5,1.048156836568803E-5,6.664693500992352E-4,1.6423237436202473E-5,0.009543014739751424,1.4069208132410046E-5,4.875021771818008E-4,1.867166166622569E-4,0.0021793290707930583,1.5041650750758842E-4,1.3961859430907075E-4,4.4720595957234935E-5,1.0202906481714457E-5,1.4690005311034407E-5,1.0100880912346246E-4,3.8238656412321E-4,5.253993162079922E-5,4.890411099418442E-5,0.002666697236989871,0.0014971320844300135,9.04351021074933E-4,7.438853180595894E-5,1.6463942639644293E-4,1.171812363634859E-5,0.010172693160763207,1.2339748578392704E-5,3.9546825447551475E-5,6.750601593624355E-5,2.3958343199768055E-4,6.960385802343784E-5,4.8396459770053784E-5,9.781311189826833E-5,0.005245450594809187,3.6731916684303154E-4,1.0174356891139176E-4,1.0681272314034672E-5,5.630271309758298E-4,0.008739182978108644,1.1639097495218318E-4,2.459004843264946E-5,0.0016303268380329172,2.847571185781027E-4,0.002680296171013536,5.6291832458476074E-5,2.6502785677900843E-5,1.0300458875600981E-4,0.024581627849906144,0.0015657445898082756,0.0010268967983778552,2.8771081516357943E-4],[1.3560189546788534E-5,1.0,0.0010734395054558265,7.79598697473609E-5,1.0056518468928316E-4,1.0117634899659759E-5,1.5718508695081322E-5,1.62058951323195E-5,0.017829451279362755,1.48535765351551E-5,0.002002184414455329,8.829293099870655E-5,0.0016618844426102392,2.173677728320588E-4,9.037965019327685E-5,1.1562708913977619E-4,1.0283160048387554E-5,1.607569322615075E-5,5.6491852611111695E-5,4.330097409283553E-4,6.35653952305461E-5,1.919184575595463E-5,0.00225701734786872,6.691415128082598E-4,0.0012940679205372064,1.2525318435475976E-4,1.3399720800575968E-4,1.5802618416233457E-5,0.004927205426600559,1.5056962968979028E-5,4.960288369031739E-5,3.823628521418416E-5,1.7001498248288204E-4,7.279703456602191E-5,3.6975640908614094E-5,1.0001025847464583E-4,0.004142280434528781,2.9442599194548437E-4,1.4310287436712223E-4,1.2044589396659647E-5,1.3296741712659032E-4,0.011383770111509258,3.0942770245620435E-5,9.77752615660344E-5,0.0012470542819921022,2.541615047578178E-4,1.4840987462916226E-4,1.235440989997856E-4,1.2808959320071914E-4,5.8400922546939066E-5,0.06514571392103813,6.840372068483019E-4,0.006823029753027009,1.562202907871026E-4],[0.0013146893939490513,0.0010734395054558265,1.0,0.0021392735255937067,9.840512446629224E-4,3.7057064627063095E-4,0.002405903385955939,0.00505107600168693,0.019078212531179514,0.0038968159127454665,0.0054285794973075105,0.0015799290886735309,0.002552795301755453,0.002997358011568466,0.002244313527530666,0.0019453839491570353,0.0042704798375556175,0.001956584980180799,0.0011754012059328805,0.0016963444393905927,0.004206803732560242,0.004948948294080469,0.005025035463986684,0.002707321631292401,0.0017331305311293,0.00446785470753262,0.0032233098897690156,0.005078988284303684,0.00983132179848462,0.003974718445260543,0.005157187733411491,0.0022801762590251356,0.004323475382807184,0.0019332226966508237,0.00399450663731315,3.895818193349669E-4,0.01586593053240179,0.004790356077161541,0.00369744035500978,0.004933442697904948,0.0033798812723770852,0.010382810958828719,0.004459539583483329,6.040773748868638E-4,0.004392489062498363,0.003851032148451559,0.004523346190267638,0.002646142976542374,0.0017999777733519705,0.004492686402779977,0.06035138474290449,0.004906401512034101,0.006705282762334783,0.002214727325851184],[1.2051333561914058E-4,7.79598697473609E-5,0.0021392735255937067,1.0,1.9080643940789547E-4,2.016477223170273E-4,7.316427244805608E-4,1.7393884084460515E-4,0.008272676635111319,9.605131041889142E-5,0.0019279973780518315,2.2080513403473635E-4,0.0015338467032196153,2.539969571899336E-4,2.1243785222225977E-4,1.5568314774701985E-4,1.6587407458356452E-4,2.0880986893704402E-5,2.1515063666395487E-4,3.1919873352064746E-4,2.0480376472635351E-4,2.1880557242800867E-4,0.0011787863654089388,0.0019345680168228476,9.366290715098619E-4,1.9522732408331972E-4,2.066888619160273E-4,5.694096419787686E-5,0.00945929791617432,1.5634823716010593E-4,1.565646154634803E-4,1.3443213717250144E-4,2.6347614331596794E-4,1.662275669703365E-4,1.264804127797635E-4,1.3721643384462077E-4,0.013504283983479384,4.102973574343135E-4,1.7209445540281493E-4,7.686734136816314E-5,0.0011137702846367096,0.01705057471818341,1.8517337548241432E-4,2.4685683671602963E-4,6.240172894149942E-4,6.260474015224715E-4,3.4468152799017665E-4,1.75225841581935E-4,2.1728362964478425E-4,2.094034463271807E-4,0.03556282402744102,0.0021220097310651006,7.146406343224282E-4,3.269062105538668E-4],[9.063519111225729E-5,1.0056518468928316E-4,9.840512446629224E-4,1.9080643940789547E-4,1.0,6.43421929358291E-5,5.413890361154132E-4,1.6371918172133744E-4,0.03783423304054676,4.42801545392475E-5,4.591368388249482E-4,1.8400449904507798E-4,9.16610788389112E-4,2.492352983157432E-4,1.6021885486924817E-4,1.5277781255558425E-4,1.5295110255105927E-4,1.303660243841217E-4,1.7096948684330288E-4,2.367076638303391E-4,1.4321774238140703E-4,1.6534101479181328E-4,0.0027995501575777374,0.0018660967287942353,0.0014533669587748531,1.7686050635476645E-4,1.823057289656138E-4,3.261384801348598E-5,0.012831704687305621,1.0423721278596819E-4,1.3386424594874139E-4,1.018320220879709E-4,3.4477591534805535E-4,1.5309942790671813E-4,1.4160920293004254E-4,1.5215801016090185E-4,0.0076461886826183914,4.831456617947682E-4,1.5825995789274318E-4,9.907183139639212E-5,9.776754442534315E-4,0.015829376527407433,1.590221210156898E-4,4.13130385248435E-4,1.999104392111393E-4,3.9496613258087885E-4,0.002125118033123296,1.6374554772186762E-4,1.7827124922280627E-4,1.6875833838468865E-4,0.015606890532464267,3.8416710224650264E-4,0.0036540205320328496,2.177128942453923E-4],[1.048156836568803E-5,1.0117634899659759E-5,3.7057064627063095E-4,2.016477223170273E-4,6.43421929358291E-5,1.0,6.50088466070797E-4,1.3167252272022199E-5,0.009254190995820633,1.275943448604699E-5,0.0016650446288129592,9.562906283934405E-5,3.836147071718026E-4,8.069366213468376E-5,5.4840426938819804E-5,1.0832110722780622E-4,1.0173061194060397E-5,1.3383099895873908E-5,1.3377884212414824E-5,5.812178056397795E-4,1.0624031923503264E-4,5.7203236219061124E-5,0.002014644707827322,4.058204911522893E-4,0.0014394978119947183,9.577338874629195E-5,7.892418790479444E-5,1.2922917493494207E-5,0.0024341932421717183,1.4616564811534365E-5,6.653934949365017E-5,6.43125052081503E-5,7.88129417942189E-5,2.5282647956705963E-5,3.883268487376382E-5,6.797033262509847E-5,0.01590916150480787,3.5900490709123026E-4,6.859308512100408E-5,1.0266632095169161E-5,1.9132381565535836E-4,0.016321769375249515,2.657604339916737E-5,1.688340330469981E-4,3.435554952948605E-4,0.0011053169620917891,0.0010605822286115895,6.06998628724064E-5,1.333533779592846E-4,1.0648514415316755E-4,0.08768716857503182,7.949663107352982E-4,0.006096482920819597,6.65771973539065E-5],[6.664693500992352E-4,1.5718508695081322E-5,0.002405903385955939,7.316427244805608E-4,5.413890361154132E-4,6.50088466070797E-4,1.0,5.473615215346199E-4,0.011379960185277234,7.037597598811176E-5,0.0013797987994070189,0.001140965811346895,0.0012650953371564223,9.443821855208992E-4,1.9326564396793751E-4,0.0010790718505650535,3.3540754796891576E-4,4.0656834263224224E-4,5.12344481294585E-4,0.001078487479111813,6.858059641364604E-4,4.1510550480488694E-4,0.0023012499292403713,0.0015417430777173893,0.0012289489517024446,8.161227643851269E-4,2.0454713747149747E-4,0.0010423508768939316,0.004210868069756007,2.3418108769494478E-4,1.4994630614683702E-4,2.74306165300211E-4,4.3048536993082744E-4,6.686259568274757E-4,7.571187955661994E-4,4.4708426243664234E-4,0.015094548888054459,6.531913753980099E-4,3.9456739132301345E-4,7.123991047877509E-4,0.0011503856133907658,0.0017845424696146081,6.917839977301232E-4,8.997190244104439E-4,0.001448871098065119,0.001154777682232281,0.001272493316609523,7.171005782499735E-4,0.0010773102522942653,8.906409266557567E-4,0.024210585937146138,0.0023713967088297098,0.004600300074793131,5.335015027288093E-4],[1.6423237436202473E-5,1.62058951323195E-5,0.00505107600168693,1.7393884084460515E-4,1.6371918172133744E-4,1.3167252272022199E-5,5.473615215346199E-4,1.0,0.023137902521181048,1.6395821124737704E-5,0.0011358443004609935,2.4449336783302785E-4,0.0022121645826725634,7.274106464325116E-5,3.7877624129973937E-5,9.032414222412236E-5,1.4883528181456769E-5,1.7065986031493404E-5,3.472011837748233E-5,2.2765531608555844E-4,8.302094907335323E-5,1.1057459374421753E-4,0.001234216069647276,0.001735892007390546,5.486247424887899E-5,3.821705015599762E-5,9.66634504848467E-5,1.7910634750802243E-5,0.007302453537468223,1.8167185667800518E-5,5.5519413941631773E-5,4.5788377181854315E-5,3.213087756058018E-4,8.343905713699515E-5,2.3562741579603222E-5,3.384499069340515E-5,0.013440808627025454,2.3204819018823156E-4,6.425396700546699E-5,1.794524600817714E-5,0.0011209100610981208,0.020081464866298675,1.1447364550791802E-4,4.5986294500932964E-4,0.001296041202123707,1.2576631318331362E-4,5.160574301574798E-4,8.104184885639771E-5,1.1101015311644506E-4,2.581328367416142E-5,0.01532145806006444,0.0016324441208012952,0.0018587279810622062,2.71977205673839E-4],[0.009543014739751424,0.017829451279362755,0.019078212531179514,0.008272676635111319,0.03783423304054676,0.009254190995820633,0.011379960185277234,0.023137902521181048,1.0,0.006656619564507814,0.029263083488231704,3.576813186825735E-4,0.024959308578023694,0.012087176313339491,0.020642282815742978,0.03133091623966342,0.029625050362260794,0.004307808409736956,0.030047324169753586,0.006450536799600377,0.029964032026063157,0.009028026871224167,0.010648869969442788,0.03614308897841631,0.011648950299993355,0.022415569673325437,0.023956610734055247,0.015378792299422867,0.032266245607126764,0.01181382516993947,0.011780941801680062,0.004696916598332068,0.0341659486303914,0.021830907168954354,0.0020323404789196185,0.003408300216953148,0.021671661030324862,0.025148121104411572,0.00959536451416499,0.020442656883475834,0.03768713964597638,0.025305253613014538,0.027174247220211993,0.0014797641274677982,0.02256642670671044,0.03062933397216085,0.0029763781130740636,0.002170482217534413,0.0071972368029880615,0.01638429022324886,0.056324620084524574,0.020625953941197123,0.021024927609791768,0.008161963370438887],[1.4069208132410046E-5,1.48535765351551E-5,0.0038968159127454665,9.605131041889142E-5,4.42801545392475E-5,1.275943448604699E-5,7.037597598811176E-5,1.6395821124737704E-5,0.006656619564507814,1.0,3.9002331333507444E-4,1.8210495042652203E-4,0.001050193631477912,3.198322727182828E-5,1.4098641154927823E-4,1.0716362451166005E-4,1.4059224671989704E-5,1.5835743044442585E-5,2.57714147688993E-5,8.096421205353423E-4,7.410829741895378E-5,1.5767452549553555E-4,0.002305043061456006,4.7971280330717217E-4,0.0012687043833318153,1.4386399673781489E-4,5.790498969129343E-5,1.567545873354031E-5,0.008977628758202873,1.5892122163875353E-5,2.9534617259832883E-5,8.239137120823211E-5,1.9884589688705964E-4,6.274307416619905E-5,5.220377475772709E-5,8.524486488481597E-5,0.0034074051320764835,3.075587676233749E-4,1.2977771366097626E-4,1.1716719147065504E-5,3.108238710080392E-4,0.0042518741029915486,4.3149436807213856E-5,2.482662489669446E-4,0.0015323318565311035,2.0485179551623523E-5,0.0018208752274370716,1.1015043024092312E-4,5.496175060646115E-5,1.2079142267237033E-4,0.04937584538051999,9.891793372367446E-4,0.003466405571430394,1.4641333294437142E-4],[4.875021771818008E-4,0.002002184414455329,0.0054285794973075105,0.0019279973780518315,4.591368388249482E-4,0.0016650446288129592,0.0013797987994070189,0.0011358443004609935,0.029263083488231704,3.9002331333507444E-4,1.0,0.0019899421394196466,0.0024007424908101724,0.0018747246047923203,0.002047960977992337,0.0019954918427189635,0.002385464476337233,0.0017120474244532349,0.0010109566693929871,0.0018298930813102996,6.10185004255355E-4,0.002258067400841655,0.0032493765317842325,0.0023844475711132006,0.0020981132771068236,3.7047661414671624E-4,0.0020399108532797336,5.368135600739604E-4,0.004814430769653544,0.0013581462889942957,0.0013183599996978814,6.369516381588156E-4,3.7971163831954915E-4,0.001190396905648158,0.001944813649154135,5.003848883999306E-4,0.013529163090783102,0.0014291309004179397,7.354960095944995E-4,6.758115996201055E-4,0.0014511754132098041,0.01598765310270025,0.0019455968276333498,9.040914832631921E-4,0.0018633807243076076,0.0012879823845054882,0.0025834944776621776,7.272519915978008E-4,3.851470395990264E-4,0.0018786926949127454,0.0252922413213479,0.0027447005002840647,0.00511239667738464,0.0022035218463753448],[1.867166166622569E-4,8.829293099870655E-5,0.0015799290886735309,2.2080513403473635E-4,1.8400449904507798E-4,9.562906283934405E-5,0.001140965811346895,2.4449336783302785E-4,3.576813186825735E-4,1.8210495042652203E-4,0.0019899421394196466,1.0,0.002335081571202928,3.287607319698248E-4,2.081287629157506E-4,1.4492924142559967E-4,5.410040707710586E-5,1.5413260001426047E-4,1.7709126464365312E-4,9.76447532598913E-4,1.610864521268187E-4,2.4720654590512355E-4,0.003140751800086108,0.001472913976582284,0.0010534257065729711,2.3847284028468427E-4,2.3176244660115864E-4,2.028593551461008E-4,0.01203725011851494,5.085716113648612E-5,1.1519213729600508E-4,1.03043404979173E-4,3.551501058418917E-4,2.0019641606086995E-4,1.9373936980394854E-4,2.3976220050978626E-4,0.008283325439973756,4.606513897030118E-4,1.5920436082830856E-4,6.606916613327076E-5,9.980374474288884E-4,0.008088129560069462,2.3324627847731737E-4,4.0915513399249616E-4,3.6816572980297147E-4,9.119286923397756E-4,0.001005851072086254,1.6944249693206663E-4,2.2317552274297872E-4,2.1414159273238262E-4,0.058735309228347375,7.170564907810425E-4,0.005651584321936774,2.9397490288842187E-4],[0.0021793290707930583,0.0016618844426102392,0.002552795301755453,0.0015338467032196153,9.16610788389112E-4,3.836147071718026E-4,0.0012650953371564223,0.0022121645826725634,0.024959308578023694,0.001050193631477912,0.0024007424908101724,0.002335081571202928,1.0,5.351570785728636E-4,0.002002857039357583,0.001825932325298514,0.002076048128569119,0.0018743662099603628,0.0019482183480085756,0.002204572297509365,0.002228710862623407,6.258100641174945E-4,0.003238012363641839,0.0020575180502920187,0.002337163168905663,3.014327308939192E-4,3.401939781547497E-4,0.0015008348538006516,0.010427528771111411,5.116586688597734E-4,4.6646566381884885E-4,3.028842051633198E-4,0.0013698230805870026,0.002163548031788894,0.0023230564330658588,0.0012968930822613738,0.012639489671444017,0.0012967611300457602,0.0011702151055033104,0.0020825066334728324,0.00134892166887897,0.014524135696230227,0.0019419797412513521,0.0011323514174818973,0.001968011621039622,0.002071947602920312,0.0024578793283779733,0.001930797969125439,6.999657781829044E-4,0.001412930249120529,0.0880755919569295,0.0027657474804758803,0.003000141355621014,8.738307868594377E-4],[1.5041650750758842E-4,2.173677728320588E-4,0.002997358011568466,2.539969571899336E-4,2.492352983157432E-4,8.069366213468376E-5,9.443821855208992E-4,7.274106464325116E-5,0.012087176313339491,3.198322727182828E-5,0.0018747246047923203,3.287607319698248E-4,5.351570785728636E-4,1.0,3.7023915636475314E-4,1.4656747363514522E-4,2.941100359573171E-4,3.167042478873596E-4,1.9778726553857664E-4,8.06002018140847E-4,2.570757703749977E-4,2.2174521528391675E-4,0.0032535485230576087,0.0014392621550010838,5.545685911650295E-4,2.6224050528144E-4,3.514724711475627E-4,3.726163460313513E-4,0.001308734379479078,7.074999432986229E-5,3.4244164995323655E-4,3.8411761856780257E-4,3.9712467161403587E-4,2.9521548473167097E-4,3.5918918423630253E-4,1.5461042064993902E-4,0.0012641044162195957,4.6786977195752746E-4,2.3785105552838627E-4,1.5016545607613173E-4,4.7486039802116314E-4,0.020012829407548206,2.256561111115819E-4,4.17715955608186E-4,0.0015774936060513856,8.626098543749768E-4,0.0022102808235240964,4.106534276862184E-4,3.498554455394214E-4,1.9145697714277737E-4,0.07424116167614685,0.002273059276761328,0.00566462335228223,3.6031815344139256E-4],[1.3961859430907075E-4,9.037965019327685E-5,0.002244313527530666,2.1243785222225977E-4,1.6021885486924817E-4,5.4840426938819804E-5,1.9326564396793751E-4,3.7877624129973937E-5,0.020642282815742978,1.4098641154927823E-4,0.002047960977992337,2.081287629157506E-4,0.002002857039357583,3.7023915636475314E-4,1.0,1.475521911010857E-4,8.710786553927477E-5,9.602327734342602E-5,1.6354013785900852E-4,8.53652470097074E-4,1.43575748385308E-4,1.741864811652679E-4,0.002128643063630977,0.001682541738612183,0.0011714890922628221,1.6877509945731578E-4,1.4996702186621032E-4,1.1207357640664311E-4,0.0033852917486216615,6.207503773283487E-5,1.3303978144449489E-4,1.118890497357542E-4,3.1559988327589867E-4,1.4802098020322613E-4,1.3655310468365853E-4,1.3871505734263558E-4,0.010734170563051579,3.8327960464367415E-4,1.4896690847060075E-4,1.6771971388047635E-5,5.605356775964247E-4,0.014090038735541422,1.445867274388498E-4,4.831237874939005E-4,0.0016028221122691374,1.9913903815231776E-4,7.01001025268667E-4,1.5346540100932078E-4,1.5316129746683412E-4,1.691805855952453E-4,0.058737991880311854,0.0015128425794921217,5.817281837571207E-4,2.615797520027778E-4],[4.4720595957234935E-5,1.1562708913977619E-4,0.0019453839491570353,1.5568314774701985E-4,1.5277781255558425E-4,1.0832110722780622E-4,0.0010790718505650535,9.032414222412236E-5,0.03133091623966342,1.0716362451166005E-4,0.0019954918427189635,1.4492924142559967E-4,0.001825932325298514,1.4656747363514522E-4,1.475521911010857E-4,1.0,2.345026183109193E-5,1.0546346729385639E-4,1.433643444231298E-4,6.375297490177526E-4,1.3725624695503491E-4,1.602364359423754E-4,9.23474117317438E-4,0.0018538514899398885,2.5103544870422724E-4,1.5496039197536077E-4,1.6231554291712037E-4,2.672575696867087E-5,0.009728993792302427,1.0786459647604729E-4,1.370705172226132E-4,9.345869312012211E-5,3.0078320206738387E-4,1.2834816417560163E-4,1.2794908064295814E-4,1.4135431772020987E-4,0.007914853190984294,1.7575980365897294E-4,1.4324159737185113E-4,9.145011678171914E-5,6.84068659063588E-4,0.008326486303797235,1.2610131207067197E-4,5.69449358290062E-4,3.32985433147233E-4,3.593005080821375E-4,0.0019172090600693564,1.6001197491761522E-4,1.857600744257429E-4,1.7227764348950217E-4,0.016219600718912236,0.0014855250879091781,0.006697554192445388,2.6034458926440097E-4],[1.0202906481714457E-5,1.0283160048387554E-5,0.0042704798375556175,1.6587407458356452E-4,1.5295110255105927E-4,1.0173061194060397E-5,3.3540754796891576E-4,1.4883528181456769E-5,0.029625050362260794,1.4059224671989704E-5,0.002385464476337233,5.410040707710586E-5,0.002076048128569119,2.941100359573171E-4,8.710786553927477E-5,2.345026183109193E-5,1.0,1.603404794063583E-5,6.433248700778144E-5,8.341313613428824E-4,8.978672543543243E-5,1.6727266923624476E-4,0.0022878114616455467,0.0017659168475050553,8.442752727219273E-4,1.3396854185694483E-4,8.13679452833289E-5,1.0397016863601892E-5,0.0018453977380109433,1.09186623720774E-5,6.936333101287609E-5,2.5065547180439344E-5,2.505038507358443E-4,8.424106746047225E-5,2.9323687353312336E-5,9.614490688060981E-5,0.01311109118455644,4.1359358032127185E-4,5.9593949474924204E-5,1.0454488761112822E-5,8.50645056813356E-4,0.010025389880968783,6.99188633646835E-5,4.230042588612368E-4,0.0011174467391144491,0.0011605415571083178,4.148184774898096E-4,9.154496326918732E-5,1.8459863269659318E-4,1.3661632534262631E-4,0.027702254418280045,8.043985455622947E-4,0.002344606140722619,2.5864937709136606E-4],[1.4690005311034407E-5,1.607569322615075E-5,0.001956584980180799,2.0880986893704402E-5,1.303660243841217E-4,1.3383099895873908E-5,4.0656834263224224E-4,1.7065986031493404E-5,0.004307808409736956,1.5835743044442585E-5,0.0017120474244532349,1.5413260001426047E-4,0.0018743662099603628,3.167042478873596E-4,9.602327734342602E-5,1.0546346729385639E-4,1.603404794063583E-5,1.0,1.9358270151126482E-5,3.655729894212454E-4,7.538442806048746E-5,7.328056390099589E-5,0.0012491779450925493,6.463133699574515E-4,6.831216482430399E-4,1.6452343805719934E-4,1.559518164109366E-4,1.6412833468147924E-5,0.006753372653383936,1.6675118945755997E-5,4.490247087250383E-5,7.56341071648042E-5,2.674135229732754E-5,7.277084464142052E-5,4.3022342376717434E-5,5.0310204239282765E-5,0.012173788134752374,5.18070560445713E-5,1.0466808286871645E-4,1.461540775097512E-5,4.423233593985483E-4,0.005933758067772813,9.884672526750115E-5,4.885858193787437E-4,8.923436052363455E-4,4.212403334682104E-4,0.0021235142310104317,1.3828902434947861E-4,9.063427720413326E-5,4.139466279501224E-5,0.014419753540776284,7.185807951282045E-4,0.003939194673413651,6.868391469587172E-5],[1.0100880912346246E-4,5.6491852611111695E-5,0.0011754012059328805,2.1515063666395487E-4,1.7096948684330288E-4,1.3377884212414824E-5,5.12344481294585E-4,3.472011837748233E-5,0.030047324169753586,2.57714147688993E-5,0.0010109566693929871,1.7709126464365312E-4,0.0019482183480085756,1.9778726553857664E-4,1.6354013785900852E-4,1.433643444231298E-4,6.433248700778144E-5,1.9358270151126482E-5,1.0,4.712472737311117E-4,1.2418292018671976E-4,1.7417797073954612E-4,0.0018881492049403182,8.065488014580822E-4,0.0011833492142831177,1.7246543740303768E-4,1.8093474225140858E-4,8.751572764408982E-5,0.0028710027893302657,1.1512819574747106E-4,1.2205243623687288E-4,1.208374730420397E-4,1.9880952180251045E-4,1.6880014932920865E-4,1.5016151759249098E-4,1.7223836427572085E-4,0.01501417588659004,3.8472835585431713E-4,1.4927044764661705E-4,5.521127191932802E-5,8.46331933400433E-4,0.004549268724513453,1.3383421176558116E-4,4.021154907829981E-4,4.3855452237377484E-4,0.0011128222212375746,4.654206107693839E-4,1.654493345538921E-4,1.7806624980700895E-4,1.8482144958102486E-4,0.055279571843159805,2.457432645244546E-4,0.0011864361796546437,1.7728806341794462E-4],[3.8238656412321E-4,4.330097409283553E-4,0.0016963444393905927,3.1919873352064746E-4,2.367076638303391E-4,5.812178056397795E-4,0.001078487479111813,2.2765531608555844E-4,0.006450536799600377,8.096421205353423E-4,0.0018298930813102996,9.76447532598913E-4,0.002204572297509365,8.06002018140847E-4,8.53652470097074E-4,6.375297490177526E-4,8.341313613428824E-4,3.655729894212454E-4,4.712472737311117E-4,1.0,2.920356305489571E-4,5.79401962082769E-4,0.0011011747514891234,0.0013397663087048434,0.0012035302203454187,8.857867067075076E-4,9.69658393760524E-4,6.207272885994225E-4,0.0013115454984476869,1.7694991630826123E-4,5.176416591462221E-4,8.116458374948303E-4,8.996265615498111E-4,9.449859447077185E-4,6.333194401047014E-4,8.910173615496635E-4,0.002180965851687187,6.49537895957723E-4,4.6145694258622517E-4,5.504813414627085E-4,0.0010846120482181565,0.020272617692003576,2.497954294070811E-4,9.888255631932395E-4,0.0015817131149001185,0.0011455331678668615,0.0019668868261678227,5.137105662891468E-4,8.186637728247828E-4,2.8880242474887084E-4,0.035269964373644255,0.0017892296568510933,0.006666976180164735,3.558124843792417E-4],[5.253993162079922E-5,6.35653952305461E-5,0.004206803732560242,2.0480376472635351E-4,1.4321774238140703E-4,1.0624031923503264E-4,6.858059641364604E-4,8.302094907335323E-5,0.029964032026063157,7.410829741895378E-5,6.10185004255355E-4,1.610864521268187E-4,0.002228710862623407,2.570757703749977E-4,1.43575748385308E-4,1.3725624695503491E-4,8.978672543543243E-5,7.538442806048746E-5,1.2418292018671976E-4,2.920356305489571E-4,1.0,1.5898301442248433E-4,6.668494446543247E-4,6.168867377592971E-4,1.937728494825397E-4,1.573765047465855E-4,1.4764927606444634E-4,1.0785553034682062E-4,0.005447370559171686,7.49799820321647E-5,1.1416558862588729E-4,1.0018775944084007E-4,3.114597195996668E-4,1.1203449532415889E-4,1.2183895655659746E-4,1.1459836763133339E-4,0.006077357696109182,2.4628203929407625E-4,1.1864778225520804E-4,1.152398368005904E-4,0.0011461756035067794,0.007906291962248319,1.2176433152652803E-4,3.922585082669711E-4,0.0010989957023954668,3.9121674115203883E-4,0.0027130878695702547,1.6002294985165285E-4,1.5672184608400846E-4,1.7579185413221115E-4,0.04847684186838301,0.0024599906109317405,0.0050269779270613315,1.2997483654468128E-4],[4.890411099418442E-5,1.919184575595463E-5,0.004948948294080469,2.1880557242800867E-4,1.6534101479181328E-4,5.7203236219061124E-5,4.1510550480488694E-4,1.1057459374421753E-4,0.009028026871224167,1.5767452549553555E-4,0.002258067400841655,2.4720654590512355E-4,6.258100641174945E-4,2.2174521528391675E-4,1.741864811652679E-4,1.602364359423754E-4,1.6727266923624476E-4,7.328056390099589E-5,1.7417797073954612E-4,5.79401962082769E-4,1.5898301442248433E-4,1.0,2.792895997691816E-4,7.309358252801731E-4,7.817012346208248E-4,1.8293021812649526E-4,1.772694819265011E-4,2.19280426434215E-5,0.013296938478846889,1.2144297044791263E-4,1.5585239013252324E-4,1.4182233399881125E-4,3.3501808503506533E-4,1.3585473591892338E-4,1.303884360848649E-4,1.6125511498864728E-4,0.008337623840647124,3.3324742360576077E-4,1.707442079368782E-4,7.09408648073626E-5,3.1210832085378653E-4,0.02058588744337576,1.5389938222110656E-4,5.071656164889181E-4,2.1196771259604584E-4,5.017963999376078E-4,0.0013405565956148783,1.7041481152921286E-4,1.8491611482170035E-4,1.7639942948637516E-4,0.024777990979916866,0.0016529929823385803,0.004738124965538011,2.446221409650941E-4],[0.002666697236989871,0.00225701734786872,0.005025035463986684,0.0011787863654089388,0.0027995501575777374,0.002014644707827322,0.0023012499292403713,0.001234216069647276,0.010648869969442788,0.002305043061456006,0.0032493765317842325,0.003140751800086108,0.003238012363641839,0.0032535485230576087,0.002128643063630977,9.23474117317438E-4,0.0022878114616455467,0.0012491779450925493,0.0018881492049403182,0.0011011747514891234,6.668494446543247E-4,2.792895997691816E-4,1.0,0.0020002675813579718,0.001968680807702849,6.498333867084276E-4,7.088694028071131E-4,0.0027386086592166565,0.010441744020050662,2.077241824080814E-4,2.7623216600618385E-4,0.001576668779081231,9.488531698483638E-4,0.0027042614469512402,7.732538426135533E-4,4.372142121270414E-4,0.01569514003771094,0.002552052403030848,0.0018656918917747613,0.003276974542161593,0.003007505559863862,0.010352818041808131,0.0017912256193852501,0.002806596277791288,0.003245208283215377,0.0023851682350553363,0.0030983355907035154,9.884602404301127E-4,0.001776859090504821,0.00146589862575406,0.053932357540220535,0.003170366743984958,0.006355786475104123,0.0013917494624643835],[0.0014971320844300135,6.691415128082598E-4,0.002707321631292401,0.0019345680168228476,0.0018660967287942353,4.058204911522893E-4,0.0015417430777173893,0.001735892007390546,0.03614308897841631,4.7971280330717217E-4,0.0023844475711132006,0.001472913976582284,0.0020575180502920187,0.0014392621550010838,0.001682541738612183,0.0018538514899398885,0.0017659168475050553,6.463133699574515E-4,8.065488014580822E-4,0.0013397663087048434,6.168867377592971E-4,7.309358252801731E-4,0.0020002675813579718,1.0,0.0019249113241709876,0.0013560423471149663,0.0015449549386379277,2.4011845814737274E-4,0.0032727604503458136,0.0018280629616133233,8.272950556707847E-4,0.0015415577664598323,0.0019278034395407671,0.0014001060917201201,5.057298028661188E-4,9.716623725048418E-4,0.011439719781172954,9.390552247963678E-4,3.5850729757337424E-4,4.364284635995939E-4,0.0018636491011415216,0.01765545606246593,7.195407140230879E-4,0.0013036767770662917,0.0016990011338738184,0.0012938957876411689,0.002553801985639586,5.724011795179482E-4,0.001039892452262432,0.0011433839564263931,0.07381121248680876,0.002183353476265931,0.005214809505090678,0.0012712043361703985],[9.04351021074933E-4,0.0012940679205372064,0.0017331305311293,9.366290715098619E-4,0.0014533669587748531,0.0014394978119947183,0.0012289489517024446,5.486247424887899E-5,0.011648950299993355,0.0012687043833318153,0.0020981132771068236,0.0010534257065729711,0.002337163168905663,5.545685911650295E-4,0.0011714890922628221,2.5103544870422724E-4,8.442752727219273E-4,6.831216482430399E-4,0.0011833492142831177,0.0012035302203454187,1.937728494825397E-4,7.817012346208248E-4,0.001968680807702849,0.0019249113241709876,1.0,0.0012570525274612843,0.0010243451645999247,1.3944731588813716E-4,0.012483074803589955,0.0014770486577489728,8.13305452566299E-4,2.0179470835936591E-4,9.663159934149685E-4,0.0012753731412471663,7.34946476434836E-4,6.81384824017774E-4,0.008023482077615086,0.0011178287307450627,9.785928665209823E-4,2.337459816560511E-4,0.0013857481686330112,0.006434736685598399,5.496884306499557E-4,8.558131634797956E-4,0.0015372400700435621,0.0014500423841656012,0.0021635115766740496,5.482218603588678E-4,0.0012568450349957625,1.9605022621592652E-4,0.0889036001404637,0.002310712536366107,0.006317515495302711,4.769488228622337E-4],[7.438853180595894E-5,1.2525318435475976E-4,0.00446785470753262,1.9522732408331972E-4,1.7686050635476645E-4,9.577338874629195E-5,8.161227643851269E-4,3.821705015599762E-5,0.022415569673325437,1.4386399673781489E-4,3.7047661414671624E-4,2.3847284028468427E-4,3.014327308939192E-4,2.6224050528144E-4,1.6877509945731578E-4,1.5496039197536077E-4,1.3396854185694483E-4,1.6452343805719934E-4,1.7246543740303768E-4,8.857867067075076E-4,1.573765047465855E-4,1.8293021812649526E-4,6.498333867084276E-4,0.0013560423471149663,0.0012570525274612843,1.0,1.9036891402278216E-4,4.180721060117577E-5,0.013593657816063415,1.0498250806619684E-4,1.893101707810249E-4,1.860851903825884E-4,2.486413930977181E-4,1.9045518672346223E-4,1.4090525603105742E-4,1.7728816197694369E-4,0.002758140365358444,2.0509844171373202E-4,1.7409299811798164E-4,2.3145891889036234E-5,0.0010116390486587061,0.020446953478335625,1.3581263384599307E-4,3.9982057001623685E-4,0.0015623422205820428,7.960897656578454E-4,3.531038038079644E-4,1.6534947562032678E-4,1.918666614644436E-4,1.9022587305135425E-4,0.011960371524720242,0.002888856436179502,5.299590319448419E-4,3.0720670628055767E-4],[1.6463942639644293E-4,1.3399720800575968E-4,0.0032233098897690156,2.066888619160273E-4,1.823057289656138E-4,7.892418790479444E-5,2.0454713747149747E-4,9.66634504848467E-5,0.023956610734055247,5.790498969129343E-5,0.0020399108532797336,2.3176244660115864E-4,3.401939781547497E-4,3.514724711475627E-4,1.4996702186621032E-4,1.6231554291712037E-4,8.13679452833289E-5,1.559518164109366E-4,1.8093474225140858E-4,9.69658393760524E-4,1.4764927606444634E-4,1.772694819265011E-4,7.088694028071131E-4,0.0015449549386379277,0.0010243451645999247,1.9036891402278216E-4,1.0,1.58569514716327E-4,0.012623454810608729,8.441878167226074E-5,1.193085551615683E-4,9.206115645093826E-5,2.2879323886545582E-4,1.7069236176625593E-4,1.8374441699876045E-4,1.2849593657265836E-4,0.007566596127486218,2.8018713409658604E-4,1.4656230486440112E-4,1.7876334795338827E-4,9.786946575236978E-4,0.008190135194477933,1.7044066269880471E-4,3.2914499615394456E-4,0.0016049492548933966,8.484889959102494E-4,0.002082011456198474,1.8207792574364732E-4,1.920003813300108E-4,1.864350667203321E-4,0.08514802291013372,0.0030606852790333477,3.6901516797330024E-4,3.156028206586139E-4],[1.171812363634859E-5,1.5802618416233457E-5,0.005078988284303684,5.694096419787686E-5,3.261384801348598E-5,1.2922917493494207E-5,0.0010423508768939316,1.7910634750802243E-5,0.015378792299422867,1.567545873354031E-5,5.368135600739604E-4,2.028593551461008E-4,0.0015008348538006516,3.726163460313513E-4,1.1207357640664311E-4,2.672575696867087E-5,1.0397016863601892E-5,1.6412833468147924E-5,8.751572764408982E-5,6.207272885994225E-4,1.0785553034682062E-4,2.19280426434215E-5,0.0027386086592166565,2.4011845814737274E-4,1.3944731588813716E-4,4.180721060117577E-5,1.58569514716327E-4,1.0,0.011306770307949061,1.6618825991923424E-5,1.7491123181865216E-5,6.38496765869755E-5,2.107281070254472E-4,2.920644886508857E-5,6.29259964090877E-5,2.7813898060196422E-5,0.0157758523041607,3.3000864411466234E-4,6.861195836952396E-5,1.2862073820023157E-5,3.168902731796063E-4,0.005250327892254216,1.0967611137550811E-4,7.271715374559333E-5,8.927578773008019E-4,7.54520825544265E-5,0.0013538351428114804,6.402182957690855E-5,9.653933468848228E-5,9.052734520657941E-5,0.08413814560484527,8.640057925430046E-4,6.764533145170795E-5,1.4254061981591463E-4],[0.010172693160763207,0.004927205426600559,0.00983132179848462,0.00945929791617432,0.012831704687305621,0.0024341932421717183,0.004210868069756007,0.007302453537468223,0.032266245607126764,0.008977628758202873,0.004814430769653544,0.01203725011851494,0.010427528771111411,0.001308734379479078,0.0033852917486216615,0.009728993792302427,0.0018453977380109433,0.006753372653383936,0.0028710027893302657,0.0013115454984476869,0.005447370559171686,0.013296938478846889,0.010441744020050662,0.0032727604503458136,0.012483074803589955,0.013593657816063415,0.012623454810608729,0.011306770307949061,1.0,0.006451893164145138,0.012621134989597927,0.011528330106186811,0.013204341386099388,0.0030302225539557102,0.002862864755363047,0.0014858702379236537,0.015027042304826512,0.006868122080312485,0.00744843530976528,0.00895292270012583,0.002151613491825107,0.015675012607959074,0.005321026145239549,0.0015423650912940665,0.01038039818199477,0.010299485744968025,0.01217573308391743,6.315203543442319E-4,0.0028588364255166697,0.01124045429805272,0.05427039386808504,0.009832760274748184,0.00734065467159239,0.0044399468484523155],[1.2339748578392704E-5,1.5056962968979028E-5,0.003974718445260543,1.5634823716010593E-4,1.0423721278596819E-4,1.4616564811534365E-5,2.3418108769494478E-4,1.8167185667800518E-5,0.01181382516993947,1.5892122163875353E-5,0.0013581462889942957,5.085716113648612E-5,5.116586688597734E-4,7.074999432986229E-5,6.207503773283487E-5,1.0786459647604729E-4,1.09186623720774E-5,1.6675118945755997E-5,1.1512819574747106E-4,1.7694991630826123E-4,7.49799820321647E-5,1.2144297044791263E-4,2.077241824080814E-4,0.0018280629616133233,0.0014770486577489728,1.0498250806619684E-4,8.441878167226074E-5,1.6618825991923424E-5,0.006451893164145138,1.0,6.502108734946247E-5,8.427237302401411E-5,4.163619881766779E-5,5.206706728399378E-5,8.470417769976959E-5,7.51711005960187E-5,0.016091654024166426,3.8255155555228697E-4,1.0847323380211183E-4,1.082851118783276E-5,3.2510847833845365E-4,0.013938033921790433,3.514321764115084E-5,4.100254307475128E-4,5.773723191590257E-4,7.296302763089662E-4,0.0025106836369928344,2.3128009558618294E-5,8.507192375127245E-5,8.448105731971625E-5,0.056083738943142586,0.0016630352620517746,0.005377101799121578,9.369812615420438E-5],[3.9546825447551475E-5,4.960288369031739E-5,0.005157187733411491,1.565646154634803E-4,1.3386424594874139E-4,6.653934949365017E-5,1.4994630614683702E-4,5.5519413941631773E-5,0.011780941801680062,2.9534617259832883E-5,0.0013183599996978814,1.1519213729600508E-4,4.6646566381884885E-4,3.4244164995323655E-4,1.3303978144449489E-4,1.370705172226132E-4,6.936333101287609E-5,4.490247087250383E-5,1.2205243623687288E-4,5.176416591462221E-4,1.1416558862588729E-4,1.5585239013252324E-4,2.7623216600618385E-4,8.272950556707847E-4,8.13305452566299E-4,1.893101707810249E-4,1.193085551615683E-4,1.7491123181865216E-5,0.012621134989597927,6.502108734946247E-5,1.0,1.0384632101125864E-4,1.1885631372920681E-4,1.0470636317642631E-4,1.228393030536842E-4,1.1297384136045601E-4,0.011093703720455936,1.8839452902598E-4,1.3075041267265848E-4,2.6124579126122237E-5,0.0010422208928313862,0.017582854397136256,1.1802296001247609E-4,1.1598868064748816E-4,7.399992948567146E-4,0.00111160091189152,0.0012383831345415153,1.1750082533442737E-4,1.5786701435005281E-4,1.4916195224371273E-4,0.02637207562632815,0.0011293538785284096,0.006433520197543259,2.9290070488825846E-4],[6.750601593624355E-5,3.823628521418416E-5,0.0022801762590251356,1.3443213717250144E-4,1.018320220879709E-4,6.43125052081503E-5,2.74306165300211E-4,4.5788377181854315E-5,0.004696916598332068,8.239137120823211E-5,6.369516381588156E-4,1.03043404979173E-4,3.028842051633198E-4,3.8411761856780257E-4,1.118890497357542E-4,9.345869312012211E-5,2.5065547180439344E-5,7.56341071648042E-5,1.208374730420397E-4,8.116458374948303E-4,1.0018775944084007E-4,1.4182233399881125E-4,0.001576668779081231,0.0015415577664598323,2.0179470835936591E-4,1.860851903825884E-4,9.206115645093826E-5,6.38496765869755E-5,0.011528330106186811,8.427237302401411E-5,1.0384632101125864E-4,1.0,3.5842240287775715E-4,9.558363998134404E-5,1.0299931865491216E-4,1.012058393223913E-4,0.01269460334891619,3.2023747421195396E-4,1.1513155987805549E-4,3.2746359374418626E-5,2.3644787662962418E-4,0.014822430972111389,9.724723268018443E-5,2.2937009180609648E-4,9.134233786084916E-4,3.325748203338807E-4,0.0015126499813318914,1.1972719358798597E-4,1.370365082284044E-4,1.1944605948293095E-4,0.017115735265339327,0.0023971364184091236,0.00278342111314081,1.5965761295532246E-4],[2.3958343199768055E-4,1.7001498248288204E-4,0.004323475382807184,2.6347614331596794E-4,3.4477591534805535E-4,7.88129417942189E-5,4.3048536993082744E-4,3.213087756058018E-4,0.0341659486303914,1.9884589688705964E-4,3.7971163831954915E-4,3.551501058418917E-4,0.0013698230805870026,3.9712467161403587E-4,3.1559988327589867E-4,3.0078320206738387E-4,2.505038507358443E-4,2.674135229732754E-5,1.9880952180251045E-4,8.996265615498111E-4,3.114597195996668E-4,3.3501808503506533E-4,9.488531698483638E-4,0.0019278034395407671,9.663159934149685E-4,2.486413930977181E-4,2.2879323886545582E-4,2.107281070254472E-4,0.013204341386099388,4.163619881766779E-5,1.1885631372920681E-4,3.5842240287775715E-4,1.0,2.4739142317468585E-4,2.59943867321119E-4,2.5705938765736646E-4,0.002105723708659565,4.519235535154503E-4,3.198420695542329E-4,9.490893679516262E-5,4.3734689419049164E-4,8.664330844683449E-4,1.568203112883899E-4,4.198441697189283E-4,0.0013078599898503922,8.651992768033293E-4,0.0017643132564565463,3.4496894300933324E-4,2.3374775693259229E-4,2.3470769429181654E-4,0.0879034178824471,0.0012433634895702057,0.006964955186400032,3.491157046205896E-4],[6.960385802343784E-5,7.279703456602191E-5,0.0019332226966508237,1.662275669703365E-4,1.5309942790671813E-4,2.5282647956705963E-5,6.686259568274757E-4,8.343905713699515E-5,0.021830907168954354,6.274307416619905E-5,0.001190396905648158,2.0019641606086995E-4,0.002163548031788894,2.9521548473167097E-4,1.4802098020322613E-4,1.2834816417560163E-4,8.424106746047225E-5,7.277084464142052E-5,1.6880014932920865E-4,9.449859447077185E-4,1.1203449532415889E-4,1.3585473591892338E-4,0.0027042614469512402,0.0014001060917201201,0.0012753731412471663,1.9045518672346223E-4,1.7069236176625593E-4,2.920644886508857E-5,0.0030302225539557102,5.206706728399378E-5,1.0470636317642631E-4,9.558363998134404E-5,2.4739142317468585E-4,1.0,1.1982181154194586E-4,1.0433625339362336E-4,0.001118526831739903,2.8874919120764394E-4,1.139313782101761E-4,4.66021169504659E-5,7.164406548272809E-4,0.015508595754529937,1.1638274525992881E-4,4.1302404161807293E-4,4.11576329765721E-4,8.105707096086202E-4,0.0017660204268326197,1.5343253792807966E-4,1.4656467070896706E-4,1.4830272645377878E-4,3.990848421585078E-4,0.002173610534507933,0.0053227238185671365,2.1006160145710097E-4],[4.8396459770053784E-5,3.6975640908614094E-5,0.00399450663731315,1.264804127797635E-4,1.4160920293004254E-4,3.883268487376382E-5,7.571187955661994E-4,2.3562741579603222E-5,0.0020323404789196185,5.220377475772709E-5,0.001944813649154135,1.9373936980394854E-4,0.0023230564330658588,3.5918918423630253E-4,1.3655310468365853E-4,1.2794908064295814E-4,2.9323687353312336E-5,4.3022342376717434E-5,1.5016151759249098E-4,6.333194401047014E-4,1.2183895655659746E-4,1.303884360848649E-4,7.732538426135533E-4,5.057298028661188E-4,7.34946476434836E-4,1.4090525603105742E-4,1.8374441699876045E-4,6.29259964090877E-5,0.002862864755363047,8.470417769976959E-5,1.228393030536842E-4,1.0299931865491216E-4,2.59943867321119E-4,1.1982181154194586E-4,1.0,1.1723912654027361E-4,0.0068115465997938334,2.5004194152691774E-4,1.4110595342786068E-4,4.805167617355876E-5,3.8943624862231935E-4,0.01711361090750262,1.2263588864318105E-4,4.710268236037906E-4,0.001536952209501193,2.2600421305694614E-4,3.5096974642383764E-4,1.5081120073279472E-4,1.3594998005892313E-4,1.6276544161688143E-4,0.06635529877402181,0.0014498994658644106,0.0012253485738944305,1.6471078842062435E-4],[9.781311189826833E-5,1.0001025847464583E-4,3.895818193349669E-4,1.3721643384462077E-4,1.5215801016090185E-4,6.797033262509847E-5,4.4708426243664234E-4,3.384499069340