[[1.0,5.164495427675657E-4,1.3359225592928688E-4,1.3703609093569958E-4,1.6734224345502178E-4,6.820501015999596E-4,0.009033706520340206,0.0010029906301816797,1.268479571609187E-4,0.018633143757759516,7.066810282638229E-5,1.3218917392849254E-4,0.002815492119137663,1.2404047897593447E-4,1.6615851891284465E-4,0.05489689718255178,9.871725166572776E-5,8.149399580645908E-5,6.069205661829466E-4,0.008572568527920914,5.852443886611422E-5,6.570802934497916E-4,3.0794385333848123E-4,1.7534970457982536E-4,2.0306321549491498E-4,5.5175200349918716E-5,3.1887367199494874E-4,1.5269024811585103E-4,2.172600789936776E-4,1.7644122402598992E-4,3.418753108468452E-4,0.001109442181499996,1.461429361859716E-4,7.45427938766204E-5,1.613162544866366E-4,0.004555665230433186,0.0023679225987366147,3.37433860742393E-4,7.67973495714676E-4,0.06315080777389197,3.6044860523349177E-4,0.0013002242523046114,5.849747450446111E-4,3.5758335908259457E-4],[5.164495427675657E-4,1.0,5.210333650996631E-4,3.644504836472327E-4,2.0095415888790884E-4,9.493817553653007E-4,0.017662781305656454,0.0017981380905613023,9.861106581346256E-5,0.016053950976608774,2.9450736823666355E-4,0.0010265960825039818,0.0032897497868166472,4.6187420923849744E-4,5.644390993212337E-4,0.018017040817274815,1.1532763772413842E-4,7.549386426611748E-4,0.0010738576366703364,0.03083077892900504,8.259396062856132E-4,0.0013822376839436642,8.778159908975088E-4,9.656598259179626E-4,9.14380812467338E-4,4.789170553938767E-4,8.245425398309609E-4,9.391849911749868E-4,5.643434386482007E-4,9.479860958472491E-4,9.439858707556597E-4,0.0016570120709779503,5.580433018049934E-4,7.817866442185833E-4,9.866961857680685E-4,0.009970048923513582,0.0016517119024581208,0.0048115581462426366,0.0013314798739047196,0.0018773855958961578,0.001044999132475285,0.0011199206197130625,9.972404628037646E-4,8.341176365263567E-4],[1.3359225592928688E-4,5.210333650996631E-4,1.0,1.297615784827137E-4,1.1743091637303605E-4,4.7133980046569035E-4,0.0036746374625779257,8.471809998088036E-4,1.0835485920540654E-4,0.0032551273913787606,9.44831496973395E-5,1.290657673096885E-4,0.002214452878804362,1.0575933487102096E-4,1.3120685659360158E-4,0.011386745028114854,9.060018169608292E-5,3.787616520488908E-5,3.483755913529882E-4,0.04168499484029729,1.1897727085850466E-4,8.244325299653888E-4,2.4119439469374082E-4,1.6077237615634354E-4,1.3791394293866926E-4,1.1096774862870038E-4,3.5354431713788335E-4,9.961397955367913E-5,2.7146544201873106E-4,1.4795791145542063E-4,5.933277890809379E-4,0.0010887973104229658,1.167161430687123E-4,8.595728456196562E-5,1.4000114413414657E-4,0.011222034840031897,0.0016041749071967373,0.003420695336378288,7.219259147335956E-4,0.02606682298387425,4.66283827259074E-4,6.861394498381299E-4,5.095788906452107E-4,2.4664917228938875E-4],[1.3703609093569958E-4,3.644504836472327E-4,1.297615784827137E-4,1.0,1.1270196462956307E-4,2.3221947555550213E-4,0.0206432872266054,0.0015035287360898673,1.1049051785115374E-4,0.012622627029162795,4.76424220714918E-5,1.2796164292367044E-4,2.4455291019882564E-4,1.1480209547521075E-4,1.3617686093740885E-4,0.04107326751312323,1.267830747759053E-4,1.6211743664908026E-5,0.0010688315172852274,0.012632598920645341,5.78413951862388E-5,0.0014226876365503128,3.444602137347273E-4,1.4706687713793152E-4,2.7668741421708215E-4,9.561978429442786E-5,1.3612705907922024E-4,1.1946468495204119E-4,2.813263439046023E-4,1.6997786251152634E-4,3.750339575550202E-4,7.571205876011208E-4,8.10068898845099E-5,4.585003265368939E-5,1.3669674944013452E-4,0.007893499314515988,0.001965382209278022,0.0038821772414490852,0.0010115783238769415,0.03636179821245233,5.447249833382947E-4,0.0015811960743225876,3.988960193573748E-4,1.3589542632885354E-4],[1.6734224345502178E-4,2.0095415888790884E-4,1.1743091637303605E-4,1.1270196462956307E-4,1.0,3.0251240149183306E-4,0.013235949912289246,0.0014181517607575558,4.342552655779972E-5,0.0033281668838183913,1.058780732697835E-4,1.228838589021049E-4,0.0016804078251424302,1.0767941042908568E-4,1.1031135440994943E-4,0.011242397388261579,1.0124669794638534E-4,7.85382552227555E-5,6.537206757107033E-4,0.034359999056127584,6.103062496570589E-5,6.301379369175053E-4,2.3653406636360222E-4,1.678440660259325E-4,1.910868279982045E-4,9.061484810951484E-5,2.0221394045215503E-4,1.0816937750735203E-4,1.6358377746091262E-4,1.818398750361013E-4,1.8922933088002042E-4,7.99065810965317E-4,9.478714823233652E-5,4.4696294852320857E-5,1.0997236642494691E-4,0.009161916285849525,0.0029867535013134295,5.728908813219774E-4,8.727046283149386E-4,0.057769624727375915,7.07228773986891E-4,6.700955219286203E-4,6.549222175410318E-4,1.785903737439051E-4],[6.820501015999596E-4,9.493817553653007E-4,4.7133980046569035E-4,2.3221947555550213E-4,3.0251240149183306E-4,1.0,0.00812968550440063,7.240887309824272E-4,3.5853884811586957E-4,0.020473260558224616,6.642257321057086E-4,1.4740747584243894E-4,0.0018550273859180779,5.975836058548677E-4,3.2586701544551116E-4,0.05401344169871166,5.377875294652155E-4,4.1671557940379535E-4,6.953005699046287E-4,0.011546344731079945,1.594455734387291E-4,0.0016166501905795806,4.508468642885255E-4,6.039274215304117E-4,6.339154958128006E-4,8.775275724178709E-5,4.21917413943394E-4,5.012169929720678E-4,6.794241040619979E-4,4.430908864487298E-4,6.809441539590239E-4,0.00170671691525753,6.425519803478446E-4,5.760619294151448E-4,4.809354410629001E-4,0.011214732282447128,0.002233341775676318,0.004349406703796047,0.0011673400429582166,0.044566779156469595,8.992793020801766E-4,0.0012901713201773526,6.940798711527684E-4,6.095160551172658E-4],[0.009033706520340206,0.017662781305656454,0.0036746374625779257,0.0206432872266054,0.013235949912289246,0.00812968550440063,1.0,0.0027926194890252653,0.010536899185475701,0.02307529184591637,0.011728153741630044,0.005871313796296067,0.02000881825794189,0.018060949317088126,0.00937889717476439,0.052382227666811845,0.007023648496308253,0.012083387207815119,0.0016548560441553384,0.058028413344827875,0.009060004379869804,0.002528676998476751,0.003956854294335906,0.01502909506801307,0.0032029826408730092,0.0105739001551174,0.01724831411026981,0.0014208528023788075,0.004330227860766851,0.016226614163206064,0.005023953290558265,0.007069074435230729,0.014463388801234954,0.0018635344932824386,0.007626781363396003,0.019426538738554527,0.009375107260114694,0.009285328486586305,0.02025395674573498,0.04777094629328682,0.016564515954128188,0.00831218799487796,0.017410464192879945,0.007329929852713579],[0.0010029906301816797,0.0017981380905613023,8.471809998088036E-4,0.0015035287360898673,0.0014181517607575558,7.240887309824272E-4,0.0027926194890252653,1.0,0.0011329980017026214,0.009748326928169326,0.001064426193876402,0.0010217921442130778,0.001936141941890539,7.096204639451642E-4,5.79453964287215E-4,0.053743712592114974,4.5513813666651215E-4,1.4807530799752105E-4,0.0015706664641049447,0.05532460721214004,0.001624466650430301,0.001891092774832174,0.0010017411743563909,0.0012756364113159784,7.77552422387678E-4,0.0014038414228592412,0.001586442348354409,4.312823116681694E-4,0.0013248759875923463,7.8036653310686E-4,0.0014978139375365217,0.0020138552405245835,2.81810424678864E-4,0.001744971794343884,3.779536316172288E-4,0.00821999766031621,0.002271079330087238,0.004931539668416486,0.0018161680940988946,0.03455945029543904,0.0014518323788514458,0.0019137975219873414,0.00114189067121283,0.0019016371164299259],[1.268479571609187E-4,9.861106581346256E-5,1.0835485920540654E-4,1.1049051785115374E-4,4.342552655779972E-5,3.5853884811586957E-4,0.010536899185475701,0.0011329980017026214,1.0,0.02147804283923914,1.31397626998791E-5,1.0117196620256823E-4,1.5464900803364894E-4,6.306235784439887E-5,1.3378083050801366E-4,0.0629577454241719,3.76141555121833E-5,1.3273801696366478E-5,2.1736062313623634E-4,0.02965927516669437,1.5144207008153375E-5,0.0016923504532269898,3.553856533182065E-4,1.669229525595311E-4,2.3121038131710344E-4,1.1948888463574575E-5,3.711712100857751E-4,5.43618163357242E-5,9.885947097289687E-5,1.045531528024469E-4,1.1306519717384793E-4,0.001965501389434164,3.63059064081515E-5,1.4666000014626956E-5,6.476752901129098E-5,0.008836726066803009,7.69408167091682E-4,0.0010746498993155858,0.0013760316366796775,0.05302585486354324,4.224468510771566E-5,0.0011211390994568774,6.645253930362718E-5,7.496635435380446E-5],[0.018633143757759516,0.016053950976608774,0.0032551273913787606,0.012622627029162795,0.0033281668838183913,0.020473260558224616,0.02307529184591637,0.009748326928169326,0.02147804283923914,1.0,1.0896699932590611E-4,0.011788162616932205,0.018692866259116172,0.012373720287334591,0.0030113417255447352,0.024637853764160233,0.0041878579216276515,0.014835001417198691,0.008214666176802752,0.032211815442732286,0.017606271908068086,0.007406031309105639,0.006303741268428255,0.014681425754057148,0.0019006738817724366,0.003031387393717924,0.017573674930524464,0.005762299721835091,0.021336962147979213,0.014640650512147023,0.022023477920776583,0.012125130490961655,0.002345782282683218,0.003667433770148945,0.020026912029187563,0.01789231791610097,0.006360206287425361,0.011419609915505998,0.0014345347524250048,0.025802657635139645,0.018914310161678174,0.0055227093755185405,0.008700915579738004,0.005875028811151883],[7.066810282638229E-5,2.9450736823666355E-4,9.44831496973395E-5,4.76424220714918E-5,1.058780732697835E-4,6.642257321057086E-4,0.011728153741630044,0.001064426193876402,1.31397626998791E-5,1.0896699932590611E-4,1.0,1.0184211591674862E-4,0.002868438225477316,3.261952539076954E-5,6.341285825869576E-5,0.03645216383630577,3.557777311472361E-5,1.2316000317476922E-5,0.001020976254519151,0.06433059304897609,1.823141934698459E-5,0.001337496137090527,6.990931879588624E-5,9.138360346210796E-5,2.966778950974933E-4,1.2282603348876496E-5,1.0240855580764012E-4,8.384652116893013E-5,2.621751140472806E-4,4.236150012933117E-5,1.6176140976923006E-4,0.001976996077930769,4.49648108095646E-5,1.3896744268216766E-5,3.472282352060557E-5,0.01095056973991864,0.0017507723802393867,0.004758845418978853,4.1577435828657494E-4,0.042457436756458675,2.9066617734309908E-5,0.001900984966510879,2.600264063113521E-4,1.634759456928244E-4],[1.3218917392849254E-4,0.0010265960825039818,1.290657673096885E-4,1.2796164292367044E-4,1.228838589021049E-4,1.4740747584243894E-4,0.005871313796296067,0.0010217921442130778,1.0117196620256823E-4,0.011788162616932205,1.0184211591674862E-4,1.0,0.0029212752328824174,1.128284907789482E-4,1.609446438150025E-4,0.06469872120743954,8.285877591974631E-5,1.1578550484448005E-4,7.675832604739147E-4,0.015495270352170855,1.2489693679025173E-4,2.0493514118918177E-4,1.8828105649274735E-4,1.3257427394117928E-4,3.0449186584733236E-4,5.582840323144469E-5,1.736202654007095E-4,1.0089335275362796E-4,1.6081859809881146E-4,1.6016906676163595E-4,3.1142182078838825E-4,2.0205508477817317E-4,1.2013181786016915E-4,5.8925278372925645E-5,1.4574298620140654E-4,0.006813462297349115,0.001235781458119646,0.005515878407756935,9.338648231737725E-4,0.006716392625267797,8.955159023000212E-4,0.001861823817624148,4.236874072413204E-4,3.2204027326450835E-4],[0.002815492119137663,0.0032897497868166472,0.002214452878804362,2.4455291019882564E-4,0.0016804078251424302,0.0018550273859180779,0.02000881825794189,0.001936141941890539,1.5464900803364894E-4,0.018692866259116172,0.002868438225477316,0.0029212752328824174,1.0,8.35113910362704E-4,0.001112616266632299,0.06649470930271976,0.0018155232630174011,4.7257760126247266E-4,0.003166263281684846,0.04564742393926141,0.0024619909392066142,0.0022229719385689064,0.0031210366307577652,0.002815415431200334,0.001809021456494398,0.0010708472299621103,0.0033105945499198263,6.000976654557379E-4,0.001513601160325418,0.0022176726481464167,0.0021474161330159473,0.0028565384106992446,0.0030721254641896023,0.0029306801875560416,1.5681059322697407E-4,0.010289775346267177,0.003249538329501277,0.005633367519237835,0.001485377554184312,0.04774650593257839,0.0012126003838070871,0.0021750076934223253,0.002743293913862591,0.0011658606551995824],[1.2404047897593447E-4,4.6187420923849744E-4,1.0575933487102096E-4,1.1480209547521075E-4,1.0767941042908568E-4,5.975836058548677E-4,0.018060949317088126,7.096204639451642E-4,6.306235784439887E-5,0.012373720287334591,3.261952539076954E-5,1.128284907789482E-4,8.35113910362704E-4,1.0,1.2240408090679635E-4,0.035074755446114374,9.744919615559454E-5,1.7201367346318576E-5,4.1589566313513887E-4,0.028437226510491995,7.721312173263991E-5,0.0014779600211367475,3.0698154337592174E-4,1.6571149072237766E-4,1.5661910311650181E-4,7.832864946379164E-5,3.291715705252745E-4,9.857626354615719E-5,2.4240690159987378E-4,1.6295257782886636E-4,6.451025693877476E-4,0.0016973418911217482,5.78493342512379E-5,5.623081587591117E-5,1.391855157311393E-4,0.006239745872253818,0.001558415051533944,0.002582712484519444,7.543348853241348E-4,0.054648346818712466,8.491960756014447E-4,8.481501631370641E-4,4.991682823617321E-4,2.457461000491203E-4],[1.6615851891284465E-4,5.644390993212337E-4,1.3120685659360158E-4,1.3617686093740885E-4,1.1031135440994943E-4,3.2586701544551116E-4,0.00937889717476439,5.79453964287215E-4,1.3378083050801366E-4,0.0030113417255447352,6.341285825869576E-5,1.609446438150025E-4,0.001112616266632299,1.2240408090679635E-4,1.0,0.05857403418539813,8.186754884101443E-5,1.2902941821497517E-4,7.558514071021318E-4,0.01199760800575061,1.3748610781395823E-4,8.968690019082034E-4,3.5176928118285373E-4,1.7555293309214195E-4,2.383622172007545E-4,3.298376130584267E-5,1.8534847525672444E-4,1.5491352223123288E-4,2.5727719660627844E-4,1.832588253161268E-4,3.490931896644667E-4,0.0015984797192637153,1.6311995990484792E-4,9.150086112165733E-5,1.5422681017089528E-4,0.004028857722262349,0.001039914618892478,0.001883818990572864,4.7090264564679334E-4,0.010204903128283656,7.077706799673238E-4,0.0014497312928852596,4.8640238391482504E-4,2.558085277454788E-4],[0.05489689718255178,0.018017040817274815,0.011386745028114854,0.04107326751312323,0.011242397388261579,0.05401344169871166,0.052382227666811845,0.053743712592114974,0.0629577454241719,0.024637853764160233,0.03645216383630577,0.06469872120743954,0.06649470930271976,0.035074755446114374,0.05857403418539813,1.0,0.023432642025726483,0.0467693029211177,0.04769242894862846,0.06756269058025044,0.0066081309257619006,0.06094043676590025,0.04964468404882739,0.03623308385389164,0.05534627786967683,0.013171598585068344,0.03835650255851573,0.005335397645375978,0.016031347165881418,0.010532960148897754,0.0541781159580364,0.0032683340615971596,0.03791711165620308,0.023249840879133163,0.02711448840059218,0.015008011615444693,0.02593567862242048,0.012814509790138148,0.024810463318641354,0.067975947810436,0.06421343150971212,0.028342333259737323,0.010350803291923276,0.06894812486687102],[9.871725166572776E-5,1.1532763772413842E-4,9.060018169608292E-5,1.267830747759053E-4,1.0124669794638534E-4,5.377875294652155E-4,0.007023648496308253,4.5513813666651215E-4,3.76141555121833E-5,0.0041878579216276515,3.557777311472361E-5,8.285877591974631E-5,0.0018155232630174011,9.744919615559454E-5,8.186754884101443E-5,0.023432642025726483,1.0,2.284799898844868E-5,0.0010719594028434848,0.054255858430197805,4.732760735333351E-5,5.027948770697686E-4,3.3730505467427887E-4,7.80505841988946E-5,2.4006100555493912E-4,6.60478184643573E-5,2.0860221731273547E-4,8.726540587838026E-5,2.3617173293079285E-4,1.1327533538611618E-4,7.365106034691922E-5,2.87138628206525E-4,5.3068034635426127E-5,4.1964917843879595E-5,1.446380227144438E-4,0.012086993543501906,7.148821774234775E-4,0.004280251189643287,0.0010514245859251567,0.04982994712469828,9.469002470770669E-4,0.0016803041130945343,8.289147590700955E-5,3.262790300680361E-4],[8.149399580645908E-5,7.549386426611748E-4,3.787616520488908E-5,1.6211743664908026E-5,7.85382552227555E-5,4.1671557940379535E-4,0.012083387207815119,1.4807530799752105E-4,1.3273801696366478E-5,0.014835001417198691,1.2316000317476922E-5,1.1578550484448005E-4,4.7257760126247266E-4,1.7201367346318576E-5,1.2902941821497517E-4,0.0467693029211177,2.284799898844868E-5,1.0,0.0010708151567072528,0.01400516160353889,2.5290190896008443E-5,1.0239791337815733E-4,1.4305756944690094E-4,8.675078816833155E-5,2.333221137011046E-5,1.1578208138409851E-5,2.2994259267842662E-4,8.528403693225935E-5,2.133549404046121E-4,1.8353596924978907E-4,5.709878815834536E-4,9.586039974393892E-4,3.276043479034039E-5,1.46046239010089E-5,4.7414520612971573E-5,0.00858584310311592,0.002319329570432067,0.005295183779191095,4.8133241841932946E-4,0.022812749758695426,7.752299512582094E-4,8.378061767113784E-4,1.505907726646849E-4,1.4763578655787397E-4],[6.069205661829466E-4,0.0010738576366703364,3.483755913529882E-4,0.0010688315172852274,6.537206757107033E-4,6.953005699046287E-4,0.0016548560441553384,0.0015706664641049447,2.1736062313623634E-4,0.008214666176802752,0.001020976254519151,7.675832604739147E-4,0.003166263281684846,4.1589566313513887E-4,7.558514071021318E-4,0.04769242894862846,0.0010719594028434848,0.0010708151567072528,1.0,0.06530458464598113,4.7684103545251813E-4,0.001403441840919453,8.208765252212175E-4,2.4080480786729228E-4,5.717980348853831E-4,8.570629652671795E-4,6.777772942937919E-4,2.081823181323917E-4,9.698483866281157E-4,1.8889091988974843E-4,0.0010299661915054738,0.0019601420527696626,3.317806511136173E-4,3.643888603869635E-4,5.431296765834743E-4,0.007042367249078019,0.002033547427108903,0.005642130913545495,0.0011587378370147578,0.04486247166276196,0.0011094181673639786,0.0018456409562334474,8.843870560514535E-4,6.2018607091691E-4],[0.008572568527920914,0.03083077892900504,0.04168499484029729,0.012632598920645341,0.034359999056127584,0.011546344731079945,0.058028413344827875,0.05532460721214004,0.02965927516669437,0.032211815442732286,0.06433059304897609,0.015495270352170855,0.04564742393926141,0.028437226510491995,0.01199760800575061,0.06756269058025044,0.054255858430197805,0.01400516160353889,0.06530458464598113,1.0,0.009968589408244546,0.024867694445842848,0.04098279261931993,0.012724628439193787,0.028051208571900545,0.04091710412841981,0.058463264149977295,0.03561569324564418,0.01857712625627462,0.02026816662143986,0.03451760656884076,0.058963649222349326,0.06052054767850005,0.00935201870501866,0.004211807560681127,0.021145509710557946,0.021267315420551502,0.01995187848871492,0.012845438858653985,0.06666666666666667,0.030148376049349772,0.06087575739429259,0.061681844423189976,0.04125363760803723],[5.852443886611422E-5,8.259396062856132E-4,1.1897727085850466E-4,5.78413951862388E-5,6.103062496570589E-5,1.594455734387291E-4,0.009060004379869804,0.001624466650430301,1.5144207008153375E-5,0.017606271908068086,1.823141934698459E-5,1.2489693679025173E-4,0.0024619909392066142,7.721312173263991E-5,1.3748610781395823E-4,0.0066081309257619006,4.732760735333351E-5,2.5290190896008443E-5,4.7684103545251813E-4,0.009968589408244546,1.0,0.0016389239104214431,9.000763904777492E-5,1.5992044938930707E-4,3.809434870533774E-5,2.8466784745968892E-5,3.0195961941439464E-4,7.317836792136931E-5,9.53866252861119E-5,1.0704349355728339E-4,5.971639205612627E-4,0.0010592947754943115,4.724296400395198E-5,1.6609517640305247E-5,5.4028391968499045E-5,0.006117372786608951,0.0026291996907298223,0.0037246358217587375,0.001073772946759565,0.01629897849061247,7.012777998885409E-4,0.001075863099247312,1.6889642609768055E-4,3.2675210400979804E-4],[6.570802934497916E-4,0.0013822376839436642,8.244325299653888E-4,0.0014226876365503128,6.301379369175053E-4,0.0016166501905795806,0.002528676998476751,0.001891092774832174,0.0016923504532269898,0.007406031309105639,0.001337496137090527,2.0493514118918177E-4,0.0022229719385689064,0.0014779600211367475,8.968690019082034E-4,0.06094043676590025,5.027948770697686E-4,1.0239791337815733E-4,0.001403441840919453,0.024867694445842848,0.0016389239104214431,1.0,6.103925237585297E-4,0.0015580129322601923,7.323781269390492E-4,0.0012172818312604944,0.0016337633950187975,0.0011106776003306658,6.301086181618686E-4,0.001654584536156488,0.0016445437907192844,0.0018918830312088936,0.0018775935707385592,7.523862851335456E-4,0.0011297127002999692,0.003390491840968007,0.0023098590692523977,0.0030804213166189956,0.001872565127823974,0.008036813652726621,0.0014866715136721642,0.001889485631112117,0.0015856915960086107,0.0015557352112577148],[3.0794385333848123E-4,8.778159908975088E-4,2.4119439469374082E-4,3.444602137347273E-4,2.3653406636360222E-4,4.508468642885255E-4,0.003956854294335906,0.0010017411743563909,3.553856533182065E-4,0.006303741268428255,6.990931879588624E-5,1.8828105649274735E-4,0.0031210366307577652,3.0698154337592174E-4,3.5176928118285373E-4,0.04964468404882739,3.3730505467427887E-4,1.4305756944690094E-4,8.208765252212175E-4,0.04098279261931993,9.000763904777492E-5,6.103925237585297E-4,1.0,3.771015874192544E-4,3.7714652906665997E-4,3.983614081950619E-4,3.9408808534119186E-4,2.1053364801484076E-4,3.7024993521753396E-4,3.6644071730543504E-4,5.090134925950595E-4,0.001452576010665984,3.211257613531415E-4,1.3089016949537348E-4,3.490645207885815E-4,0.012729315534854301,6.236020806099058E-4,0.003120641057258943,0.0011719290979943457,0.06014434532039425,6.727933292889948E-4,4.472797775345709E-4,4.350789270037956E-4,4.0743640263086144E-4],[1.7534970457982536E-4,9.656598259179626E-4,1.6077237615634354E-4,1.4706687713793152E-4,1.678440660259325E-4,6.039274215304117E-4,0.01502909506801307,0.0012756364113159784,1.669229525595311E-4,0.014681425754057148,9.138360346210796E-5,1.3257427394117928E-4,0.002815415431200334,1.6571149072237766E-4,1.7555293309214195E-4,0.03623308385389164,7.80505841988946E-5,8.675078816833155E-5,2.4080480786729228E-4,0.012724628439193787,1.5992044938930707E-4,0.0015580129322601923,3.771015874192544E-4,1.0,2.0347654938354838E-4,1.1550228126629022E-5,1.8824406625144455E-4,1.413565146079684E-4,2.7392884517021864E-4,1.8009978296787882E-4,5.937574306450056E-4,0.0013923372622964216,8.641960153182214E-5,1.4126997527033735E-4,1.569455557382189E-4,0.011605801713447687,5.785881990300866E-4,0.002337149372639777,2.975234370884522E-4,0.047046838240030586,8.300748027489929E-4,0.0012370637882255326,2.6045977847776266E-4,3.640086534357445E-4],[2.0306321549491498E-4,9.14380812467338E-4,1.3791394293866926E-4,2.7668741421708215E-4,1.910868279982045E-4,6.339154958128006E-4,0.0032029826408730092,7.77552422387678E-4,2.3121038131710344E-4,0.0019006738817724366,2.966778950974933E-4,3.0449186584733236E-4,0.001809021456494398,1.5661910311650181E-4,2.383622172007545E-4,0.05534627786967683,2.4006100555493912E-4,2.333221137011046E-5,5.717980348853831E-4,0.028051208571900545,3.809434870533774E-5,7.323781269390492E-4,3.7714652906665997E-4,2.0347654938354838E-4,1.0,4.0867220592600745E-5,3.8155167369258424E-4,2.5389416375991183E-4,3.3638338036892613E-4,2.3160583998489803E-4,6.37426787754742E-4,0.0010625532568914083,1.5430862628873748E-4,1.909254264691374E-4,2.4294687799370824E-4,0.0075937716967863595,5.1082676205152E-4,0.0027426897900386955,0.00132968791013363,0.018127983711330294,0.0010712703420754522,6.260539186475598E-4,3.4663677530477236E-4,3.4025343478631193E-4],[5.5175200349918716E-5,4.789170553938767E-4,1.1096774862870038E-4,9.561978429442786E-5,9.061484810951484E-5,8.775275724178709E-5,0.0105739001551174,0.0014038414228592412,1.1948888463574575E-5,0.003031387393717924,1.2282603348876496E-5,5.582840323144469E-5,0.0010708472299621103,7.832864946379164E-5,3.298376130584267E-5,0.013171598585068344,6.60478184643573E-5,1.1578208138409851E-5,8.570629652671795E-4,0.04091710412841981,2.8466784745968892E-5,0.0012172818312604944,3.983614081950619E-4,1.1550228126629022E-5,4.0867220592600745E-5,1.0,2.3929935370853628E-4,2.0987092610231916E-5,2.817239119775328E-4,7.906948243642327E-5,1.1808948683688252E-5,8.972506323426713E-4,4.649599570323508E-5,1.4352108418589259E-5,1.1643993920786319E-4,7.920980763733501E-4,0.0028691481830714124,0.004563655237606884,3.4802959799410413E-4,0.04704246721299022,2.6507855900167505E-4,0.0018870197241992485,1.3256033752093976E-4,1.0880311497903203E-4],[3.1887367199494874E-4,8.245425398309609E-4,3.5354431713788335E-4,1.3612705907922024E-4,2.0221394045215503E-4,4.21917413943394E-4,0.01724831411026981,0.001586442348354409,3.711712100857751E-4,0.017573674930524464,1.0240855580764012E-4,1.736202654007095E-4,0.0033105945499198263,3.291715705252745E-4,1.8534847525672444E-4,0.03835650255851573,2.0860221731273547E-4,2.2994259267842662E-4,6.777772942937919E-4,0.058463264149977295,3.0195961941439464E-4,0.0016337633950187975,3.9408808534119186E-4,1.8824406625144455E-4,3.8155167369258424E-4,2.3929935370853628E-4,1.0,1.1987428987815533E-4,3.609369355784116E-4,2.9076044818359217E-4,5.608524173286074E-4,0.001817518033843149,1.4741435447113846E-4,2.4101122082754236E-4,2.982796015692139E-4,0.006015214178927518,0.002316662532978632,0.0014460348286533618,7.183594798644401E-4,0.018609794318204486,9.527113701475484E-4,4.189116047149138E-4,6.980589339817238E-4,3.9833651069455886E-4],[1.5269024811585103E-4,9.391849911749868E-4,9.961397955367913E-5,1.1946468495204119E-4,1.0816937750735203E-4,5.012169929720678E-4,0.0014208528023788075,4.312823116681694E-4,5.43618163357242E-5,0.005762299721835091,8.384652116893013E-5,1.0089335275362796E-4,6.000976654557379E-4,9.857626354615719E-5,1.5491352223123288E-4,0.005335397645375978,8.726540587838026E-5,8.528403693225935E-5,2.081823181323917E-4,0.03561569324564418,7.317836792136931E-5,0.0011106776003306658,2.1053364801484076E-4,1.413565146079684E-4,2.5389416375991183E-4,2.0987092610231916E-5,1.1987428987815533E-4,1.0,2.499098059769696E-4,9.356822590764414E-5,5.368356255325967E-4,0.0015275080867547376,8.703615697120261E-5,1.739028402546774E-5,9.929968496477053E-5,0.005713258687484406,4.848364558652652E-4,0.0021706881030335704,1.9692987512183674E-4,0.06398775665808565,9.701560321987009E-4,8.785563883947088E-4,4.901307916553907E-4,3.108310940333866E-4],[2.172600789936776E-4,5.643434386482007E-4,2.7146544201873106E-4,2.813263439046023E-4,1.6358377746091262E-4,6.794241040619979E-4,0.004330227860766851,0.0013248759875923463,9.885947097289687E-5,0.021336962147979213,2.621751140472806E-4,1.6081859809881146E-4,0.001513601160325418,2.4240690159987378E-4,2.5727719660627844E-4,0.016031347165881418,2.3617173293079285E-4,2.133549404046121E-4,9.698483866281157E-4,0.01857712625627462,9.53866252861119E-5,6.301086181618686E-4,3.7024993521753396E-4,2.7392884517021864E-4,3.3638338036892613E-4,2.817239119775328E-4,3.609369355784116E-4,2.499098059769696E-4,1.0,2.54596052969144E-4,3.650551759005981E-4,0.001439533107009551,1.9742445086984442E-4,6.03444493290315E-5,1.8267957422734752E-4,7.29763979233194E-4,0.0025332667604540866,0.0027895728031414845,0.0013541174779593728,0.03296128535308851,4.490332083150114E-4,0.0013619889193523145,3.938055161959584E-4,3.4874213146404286E-4],[1.7644122402598992E-4,9.479860958472491E-4,1.4795791145542063E-4,1.6997786251152634E-4,1.818398750361013E-4,4.430908864487298E-4,0.016226614163206064,7.8036653310686E-4,1.045531528024469E-4,0.014640650512147023,4.236150012933117E-5,1.6016906676163595E-4,0.0022176726481464167,1.6295257782886636E-4,1.832588253161268E-4,0.010532960148897754,1.1327533538611618E-4,1.8353596924978907E-4,1.8889091988974843E-4,0.02026816662143986,1.0704349355728339E-4,0.001654584536156488,3.6644071730543504E-4,1.8009978296787882E-4,2.3160583998489803E-4,7.906948243642327E-5,2.9076044818359217E-4,9.356822590764414E-5,2.54596052969144E-4,1.0,5.483834535289802E-4,0.0014757843581755126,5.936000764517261E-5,4.13860595398945E-5,1.8532195857075E-4,0.012265210110393525,0.001592425693819303,0.0015533852847529012,3.1588852397119793E-4,0.027942652154902055,3.010676413564688E-4,0.0018408749398630836,6.331433415097088E-4,3.3333337607469005E-4],[3.418753108468452E-4,9.439858707556597E-4,5.933277890809379E-4,3.750339575550202E-4,1.8922933088002042E-4,6.809441539590239E-4,0.005023953290558265,0.0014978139375365217,1.1306519717384793E-4,0.022023477920776583,1.6176140976923006E-4,3.1142182078838825E-4,0.0021474161330159473,6.451025693877476E-4,3.490931896644667E-4,0.0541781159580364,7.365106034691922E-5,5.709878815834536E-4,0.0010299661915054738,0.03451760656884076,5.971639205612627E-4,0.0016445437907192844,5.090134925950595E-4,5.937574306450056E-4,6.37426787754742E-4,1.1808948683688252E-5,5.608524173286074E-4,5.368356255325967E-4,3.650551759005981E-4,5.483834535289802E-4,1.0,6.93653746224268E-4,5.168519847167216E-4,3.135873641364241E-5,6.629350412949E-4,0.002999809086925993,0.0012370574374025865,0.005452347643459425,0.00111499084769286,0.06281913357419391,8.741481487731964E-4,0.0014518367427231523,6.970314150747928E-4,6.691242677036669E-4],[0.001109442181499996,0.0016570120709779503,0.0010887973104229658,7.571205876011208E-4,7.99065810965317E-4,0.00170671691525753,0.007069074435230729,0.0020138552405245835,0.001965501389434164,0.012125130490961655,0.001976996077930769,2.0205508477817317E-4,0.0028565384106992446,0.0016973418911217482,0.0015984797192637153,0.0032683340615971596,2.87138628206525E-4,9.586039974393892E-4,0.0019601420527696626,0.058963649222349326,0.0010592947754943115,0.0018918830312088936,0.001452576010665984,0.0013923372622964216,0.0010625532568914083,8.972506323426713E-4,0.001817518033843149,0.0015275080867547376,0.001439533107009551,0.0014757843581755126,6.93653746224268E-4,1.0,0.0016037599433520607,0.0015906984074359615,5.524378257248849E-4,0.002766639864122995,0.00265613331477337,0.004250839048307489,0.0020657112066870334,0.0035272902233231306,0.0012981224295960734,0.002018157688131823,8.528439197957434E-4,4.587188756787807E-4],[1.461429361859716E-4,5.580433018049934E-4,1.167161430687123E-4,8.10068898845099E-5,9.478714823233652E-5,6.425519803478446E-4,0.014463388801234954,2.81810424678864E-4,3.63059064081515E-5,0.002345782282683218,4.49648108095646E-5,1.2013181786016915E-4,0.0030721254641896023,5.78493342512379E-5,1.6311995990484792E-4,0.03791711165620308,5.3068034635426127E-5,3.276043479034039E-5,3.317806511136173E-4,0.06052054767850005,4.724296400395198E-5,0.0018775935707385592,3.211257613531415E-4,8.641960153182214E-5,1.5430862628873748E-4,4.649599570323508E-5,1.4741435447113846E-4,8.703615697120261E-5,1.9742445086984442E-4,5.936000764517261E-5,5.168519847167216E-4,0.0016037599433520607,1.0,1.5907454859554155E-5,1.096880249151292E-4,0.0033523450244,0.0014319399213178785,0.0017992988577195342,0.0013418231115754106,0.0460526334285851,2.2503325460345401E-4,6.407167620179327E-4,1.8132547855252977E-4,2.140004399973465E-4],[7.45427938766204E-5,7.817866442185833E-4,8.595728456196562E-5,4.585003265368939E-5,4.4696294852320857E-5,5.760619294151448E-4,0.0018635344932824386,0.001744971794343884,1.4666000014626956E-5,0.003667433770148945,1.3896744268216766E-5,5.8925278372925645E-5,0.0029306801875560416,5.623081587591117E-5,9.150086112165733E-5,0.023249840879133163,4.1964917843879595E-5,1.46046239010089E-5,3.643888603869635E-4,0.00935201870501866,1.6609517640305247E-5,7.523862851335456E-4,1.3089016949537348E-4,1.4126997527033735E-4,1.909254264691374E-4,1.4352108418589259E-5,2.4101122082754236E-4,1.739028402546774E-5,6.03444493290315E-5,4.13860595398945E-5,3.135873641364241E-5,0.0015906984074359615,1.5907454859554155E-5,1.0,1.12290389848176E-4,0.010416959932276773,0.0020565241162146574,0.004812178585117528,5.634869349261747E-4,0.03394298455935322,0.0010357300920071227,0.0012785915938142143,1.239221163190557E-4,3.124561726450426E-5],[1.613162544866366E-4,9.866961857680685E-4,1.4000114413414657E-4,1.3669674944013452E-4,1.0997236642494691E-4,4.809354410629001E-4,0.007626781363396003,3.779536316172288E-4,6.476752901129098E-5,0.020026912029187563,3.472282352060557E-5,1.4574298620140654E-4,1.5681059322697407E-4,1.391855157311393E-4,1.5422681017089528E-4,0.02711448840059218,1.446380227144438E-4,4.7414520612971573E-5,5.431296765834743E-4,0.004211807560681127,5.4028391968499045E-5,0.0011297127002999692,3.490645207885815E-4,1.569455557382189E-4,2.4294687799370824E-4,1.1643993920786319E-4,2.982796015692139E-4,9.929968496477053E-5,1.8267957422734752E-4,1.8532195857075E-4,6.629350412949E-4,5.524378257248849E-4,1.096880249151292E-4,1.12290389848176E-4,1.0,0.005847682202154806,7.29339152446963E-4,0.0014729127504060498,7.582886794339811E-4,0.0611380693313802,9.032220749034274E-4,9.988951483599273E-4,2.9198540364999497E-4,2.7086453425145476E-4],[0.004555665230433186,0.009970048923513582,0.011222034840031897,0.007893499314515988,0.009161916285849525,0.011214732282447128,0.019426538738554527,0.00821999766031621,0.008836726066803009,0.01789231791610097,0.01095056973991864,0.006813462297349115,0.010289775346267177,0.006239745872253818,0.004028857722262349,0.015008011615444693,0.012086993543501906,0.00858584310311592,0.007042367249078019,0.021145509710557946,0.006117372786608951,0.003390491840968007,0.012729315534854301,0.011605801713447687,0.0075937716967863595,7.920980763733501E-4,0.006015214178927518,0.005713258687484406,7.29763979233194E-4,0.012265210110393525,0.002999809086925993,0.002766639864122995,0.0033523450244,0.010416959932276773,0.005847682202154806,1.0,0.007619834666790953,0.006382974177876051,0.004783798564777416,0.04508961116852638,0.006396109927596536,0.007824620835599016,0.008269625163400088,0.00403035882008344],[0.0023679225987366147,0.0016517119024581208,0.0016041749071967373,0.001965382209278022,0.0029867535013134295,0.002233341775676318,0.009375107260114694,0.002271079330087238,7.69408167091682E-4,0.006360206287425361,0.0017507723802393867,0.001235781458119646,0.003249538329501277,0.001558415051533944,0.001039914618892478,0.02593567862242048,7.148821774234775E-4,0.002319329570432067,0.002033547427108903,0.021267315420551502,0.0026291996907298223,0.0023098590692523977,6.236020806099058E-4,5.785881990300866E-4,5.1082676205152E-4,0.0028691481830714124,0.002316662532978632,4.848364558652652E-4,0.0025332667604540866,0.001592425693819303,0.0012370574374025865,0.00265613331477337,0.0014319399213178785,0.0020565241162146574,7.29339152446963E-4,0.007619834666790953,1.0,0.005129634009904948,0.0016919381803250065,0.06663169084373595,0.002707476494491852,0.002406778749338806,0.0024437284334155865,0.002009567658159796],[3.37433860742393E-4,0.0048115581462426366,0.003420695336378288,0.0038821772414490852,5.728908813219774E-4,0.004349406703796047,0.009285328486586305,0.004931539668416486,0.0010746498993155858,0.011419609915505998,0.004758845418978853,0.005515878407756935,0.005633367519237835,0.002582712484519444,0.001883818990572864,0.012814509790138148,0.004280251189643287,0.005295183779191095,0.005642130913545495,0.01995187848871492,0.0037246358217587375,0.0030804213166189956,0.003120641057258943,0.002337149372639777,0.0027426897900386955,0.004563655237606884,0.0014460348286533618,0.0021706881030335704,0.0027895728031414845,0.0015533852847529012,0.005452347643459425,0.004250839048307489,0.0017992988577195342,0.004812178585117528,0.0014729127504060498,0.006382974177876051,0.005129634009904948,1.0,0.004356840815613029,0.04330017781326487,0.0026542239682528245,0.005467380661587212,0.0053647702547503,4.642405941132407E-4],[7.67973495714676E-4,0.0013314798739047196,7.219259147335956E-4,0.0010115783238769415,8.727046283149386E-4,0.0011673400429582166,0.02025395674573498,0.0018161680940988946,0.0013760316366796775,0.0014345347524250048,4.1577435828657494E-4,9.338648231737725E-4,0.001485377554184312,7.543348853241348E-4,4.7090264564679334E-4,0.024810463318641354,0.0010514245859251567,4.8133241841932946E-4,0.0011587378370147578,0.012845438858653985,0.001073772946759565,0.001872565127823974,0.0011719290979943457,2.975234370884522E-4,0.00132968791013363,3.4802959799410413E-4,7.183594798644401E-4,1.9692987512183674E-4,0.0013541174779593728,3.1588852397119793E-4,0.00111499084769286,0.0020657112066870334,0.0013418231115754106,5.634869349261747E-4,7.582886794339811E-4,0.004783798564777416,0.0016919381803250065,0.004356840815613029,1.0,0.021199916188163782,0.0012660371254303506,0.001835656711530972,0.0012553806851912748,6.766135244841238E-4],[0.06315080777389197,0.0018773855958961578,0.02606682298387425,0.03636179821245233,0.057769624727375915,0.044566779156469595,0.04777094629328682,0.03455945029543904,0.05302585486354324,0.025802657635139645,0.042457436756458675,0.006716392625267797,0.04774650593257839,0.054648346818712466,0.010204903128283656,0.067975947810436,0.04982994712469828,0.022812749758695426,0.04486247166276196,0.06666666666666667,0.01629897849061247,0.008036813652726621,0.06014434532039425,0.047046838240030586,0.018127983711330294,0.04704246721299022,0.018609794318204486,0.06398775665808565,0.03296128535308851,0.027942652154902055,0.06281913357419391,0.0035272902233231306,0.0460526334285851,0.03394298455935322,0.0611380693313802,0.04508961116852638,0.06663169084373595,0.04330017781326487,0.021199916188163782,1.0,0.019678594038900182,0.02344604908599478,0.012052567883504476,0.05812483727638187],[3.6044860523349177E-4,0.001044999132475285,4.66283827259074E-4,5.447249833382947E-4,7.07228773986891E-4,8.992793020801766E-4,0.016564515954128188,0.0014518323788514458,4.224468510771566E-5,0.018914310161678174,2.9066617734309908E-5,8.955159023000212E-4,0.0012126003838070871,8.491960756014447E-4,7.077706799673238E-4,0.06421343150971212,9.469002470770669E-4,7.752299512582094E-4,0.0011094181673639786,0.030148376049349772,7.012777998885409E-4,0.0014866715136721642,6.727933292889948E-4,8.300748027489929E-4,0.0010712703420754522,2.6507855900167505E-4,9.527113701475484E-4,9.701560321987009E-4,4.490332083150114E-4,3.010676413564688E-4,8.741481487731964E-4,0.0012981224295960734,2.2503325460345401E-4,0.0010357300920071227,9.032220749034274E-4,0.006396109927596536,0.002707476494491852,0.0026542239682528245,0.0012660371254303506,0.019678594038900182,1.0,0.0011174245236256401,7.243027001688022E-4,0.001088124678130101],[0.0013002242523046114,0.0011199206197130625,6.861394498381299E-4,0.0015811960743225876,6.700955219286203E-4,0.0012901713201773526,0.00831218799487796,0.0019137975219873414,0.0011211390994568774,0.0055227093755185405,0.001900984966510879,0.001861823817624148,0.0021750076934223253,8.481501631370641E-4,0.0014497312928852596,0.028342333259737323,0.0016803041130945343,8.378061767113784E-4,0.0018456409562334474,0.06087575739429259,0.001075863099247312,0.001889485631112117,4.472797775345709E-4,0.0012370637882255326,6.260539186475598E-4,0.0018870197241992485,4.189116047149138E-4,8.785563883947088E-4,0.0013619889193523145,0.0018408749398630836,0.0014518367427231523,0.002018157688131823,6.407167620179327E-4,0.0012785915938142143,9.988951483599273E-4,0.007824620835599016,0.002406778749338806,0.005467380661587212,0.001835656711530972,0.02344604908599478,0.0011174245236256401,1.0,0.0011654189771007403,4.8242943353488826E-4],[5.849747450446111E-4,9.972404628037646E-4,5.095788906452107E-4,3.988960193573748E-4,6.549222175410318E-4,6.940798711527684E-4,0.017410464192879945,0.00114189067121283,6.645253930362718E-5,0.008700915579738004,2.600264063113521E-4,4.236874072413204E-4,0.002743293913862591,4.991682823617321E-4,4.8640238391482504E-4,0.010350803291923276,8.289147590700955E-5,1.505907726646849E-4,8.843870560514535E-4,0.061681844423189976,1.6889642609768055E-4,0.0015856915960086107,4.350789270037956E-4,2.6045977847776266E-4,3.4663677530477236E-4,1.3256033752093976E-4,6.980589339817238E-4,4.901307916553907E-4,3.938055161959584E-4,6.331433415097088E-4,6.970314150747928E-4,8.528439197957434E-4,1.8132547855252977E-4,1.239221163190557E-4,2.9198540364999497E-4,0.008269625163400088,0.0024437284334155865,0.0053647702547503,0.0012553806851912748,0.012052567883504476,7.243027001688022E-4,0.0011654189771007403,1.0,5.103184012590845E-4],[3.5758335908259457E-4,8.341176365263567E-4,2.4664917228938875E-4,1.3589542632885354E-4,1.785903737439051E-4,6.095160551172658E-4,0.007329929852713579,0.0019016371164299259,7.496635435380446E-5,0.005875028811151883,1.634759456928244E-4,3.2204027326450835E-4,0.0011658606551995824,2.457461000491203E-4,2.558085277454788E-4,0.06894812486687102,3.262790300680361E-4,1.4763578655787397E-4,6.2018607091691E-4,0.04125363760803723,3.2675210400979804E-4,0.0015557352112577148,4.0743640263086144E-4,3.640086534357445E-4,3.4025343478631193E-4,1.0880