[[1.0,0.03085106517400992,0.021142356599423956,0.025650879498695996,0.019653945473149456,0.011010092902948172,0.0039042987666135587,0.008661149045655457,0.0428679459427361,0.013044992822972631,0.028083869463382316,0.023474518190449118,0.042795363815688124,0.018539462290022086,0.021981286034521454,0.014907583940984175,0.02747076850712557,0.01404815723392282,0.043406222608058063,0.025215810989350208,0.037387560828870785,0.00472020609193733,0.013767709119461975,0.005776136124513315,0.004300077802876704,0.04324296501323204,0.031129032768120558,0.01879227193980365,0.03759943142433453,0.019054462878451597,0.03349598139691407,0.02007497921881555,0.03683560500132211,0.03884743779588685,0.04011450960706391,0.01643146598923289,0.03158615829281403,0.0330304364825,0.009711241383512662,0.013086708104623923,0.02824373624925079,0.021838532910072768,0.04150914262044479,0.020300183275537335,0.026058228439593472,0.038215237564849444,0.018386562126927897,0.03958172395650692,0.030194656911453364],[0.03085106517400992,1.0,0.0018424992900790242,0.0010341911851723497,0.0015816619110646623,0.0010543928442984696,0.0012964328101566591,5.416071124800848E-4,0.011908004214038998,0.001084911768210994,6.795949166871314E-4,0.0015567554716117927,0.0021685033901272795,5.3240340271087604E-5,0.0015361850246686038,0.001221999983405986,0.0013248588788180003,0.0014374264470397766,0.004938050184659536,0.0038237300825048697,0.0014140489367442787,0.00154480077005808,0.009750520258313898,0.001168998017591637,4.7625895013237075E-4,3.174218569592041E-4,2.7654929350562883E-4,0.0011385672056765923,0.0013895082473857428,0.001120770362212997,0.0014106821529268896,0.0015468780843238186,0.0034427124336100755,0.003006871055221256,8.984989963808667E-4,0.0046365999586306765,0.001563204876755119,2.3564517230002E-4,3.2416177419402573E-4,0.001678946622184337,0.00100985569600206,3.743457690454676E-4,9.408779741376917E-4,0.004777367574245494,0.019348328062015568,0.005898380094552997,0.0011537674810418999,9.218714430505567E-4,7.81503506764377E-4],[0.021142356599423956,0.0018424992900790242,1.0,0.0013353457453817018,0.001849161807373204,0.0011715394736293574,0.0013081377795329365,0.001495763986474835,0.009318036925605604,0.0017876705497610747,3.136756944295173E-4,0.001869323969619764,0.0020844974191504325,0.0011367099143217226,0.0017671814372496096,7.026647847488369E-4,0.001592160443070968,0.0017686942667530694,0.0021105506443474756,0.0027667577672436626,0.001477042072170992,0.0017909987014846514,0.004632970653598195,0.001347030478479129,6.139971665107966E-4,0.001642117295288171,0.0015527682011685009,0.0012284505208805226,0.0013330141694499519,0.0016780946513866102,0.0011248278723866277,0.0018334065236988476,0.006362153519216104,0.001931426683410659,0.0013120177420302675,0.004730164935983023,0.0017351024957530997,9.295053339168108E-4,4.603603800713684E-4,0.0023905456382398056,5.632131391058823E-4,0.0011317584676248144,7.124881955576976E-4,0.0028120676774211857,0.0051697630206231394,0.004966354815719367,0.0011235731423044472,3.5950012829481716E-4,0.001521440565057516],[0.025650879498695996,0.0010341911851723497,0.0013353457453817018,1.0,0.0010855278252758142,5.875671058319143E-4,2.2013173779301913E-4,1.8350652765274402E-5,0.012872773135429045,6.51930166955583E-5,2.014086874124618E-4,0.001536624122141708,0.002014698308565062,6.853420732760111E-5,9.718458680399718E-4,1.478901288981166E-4,7.957039405525245E-4,9.268850686670531E-4,0.001344909974144832,0.0049031909121824485,5.94744159915392E-4,8.627568135277147E-4,0.010068457379671209,0.0010349402233546213,1.0247331583976297E-4,3.913118518314332E-5,1.194133943021185E-4,4.1118544479657067E-4,9.031581902933094E-4,1.1240245576749265E-4,8.82024809679967E-4,0.0015345314338526476,0.005656972210658551,0.0014443246351261824,1.578754328515031E-5,3.8138133675594157E-4,0.001077261653314728,1.348450616776187E-4,1.0539295174793053E-4,0.0017733100227293496,1.1177175881572714E-4,1.3202131593618012E-4,7.96308867132224E-5,0.0010060917476967179,0.02237524298259373,0.001177866682478591,1.7100947599369874E-4,1.23807347353573E-4,4.6742031995730935E-5],[0.019653945473149456,0.0015816619110646623,0.001849161807373204,0.0010855278252758142,1.0,0.0013855153606636306,0.001471000074062237,0.0012061284033986685,0.009574949088911001,0.001388724253802808,0.0010284773840622814,0.0017389587782226023,0.0028930811969319994,7.165615858254457E-4,0.00156043650770347,9.25433313651703E-4,0.0015045424224896518,0.001468113420327447,0.0047320235902603095,0.007640413893397699,0.0012226000880341985,0.0016176064638300928,0.002689030492594829,0.001630651129341156,7.785070208884898E-5,8.775203166278944E-4,9.900472500025438E-4,0.001604475534257186,0.00130269812706894,5.521586882399623E-4,0.0013777715811683511,0.0017122466177903718,0.012395048481201385,0.002932008076582713,8.836877262663785E-4,0.0033030376032158622,0.0015929826251867576,0.0016285075297603569,9.406039203578272E-4,0.0024807415830435226,9.999891142963048E-4,0.0015471259284939093,4.208316809251165E-4,0.005809511773233749,0.012562876866841564,0.014194167692651648,0.0010090370073674044,4.6476012990957663E-4,0.0015834767229747446],[0.011010092902948172,0.0010543928442984696,0.0011715394736293574,5.875671058319143E-4,0.0013855153606636306,1.0,8.534237911457453E-4,5.202190738766321E-4,0.004019920138548926,5.08419823369745E-4,4.7414219579361227E-4,0.0015761861311597383,0.0024621794430925103,3.4778273612100154E-4,7.648673042493078E-4,4.1576632768738393E-4,7.409320186112396E-4,0.001085393565130556,0.0017483491582943609,0.006182165184860217,0.0011311997054502885,0.0011865361957912493,0.005556485029128521,9.432869812392951E-4,6.391223033467955E-4,4.3304812227192756E-4,5.815275295523671E-4,0.0010636110737172473,8.024468358616362E-4,4.176701720501254E-4,9.260581021046635E-4,0.0016410635431733653,0.010845200231859689,0.001880842884219388,6.068955355971225E-4,0.0013910264462884203,0.00127790721500908,3.448240466533364E-4,4.494947916952447E-4,0.0014272898737327892,5.520428020011762E-4,4.428362731142783E-4,3.8910067302892103E-4,0.003517641799630522,0.005806192378582324,0.00803792419260042,3.9073373052630887E-4,6.906010844385009E-4,6.372034350090397E-5],[0.0039042987666135587,0.0012964328101566591,0.0013081377795329365,2.2013173779301913E-4,0.001471000074062237,8.534237911457453E-4,1.0,3.8444049249337805E-4,0.01484326906026097,4.898673525658731E-4,2.490010375745854E-4,0.0017417822454225945,0.00391649581459144,5.278901774604801E-5,0.001484602075187689,5.214306096401366E-4,0.0010979985812067197,0.0013240728634063554,0.0024764407000636697,0.009077649821992417,0.0011331000296828993,0.0011951456286352525,0.008759597665981259,0.001136521555050687,4.3144630163264436E-4,0.001055368762768347,7.93880411451109E-4,0.001075316038010626,0.0010247062344756472,1.6938248987795432E-4,0.0010131545769332922,0.0017310993023187439,0.008747140978114121,0.0013540728641221772,4.6710793079602E-4,0.005452307450324167,0.001132996825893984,0.0010363702289879616,1.7712443081468804E-4,0.0014148034610668924,8.601913956745403E-4,4.511770241838131E-4,7.426401615745202E-4,0.006872991769633892,0.010252409101620107,0.020036513559410486,0.0010053587461248987,2.5142812748694097E-4,9.495579463510557E-4],[0.008661149045655457,5.416071124800848E-4,0.001495763986474835,1.8350652765274402E-5,0.0012061284033986685,5.202190738766321E-4,3.8444049249337805E-4,1.0,0.006626588647353608,1.5182326811273112E-5,2.3335150930517951E-4,0.0018240263888976433,0.00263597702666677,1.4390022568561878E-5,0.0014223917729388746,1.4025396891769885E-4,3.0351859237936455E-4,0.00103370355916799,0.004964131119518201,0.002281326429919385,2.4464268829850846E-4,0.0012850648159857636,0.003370717714091434,6.203078844902903E-4,1.2986906365357156E-5,1.8924709457984043E-5,1.0388143454082009E-4,4.983863210469494E-4,4.039350297997573E-4,6.797426622058548E-5,9.752134208253757E-4,0.0011092492493365341,0.002283393990087217,3.606997177144367E-4,1.4142786963469113E-5,0.0049103114072431625,6.003276914322486E-4,8.337546908508635E-5,1.5696123859775562E-5,0.0019713695807870306,1.2763544211901883E-5,1.2153336634122762E-4,1.6783160807460662E-5,0.005524878577205775,0.01718244105146323,0.003945703240668398,3.910144127660272E-5,8.650895580252552E-5,1.1247621326182853E-5],[0.0428679459427361,0.011908004214038998,0.009318036925605604,0.012872773135429045,0.009574949088911001,0.004019920138548926,0.01484326906026097,0.006626588647353608,1.0,0.012549587182296595,0.0033716970151744345,0.005258267029665002,0.014663720218031046,0.010154034864622073,0.006835901207524499,0.01246022851333077,0.0043570483244977165,0.010833235497860182,0.006812021396979691,0.012562206031948072,0.0033707713815356215,0.011477275446240014,0.012419891790368499,0.004812619858618408,2.3831160513666805E-4,0.0012655061751789612,0.0014868660827155765,0.002270098045661086,0.003263789793912286,0.006215373250587346,0.003512549781861972,0.004592803395604322,0.014124243011342403,0.012288503102211254,0.012838112023916111,0.010389380932529908,0.013871119344668123,0.0015611448023144915,0.014587829943187225,0.009351505920849424,0.006345455546038308,0.0030880705448422165,0.004217286580444261,0.011193887972995541,0.018613786196225217,0.016586863933464428,0.01159203161161378,0.001009100079330083,0.00997007471731491],[0.013044992822972631,0.001084911768210994,0.0017876705497610747,6.51930166955583E-5,0.001388724253802808,5.08419823369745E-4,4.898673525658731E-4,1.5182326811273112E-5,0.012549587182296595,1.0,1.8216070316768115E-4,0.0016412148591778552,0.0027756326515136587,1.7860370903592787E-5,4.56310656377788E-4,1.461725003154242E-4,8.168716577198064E-4,1.1994481780272342E-4,0.0033398282473154563,0.0029931932653123948,0.0010594882919355937,5.326761130456E-4,0.005821697154229758,7.53324236389474E-4,1.84376180328908E-5,1.9287491029578838E-5,8.136150198503532E-5,3.418487402898362E-5,9.103654961986085E-4,4.135166657176612E-5,7.369523637263299E-4,4.8341345248388535E-4,0.007634374673495968,0.0014658265633102697,1.7344064302899416E-5,0.003142034803614968,8.593007860678764E-4,1.378214140143965E-4,1.8531465889261237E-5,8.205671948477581E-4,6.455560557696743E-5,1.00676748226488E-4,3.207447904714748E-5,0.002371988742897995,0.01535436921608073,0.02158504007902745,1.416577507877063E-4,3.2159301720530343E-5,1.237970398134569E-5],[0.028083869463382316,6.795949166871314E-4,3.136756944295173E-4,2.014086874124618E-4,0.0010284773840622814,4.7414219579361227E-4,2.490010375745854E-4,2.3335150930517951E-4,0.0033716970151744345,1.8216070316768115E-4,1.0,4.7293950802918417E-4,0.003545753782763795,1.1281324470307819E-4,0.0015157473687719468,2.2941249431467743E-4,0.0010477051014185525,0.0010561192534770108,0.003686107097830378,0.009356267429483226,8.195411401427048E-4,0.0011089298278079153,0.005065149633140513,8.555577881181816E-4,5.7180676413146656E-5,6.731596318504095E-5,1.8552722230003732E-4,7.631017489614632E-4,5.675261020337678E-4,2.155415451623639E-4,6.240558218209415E-4,6.971823460064638E-4,0.0027808344074195302,9.442786069632184E-4,1.1225093445686862E-4,0.004748223674834837,5.195270739570899E-4,1.8706478181030955E-4,1.6087970845774186E-4,0.001898450341163128,1.4664141829841306E-4,2.242335202261774E-4,6.081627168862125E-5,0.0016013953862470465,0.008459131213065333,0.007302088842543222,2.1775679331424673E-4,1.7485360298004539E-4,2.306019664134152E-4],[0.023474518190449118,0.0015567554716117927,0.001869323969619764,0.001536624122141708,0.0017389587782226023,0.0015761861311597383,0.0017417822454225945,0.0018240263888976433,0.005258267029665002,0.0016412148591778552,4.7293950802918417E-4,1.0,0.0025243458660597516,0.001671530765171852,0.0016002958138130441,4.997239193362246E-4,0.0017824985810588627,0.0015504472171061364,0.00340178004392542,0.010437555551134526,0.001546569144397352,0.0018312053428443096,0.006034740289297727,0.0016255183370630084,7.200791917133829E-4,6.606865258384479E-4,0.0018988454765640512,0.001523218574359244,0.0012566139055597279,0.0012320159544020575,0.0012357739997510028,0.0018781022197869653,0.008008926450035191,0.003244294070002515,0.001234382271821388,0.005478834145747071,0.001750717958516678,7.641568063282485E-4,4.4384403214503516E-4,0.0025607359756711382,0.0012087302391492443,6.61472490279784E-4,0.0018824488589332187,0.006370446611697807,0.0054419764043342105,0.0019762734278734196,3.324522002615616E-4,0.0017694419493607828,4.0766589918664727E-4],[0.042795363815688124,0.0021685033901272795,0.0020844974191504325,0.002014698308565062,0.0028930811969319994,0.0024621794430925103,0.00391649581459144,0.00263597702666677,0.014663720218031046,0.0027756326515136587,0.003545753782763795,0.0025243458660597516,1.0,0.004135662778371394,0.002257236657277731,0.0033627916765325617,0.0032930558809718996,0.002844277161466782,0.0048918162761479025,0.007126005103727077,0.002520212003808679,0.004624699503848171,0.012276835562109097,0.0027078787012796805,8.699701835332777E-4,6.487874501232356E-5,0.0017884486615237902,0.0020881595814790945,0.0017973172709664295,0.0024459537754654647,0.004729754982394145,0.0031597528751033865,0.005585483344937685,0.0038232836619243676,0.0025116993706247215,0.005990239668434833,0.001801735586557638,0.0030408924553555947,0.0012435239179655459,0.004281420311328514,0.0018825664769644699,0.0028764574271069824,0.001090284696427458,0.0065818449508833945,0.013830032624664972,0.014620433700230768,0.0014262736286216374,0.00235924633963311,0.0017482975148921682],[0.018539462290022086,5.3240340271087604E-5,0.0011367099143217226,6.853420732760111E-5,7.165615858254457E-4,3.4778273612100154E-4,5.278901774604801E-5,1.4390022568561878E-5,0.010154034864622073,1.7860370903592787E-5,1.1281324470307819E-4,0.001671530765171852,0.004135662778371394,1.0,0.0014134615720010903,1.4824736362703382E-4,5.796903265593607E-4,0.001141370323549899,0.0018436510875333367,9.306812229786816E-4,9.408486988943158E-4,4.100453894119209E-4,0.008624114908122614,8.160214790171353E-4,1.9003053583772592E-5,1.906176948745999E-5,3.503498254624962E-5,2.1763617958164236E-4,8.578669522957738E-4,9.623707579632413E-5,2.0255294378972874E-4,0.0016334284046153383,0.011232984486476586,0.0027138754429717675,1.784944630476887E-5,8.574886463856611E-5,0.001126406489020247,4.353562262210753E-5,1.999442813122131E-5,2.9412067731078275E-4,6.743129122817215E-5,7.344839323711772E-5,2.2910986914173325E-5,0.007364005292886867,0.011729333862328621,0.0017284158574601928,9.702809800991735E-5,5.3443128021660665E-5,1.6781987344008114E-5],[0.021981286034521454,0.0015361850246686038,0.0017671814372496096,9.718458680399718E-4,0.00156043650770347,7.648673042493078E-4,0.001484602075187689,0.0014223917729388746,0.006835901207524499,4.56310656377788E-4,0.0015157473687719468,0.0016002958138130441,0.002257236657277731,0.0014134615720010903,1.0,0.0012417617227923404,0.0012907035362346349,0.001440782601188033,0.0030686058649336927,0.005647860514495469,0.0012472081661248722,0.0015561475396820078,0.004783782884977264,0.001183527163365672,2.5377293090326437E-5,9.804636558887307E-4,2.1157204485037335E-4,0.0013183509114475201,0.001231742463250812,7.289553510399787E-4,0.0014454390939478664,0.0017137553783035796,0.0040232804966043685,0.002916715169400592,9.681254292882323E-4,0.005180207434634822,0.0015641888705637032,0.001294808039615011,5.820968802423339E-4,0.0023332262677641692,0.0011036179127811765,6.07406543961348E-4,8.131777578809431E-4,0.0037514581737407835,0.004356236161357455,0.015835939364359137,5.661290948058108E-4,1.3811182803079723E-4,0.0014282545883699306],[0.014907583940984175,0.001221999983405986,7.026647847488369E-4,1.478901288981166E-4,9.25433313651703E-4,4.1576632768738393E-4,5.214306096401366E-4,1.4025396891769885E-4,0.01246022851333077,1.461725003154242E-4,2.2941249431467743E-4,4.997239193362246E-4,0.0033627916765325617,1.4824736362703382E-4,0.0012417617227923404,1.0,4.43724141301128E-4,6.97845642182201E-4,0.0013832710495813906,0.009225000932025431,6.312400839589402E-4,7.111880881451862E-4,0.011405779967356606,0.0010676229668861877,8.308220440038984E-5,9.282344347387317E-5,1.2897222193045937E-4,5.763180383779554E-4,3.788088440513436E-4,1.4600227218587692E-4,4.2359946713938493E-4,2.1992397728062347E-4,0.006860044991857612,0.0016186837378560051,8.219093233964144E-5,0.006654836088270113,0.0015076381458583536,1.5201250077004073E-4,6.866012369806164E-5,3.475143169090419E-4,1.2980112988807843E-4,1.4805569768029759E-4,1.1448348303033645E-4,0.006541954321065216,4.5946878613140963E-4,0.006922588323459587,1.776779805539069E-4,1.495977959015655E-4,3.233292651037466E-5],[0.02747076850712557,0.0013248588788180003,0.001592160443070968,7.957039405525245E-4,0.0015045424224896518,7.409320186112396E-4,0.0010979985812067197,3.0351859237936455E-4,0.0043570483244977165,8.168716577198064E-4,0.0010477051014185525,0.0017824985810588627,0.0032930558809718996,5.796903265593607E-4,0.0012907035362346349,4.43724141301128E-4,1.0,0.0012800503590406679,0.003630140925666714,0.005462913679778225,0.001212607306661828,0.001426382639527119,0.0027358898279973764,0.00115530847812401,9.144231484388437E-4,2.7321352608656885E-4,4.946087294157272E-4,0.001093581433820758,0.0012157095325129083,1.530308047147566E-4,0.0012390421570287783,0.0015273970676600646,0.005492426106302498,0.0031857241484697864,3.0361473142813714E-4,0.00672230195451253,0.001495693400816879,6.833964448007502E-4,3.9004581655579596E-4,0.0018785861641360284,2.760115998801251E-4,5.349521884736833E-4,8.843670240651053E-4,0.006769594793035813,0.006416266625292429,0.010504295073153199,6.38297746897901E-4,2.6475758245853834E-4,7.437811137748621E-5],[0.01404815723392282,0.0014374264470397766,0.0017686942667530694,9.268850686670531E-4,0.001468113420327447,0.001085393565130556,0.0013240728634063554,0.00103370355916799,0.010833235497860182,1.1994481780272342E-4,0.0010561192534770108,0.0015504472171061364,0.002844277161466782,0.001141370323549899,0.001440782601188033,6.97845642182201E-4,0.0012800503590406679,1.0,0.0037386651145292164,0.002490829535699855,0.0012786354293382565,0.0015089570391848234,0.0027197985396686095,0.001329805165545416,8.092567335493632E-4,8.352387898645202E-4,0.0012936137397942466,0.0013414503858167424,0.0013550124208884945,1.8830591301022284E-4,0.0013585542261391188,0.001593821859524759,0.002315332559699196,0.0021672756620566085,6.745727207293257E-4,0.004561596266022747,0.001534923502868117,9.376456345768411E-4,0.0012609767686693025,0.0019096258192011358,3.313122987852761E-4,0.001255759316422249,2.85217748994553E-4,0.0059565404393383085,0.01032377842921091,0.015559045674998344,6.084706334667696E-4,0.0013642055593282845,0.0011991994422236964],[0.043406222608058063,0.004938050184659536,0.0021105506443474756,0.001344909974144832,0.0047320235902603095,0.0017483491582943609,0.0024764407000636697,0.004964131119518201,0.006812021396979691,0.0033398282473154563,0.003686107097830378,0.00340178004392542,0.0048918162761479025,0.0018436510875333367,0.0030686058649336927,0.0013832710495813906,0.003630140925666714,0.0037386651145292164,1.0,0.011600989119502029,0.0028413735957712807,0.0023956598177478786,0.006958745523437104,0.003095962897433905,0.003231725956895393,0.0014215090659088483,0.0034520397666179667,0.0018308235835887516,0.002590503128408763,0.004254609532434966,0.002794332625297655,0.00299271797780451,0.008728417946843104,0.004860451734079991,9.757467246888963E-4,0.006719096619882135,0.005085251763140021,0.001827509675798169,0.0022943865126667834,0.004786052087261544,0.0029603850291849004,0.0013064821267938123,1.9886198091759508E-4,0.006212187307237498,0.01290204581489595,0.007986128068280023,0.004126410282651627,0.004059762148424108,1.892503202505543E-4],[0.025215810989350208,0.0038237300825048697,0.0027667577672436626,0.0049031909121824485,0.007640413893397699,0.006182165184860217,0.009077649821992417,0.002281326429919385,0.012562206031948072,0.0029931932653123948,0.009356267429483226,0.010437555551134526,0.007126005103727077,9.306812229786816E-4,0.005647860514495469,0.009225000932025431,0.005462913679778225,0.002490829535699855,0.011600989119502029,1.0,0.007885224413350727,0.008517780789812648,0.012201313628974201,0.00772976071405511,0.004222570029618458,0.00110522424105506,0.008521564817347243,0.0038757382637960563,0.011091537613486035,0.00811995983274218,0.002972968223986785,0.011089707047821628,0.011946540310219106,0.008089791499932369,8.221510553599684E-4,0.00851520810416458,0.006357278120927673,0.009887012134902637,0.01075413135473955,0.00948272869800768,0.0041871325718345976,0.0067276075587760316,0.003512844807886986,0.0114951920910434,0.01950400335251204,0.01701959729904659,0.0041476907791869536,2.175985081706317E-4,0.003908145854287238],[0.037387560828870785,0.0014140489367442787,0.001477042072170992,5.94744159915392E-4,0.0012226000880341985,0.0011311997054502885,0.0011331000296828993,2.4464268829850846E-4,0.0033707713815356215,0.0010594882919355937,8.195411401427048E-4,0.001546569144397352,0.002520212003808679,9.408486988943158E-4,0.0012472081661248722,6.312400839589402E-4,0.001212607306661828,0.0012786354293382565,0.0028413735957712807,0.007885224413350727,1.0,0.0012340790868240507,0.0034250580371153034,0.0011524288591324603,1.3246709630602171E-4,6.45683596753582E-4,0.0010456404002335488,0.001156457807129911,0.0010568407988420867,5.554060462078336E-4,0.001164161274246066,0.0012406986896307066,0.002343106294520951,0.0031102761192853333,1.4377913809827922E-4,0.001198336798229399,0.0012338164369556563,5.084558370220949E-4,0.0011086829853037706,0.0012219553454069806,7.628537112813272E-4,9.679832125860008E-4,1.1920878844205743E-4,0.007018279407573061,0.010246418771285782,0.00750255252086281,2.26967539010224E-4,7.229449607602808E-4,4.1151286471955665E-4],[0.00472020609193733,0.00154480077005808,0.0017909987014846514,8.627568135277147E-4,0.0016176064638300928,0.0011865361957912493,0.0011951456286352525,0.0012850648159857636,0.011477275446240014,5.326761130456E-4,0.0011089298278079153,0.0018312053428443096,0.004624699503848171,4.100453894119209E-4,0.0015561475396820078,7.111880881451862E-4,0.001426382639527119,0.0015089570391848234,0.0023956598177478786,0.008517780789812648,0.0012340790868240507,1.0,0.0051520923737103895,0.0011943694680988778,0.0011855125838412504,0.0013557047330083967,3.6091775167994093E-4,0.0011107255787065804,0.001347652228302502,1.4338480754847425E-4,0.001047453638862878,0.0016428725350316306,0.00758112575098094,0.0032634277539966283,7.997328903913637E-4,0.002098446229385819,0.0015628674084221957,5.789079897656164E-4,0.0013532937746519795,0.002220070901242306,9.723331655691717E-4,0.0012666345913008633,5.80950514639517E-4,0.003493199564314938,0.019183700448899044,0.017715464305550606,0.0014226156632265459,5.058209550197284E-4,1.4380883926284336E-5],[0.013767709119461975,0.009750520258313898,0.004632970653598195,0.010068457379671209,0.002689030492594829,0.005556485029128521,0.008759597665981259,0.003370717714091434,0.012419891790368499,0.005821697154229758,0.005065149633140513,0.006034740289297727,0.012276835562109097,0.008624114908122614,0.004783782884977264,0.011405779967356606,0.0027358898279973764,0.0027197985396686095,0.006958745523437104,0.012201313628974201,0.0034250580371153034,0.0051520923737103895,1.0,0.00588681858822403,0.011762569836855976,0.005836252949473959,0.007979424890163782,0.007035221794493896,0.008512617268035734,0.010307377381296907,0.003259337961988458,0.00889218286316817,0.012567665319402845,0.00687610675303306,0.01052452950606099,0.008968108741170707,0.012012171728487715,0.0073590817363975766,0.005502909466486515,0.0034962963997605075,0.00986011413374442,0.008565806805965479,0.012150190200188798,0.010980347361177737,0.021755933629331873,0.012505117759827997,0.012085337308033484,0.0015116604627270721,0.004686480523613524],[0.005776136124513315,0.001168998017591637,0.001347030478479129,0.0010349402233546213,0.001630651129341156,9.432869812392951E-4,0.001136521555050687,6.203078844902903E-4,0.004812619858618408,7.53324236389474E-4,8.555577881181816E-4,0.0016255183370630084,0.0027078787012796805,8.160214790171353E-4,0.001183527163365672,0.0010676229668861877,0.00115530847812401,0.001329805165545416,0.003095962897433905,0.00772976071405511,0.0011524288591324603,0.0011943694680988778,0.00588681858822403,1.0,9.564556980229493E-4,7.410399969150377E-4,6.708608801301787E-4,0.0011199992521689023,0.0011131239835597653,9.463907603916129E-4,0.0010447549798919718,0.001439140849119251,0.002123434553360699,0.0018703747465725936,1.427196636937146E-4,0.006779997748018081,0.0012684164614141316,5.414868217283366E-4,4.0929767047628045E-5,0.002060836733962639,0.0010603988929291253,7.436863170291487E-4,7.571351881077962E-4,0.005293725888198841,0.013353084243804398,0.017728329490988747,0.0010435059947064024,4.582471153940472E-4,1.1861307496537364E-4],[0.004300077802876704,4.7625895013237075E-4,6.139971665107966E-4,1.0247331583976297E-4,7.785070208884898E-5,6.391223033467955E-4,4.3144630163264436E-4,1.2986906365357156E-5,2.3831160513666805E-4,1.84376180328908E-5,5.7180676413146656E-5,7.200791917133829E-4,8.699701835332777E-4,1.9003053583772592E-5,2.5377293090326437E-5,8.308220440038984E-5,9.144231484388437E-4,8.092567335493632E-4,0.003231725956895393,0.004222570029618458,1.3246709630602171E-4,0.0011855125838412504,0.011762569836855976,9.564556980229493E-4,1.0,2.0027002570807513E-5,9.669683472339637E-5,0.001020182437590008,3.2156533638017046E-4,8.6844783521102E-5,6.711776493835364E-4,0.001068974077808129,0.004391534211041352,0.0029122314216870936,1.7048918632158664E-5,0.005345097395036013,0.0011513168964933796,8.165095820496477E-5,2.0257261003052144E-5,0.0023453131061165772,6.185009930889891E-5,9.9431594722861E-5,2.82646680361067E-5,7.408580937637116E-4,0.019685271827294154,0.0018184646498950307,1.6684813257729198E-4,1.1401578772044116E-4,1.1539765846272835E-5],[0.04324296501323204,3.174218569592041E-4,0.001642117295288171,3.913118518314332E-5,8.775203166278944E-4,4.3304812227192756E-4,0.001055368762768347,1.8924709457984043E-5,0.0012655061751789612,1.9287491029578838E-5,6.731596318504095E-5,6.606865258384479E-4,6.487874501232356E-5,1.906176948745999E-5,9.804636558887307E-4,9.282344347387317E-5,2.7321352608656885E-4,8.352387898645202E-4,0.0014215090659088483,0.00110522424105506,6.45683596753582E-4,0.0013557047330083967,0.005836252949473959,7.410399969150377E-4,2.0027002570807513E-5,1.0,7.355362345869376E-5,7.358925427034212E-4,1.0487380203032232E-4,8.418300050068407E-5,5.608134894444229E-4,3.170576196059695E-5,0.0057750609971572225,0.0028873589184744697,1.6960822219063058E-5,0.0025055786928945226,3.2368393954984424E-4,3.3889441874106356E-5,2.0330106933536756E-5,1.0023596535896226E-4,8.838658840875041E-5,1.3172748964019126E-4,4.768555551275071E-5,0.0035208211132393427,0.01375726997182967,0.011608612552765492,1.2482852343772066E-4,1.0009667325473404E-4,1.4169160035232463E-5],[0.031129032768120558,2.7654929350562883E-4,0.0015527682011685009,1.194133943021185E-4,9.900472500025438E-4,5.815275295523671E-4,7.93880411451109E-4,1.0388143454082009E-4,0.0014868660827155765,8.136150198503532E-5,1.8552722230003732E-4,0.0018988454765640512,0.0017884486615237902,3.503498254624962E-5,2.1157204485037335E-4,1.2897222193045937E-4,4.946087294157272E-4,0.0012936137397942466,0.0034520397666179667,0.008521564817347243,0.0010456404002335488,3.6091775167994093E-4,0.007979424890163782,6.708608801301787E-4,9.669683472339637E-5,7.355362345869376E-5,1.0,5.2497778813919E-4,9.971952857480942E-4,1.1317656058797907E-4,8.4956118549298E-4,0.0014372544441758818,9.104123558430182E-4,0.002440602686385177,3.2232330785212534E-5,0.0029368033054552843,0.0013611502093482102,1.4396425393575725E-4,5.519352277655905E-5,0.0011097582781816216,1.1613417416573578E-4,1.2586641849730043E-4,1.1128479825247482E-4,0.007241431340760293,0.005526383587066268,0.016747380997139977,1.7618306021302698E-4,1.2169175321491786E-4,6.893677053980482E-5],[0.01879227193980365,0.0011385672056765923,0.0012284505208805226,4.1118544479657067E-4,0.001604475534257186,0.0010636110737172473,0.001075316038010626,4.983863210469494E-4,0.002270098045661086,3.418487402898362E-5,7.631017489614632E-4,0.001523218574359244,0.0020881595814790945,2.1763617958164236E-4,0.0013183509114475201,5.763180383779554E-4,0.001093581433820758,0.0013414503858167424,0.0018308235835887516,0.0038757382637960563,0.001156457807129911,0.0011107255787065804,0.007035221794493896,0.0011199992521689023,0.001020182437590008,7.358925427034212E-4,5.2497778813919E-4,1.0,0.001047455162738025,8.328653420873342E-4,0.0010501208790383815,0.0015008587794350541,0.0036031953610127536,0.0021412562535750705,0.0010320344940436066,0.003386614775389943,0.0013408306405647047,3.1548979217267E-4,5.636738379632882E-4,0.002303155377315434,1.1649554719659438E-4,8.931703761137799E-4,6.482975921217513E-4,0.007037543795109997,0.022256380269204918,0.007954454793454292,7.530994058348971E-4,4.14520275874417E-4,2.1160745684458668E-4],[0.03759943142433453,0.0013895082473857428,0.0013330141694499519,9.031581902933094E-4,0.00130269812706894,8.024468358616362E-4,0.0010247062344756472,4.039350297997573E-4,0.003263789793912286,9.103654961986085E-4,5.675261020337678E-4,0.0012566139055597279,0.0017973172709664295,8.578669522957738E-4,0.001231742463250812,3.788088440513436E-4,0.0012157095325129083,0.0013550124208884945,0.002590503128408763,0.011091537613486035,0.0010568407988420867,0.001347652228302502,0.008512617268035734,0.0011131239835597653,3.2156533638017046E-4,1.0487380203032232E-4,9.971952857480942E-4,0.001047455162738025,1.0,6.700249292600975E-4,0.0010031403063408134,0.0010620591112908,0.004665703467341464,0.0026916068969481373,3.3123102229406034E-4,0.004795328401857393,0.0011804534023642198,4.212778338825023E-4,5.959589767986123E-4,0.001021465592270829,4.3225950002522337E-4,4.936188804680734E-4,3.823937313585972E-4,0.0015781987190951665,0.015968930502727893,0.017383083670601766,2.904812453878979E-4,5.366055807526394E-4,4.4385496276212397E-4],[0.019054462878451597,0.001120770362212997,0.0016780946513866102,1.1240245576749265E-4,5.521586882399623E-4,4.176701720501254E-4,1.6938248987795432E-4,6.797426622058548E-5,0.006215373250587346,4.135166657176612E-5,2.155415451623639E-4,0.0012320159544020575,0.0024459537754654647,9.623707579632413E-5,7.289553510399787E-4,1.4600227218587692E-4,1.530308047147566E-4,1.8830591301022284E-4,0.004254609532434966,0.00811995983274218,5.554060462078336E-4,1.4338480754847425E-4,0.010307377381296907,9.463907603916129E-4,8.6844783521102E-5,8.418300050068407E-5,1.1317656058797907E-4,8.328653420873342E-4,6.700249292600975E-4,1.0,1.284977607184242E-4,0.001234432141445805,0.008586315773607162,0.0016924878099301066,2.5221105605863465E-5,0.00619630094734883,0.00101893142643822,1.3314883112801792E-4,5.433386709572851E-5,1.7970701924801554E-4,1.0775155109193046E-4,1.1716033481534577E-4,6.421359872554858E-5,0.005684765800384659,0.00437052519830457,0.00765435727475159,1.175502557579074E-4,1.253315199288237E-4,4.624318251632432E-5],[0.03349598139691407,0.0014106821529268896,0.0011248278723866277,8.82024809679967E-4,0.0013777715811683511,9.260581021046635E-4,0.0010131545769332922,9.752134208253757E-4,0.003512549781861972,7.369523637263299E-4,6.240558218209415E-4,0.0012357739997510028,0.004729754982394145,2.0255294378972874E-4,0.0014454390939478664,4.2359946713938493E-4,0.0012390421570287783,0.0013585542261391188,0.002794332625297655,0.002972968223986785,0.001164161274246066,0.001047453638862878,0.003259337961988458,0.0010447549798919718,6.711776493835364E-4,5.608134894444229E-4,8.4956118549298E-4,0.0010501208790383815,0.0010031403063408134,1.284977607184242E-4,1.0,0.0010756480410013941,0.012184816215767036,0.001942608057008394,7.293839806286912E-4,0.0043660856563459225,0.0013021093462862597,6.548455489457036E-4,2.6395525762519783E-4,0.001487400315795487,3.037323355912325E-4,3.369373879960993E-4,2.749619716158264E-4,0.0030058169804555784,0.016028255115718808,0.004751469641646609,3.531238200218863E-4,6.417710506596098E-4,5.671365780849846E-4],[0.02007497921881555,0.0015468780843238186,0.0018334065236988476,0.0015345314338526476,0.0017122466177903718,0.0016410635431733653,0.0017310993023187439,0.0011092492493365341,0.004592803395604322,4.8341345248388535E-4,6.971823460064638E-4,0.0018781022197869653,0.0031597528751033865,0.0016334284046153383,0.0017137553783035796,2.1992397728062347E-4,0.0015273970676600646,0.001593821859524759,0.00299271797780451,0.011089707047821628,0.0012406986896307066,0.0016428725350316306,0.00889218286316817,0.001439140849119251,0.001068974077808129,3.170576196059695E-5,0.0014372544441758818,0.0015008587794350541,0.0010620591112908,0.001234432141445805,0.0010756480410013941,1.0,0.002429160278112294,0.002137864704809647,7.113801733918919E-4,0.006006829758134802,0.0017830688796623235,2.5187812082050484E-4,5.765010355668637E-4,0.0019575748760690638,2.0890629644260844E-4,0.0012420261656696824,0.0016680564042204295,0.0022617662924852974,0.011552688879076026,0.009516762417974296,0.0014016216852329874,3.03266522704451E-4,0.0016285546987238183],[0.03683560500132211,0.0034427124336100755,0.006362153519216104,0.005656972210658551,0.012395048481201385,0.010845200231859689,0.008747140978114121,0.002283393990087217,0.014124243011342403,0.007634374673495968,0.0027808344074195302,0.008008926450035191,0.005585483344937685,0.011232984486476586,0.0040232804966043685,0.006860044991857612,0.005492426106302498,0.002315332559699196,0.008728417946843104,0.011946540310219106,0.002343106294520951,0.00758112575098094,0.012567665319402845,0.002123434553360699,0.004391534211041352,0.0057750609971572225,9.104123558430182E-4,0.0036031953610127536,0.004665703467341464,0.008586315773607162,0.012184816215767036,0.002429160278112294,1.0,0.01192367853025483,0.007397133673195036,0.008217763727850583,0.0023425633606766667,0.008621409148261917,0.011471801961755203,0.010426701892199918,0.009378657156774972,0.0012953591377887963,0.007451077859132126,0.01208739195485344,0.0212520374959399,0.021546928684054258,0.0038939700195414722,0.0044982980171119485,0.0018865424472312728],[0.03884743779588685,0.003006871055221256,0.001931426683410659,0.0014443246351261824,0.002932008076582713,0.001880842884219388,0.0013540728641221772,3.606997177144367E-4,0.012288503102211254,0.0014658265633102697,9.442786069632184E-4,0.003244294070002515,0.0038232836619243676,0.0027138754429717675,0.002916715169400592,0.0016186837378560051,0.0031857241484697864,0.0021672756620566085,0.004860451734079991,0.008089791499932369,0.0031102761192853333,0.0032634277539966283,0.00687610675303306,0.0018703747465725936,0.0029122314216870936,0.0028873589184744697,0.002440602686385177,0.0021412562535750705,0.0026916068969481373,0.0016924878099301066,0.001942608057008394,0.002137864704809647,0.01192367853025483,1.0,0.0021792412089124582,0.0039136432713904,0.002280860651444975,0.0010937836289082372,1.0659234570212697E-4,0.003222594181821018,0.0031849098225027353,0.0019537144646741256,0.0011392187247688341,0.0037586708964926227,0.004078637996140351,0.022170131009276686,8.100221657844021E-4,0.0030045859941069744,0.0019297738315102483],[0.04011450960706391,8.984989963808667E-4,0.0013120177420302675,1.578754328515031E-5,8.836877262663785E-4,6.068955355971225E-4,4.6710793079602E-4,1.4142786963469113E-5,0.012838112023916111,1.7344064302899416E-5,1.1225093445686862E-4,0.001234382271821388,0.0025116993706247215,1.784944630476887E-5,9.681254292882323E-4,8.219093233964144E-5,3.0361473142813714E-4,6.745727207293257E-4,9.757467246888963E-4,8.221510553599684E-4,1.4377913809827922E-4,7.997328903913637E-4,0.01052452950606099,1.427196636937146E-4,1.7048918632158664E-5,1.6960822219063058E-5,3.2232330785212534E-5,0.0010320344940436066,3.3123102229406034E-4,2.5221105605863465E-5,7.293839806286912E-4,7.113801733918919E-4,0.007397133673195036,0.0021792412089124582,1.0,0.0038438056888540893,8.465894559262672E-4,6.730953458813704E-5,2.06992514175723E-5,6.150504153584678E-4,5.404299878722083E-5,2.9933098936444845E-5,5.2070347542502075E-5,0.006524469743677589,0.017660961371829927,0.006293444336732803,6.338495572602145E-5,7.439732703742214E-5,1.3397222067793803E-5],[0.01643146598923289,0.0046365999586306765,0.004730164935983023,3.8138133675594157E-4,0.0033030376032158622,0.0013910264462884203,0.005452307450324167,0.0049103114072431625,0.010389380932529908,0.003142034803614968,0.004748223674834837,0.005478834145747071,0.005990239668434833,8.574886463856611E-5,0.005180207434634822,0.006654836088270113,0.00672230195451253,0.004561596266022747,0.006719096619882135,0.00851520810416458,0.001198336798229399,0.002098446229385819,0.008968108741170707,0.006779997748018081,0.005345097395036013,0.0025055786928945226,0.0029368033054552843,0.003386614775389943,0.004795328401857393,0.00619630094734883,0.0043660856563459225,0.006006829758134802,0.008217763727850583,0.0039136432713904,0.0038438056888540893,1.0,0.002397468025089758,0.006807461129218857,0.00474259387834084,0.006098089328156689,0.007526973951883342,0.006298195919947442,0.007373093627091358,0.007929341287116753,0.021149248517828602,0.011310593620309973,0.004505475014998794,0.001083398920292875,0.0015090530237124712],[0.03158615829281403,0.001563204876755119,0.0017351024957530997,0.001077261653314728,0.0015929826251867576,0.00127790721500908,0.001132996825893984,6.003276914322486E-4,0.013871119344668123,8.593007860678764E-4,5.195270739570899E-4,0.001750717958516678,0.001801735586557638,0.001126406489020247,0.0015641888705637032,0.0015076381458583536,0.001495693400816879,0.001534923502868117,0.005085251763140021,0.006357278120927673,0.0012338164369556563,0.0015628674084221957,0.012012171728487715,0.0012684164614141316,0.0011513168964933796,3.2368393954984424E-4,0.0013611502093482102,0.0013408306405647047,0.0011804534023642198,0.00101893142643822,0.0013021093462862597,0.0017830688796623235,0.0023425633606766667,0.002280860651444975,8.465894559262672E-4,0.002397468025089758,1.0,7.964295705138853E-4,3.8864356423997027E-4,0.0024997935404026507,5.901907835112361E-4,0.00105300788706269,1.785576540210505E-4,0.0076125459206427834,0.022092796422177215,0.009599534019181854,0.0013969017347030888,0.0014569919306906811,0.0012144694058090215],[0.0330304364825,2.3564517230002E-4,9.295053339168108E-4,1.348450616776187E-4,0.0016285075297603569,3.448240466533364E-4,0.0010363702289879616,8.337546908508635E-5,0.0015611448023144915,1.378214140143965E-4,1.8706478181030955E-4,7.641568063282485E-4,0.0030408924553555947,4.353562262210753E-5,0.001294808039615011,1.5201250077004073E-4,6.833964448007502E-4,9.376456345768411E-4,0.001827509675798169,0.009887012134902637,5.084558370220949E-4,5.789079897656164E-4,0.0073590817363975766,5.414868217283366E-4,8.165095820496477E-5,3.3889441874106356E-5,1.4396425393575725E-4,3.1548979217267E-4,4.212778338825023E-4,1.3314883112801792E-4,6.548455489457036E-4,2.5187812082050484E-4,0.008621409148261917,0.0010937836289082372,6.730953458813704E-5,0.006807461129218857,7.964295705138853E-4,1.0,6.046519360863116E-5,2.1823892629352508E-4,1.3347420064055367E-4,1.4392358862050115E-4,1.4338370910062196E-4,0.005586597739768741,0.002324263079804873,0.018151669999585847,1.8072500593386274E-4,1.360369454395795E-4,1.2628720208756513E-4],[0.009711241383512662,3.2416177419402573E-4,4.603603800713684E-4,1.0539295174793053E-4,9.406039203578272E-4,4.494947916952447E-4,1.7712443081468804E-4,1.5696123859775562E-5,0.014587829943187225,1.8531465889261237E-5,1.6087970845774186E-4,4.4384403214503516E-4,0.0012435239179655459,1.999442813122131E-5,5.820968802423339E-4,6.866012369806164E-5,3.9004581655579596E-4,0.0012609767686693025,0.0022943865126667834,0.01075413135473955,0.0011086829853037706,0.0013532937746519795,0.005502909466486515,4.0929767047628045E-5,2.0257261003052144E-5,2.0330106933536756E-5,5.519352277655905E-5,5.636738379632882E-4,5.959589767986123E-4,5.433386709572851E-5,2.6395525762519783E-4,5.765010355668637E-4,0.011471801961755203,1.0659234570212697E-4,2.06992514175723E-5,0.00474259387834084,3.8864356423997027E-4,6.046519360863116E-5,1.0,0.0012689309969291624,9.125271479973898E-5,9.551050673318479E-5,4.233516582054558E-5,0.0014212149885071649,0.005451518458608997