[[1.0,6.268713500086711E-4,0.0015243895264265188,0.0022577528114010197,0.002886079080481874,0.0036101864203628028,0.0011337464675406817,0.0021356553419495782,0.0016816861520519309,0.0030002501754598067,0.012150279166109649,0.0026029147352743362,0.013655185172670881,1.7677093097022265E-4,0.0027982920093511366,0.003934694489364097,0.0028262741442595767,0.0036961692998872943,2.715314994033595E-4,5.176104944236061E-4,0.007984116837520174,0.0038303423350486876,0.0025347102637535293,0.002389562193409504,0.0035925009961195365,0.0025192724512923016,0.0027354787314846822,3.562365548127765E-4,0.0038701991810510474,0.0012198523621773944,0.0037000550512420135,0.00304224868906744,0.001562680458917342,0.0036525192781642797,0.0018512906532507393,7.241715913898725E-4,0.001870494234118823,6.476247765522022E-4,6.687916588407645E-4,2.768902817733304E-4,0.0038727527453401634,0.002681154658027352,0.003536057644058105,0.010796571587961094,0.003309920588791021,0.00245749242675705,0.002110591862972689,0.0013130595538145564,0.0060322814585105885,0.0021496969125821023,0.005483823164047379,0.003873713597932873,0.0021517952396242945,0.0037524165088439875],[6.268713500086711E-4,1.0,9.289886686766076E-5,4.826550368921349E-5,9.815173051284587E-5,1.8335624304947396E-4,4.173584905219969E-4,3.282284882898126E-5,5.559283311782089E-4,0.0014292433064387548,0.007480879628430098,2.731344911689133E-5,0.020418519240862104,4.8832121337172985E-5,1.882818296037623E-5,5.06549480460731E-4,6.412927578231777E-5,0.0025503182815316315,2.788371870056214E-5,1.2033904982086156E-4,0.004658168287202348,3.3022576204435385E-5,6.191603007429362E-5,5.264210068751979E-4,1.1418418705662299E-4,2.388157868071699E-5,9.373020895437211E-5,2.5925807515452624E-5,1.0916229456167526E-4,1.9237480156128326E-4,3.0387131224186074E-5,8.196896920560009E-5,4.0045892858759367E-4,0.0011494480642205553,7.891471895211083E-5,1.1067903620192992E-4,4.0326313326817474E-5,1.0523176324088289E-4,1.9588889315380956E-4,1.0249880639367272E-4,2.434633708023089E-4,4.915153940510865E-5,3.206772289611548E-4,0.004816482080622451,0.0015886144842928555,1.5709391943640144E-4,0.0010883603211516992,2.7606580209368228E-5,0.007389225342250903,2.1619264428031495E-4,0.005812663212785298,1.8740387281416954E-4,8.227544898476232E-4,0.001552877326841341],[0.0015243895264265188,9.289886686766076E-5,1.0,2.2924480925977093E-4,1.1055309783844242E-4,2.5025087878138456E-4,2.527401499141577E-4,2.2164242241836532E-4,2.970731351035133E-4,3.864436577372722E-4,0.006623559158772714,6.0667017551187114E-5,0.014032413249555347,1.5404807912682169E-4,9.317943664692377E-5,0.002710658780142899,2.3352392599067142E-4,0.0023634277578969847,1.4898854117264054E-4,2.1750431044275628E-4,0.009427962907977759,1.4999739338005398E-4,1.34003011825662E-4,9.469059415850106E-4,2.4761703469655666E-4,1.0593170921585548E-4,1.9307123477745205E-4,2.3794203051779157E-4,1.1853536780695926E-4,2.378307653334858E-4,3.632381966675201E-5,1.9840447179954359E-4,4.8438107272613315E-4,5.616561422809521E-4,1.47410248098001E-4,2.0428163635647075E-4,1.484890712698927E-4,2.526234609136309E-4,2.7109265296695314E-4,1.9486134460947984E-4,0.0036948325506795288,2.3504043093898838E-4,6.468425110099606E-4,6.926086608143475E-4,3.9625826475031783E-4,4.029707371587113E-4,3.5595091957412616E-4,2.3648073808583045E-4,7.598536813256608E-4,3.0352406968836267E-4,0.0033566627614747785,8.999766705471528E-4,3.3536657592093526E-4,0.003461803988792801],[0.0022577528114010197,4.826550368921349E-5,2.2924480925977093E-4,1.0,6.90370331325995E-5,1.9736619802147558E-4,1.5919979317547623E-4,9.54639290665665E-5,5.790344496669634E-4,8.908371483062332E-4,0.013897273451616366,5.338973938030435E-5,0.022694547135315813,1.1536820027641218E-4,3.258561684299295E-5,0.001054795827990073,1.0809860374445758E-4,0.0015278157755674834,4.562159357491327E-5,1.4455380622888493E-4,0.01137726801342903,6.177544540649954E-5,8.59265624136635E-5,5.859701008490198E-4,2.385622458698184E-4,3.5493850761094576E-5,1.2138664216459124E-4,2.5544921763536604E-5,1.1455307123114328E-4,1.3393506488333873E-4,3.480389829793123E-5,7.056720065601627E-5,2.6861062143954193E-4,3.598489986138641E-4,1.146147982955153E-4,8.51629193217625E-5,8.399518369115369E-5,2.2898015870758266E-4,1.0506718225028106E-4,7.347584999289456E-5,0.0026122680394858487,7.870115873514993E-5,0.0012830222005045689,0.009413310282942716,5.236482397647375E-4,4.91228015649335E-4,5.492166745968796E-4,4.727272757981212E-5,0.003502108159070969,2.5148366602020876E-4,0.001886547219626282,0.0021648559625790675,0.0014694072386317572,8.84920990484258E-4],[0.002886079080481874,9.815173051284587E-5,1.1055309783844242E-4,6.90370331325995E-5,1.0,2.601984234824794E-4,1.0787337633508305E-4,1.131197275750622E-4,8.095397371779647E-4,1.1161796772186709E-4,3.56246845362517E-4,9.570140079939195E-5,0.021383936534057166,1.0758528080241605E-4,3.174269625830403E-5,0.0011984863833052867,1.2692494466413781E-4,7.22236719274357E-4,6.816756543525787E-5,1.2559528906565468E-4,8.688007882467002E-4,8.939877395990493E-5,1.0214516612894986E-4,1.374164029203149E-4,1.595588535826635E-4,4.9677511739983856E-5,1.507900323167193E-4,4.65720599486335E-5,1.0928889385573799E-4,1.1401384092393935E-4,3.969264624268833E-5,1.0527657723043894E-4,3.089808168495665E-4,0.0010443214301879122,1.1319541094048306E-4,1.0777340276566698E-4,1.1050627484280982E-4,2.975250820610546E-4,2.1657079549656748E-4,1.1115364795508451E-4,0.0010340730526391389,1.0403917863544887E-4,9.942006427761756E-4,0.003446526640526797,8.657949404089661E-4,5.601991260405971E-4,7.526817571594532E-4,4.4073999416877886E-5,0.007132194819435935,3.0437285663872466E-4,0.0037522990941431114,0.0036104810094247123,0.0014685463258329251,2.924334431162226E-4],[0.0036101864203628028,1.8335624304947396E-4,2.5025087878138456E-4,1.9736619802147558E-4,2.601984234824794E-4,1.0,3.1709765908323814E-4,2.3688830167748872E-4,6.931195227971551E-4,0.001519004379175196,0.012396550519068749,2.681861027889483E-4,0.01894125611215467,1.6440048492604806E-4,2.3378307432029576E-4,0.0019139789278503742,2.757414765779108E-4,0.0018374192146657063,4.6789526985074104E-5,1.9644772745024168E-4,0.0035146836483099133,2.6463151860252543E-4,1.8437958298620757E-4,8.710312288464192E-4,2.653485234469925E-4,2.0947627838884664E-4,1.834117330696954E-4,2.1571805568467036E-4,1.175722887295373E-4,2.660830013701108E-4,1.430299563129715E-4,2.7233319778735473E-4,5.174186886436445E-4,6.45807226749208E-4,2.501804339393038E-4,1.9366123531445393E-4,2.1917960567603278E-4,3.026762474016791E-4,2.891599797385209E-4,1.3331886848672337E-4,0.0032277599929342545,2.041330702478277E-4,0.0014986134051861856,0.012051192848254802,0.001218603364025669,3.017256189832738E-4,5.638597498761127E-4,1.0789381983984025E-4,0.01029482513012587,3.634831823271414E-4,0.004017767955445084,8.202723697389111E-4,0.001271753996538297,6.164959683193652E-4],[0.0011337464675406817,4.173584905219969E-4,2.527401499141577E-4,1.5919979317547623E-4,1.0787337633508305E-4,3.1709765908323814E-4,1.0,5.576425214248235E-4,9.262843086181466E-4,0.0013867020555836766,0.003384392647822902,2.2507046229711645E-4,0.026115583872280742,2.613053724847314E-4,4.024917111927443E-5,0.0032786756260528137,2.5955217344314746E-4,0.0026320559921603984,5.267685807369979E-5,6.964294276527252E-4,0.008291565863940895,1.5276013104344985E-4,4.022413781164002E-4,8.903798521871135E-4,2.956260163681168E-4,4.188350422543856E-4,5.914464400756435E-4,5.939633848612174E-4,2.562215726778095E-4,2.4474675955153127E-4,3.8872946445202663E-4,1.1789388200288988E-4,5.439756722857066E-4,9.841905664436444E-4,6.679610086436933E-4,5.489885160462449E-4,5.151647997850711E-4,6.845987742340251E-4,3.6941653332676634E-4,2.508527629496211E-4,0.0017223008624361053,4.0117320280195595E-4,0.0011804410161177262,0.009617189893483523,9.535269092733415E-4,6.499547067238583E-4,7.741664957453129E-4,2.451299889039757E-4,0.0051757994622855085,3.992224584575859E-4,0.002938748494574846,9.713935228395798E-4,0.0013257599300519883,0.0019507018374388312],[0.0021356553419495782,3.282284882898126E-5,2.2164242241836532E-4,9.54639290665665E-5,1.131197275750622E-4,2.3688830167748872E-4,5.576425214248235E-4,1.0,4.27999770017355E-4,0.0012338256735539785,0.0047788422117160615,1.9179749704823645E-4,0.016499015664778335,1.5067397012742282E-4,2.181290136626803E-5,0.0035506478077798435,1.8800179783121614E-4,0.002596275117607436,8.692236065333645E-5,1.776355156526792E-4,0.004870987729788146,1.1854438303864324E-4,1.4704363991763534E-4,2.857797343178191E-4,2.3164118502552093E-4,3.330531047225395E-5,1.7745173572571537E-4,9.544913347916697E-5,1.221629735467929E-4,2.1997743952842326E-4,1.0545999994530795E-4,1.629438969121272E-4,3.034472115241096E-4,6.887098806440689E-4,1.490834560757876E-4,1.8583797438796902E-4,1.4752859360108779E-4,2.9157351565170563E-4,2.5168272238832216E-4,1.890653578840609E-4,0.002600925384239092,1.6738031382220668E-4,0.0014181530095772603,0.001013239544205904,8.865096448926366E-4,5.826795618632571E-4,4.695043430214329E-4,8.149729516372119E-5,0.007148607042970583,2.5499172277565913E-4,0.0016414266403262257,0.0026506564062695878,8.007708346575601E-4,3.001621275561942E-4],[0.0016816861520519309,5.559283311782089E-4,2.970731351035133E-4,5.790344496669634E-4,8.095397371779647E-4,6.931195227971551E-4,9.262843086181466E-4,4.27999770017355E-4,1.0,0.0017002247713374815,0.011538021083926365,8.440601340198097E-4,0.015984376126241505,4.5708324846161364E-4,0.0010897466262445536,0.0018098175271309604,5.511936170169272E-4,0.0014647055753663936,0.0010922090757715702,5.941714644409562E-4,0.007854910908887352,8.768117328565266E-4,4.8512992786736703E-4,0.001118718781888739,3.3921070583822885E-4,9.241648267599386E-4,0.0010480884090637637,6.772900345761099E-4,4.0884509837616796E-4,7.552805167266895E-4,3.5393086730501277E-4,7.213965863133639E-4,6.003735491490485E-4,0.001189033449152159,5.391846685444601E-4,3.561907710070306E-4,2.061999590829166E-4,0.0010017341383563316,0.0011334139493161092,5.834736495205214E-4,0.0034823736832086485,6.856525737834921E-4,0.001393634509070544,0.005043459721972465,0.001438538961447597,7.853328749665723E-4,0.0011768555380437021,5.274627402203323E-4,0.005392453168087768,7.141857975157949E-4,0.001513919214537466,0.003383584032564684,0.0013056335489392825,0.0036194493783299557],[0.0030002501754598067,0.0014292433064387548,3.864436577372722E-4,8.908371483062332E-4,1.1161796772186709E-4,0.001519004379175196,0.0013867020555836766,0.0012338256735539785,0.0017002247713374815,1.0,0.005720863465772682,0.0011438051304367147,0.004496017042099057,0.0011465941870645333,0.0012655538543460655,0.0022123740846874953,0.0017065442716829864,0.0021071529977014303,5.884393371551544E-4,0.001179074162826379,0.012395570659346003,0.001537667977043565,5.392285576420779E-4,0.0013772288561817283,4.5145180643563367E-4,0.0014998807665767252,2.604495990803462E-4,5.883947631803721E-4,1.431151262516628E-4,7.394785541888908E-4,0.0020283733598595254,0.0013977702427266459,0.0011139921721197415,0.0015630732157053396,4.7074609174093665E-4,0.0018501924202262289,0.0017906003471367489,3.466922130554614E-4,0.0014062530263841424,0.0018672393389691667,0.002312626775360301,2.018845830294607E-4,0.0017467257589657633,0.005144813502271148,0.0018917418186235088,7.830321235194757E-4,0.0016071262206990191,0.0012553070646582625,0.004338338994576395,0.0019789184912894723,0.006191019852856379,0.0023690417903569757,0.0015465189496111805,0.0027820174334649067],[0.012150279166109649,0.007480879628430098,0.006623559158772714,0.013897273451616366,3.56246845362517E-4,0.012396550519068749,0.003384392647822902,0.0047788422117160615,0.011538021083926365,0.005720863465772682,1.0,0.006651868531103361,0.02435566567492007,0.015078261165557976,0.0063663358853142124,0.010006518852523225,0.00961665757012521,0.008629686030446183,0.011309788040921195,0.0032396892922948745,0.013016101448651651,0.00979275273892782,0.01542590245277208,0.007145916274549354,0.010255755900357585,0.012200930295614447,0.01401306823304967,0.013378303365684319,0.005912747843198023,0.012485328489595831,0.006598533767586165,0.007237207021728052,0.0014901252476416378,0.00975374008818212,0.001051831460781586,0.008733514575062254,0.016607511494056492,6.519869147272339E-4,0.014541411750084185,0.008646131203054247,0.013309938009980446,0.016908190785474658,0.011148870054098568,0.014797020195111525,0.0037195386993353905,0.0038299896920656355,0.007681724044338274,0.014503824273014627,0.015439367923609594,0.009875296919108536,0.009743126479279865,0.014024868131954204,0.013467082404135716,0.014606167936253772],[0.0026029147352743362,2.731344911689133E-5,6.0667017551187114E-5,5.338973938030435E-5,9.570140079939195E-5,2.681861027889483E-4,2.2507046229711645E-4,1.9179749704823645E-4,8.440601340198097E-4,0.0011438051304367147,0.006651868531103361,1.0,0.021817244918908817,1.0599205496648961E-4,2.081077272031833E-5,0.0014937409525264068,1.3825069071969685E-4,0.0025041391348271684,1.573907056983766E-5,9.701604685857376E-5,0.011085511318344305,2.485769630281668E-5,4.8206648627747174E-5,7.968210051298209E-4,1.0545525643760292E-4,1.9746422525628042E-5,1.5773675192576252E-4,1.8254742763761533E-5,5.99040349339032E-5,2.1679790648940534E-4,2.564003476636503E-5,6.016434607612722E-5,3.1845588271941876E-4,3.3698308191138475E-4,8.058845371592565E-5,8.882675814051249E-5,8.951112897061102E-5,2.441790499677458E-4,2.354521498576416E-4,7.279092655506374E-5,0.003439472562023831,4.335164531349666E-5,0.0013304516008351354,0.008181489902293558,0.0010580933677160368,1.0349268788847154E-4,0.0010474224267769845,2.5525557356636054E-5,0.005929119771847529,2.1830011281256598E-4,0.003994877223034793,0.002905948616221552,8.709467356415038E-4,0.0021642011169863595],[0.013655185172670881,0.020418519240862104,0.014032413249555347,0.022694547135315813,0.021383936534057166,0.01894125611215467,0.026115583872280742,0.016499015664778335,0.015984376126241505,0.004496017042099057,0.02435566567492007,0.021817244918908817,1.0,0.008788823182244807,0.025612191047074042,0.005623367128219434,0.0201930049706374,0.01564694112590259,0.015115898543475718,0.0072930925856418884,0.026147154621508427,0.019171830572658758,0.004204109469723237,0.003732239175517241,0.004500443974198081,0.0013573148945322522,0.020075999105481124,0.01721651554733842,0.009040851729039477,0.019569456554269282,0.026718620829507937,0.006039792053726714,0.004122590908578206,0.014904935831246647,0.022641344771495122,0.0024365956164448367,0.0028957788703693017,0.020751260501670556,0.020387274261496183,0.026544243802136,0.021719573738375575,0.008832459043418355,0.02119593686304143,0.026166660116920083,0.01475886629748211,0.026310014210935803,0.01654002312793861,0.02630155755527541,0.013002550654092481,0.014772485819241891,0.007446920024723301,0.014200058819791424,0.010870204668972037,0.0066935263746676545],[1.7677093097022265E-4,4.8832121337172985E-5,1.5404807912682169E-4,1.1536820027641218E-4,1.0758528080241605E-4,1.6440048492604806E-4,2.613053724847314E-4,1.5067397012742282E-4,4.5708324846161364E-4,0.0011465941870645333,0.015078261165557976,1.0599205496648961E-4,0.008788823182244807,1.0,3.136618164463667E-5,9.463909854967663E-4,1.5262866447543082E-4,0.002509932924317906,1.0196801495330584E-4,1.442958333141186E-4,0.010300734228543594,1.2183103304180962E-4,1.352933221324675E-4,7.839270755900274E-4,2.465708534259434E-4,1.3514713796267266E-4,1.4438709891856E-4,9.523305998902048E-5,1.1575714702798645E-4,1.5316742825953927E-4,1.4023663121526692E-4,1.1701840102479831E-4,4.0686727404415607E-4,5.895450062291236E-4,1.3293821667414166E-4,1.3337033961765995E-4,1.1871124543871656E-4,3.1693678753150033E-4,1.87368029833933E-4,1.3638928908091857E-4,0.003256231283618115,1.4721885721540566E-4,8.533571899585395E-4,0.0104540275001916,0.0013172012565760014,4.1828976238190475E-4,6.817707484552306E-4,5.97846050475781E-5,0.0021882225797053966,2.774633366387617E-4,8.072488629766976E-4,6.840807028478632E-4,0.0010743903757122143,0.0026399261914332732],[0.0027982920093511366,1.882818296037623E-5,9.317943664692377E-5,3.258561684299295E-5,3.174269625830403E-5,2.3378307432029576E-4,4.024917111927443E-5,2.181290136626803E-5,0.0010897466262445536,0.0012655538543460655,0.0063663358853142124,2.081077272031833E-5,0.025612191047074042,3.136618164463667E-5,1.0,0.001968897392421312,1.1843361850248898E-4,0.0013702978600689765,1.4276475233757728E-5,1.0695436946430628E-4,0.010371413373798778,2.2946646751110343E-5,8.837424128442436E-5,1.6361378368641365E-4,2.4088901553265914E-5,1.780476922508444E-5,1.543130656566927E-4,1.6834444521271844E-5,7.848283842981265E-5,1.945431052678807E-4,1.8873550844539633E-5,7.395355808868353E-5,5.065708532457678E-4,9.395681449787736E-4,8.389461291455565E-5,7.266057895892766E-5,2.355129657387993E-5,1.5413020917169872E-4,6.872740641505212E-5,5.5779985918077236E-5,0.001641015968036472,1.1202143932860457E-4,4.001660379961723E-4,0.00625525551784288,8.818855397573786E-4,2.02375048248744E-4,1.367888929578735E-4,2.1224972454046947E-5,0.009111005646499776,2.0696625235345988E-4,0.0027231305394846412,0.0018281041648955446,8.640568630445438E-4,0.00231582407528256],[0.003934694489364097,5.06549480460731E-4,0.002710658780142899,0.001054795827990073,0.0011984863833052867,0.0019139789278503742,0.0032786756260528137,0.0035506478077798435,0.0018098175271309604,0.0022123740846874953,0.010006518852523225,0.0014937409525264068,0.005623367128219434,9.463909854967663E-4,0.001968897392421312,1.0,0.0012389661049136533,0.002900636823407744,0.003918824483763508,0.0016914257667209882,0.005106111481336962,0.001057263717145648,5.915093509065649E-4,0.0011859120674041445,2.61048545492549E-4,5.931445496564091E-4,4.324540169360772E-4,0.0026385508923027494,0.0030574316904022764,0.0026696886851163264,0.0018477172875388608,2.9782647607947896E-4,5.517587880838782E-4,0.0032600899049423796,0.003973720437396705,0.0038709929560316763,0.003348796773518683,0.0013015943346924854,0.0034957631193421553,3.015691599913675E-4,0.003909968437738314,0.0030972910842795953,0.003801553259463986,0.008812196457632825,0.0028587371146118323,0.0022467870395285446,0.0011293908512988594,0.0015707490198037983,0.005061357247988531,0.001985848565160982,0.005188116153502774,0.0038990981214084004,0.0025205054412013087,0.00401096864217748],[0.0028262741442595767,6.412927578231777E-5,2.3352392599067142E-4,1.0809860374445758E-4,1.2692494466413781E-4,2.757414765779108E-4,2.5955217344314746E-4,1.8800179783121614E-4,5.511936170169272E-4,0.0017065442716829864,0.00961665757012521,1.3825069071969685E-4,0.0201930049706374,1.5262866447543082E-4,1.1843361850248898E-4,0.0012389661049136533,1.0,0.0027560534595001598,6.007126238952978E-5,1.48609744657234E-4,0.009358056906209134,1.292234502900003E-4,1.4123385238722715E-4,3.159773874052594E-4,2.445154970268463E-4,8.266337154896704E-5,1.7409536817222503E-4,1.4505874140129788E-4,1.5376446422336244E-4,1.9584189811004479E-4,1.410230395013824E-4,1.371143304791502E-4,4.119784829381382E-4,9.480355342419923E-4,1.4020635367912313E-4,1.4125930230572865E-4,1.6265430608815193E-4,2.1306435998051125E-4,2.779919991305915E-4,1.3003710528732308E-4,3.2047265087527775E-4,1.644108861113557E-4,6.674247827282903E-4,0.006533413640878099,0.0014347415703560675,2.459462872925049E-4,6.563541637446705E-4,1.628415582417448E-4,0.006580455869795531,2.940565111234175E-4,3.4088899720496267E-4,0.0013581738942005954,3.86418736047857E-4,3.615219890955419E-4],[0.0036961692998872943,0.0025503182815316315,0.0023634277578969847,0.0015278157755674834,7.22236719274357E-4,0.0018374192146657063,0.0026320559921603984,0.002596275117607436,0.0014647055753663936,0.0021071529977014303,0.008629686030446183,0.0025041391348271684,0.01564694112590259,0.002509932924317906,0.0013702978600689765,0.002900636823407744,0.0027560534595001598,1.0,0.0011316899886918705,3.7837607459155205E-4,0.012456849074486633,1.7997087127777183E-4,1.963747011393977E-4,0.0021685344062127958,3.9255090116726557E-4,0.0014317180503642401,0.0027735846110780206,8.17620908330581E-4,0.0012874775855148634,0.0018713869786668885,0.00192274898034456,0.001614722485616963,0.0016700339963355195,0.0022108252198422018,0.001569849678638552,3.704007985778522E-4,0.0019894832364976377,0.001890196348445179,0.0022077199196538153,4.535384142647957E-4,0.0037100700295703212,5.485461379665745E-4,0.0021999710534044317,0.009031201277687998,0.0022826616723543285,0.001604106617728065,0.0011543133138059026,5.189208969836572E-4,0.008724914921021,0.002447685660956905,0.003285136149019219,0.0037884613379677097,0.002617236080704948,0.0034540233163310686],[2.715314994033595E-4,2.788371870056214E-5,1.4898854117264054E-4,4.562159357491327E-5,6.816756543525787E-5,4.6789526985074104E-5,5.267685807369979E-5,8.692236065333645E-5,0.0010922090757715702,5.884393371551544E-4,0.011309788040921195,1.573907056983766E-5,0.015115898543475718,1.0196801495330584E-4,1.4276475233757728E-5,0.003918824483763508,6.007126238952978E-5,0.0011316899886918705,1.0,2.5694625456931874E-5,0.007509841416519388,2.4484080132075235E-5,4.633662387165504E-5,1.6240324586698767E-4,8.19702124154912E-5,1.2667488153961205E-5,1.2735511245731327E-4,1.2485535615093502E-5,2.1894254121852844E-5,1.6426996503484596E-4,2.6117776558623016E-5,8.598254000015745E-5,4.5482661297574115E-4,4.7346274758144875E-4,3.93525657145829E-5,5.26090890984297E-5,1.1429382007965667E-5,2.931741767182789E-4,1.1056398294427279E-4,8.282954709624453E-5,5.485775503774687E-4,8.045490234645216E-5,6.37726403549695E-4,0.005581079431668165,0.0013271212224163819,4.2620224434555E-4,1.285419364851083E-4,2.139387225494246E-5,0.010036833563011658,1.545778008126662E-4,0.003404308896635861,0.0035135556412414634,3.8805214503979723E-4,0.001819162207073992],[5.176104944236061E-4,1.2033904982086156E-4,2.1750431044275628E-4,1.4455380622888493E-4,1.2559528906565468E-4,1.9644772745024168E-4,6.964294276527252E-4,1.776355156526792E-4,5.941714644409562E-4,0.001179074162826379,0.0032396892922948745,9.701604685857376E-5,0.0072930925856418884,1.442958333141186E-4,1.0695436946430628E-4,0.0016914257667209882,1.48609744657234E-4,3.7837607459155205E-4,2.5694625456931874E-5,1.0,0.005364257563815927,4.534469128393311E-5,1.3143982599546459E-4,6.192048360974479E-4,1.5474689241410145E-4,1.2538221301704197E-4,1.7189942561572248E-4,1.3924542574132213E-4,1.3684879091928622E-4,2.2481943235896484E-4,1.1221584222804042E-4,1.3736228062864936E-4,3.5045517237809607E-4,2.929023039589949E-4,1.3697961568150197E-4,1.3413097862886048E-4,1.4455392915786405E-4,3.165399347644465E-4,1.5997238111934453E-4,1.1802658347241665E-4,0.0025309100160208152,1.6058087049886067E-4,0.0014966878438199042,0.011610867777923615,0.0014496745588291119,4.974707564594876E-4,3.385291060885858E-4,1.3258762847695771E-4,0.009931451199521,3.6736614242451055E-4,0.0010997183862517478,6.889162113340122E-4,0.0014847983189592464,3.776205336469716E-4],[0.007984116837520174,0.004658168287202348,0.009427962907977759,0.01137726801342903,8.688007882467002E-4,0.0035146836483099133,0.008291565863940895,0.004870987729788146,0.007854910908887352,0.012395570659346003,0.013016101448651651,0.011085511318344305,0.026147154621508427,0.010300734228543594,0.010371413373798778,0.005106111481336962,0.009358056906209134,0.012456849074486633,0.007509841416519388,0.005364257563815927,1.0,0.0028292282962675054,0.012498395553386088,0.00732207967654744,0.006141792615913723,0.011586036089253838,0.0018664592514694037,0.005450821313087196,0.0010121975156037431,4.963014251614942E-4,0.002084195453883238,0.0012047360430903918,0.00856599782184123,0.004584788442399676,0.00802230067317089,0.010853597107747403,0.0034258018725791626,0.00147295645391651,0.008209599424161051,0.003672590822608026,0.011845675195054875,0.006348830671930789,0.003652049184464335,0.012497826374999146,0.007699156955133638,0.0072817022571464406,0.011164810205898488,0.002970160615377364,0.0124417772087818,0.002046093364338091,0.012112206960457346,0.0070368396861857,0.005886043876978797,0.005360798107580783],[0.0038303423350486876,3.3022576204435385E-5,1.4999739338005398E-4,6.177544540649954E-5,8.939877395990493E-5,2.6463151860252543E-4,1.5276013104344985E-4,1.1854438303864324E-4,8.768117328565266E-4,0.001537667977043565,0.00979275273892782,2.485769630281668E-5,0.019171830572658758,1.2183103304180962E-4,2.2946646751110343E-5,0.001057263717145648,1.292234502900003E-4,1.7997087127777183E-4,2.4484080132075235E-5,4.534469128393311E-5,0.0028292282962675054,1.0,8.105300151665509E-5,2.985603955762235E-4,2.1362754620410582E-4,3.120792666976752E-5,8.435243096081147E-5,1.8608859727350165E-5,8.264072021294319E-5,2.098596788920749E-4,3.367671009296421E-5,4.7385419359698464E-5,2.844078153470956E-4,0.001085690469990078,1.1246306207648903E-4,7.727467143694244E-5,6.033692807087647E-5,6.516831741261325E-5,1.2396412200936063E-4,4.655573030715608E-5,5.40336139420449E-4,7.917872648846833E-5,6.419051728221538E-4,0.01082771299023515,8.712307386926568E-4,2.181052458879936E-4,3.0468816874686447E-4,3.09437883148516E-5,0.0075416314512052555,3.432472211419873E-4,0.005569325077631976,0.0015777506229859351,5.910255400502261E-4,7.971878832225917E-4],[0.0025347102637535293,6.191603007429362E-5,1.34003011825662E-4,8.59265624136635E-5,1.0214516612894986E-4,1.8437958298620757E-4,4.022413781164002E-4,1.4704363991763534E-4,4.8512992786736703E-4,5.392285576420779E-4,0.01542590245277208,4.8206648627747174E-5,0.004204109469723237,1.352933221324675E-4,8.837424128442436E-5,5.915093509065649E-4,1.4123385238722715E-4,1.963747011393977E-4,4.633662387165504E-5,1.3143982599546459E-4,0.012498395553386088,8.105300151665509E-5,1.0,6.670046067554633E-4,1.6779601588567998E-4,8.169706712305469E-5,1.693490633731805E-4,7.959413241983318E-5,1.0754414820872547E-4,1.3660208801832287E-4,6.224925778944214E-5,1.0443403276320915E-4,3.91815315320722E-4,2.108727898107914E-4,1.2241997602364273E-4,1.1242764051028034E-4,1.0931298743709078E-4,2.269851114520227E-4,2.852000261974724E-4,1.0827483831130319E-4,0.0025729490343253825,1.2905564755744716E-4,5.438344652095982E-4,0.011417182552473528,0.0010414956564038264,3.5510013819941265E-4,8.101345363142801E-4,6.336614211327532E-5,0.0028450652900865454,2.883038382810584E-4,0.002447496771939118,0.003047595842048695,0.001260865799914181,0.0013711608721643082],[0.002389562193409504,5.264210068751979E-4,9.469059415850106E-4,5.859701008490198E-4,1.374164029203149E-4,8.710312288464192E-4,8.903798521871135E-4,2.857797343178191E-4,0.001118718781888739,0.0013772288561817283,0.007145916274549354,7.968210051298209E-4,0.003732239175517241,7.839270755900274E-4,1.6361378368641365E-4,0.0011859120674041445,3.159773874052594E-4,0.0021685344062127958,1.6240324586698767E-4,6.192048360974479E-4,0.00732207967654744,2.985603955762235E-4,6.670046067554633E-4,1.0,4.837209522548509E-4,8.670377589481873E-4,6.989081077622595E-4,1.932941302060455E-4,8.262773610777213E-4,7.604110302989625E-4,7.758464404194549E-4,1.664992460303411E-4,9.077988006356404E-4,0.0012388303051827578,4.67357838447102E-4,4.320426200254198E-4,6.615435258738435E-4,4.0241760243475634E-4,8.819449408696933E-4,4.4338101781817073E-4,0.002079473103533504,9.647668382325673E-4,0.0011731945210706441,0.009188130318526232,0.0017176416398637126,9.78164308122131E-4,0.001099639530272671,9.206345852089972E-4,0.009424391163599452,5.896354412055383E-4,0.0031044908276773578,0.0030985597253237263,0.0010711709498708835,0.003624479530095778],[0.0035925009961195365,1.1418418705662299E-4,2.4761703469655666E-4,2.385622458698184E-4,1.595588535826635E-4,2.653485234469925E-4,2.956260163681168E-4,2.3164118502552093E-4,3.3921070583822885E-4,4.5145180643563367E-4,0.010255755900357585,1.0545525643760292E-4,0.004500443974198081,2.465708534259434E-4,2.4088901553265914E-5,2.61048545492549E-4,2.445154970268463E-4,3.9255090116726557E-4,8.19702124154912E-5,1.5474689241410145E-4,0.006141792615913723,2.1362754620410582E-4,1.6779601588567998E-4,4.837209522548509E-4,1.0,4.849657395120406E-5,1.8891941292594597E-4,1.8881209035099007E-4,1.7930457153996653E-4,2.4673182136977903E-4,1.2208964386727127E-4,1.5898692200178271E-4,2.999575563459643E-4,5.109642065242021E-4,1.567127422458916E-4,2.2435616025994525E-4,1.9870334802622448E-4,2.6457223568414963E-4,2.6338841117676834E-4,1.553971841260134E-4,0.0025894679298836347,1.8880010776475926E-4,0.0010521682726954598,0.00996849133218766,4.083803859189489E-4,4.7972111848037797E-4,4.6919697876437517E-4,2.0916476196386957E-4,0.0036166615312640984,3.447729064645548E-4,0.0032973196879230644,7.213489276844461E-4,8.601043747129419E-4,0.0027594610066834975],[0.0025192724512923016,2.388157868071699E-5,1.0593170921585548E-4,3.5493850761094576E-5,4.9677511739983856E-5,2.0947627838884664E-4,4.188350422543856E-4,3.330531047225395E-5,9.241648267599386E-4,0.0014998807665767252,0.012200930295614447,1.9746422525628042E-5,0.0013573148945322522,1.3514713796267266E-4,1.780476922508444E-5,5.931445496564091E-4,8.266337154896704E-5,0.0014317180503642401,1.2667488153961205E-5,1.2538221301704197E-4,0.011586036089253838,3.120792666976752E-5,8.169706712305469E-5,8.670377589481873E-4,4.849657395120406E-5,1.0,8.704618042561118E-5,1.8698132960301175E-5,7.1758865199853E-5,1.9574217663720963E-4,2.9606737266217594E-5,5.564931660020888E-5,1.2629863737583774E-4,7.325621452230523E-4,6.925335888570246E-5,1.1085329900007573E-4,9.221830913040384E-5,2.831365661392546E-4,7.550656874233015E-5,1.1768384687438696E-4,0.001935736247793022,3.5618908540670353E-5,6.40587622625129E-4,0.008911771742087135,4.1687062427962453E-4,2.558523344333511E-4,5.913004604249894E-4,1.9353214317857422E-5,0.009469472121649032,2.965463937878297E-4,0.006684798057272282,0.0022028629757544806,0.0012525643718569776,0.0016135775062180334],[0.0027354787314846822,9.373020895437211E-5,1.9307123477745205E-4,1.2138664216459124E-4,1.507900323167193E-4,1.834117330696954E-4,5.914464400756435E-4,1.7745173572571537E-4,0.0010480884090637637,2.604495990803462E-4,0.01401306823304967,1.5773675192576252E-4,0.020075999105481124,1.4438709891856E-4,1.543130656566927E-4,4.324540169360772E-4,1.7409536817222503E-4,0.0027735846110780206,1.2735511245731327E-4,1.7189942561572248E-4,0.0018664592514694037,8.435243096081147E-5,1.693490633731805E-4,6.989081077622595E-4,1.8891941292594597E-4,8.704618042561118E-5,1.0,1.4687605969782226E-4,1.237514810320352E-4,2.3128313294527104E-4,7.582538740737987E-5,1.5222476272214338E-4,2.0288848683325519E-4,2.8171698152673516E-4,1.5672912819178516E-4,1.2186126581560482E-4,1.2110167414174219E-4,2.9252376706341836E-4,1.9201871100803027E-4,1.5162647858971032E-4,5.774882287534931E-4,1.6669880573823807E-4,4.94474994108769E-4,0.00469923003140334,7.386195144601562E-4,4.118907755238949E-4,0.0010168116267592023,4.460864311265252E-5,0.007271178968781815,2.6540454327284637E-4,0.001736513317703738,0.0018572412580314698,0.0012143127249282532,4.043556043656462E-4],[3.562365548127765E-4,2.5925807515452624E-5,2.3794203051779157E-4,2.5544921763536604E-5,4.65720599486335E-5,2.1571805568467036E-4,5.939633848612174E-4,9.544913347916697E-5,6.772900345761099E-4,5.883947631803721E-4,0.013378303365684319,1.8254742763761533E-5,0.01721651554733842,9.523305998902048E-5,1.6834444521271844E-5,0.0026385508923027494,1.4505874140129788E-4,8.17620908330581E-4,1.2485535615093502E-5,1.3924542574132213E-4,0.005450821313087196,1.8608859727350165E-5,7.959413241983318E-5,1.932941302060455E-4,1.8881209035099007E-4,1.8698132960301175E-5,1.4687605969782226E-4,1.0,8.036566935344711E-5,6.916248433959172E-5,3.022182753104109E-5,7.579316861034143E-5,3.5274378048682554E-4,0.0012780060770009286,1.1020330886251826E-4,2.6292275906545717E-5,9.398911792846991E-5,5.398808176827082E-5,9.130215349559953E-5,4.6848815676285436E-5,0.0034225641793898024,1.4971620058586903E-4,8.646461353913177E-4,0.011699670063470119,6.829748490381414E-4,2.891907826000759E-4,0.0011033397988631025,2.1158476184801456E-5,0.0027264421987140417,1.9617716159585192E-4,0.004035785850115957,0.0020515578959357738,5.973168756094423E-4,0.0035867382707488855],[0.0038701991810510474,1.0916229456167526E-4,1.1853536780695926E-4,1.1455307123114328E-4,1.0928889385573799E-4,1.175722887295373E-4,2.562215726778095E-4,1.221629735467929E-4,4.0884509837616796E-4,1.431151262516628E-4,0.005912747843198023,5.99040349339032E-5,0.009040851729039477,1.1575714702798645E-4,7.848283842981265E-5,0.0030574316904022764,1.5376446422336244E-4,0.0012874775855148634,2.1894254121852844E-5,1.3684879091928622E-4,0.0010121975156037431,8.264072021294319E-5,1.0754414820872547E-4,8.262773610777213E-4,1.7930457153996653E-4,7.1758865199853E-5,1.237514810320352E-4,8.036566935344711E-5,1.0,1.953221418141568E-4,1.1207580569590705E-4,1.127958344854886E-4,2.428644585814311E-4,3.7092756873877684E-4,1.1814326136668865E-4,1.1910478458721362E-4,1.1208341931787985E-4,1.3728998843339158E-4,2.2147971557743505E-4,1.1549076581219256E-4,0.003405582639216007,1.1979805318260664E-4,6.056127869000966E-4,0.0034818093382622357,0.0016839101130507255,5.958190871016201E-4,9.074413246850361E-4,1.1090111286754987E-4,0.008583721834666089,3.728745731608402E-4,0.004881167710252751,0.002141413164970735,1.6249376381784645E-4,0.0033214039724966554],[0.0012198523621773944,1.9237480156128326E-4,2.378307653334858E-4,1.3393506488333873E-4,1.1401384092393935E-4,2.660830013701108E-4,2.4474675955153127E-4,2.1997743952842326E-4,7.552805167266895E-4,7.394785541888908E-4,0.012485328489595831,2.1679790648940534E-4,0.019569456554269282,1.5316742825953927E-4,1.945431052678807E-4,0.0026696886851163264,1.9584189811004479E-4,0.0018713869786668885,1.6426996503484596E-4,2.2481943235896484E-4,4.963014251614942E-4,2.098596788920749E-4,1.3660208801832287E-4,7.604110302989625E-4,2.4673182136977903E-4,1.9574217663720963E-4,2.3128313294527104E-4,6.916248433959172E-5,1.953221418141568E-4,1.0,1.871625520208981E-4,1.0843322222830223E-4,4.401909474060678E-4,0.001256251027817412,1.8372241968881315E-4,2.2010393014136202E-4,1.1168228097589844E-4,3.1477665562369E-4,2.824318374957721E-4,1.3355808171403328E-4,0.0037411411316634396,1.99249380025012E-4,0.001359012377945805,0.005551939198362132,0.0011272335728846501,4.895630354190193E-4,5.906025278051518E-4,1.3137978995816723E-4,0.010297586211887375,2.62768452943725E-4,0.007030012049636951,0.0019297441559343658,0.0010394121267209657,0.001595477095468509],[0.0037000550512420135,3.0387131224186074E-5,3.632381966675201E-5,3.480389829793123E-5,3.969264624268833E-5,1.430299563129715E-4,3.8872946445202663E-4,1.0545999994530795E-4,3.5393086730501277E-4,0.0020283733598595254,0.006598533767586165,2.564003476636503E-5,0.026718620829507937,1.4023663121526692E-4,1.8873550844539633E-5,0.0018477172875388608,1.410230395013824E-4,0.00192274898034456,2.6117776558623016E-5,1.1221584222804042E-4,0.002084195453883238,3.367671009296421E-5,6.224925778944214E-5,7.758464404194549E-4,1.2208964386727127E-4,2.9606737266217594E-5,7.582538740737987E-5,3.022182753104109E-5,1.1207580569590705E-4,1.871625520208981E-4,1.0,5.041305437557051E-5,3.647981786722393E-4,4.7709226592450077E-4,8.085882912740205E-5,7.50214590107478E-5,4.144309476414716E-5,8.751232402607356E-5,2.317876320882991E-4,8.209076464275492E-5,0.0031676441070995725,1.4446992979830686E-4,8.895897780529861E-4,0.007077560723469633,0.001468172475957206,4.818493422142097E-4,6.281927208626704E-4,2.970765826171483E-5,0.0013853497864697603,6.116838056633781E-5,0.006264713944284116,0.0016041079887956634,8.632007368998044E-4,0.0027553139423418783],[0.00304224868906744,8.196896920560009E-5,1.9840447179954359E-4,7.056720065601627E-5,1.0527657723043894E-4,2.7233319778735473E-4,1.1789388200288988E-4,1.629438969121272E-4,7.213965863133639E-4,0.0013977702427266459,0.007237207021728052,6.016434607612722E-5,0.006039792053726714,1.1701840102479831E-4,7.395355808868353E-5,2.9782647607947896E-4,1.371143304791502E-4,0.001614722485616963,8.598254000015745E-5,1.3736228062864936E-4,0.0012047360430903918,4.7385419359698464E-5,1.0443403276320915E-4,1.664992460303411E-4,1.5898692200178271E-4,5.564931660020888E-5,1.5222476272214338E-4,7.579316861034143E-5,1.127958344854886E-4,1.0843322222830223E-4,5.041305437557051E-5,1.0,1.721563310731584E-4,6.917135690858796E-4,1.1966518587741247E-4,1.0967249752797874E-4,1.1111266291113549E-4,1.7227209004148648E-4,2.4816540591335046E-4,1.1641067165809952E-4,0.0010713611443877572,1.4704123336087445E-4,1.9061428002104138E-4,0.011452808337317474,0.0015965303134194068,1.3733214718946466E-4,8.032379889435784E-4,4.546860493734645E-5,0.006562286048505485,3.8909402458591803E-4,0.005692660755458146,0.002847666983961013,4.043390163739693E-4,8.14221015049901E-4],[0.001562680458917342,4.0045892858759367E-4,4.8438107272613315E-4,2.6861062143954193E-4,3.089808168495665E-4,5.174186886436445E-4,5.439756722857066E-4,3.034472115241096E-4,6.003735491490485E-4,0.0011139921721197415,0.0014901252476416378,3.1845588271941876E-4,0.004122590908578206,4.0686727404415607E-4,5.065708532457678E-4,5.517587880838782E-4,4.119784829381382E-4,0.0016700339963355195,4.5482661297574115E-4,3.5045517237809607E-4,0.00856599782184123,2.844078153470956E-4,3.91815315320722E-4,9.077988006356404E-4,2.999575563459643E-4,1.2629863737583774E-4,2.0288848683325519E-4,3.5274378048682554E-4,2.428644585814311E-4,4.401909474060678E-4,3.647981786722393E-4,1.721563310731584E-4,1.0,0.0012356206233067593,3.5526880788199194E-4,3.7422007513611394E-4,2.7675014796799683E-4,4.021041717197973E-4,2.938955312451474E-4,2.711124882976352E-4,0.0020043206163170126,3.999993919320137E-4,5.574042887446851E-4,0.002673219465741716,0.0017152672840977784,5.602749211446706E-4,6.589003670790163E-4,2.498895396592507E-4,0.00823733095145441,4.244087886777913E-4,0.0011808519780471477,0.00105695967342034,7.409780151724223E-4,0.0029844064004573147],[0.0036525192781642797,0.0011494480642205553,5.616561422809521E-4,3.598489986138641E-4,0.0010443214301879122,6.45807226749208E-4,9.841905664436444E-4,6.887098806440689E-4,0.001189033449152159,0.0015630732157053396,0.00975374008818212,3.3698308191138475E-4,0.014904935831246647,5.895450062291236E-4,9.395681449787736E-4,0.0032600899049423796,9.480355342419923E-4,0.0022108252198422018,4.7346274758144875E-4,2.929023039589949E-4,0.004584788442399676,0.001085690469990078,2.108727898107914E-4,0.0012388303051827578,5.109642065242021E-4,7.325621452230523E-4,2.8171698152673516E-4,0.0012780060770009286,3.7092756873877684E-4,0.001256251027817412,4.7709226592450077E-4,6.917135690858796E-4,0.0012356206233067593,1.0,3.6928329367701845E-4,1.4685469435412192E-4,3.5025306970792294E-4,3.95671923579333E-4,0.0012607337782274699,5.219141588805435E-4,0.002941452047196814,6.051432339513986E-4,0.0015310652862379841,0.009274584187721402,0.0015979428764928147,0.001142152324338711,0.0013539610953171516,6.099566541407222E-4,0.004725517880217137,0.0010504320359567396,0.00237218587870084,0.0027954272038475322,0.0015315761667085977,0.0016258375681984772],[0.0018512906532507393,7.891471895211083E-5,1.47410248098001E-4,1.146147982955153E-4,1.1319541094048306E-4,2.501804339393038E-4,6.679610086436933E-4,1.490834560757876E-4,5.391846685444601E-4,4.7074609174093665E-4,0.001051831460781586,8.058845371592565E-5,0.022641344771495122,1.3293821667414166E-4,8.389461291455565E-5,0.003973720437396705,1.4020635367912313E-4,0.001569849678638552,3.93525657145829E-5,1.3697961568150197E-4,0.00802230067317089,1.1246306207648903E-4,1.2241997602364273E-4,4.67357838447102E-4,1.567127422458916E-4,6.925335888570246E-5,1.5672912819178516E-4,1.1020330886251826E-4,1.1814326136668865E-4,1.8372241968881315E-4,8.085882912740205E-5,1.1966518587741247E-4,3.5526880788199194E-4,3.6928329367701845E-4,1.0,1.2037217224859091E-4,1.144837260880442E-4,1.7963273791653608E-4,1.7785241601530092E-4,1.207930657563937E-4,7.908286408754083E-4,1.5991436963039876E-4,0.0012234174654806398,0.0023875360571610654,0.0012370445565341739,5.070051725688992E-4,1.6557552767128674E-4,4.580542071015031E-5,0.007646627050840952,3.730742777151134E-4,0.004240579694569618,0.0018181118820021847,9.657334613042529E-4,0.001222324090060636],[7.241715913898725E-4,1.1067903620192992E-4,2.0428163635647075E-4,8.51629193217625E-5,1.0777340276566698E-4,1.9366123531445393E-4,5.489885160462449E-4,1.85