[[1.0,0.010637716969066405,0.0027224560033004015,1.1670877183651392E-5,0.0016585459523267578,2.5288506789746267E-4,3.571616300655419E-4,0.010686951633359273,0.005308034831261711,3.4131713141648517E-4,1.2224792371543972E-5,1.0557229408060396E-5,3.294405357553476E-4,4.734363769283879E-4,1.744781260651632E-4,0.015151991186561369,8.612040011871896E-4,1.636153732957578E-5,4.054068519805693E-4,6.171610952284906E-5,4.957623570157337E-5,5.004347857135058E-4,0.01145185581556554,2.985810029229258E-4,1.1531581168404928E-5,1.0817104314368822E-5,0.003963451513056695,0.0053930322679790295,3.751238641997168E-4,4.126423533733183E-5,0.007287694600407954,0.0020306939352112276,0.014180281881217062,1.0677899342180029E-5,0.001369814762896293,1.1580597758778486E-5,0.0010222263404325244,1.2339230426301031E-5,0.009605516213173338,1.227032915756122E-4,2.0424803273844227E-4,1.9617535900286168E-4,0.0013433626152204628,0.0010462263627319009,1.413289540273953E-5,0.016771208902487886,1.1222292448822168E-4,1.1050174624297111E-4,0.022187864327563013,0.0012542607614050756,2.4184715829097533E-5,0.022136392300072673,1.4607886912671952E-4,0.012276469560357668,2.8612636217364556E-4,1.620176918207413E-5,0.0012349876906391395,0.0012893154564917915,2.981453622381963E-4],[0.010637716969066405,1.0,0.029640937975971168,0.0076895609294121686,0.0026199363791345664,0.023063640107212492,0.022730740178562057,0.023011606232907045,0.017263370175356972,0.014923164094067635,0.011268502823485375,0.017040589829578023,0.014383188901829241,0.0013403880136214669,0.008776968180348165,0.02317187276582858,0.02332049276785539,0.008363204807904706,0.01503070297766767,0.003728785744844442,0.018843807001993607,0.01499985868117774,0.01860230224815137,0.02307012023810997,0.011119005222006538,0.02142217208426559,0.0070575518261183495,0.019469089620961277,0.009332806579663531,0.008564353936818819,0.02361858102645248,0.019029404248461987,0.02314783409582595,0.011035735738909222,0.023480726000465926,0.001166244442273467,0.008219931321068182,0.010586575857259027,0.021272045859284806,0.013434396799906514,0.018468953156475874,0.00919977813831451,0.0035790168424929816,0.005459528821818987,0.01915765584122631,0.022183760804500928,0.0069085004715630245,0.0059738062865290174,0.027795548792648655,0.014768748687419007,0.0016054527589361132,0.03025785329944013,5.186246109051039E-4,0.021190223449319485,0.01436156325733887,0.012554434984393167,0.011291312414572732,0.009279035843169506,0.01481280400759024],[0.0027224560033004015,0.029640937975971168,1.0,6.765326816392304E-4,0.031216429476911174,0.02907302726294291,0.009276030564853922,0.020760894609601125,0.013923013455161094,0.028881084107678655,0.011000933192971393,0.01958093226712825,0.015836976521747464,0.03075453663611449,0.02337833331350588,0.023505853029915206,0.026797418655353785,6.091021939734209E-4,0.011718111802704871,0.027180852022334064,0.012993750731547073,0.026360740367318176,0.022913415632915712,0.021579631131823856,0.014986692978718642,0.019108109215540084,0.01297083637418488,0.02043651734975171,0.011551437152869489,9.350420160242838E-4,0.026026212827509144,0.022029760764713083,0.029277077393024247,0.008765698899526372,0.026243726469402186,0.007432096457731622,0.0061050592339955585,0.01620396957997006,0.019185887250619423,0.01128114910986084,0.012571853596155624,0.001165229072499781,0.01333825464064411,0.01801427308533369,0.010271192211110461,0.024494828423921797,0.0239485618838988,0.02440465513774268,0.04938789460847592,0.009650825502215937,4.842307567722308E-4,0.03577053113796809,0.014567172127391548,0.017786722418696107,0.021390247912381644,0.026261343154269368,0.026720787427354602,0.007028242070591193,0.020331727982296585],[1.1670877183651392E-5,0.0076895609294121686,6.765326816392304E-4,1.0,3.849159335420513E-4,2.0168964805806577E-4,0.0016461127332434474,0.007857990360199166,0.002697522059037277,3.539858578867963E-4,1.447597319119084E-4,1.8348936075252473E-4,0.002059496987099447,4.773316797164878E-4,7.164055879030713E-4,0.018619545175368894,4.989223260436346E-4,1.5215353806051208E-4,1.9145282105293923E-4,1.2133809606036697E-4,1.2493211041206988E-4,1.9432657844171823E-4,0.011449033024232605,0.010521032644527008,2.190101893677416E-5,3.370479495678604E-5,0.002297000481924128,3.8525240090439436E-4,4.1658265703220065E-4,1.4720531313736508E-4,0.011604417035000016,0.002138774004409982,0.0029155068104193683,1.3762190256351965E-4,0.02002178329001049,1.138102312222061E-4,0.0011119708065533182,1.829214475001746E-4,0.003422508306862947,3.224451222082098E-4,0.0012662875658590066,4.568818192159221E-4,5.088572624317108E-4,7.705969590348746E-4,1.1672265785461487E-4,0.009388599546998163,1.404060131121167E-4,3.253201471959112E-4,0.05231553893802213,1.9384645394128212E-4,1.594137720236834E-4,0.029034758815486974,1.96789682700697E-4,0.004067305069379927,3.0715179180977907E-4,4.763650639951167E-5,0.0014294261309904792,0.0020813334421518463,2.532648703803804E-4],[0.0016585459523267578,0.0026199363791345664,0.031216429476911174,3.849159335420513E-4,1.0,9.300110575983212E-4,0.0018913711392484138,0.011850186766104867,0.01010632062609365,0.0017458617406191938,0.0014159117989078246,4.7548615190500616E-4,0.002157030789526512,6.367010361366874E-4,0.0021542180623656715,0.005519539871109648,0.00192899542053945,0.0013176101969185217,0.0017041728041966824,0.001727432674054351,7.768795544978016E-4,0.002042937025772172,0.013619263409095235,0.01777105276073218,8.924593936161818E-4,1.565356517955614E-4,0.00565581404961546,0.005636252590752882,0.001356229279209335,0.00175986773506042,0.011188201090062867,0.002352938078953532,0.017300846781075456,1.7335604473959473E-4,0.022090487151666255,0.0014208756791376802,0.0014415467494664491,8.888047741625052E-4,0.0106156568726078,0.0014368681272520288,0.001311724265503091,7.026288417163595E-4,0.0025774372101816127,0.0011136170147327525,0.0018052100633029647,0.010224551237704858,1.4791327575472185E-4,0.0011265995906452435,0.045692063802858875,0.0013129117444590978,4.2299353581327253E-4,0.008013301178617878,8.87953746976432E-4,0.004492804160678562,0.0018150379489854564,1.9564783483418192E-4,0.00360214353307198,0.0022219120132093585,0.001120233568344125],[2.5288506789746267E-4,0.023063640107212492,0.02907302726294291,2.0168964805806577E-4,9.300110575983212E-4,1.0,8.922956064776704E-4,0.011258861759949189,0.002199413789181122,5.923707252445357E-4,1.4727467877920377E-4,2.926017395784728E-4,0.0019233378756931183,5.416736974892899E-4,6.5092781865829E-4,0.0026252595109350157,4.167763771947547E-4,2.7658390334484246E-4,3.9046485756927854E-4,3.367348677985448E-4,1.637534628627364E-4,0.001067512983713085,0.009327508818083452,0.016797990710853236,3.495379607750298E-4,3.1448505334367836E-4,0.0034650184860272795,4.128824201625408E-4,4.2319753663587045E-4,2.0858864364945047E-4,0.002106333155651028,0.002049121350346872,0.001413755452971554,1.6901055596051783E-5,0.00150987595280024,2.838732899385067E-4,6.982054351307066E-4,3.581151682547433E-4,0.007326722711741364,7.585275574343757E-4,6.656043015535039E-4,5.404775062961228E-4,0.0013421875804631082,3.869890609710996E-4,1.0270998263193561E-4,0.009420971242782083,2.8739682744435076E-4,3.726719179474771E-4,0.04864168594553234,7.006196618897016E-4,2.618285225587482E-4,0.0031613925399725305,3.5174890971322135E-4,0.011461944750312885,3.960914426921631E-4,1.7172783618860142E-4,0.0017283568401845108,0.0018243260998362545,3.7768148646567746E-4],[3.571616300655419E-4,0.022730740178562057,0.009276030564853922,0.0016461127332434474,0.0018913711392484138,8.922956064776704E-4,1.0,0.011937082972804625,0.006990010863870726,0.001672900552405941,0.0015647842585408886,7.359781938804815E-4,0.001956292037257728,6.877402986872536E-4,0.0019334074116411516,0.010187911938868501,0.0014005511911553234,4.177141908561253E-4,8.817912965085968E-4,3.6814662780349796E-4,6.44203221991353E-4,0.0015584874844427402,0.003724888492694778,0.012808934286820882,0.0016910411334169061,5.737993608202346E-4,0.0019079514155461391,0.003812758161136657,0.0010655091929186078,0.001364675991850815,0.007769857221907688,0.002103758154442429,0.011930281060468978,5.300280749884847E-4,0.013905252031885112,7.485837949453763E-4,0.0015360735466714499,0.001199236703229529,0.003919301007931084,0.0014001201301287755,0.001630102956503105,6.637507636161877E-4,0.002639495422567152,0.0016083533852784596,1.5478002370768252E-4,0.009678323517393313,9.301973326314662E-4,0.0016720891974614312,0.044373981510156674,0.001672508641723195,0.0014795140138963289,0.014573323484956841,5.230423136906576E-4,0.0121038461710254,0.001669955066055957,0.0016256727870405613,0.002880427347588925,0.0017656330392353359,0.0015546967728347918],[0.010686951633359273,0.023011606232907045,0.020760894609601125,0.007857990360199166,0.011850186766104867,0.011258861759949189,0.011937082972804625,1.0,0.012397074125371083,0.013468536900230331,0.00522858509324738,0.0031167092852428507,0.01332990795798426,0.009258348968845677,0.006939275246757619,0.018602132157952495,0.009573663103371658,0.0057125057714289985,0.01298179070457098,0.013103355012110011,0.005315256980850205,0.01277899018683523,0.013973092234692945,0.01819554156667303,0.013631126486308423,0.004483378735600478,0.010329693592204902,0.014132390409837754,0.00905992528458379,0.007905905743041893,0.012818176521255545,0.01180768403043397,0.014331328032805365,0.012801337209811917,0.01410976551456891,0.008453262761391704,0.00711013989771472,4.423662152780056E-4,0.013294942831777764,0.012908138129872498,0.008991917606596227,0.0018654538763110133,0.010221186102021093,0.010297018911010685,0.01225604529101057,0.016098219048161864,0.013757647594901086,0.0027539745204537974,0.04088855889398528,0.012842705442936942,0.007332041264523834,0.01784450375661413,0.003037823885142403,0.014295367253840879,0.008260502496420128,0.007337849140543078,0.010657333793648761,0.004890942754488245,0.013449010969755662],[0.005308034831261711,0.017263370175356972,0.013923013455161094,0.002697522059037277,0.01010632062609365,0.002199413789181122,0.006990010863870726,0.012397074125371083,1.0,0.004343281508385307,0.009135797716177686,0.004289785034026004,0.005369411710138404,0.004604465654438949,0.006567675452511323,0.01370325294652424,0.00631412744204076,0.0012108381680475257,0.002728025281081029,0.0029745157310388302,8.880049375493473E-4,0.004954089725245654,0.011854617824038545,0.013470113817115593,0.003501556237891219,0.006153060054167923,0.007580710160903579,0.01125893245898533,0.005381139884886443,0.0053871326903467895,0.011141635196981246,0.004436201623171043,0.018754968543739113,0.003679461894927021,0.01836157571490491,0.009464672575000346,0.0032985462965460805,0.009147910620785467,0.011311786707212751,0.008404862537388142,0.004688704224887484,0.006107317161590498,0.003833010669420234,0.006626416502810647,0.00719854575879743,0.010252154924980965,0.005260284900933363,0.009343096079250102,0.0441467182920968,0.008914194016185095,0.009286336350835232,0.03914381923728735,0.001027608013477994,0.013704223368224536,0.0010419227663960122,0.005083183038762199,0.007186088487177351,0.004012930074828279,0.006284370620761696],[3.4131713141648517E-4,0.014923164094067635,0.028881084107678655,3.539858578867963E-4,0.0017458617406191938,5.923707252445357E-4,0.001672900552405941,0.013468536900230331,0.004343281508385307,1.0,9.967619070125322E-4,4.775284882763374E-4,0.0017333270020756383,0.0012656539689764905,0.0019194961852116766,0.009668345415016797,0.001571335877728993,3.9149214828995704E-4,0.0015076477085377688,0.0011913366667656237,2.1813565015999518E-4,0.0013095644663442207,0.011240811931221312,0.009417076983372255,9.216658773990925E-4,2.27895634650837E-4,0.002948775917821978,0.012704464952354617,6.59687935231463E-4,2.8768347022689703E-4,0.008147626301774603,0.0019758736165745405,0.0179572879836005,0.00162369470723657,0.004750375730105025,5.742931078615304E-4,0.0016079658409715344,0.0012242196191946564,0.011283588565196841,0.0016234916804931502,0.0015481305832185242,0.0010612688675632476,0.002172991250703041,0.001273530430607711,2.696556143003101E-4,0.003720041625879767,3.3456142738927267E-4,0.0015602598028333471,0.010716705403743872,0.001493428541625064,0.0010700379931857,0.013077959404293692,0.0013267999299570211,0.011048781237433875,8.530643403204881E-4,0.0010560370152872083,0.0038907464871121428,0.001863259043347679,0.0015909534934348947],[1.2224792371543972E-5,0.011268502823485375,0.011000933192971393,1.447597319119084E-4,0.0014159117989078246,1.4727467877920377E-4,0.0015647842585408886,0.00522858509324738,0.009135797716177686,9.967619070125322E-4,1.0,2.1407216315566055E-4,3.7991877200645337E-4,5.791542644777587E-4,0.0010826075871583143,0.011044378160822432,7.469154913770017E-4,1.5360708984931624E-5,1.2544824753743639E-4,8.712436190208741E-5,5.01097257365902E-5,5.433602503096517E-4,0.008750859942603242,0.008325975167602827,1.275831347732882E-5,1.215225435453563E-5,0.004671779750851072,0.008472704305525536,2.145808438770778E-4,7.966852871729973E-5,0.009448298568052094,0.0011344024882991076,0.01603048634696934,1.1628141450410009E-5,7.235928166714464E-4,1.2931615849421129E-5,5.69547376789302E-4,1.229663156190332E-4,0.010972610415869003,0.0011897414826215363,0.0011538472323495497,5.438958667281714E-4,9.78636259638708E-4,2.4220867501072515E-4,1.4579242949478127E-5,0.008953321315154235,5.087168409670045E-5,2.69120921524076E-4,0.040387059994856846,8.257065172510834E-4,1.0785827457365104E-4,0.01817644125899706,2.1840257810275685E-4,0.012629307479327058,4.909875102255419E-4,1.3873186991810881E-5,6.056208952215556E-4,0.0018065743416298525,3.086246106785045E-5],[1.0557229408060396E-5,0.017040589829578023,0.01958093226712825,1.8348936075252473E-4,4.7548615190500616E-4,2.926017395784728E-4,7.359781938804815E-4,0.0031167092852428507,0.004289785034026004,4.775284882763374E-4,2.1407216315566055E-4,1.0,0.0011735743247066773,3.136798580392793E-4,0.0016256247565492948,0.009330233768461952,5.428534242089952E-4,8.300731777708333E-5,3.726360000223749E-4,2.6786068129196216E-4,2.849565441896006E-4,5.712947032912453E-4,0.005847714491917508,0.002737814879966589,9.892479278266194E-5,2.5356971668332655E-4,0.0038286481770580597,0.00809055768913635,3.458339944730332E-4,1.160136530719027E-4,0.0054273976547388565,6.772175390766918E-4,5.698213379691861E-4,2.5893793807580287E-5,0.006792262750768482,2.5841800424646674E-4,5.83118085507693E-4,2.574324848513859E-4,6.151969379024313E-4,8.072714492312536E-4,9.063487994412781E-4,2.9610137721232095E-4,0.001664554782789756,5.568038629111107E-4,2.7744122940464182E-5,0.009937959549453772,2.3974140708892894E-4,3.2660430236942456E-4,0.035373476655669533,3.7790310281300243E-4,1.901042647860521E-4,0.019674783711490458,2.734512222514902E-4,0.006397550110603205,3.647434187673493E-4,2.423867779613069E-4,0.003093408350767203,5.786101030801243E-4,3.4042028541231897E-4],[3.294405357553476E-4,0.014383188901829241,0.015836976521747464,0.002059496987099447,0.002157030789526512,0.0019233378756931183,0.001956292037257728,0.01332990795798426,0.005369411710138404,0.0017333270020756383,3.7991877200645337E-4,0.0011735743247066773,1.0,8.085602435989358E-4,0.00209197224388972,0.015811682035918987,0.001595505930783696,0.0015687978853476778,0.0020400990037487813,2.5834181306638623E-4,0.0017710024966808254,0.0020570987964269377,0.014024072062577993,0.01686750826151058,0.001379830797572048,5.292914753084836E-4,0.0027366902013435785,0.0069737582591386385,4.8240645266153386E-4,3.122749395188733E-4,0.003237762133623443,0.0024274630144619754,0.006242805714666471,0.0013674093910501053,0.01784933089069341,0.001492044239096959,0.0019534711577286405,0.0015252123642407515,0.003960427627361206,0.001761769356855365,0.0013402676113377224,0.0017759037228864583,0.002487625744157667,0.002085805335228486,1.1150366982867224E-4,0.01658321336640416,5.870227271387215E-4,0.0010412852212965716,0.04246700776466992,0.0018036822954950135,7.360146005079107E-4,0.026845580334567822,4.561333545287158E-4,0.0055663344203382365,0.0015048891594216854,4.8337512404539264E-4,0.004642716891200403,0.002228143484787753,0.0016276318878685563],[4.734363769283879E-4,0.0013403880136214669,0.03075453663611449,4.773316797164878E-4,6.367010361366874E-4,5.416736974892899E-4,6.877402986872536E-4,0.009258348968845677,0.004604465654438949,0.0012656539689764905,5.791542644777587E-4,3.136798580392793E-4,8.085602435989358E-4,1.0,0.001932526856297061,0.006301395807154491,6.660558263182504E-4,2.1170124617352635E-4,4.26427074856862E-4,2.697927132207224E-4,3.228197217462204E-4,0.0011565282073044108,0.01254332274885377,0.010163793509463576,1.3571635504039232E-4,2.5765596143634354E-4,0.0030587404798454454,0.002787265408832917,4.2744298500837065E-4,5.572960443319872E-4,0.009864441942935653,7.133076516632504E-4,0.016019386105371392,5.5675216348550584E-5,0.017076927588881498,4.680304123415851E-4,0.0014060076163996912,4.838050978734403E-4,0.00936392425924761,6.152308872347748E-4,0.0011620344910500992,5.817335660267597E-4,0.0021888485744400504,8.654068400665312E-4,2.4046311503956867E-4,0.007376949595684045,4.282627035174122E-4,5.090329207481582E-4,0.029587731575967783,6.505569608708666E-4,2.9645689116371743E-4,0.02844245484418853,3.1993953734655873E-4,0.010894673440281177,6.321875749644465E-4,4.540198671955904E-4,7.150414176377749E-4,0.0012019958454112197,5.034300454364487E-4],[1.744781260651632E-4,0.008776968180348165,0.02337833331350588,7.164055879030713E-4,0.0021542180623656715,6.5092781865829E-4,0.0019334074116411516,0.006939275246757619,0.006567675452511323,0.0019194961852116766,0.0010826075871583143,0.0016256247565492948,0.00209197224388972,0.001932526856297061,1.0,0.007152099151904497,0.002055220288864791,0.0013735687706190277,0.0012135913878433564,9.86713032818117E-4,0.0011051596679878416,0.0014068324728168332,0.00855260629904626,0.003034396263587224,2.0074512887385387E-4,6.155217282838748E-4,0.0038173853168223327,0.013379857970561213,9.46588489077414E-4,0.0021213714084840837,0.009566246398525196,0.002212855492877195,0.007268293329542726,0.0015326073549604589,0.0062859341709954174,0.001632803011207783,0.0019503630252769937,0.0017609890068399961,0.006883644994284671,0.0015968652694448287,0.001849834829962137,0.0017152996100135865,0.00260057734042327,0.0013238636108255939,4.991652646251922E-4,0.002945701907710923,5.903594974421728E-4,0.0014976757068432176,0.04499426636289182,0.0014272803813153185,0.0010644714141046178,0.0046320321567760005,6.450454002343527E-4,0.0026713492212591863,0.001049994818470215,0.0020462247464477354,0.004427412531255496,0.0022090483754981572,0.001297144698493912],[0.015151991186561369,0.02317187276582858,0.023505853029915206,0.018619545175368894,0.005519539871109648,0.0026252595109350157,0.010187911938868501,0.018602132157952495,0.01370325294652424,0.009668345415016797,0.011044378160822432,0.009330233768461952,0.015811682035918987,0.006301395807154491,0.007152099151904497,1.0,0.01023553965412173,0.010048647468677315,0.015367519451238413,0.017387472575682357,0.003391050215306012,0.0017966218341701242,0.015355042888872987,0.018644204348280305,0.017661707954212034,2.3172887199530357E-4,0.012306223397722499,0.019394925993428055,0.017876617178890303,0.01186190151156453,0.013690029470282845,0.010344862874844915,0.0196078431372549,0.018450123019103398,0.0225134003685652,0.01602525131934022,0.015461874555036746,0.017323191948595315,0.018663186417337666,0.012576700475184267,0.01722881958574761,0.0016664535620821205,0.008557354703646287,0.015977510001252256,0.01580839327795257,0.019383141237614976,0.01661022021614253,0.0011066482059427882,0.0460465994517905,0.014110298277116712,0.015540957553043471,0.03259180773510608,0.0017890898318473668,0.017361651149640382,0.017534031385812082,0.006733602561978298,0.016340520227274825,0.0065546702906064645,0.008579946010830843],[8.612040011871896E-4,0.02332049276785539,0.026797418655353785,4.989223260436346E-4,0.00192899542053945,4.167763771947547E-4,0.0014005511911553234,0.009573663103371658,0.00631412744204076,0.001571335877728993,7.469154913770017E-4,5.428534242089952E-4,0.001595505930783696,6.660558263182504E-4,0.002055220288864791,0.01023553965412173,1.0,1.5245292476236084E-4,5.296487478842393E-4,0.0010415240586803976,7.752521675045104E-4,0.001104950248597535,0.009348534761797148,0.012176514078241172,7.540942021657221E-4,0.0010697760478110888,0.005420939328505327,0.012659292582556367,8.15209475832901E-4,6.750421442906303E-4,0.007310963419069903,0.0025147888418527273,0.0074943091977454765,8.047067408286899E-4,0.0034698297563638915,2.5654768251664003E-4,0.0012167523529244245,0.0010658860161855918,0.011114445216177651,0.0012098490626763255,0.0012082325098888567,5.834178830635829E-4,0.0020940988053847684,0.0010901916744404173,0.001042669967165629,0.0104165628804119,4.76878738211679E-4,9.36872334843127E-4,0.027613116435980696,0.0011931917195077497,3.013795159738067E-4,0.02749363229994823,0.0010163649387609007,0.009309318680684957,8.031925830918402E-4,6.565496622966059E-4,0.0023723985977214725,0.0014940363394595603,4.393018853790266E-4],[1.636153732957578E-5,0.008363204807904706,6.091021939734209E-4,1.5215353806051208E-4,0.0013176101969185217,2.7658390334484246E-4,4.177141908561253E-4,0.0057125057714289985,0.0012108381680475257,3.9149214828995704E-4,1.5360708984931624E-5,8.300731777708333E-5,0.0015687978853476778,2.1170124617352635E-4,0.0013735687706190277,0.010048647468677315,1.5245292476236084E-4,1.0,2.804557173035504E-4,3.32149672070855E-5,4.525079081446624E-5,7.23573370670883E-4,0.005494201131259932,0.0138337711721426,1.5660064162083933E-5,1.210700707209107E-5,0.006193401071113083,0.002126172388082668,2.4130345082193336E-4,8.301732190169862E-5,0.007682902799193461,0.0020887632578620377,0.0017623965792033537,1.5460709283552662E-5,0.015841824403827417,1.4858920575318182E-5,0.0014164571995180651,1.9818687114403128E-5,0.008517744316582202,2.741385297729985E-4,6.458733710756532E-4,2.4156531956497201E-4,0.0019782495192834848,8.100848487016305E-4,1.8872865466617953E-5,6.482677494905724E-4,9.775705273115166E-5,2.3244847736075111E-4,0.008120152012246914,9.321077552904068E-4,1.2793230375801167E-4,0.025178493625488216,2.153772566287446E-4,0.010547334812289658,1.6705396859203808E-4,1.8122721243207018E-5,0.002111335281092218,0.0017030938100024403,2.5807720491076794E-4],[4.054068519805693E-4,0.01503070297766767,0.011718111802704871,1.9145282105293923E-4,0.0017041728041966824,3.9046485756927854E-4,8.817912965085968E-4,0.01298179070457098,0.002728025281081029,0.0015076477085377688,1.2544824753743639E-4,3.726360000223749E-4,0.0020400990037487813,4.26427074856862E-4,0.0012135913878433564,0.015367519451238413,5.296487478842393E-4,2.804557173035504E-4,1.0,1.3895104587898727E-4,2.6637764678788187E-4,4.3379320416733427E-4,0.008270644893927936,0.006549107057131968,2.917136778871482E-4,1.4438336185035514E-4,0.004374154934110239,0.005591539297972263,4.0735864438156257E-4,3.791292621595575E-4,0.012204466843762588,0.0010008943076919928,0.00877853544798577,3.0482962770838253E-5,0.0068235942155163935,3.4622061113461286E-4,0.0010486275656015965,2.724573402027715E-4,0.004184645197321129,8.421586075675185E-4,4.1762009640109674E-4,5.15829011660487E-4,0.0025996317747905,9.675961256926401E-4,1.435829429318965E-4,0.013379291673123041,3.805984880871151E-4,3.6036155163056546E-4,0.008705269384858967,7.595047107621146E-4,3.1173633300905714E-4,0.036565466939341415,3.788478061271612E-4,0.005806798168906761,6.327466182428397E-4,2.0988418214922506E-4,0.0015925136013959563,0.0012344900559369352,3.5754307557983817E-4],[6.171610952284906E-5,0.003728785744844442,0.027180852022334064,1.2133809606036697E-4,0.001727432674054351,3.367348677985448E-4,3.6814662780349796E-4,0.013103355012110011,0.0029745157310388302,0.0011913366667656237,8.712436190208741E-5,2.6786068129196216E-4,2.5834181306638623E-4,2.697927132207224E-4,9.86713032818117E-4,0.017387472575682357,0.0010415240586803976,3.32149672070855E-5,1.3895104587898727E-4,1.0,1.110287281334227E-4,9.100809968864513E-4,0.010514242724904534,0.01264917639646923,5.276861913284743E-5,2.4958653268635524E-5,0.006190996241784707,0.002165700489975945,2.698294011321022E-4,1.0233190960439714E-4,0.009039297220789352,0.00197048200838084,0.004568121046406273,9.495197842358753E-5,0.018765701510929444,5.486934944699908E-5,5.910901843405499E-4,1.590867241122572E-4,0.008996310953070944,4.4531702119804037E-4,0.0012039337371653796,1.3643552721453165E-4,0.0014645484269705416,1.3671341557598677E-4,8.19786772796493E-5,0.00497595014042186,1.031676165246063E-4,2.560591176819979E-4,0.032692095141013545,0.0011871445771676312,1.3864216611239296E-4,0.038251628739577166,2.6243586007616105E-4,0.0013217506795743417,3.418431873922727E-4,5.501494317999637E-5,0.0028963502783620853,3.643580243873417E-4,1.7545503208515762E-4],[4.957623570157337E-5,0.018843807001993607,0.012993750731547073,1.2493211041206988E-4,7.768795544978016E-4,1.637534628627364E-4,6.44203221991353E-4,0.005315256980850205,8.880049375493473E-4,2.1813565015999518E-4,5.01097257365902E-5,2.849565441896006E-4,0.0017710024966808254,3.228197217462204E-4,0.0011051596679878416,0.003391050215306012,7.752521675045104E-4,4.525079081446624E-5,2.6637764678788187E-4,1.110287281334227E-4,1.0,6.774601544944588E-4,0.011117350471683681,0.011239481281150493,7.402079712033152E-5,6.442291222684802E-5,8.094079737236513E-4,0.008048728757371214,4.1027434245734695E-4,1.0693654742502395E-4,0.009262344295723512,4.7404213538751244E-4,0.006161723339380294,1.0291179183943589E-4,0.010549409967669992,3.752339945716901E-5,1.1184589178775205E-4,1.6002285565005331E-4,0.00949723539219027,1.35871288052187E-4,8.072584607527697E-4,1.3616621346873448E-4,0.0013664521129947748,1.14563220596753E-4,7.024868078642388E-5,0.0021439382763310502,1.1326539332036049E-4,2.6763691060347557E-4,0.03050715418259542,0.001093204052313408,1.576344283931076E-4,0.020933860389059134,2.5163148028749E-4,0.017016696626373933,4.1009263302896706E-4,5.287106858499134E-5,0.0023778352972041255,8.924932990816699E-4,1.5744218312571431E-4],[5.004347857135058E-4,0.01499985868117774,0.026360740367318176,1.9432657844171823E-4,0.002042937025772172,0.001067512983713085,0.0015584874844427402,0.01277899018683523,0.004954089725245654,0.0013095644663442207,5.433602503096517E-4,5.712947032912453E-4,0.0020570987964269377,0.0011565282073044108,0.0014068324728168332,0.0017966218341701242,0.001104950248597535,7.23573370670883E-4,4.3379320416733427E-4,9.100809968864513E-4,6.774601544944588E-4,1.0,0.011031496900310418,0.017629901625719646,9.851689715873748E-5,8.170433601144097E-4,0.004185549748017682,0.005252965050508814,4.645844915355937E-4,3.0826516724002375E-4,0.0043573129919582355,0.0012152414165096772,0.014433743141346224,1.8420748460618928E-4,0.012119509897400703,7.945663594423007E-4,0.0014182487754266285,9.507865439047435E-4,0.007462929852759509,0.0012140244046162016,0.0012264907631931664,0.0010623044701665453,0.001996836374118946,0.0011541267482825088,0.0010656525993209417,0.010924054945393759,6.138401689540098E-4,7.826804767134447E-4,0.0369456092927969,0.001227652486274734,9.658567108709779E-4,0.015560717556295841,0.0011636372063544727,0.012274968336791819,7.83730907674696E-4,7.604829081967099E-5,0.0023057606114544413,0.002055962647229919,5.498652425627226E-4],[0.01145185581556554,0.01860230224815137,0.022913415632915712,0.011449033024232605,0.013619263409095235,0.009327508818083452,0.003724888492694778,0.013973092234692945,0.011854617824038545,0.011240811931221312,0.008750859942603242,0.005847714491917508,0.014024072062577993,0.01254332274885377,0.00855260629904626,0.015355042888872987,0.009348534761797148,0.005494201131259932,0.008270644893927936,0.010514242724904534,0.011117350471683681,0.011031496900310418,1.0,0.016760330182848386,0.007239274459902187,0.006698127190128063,0.011537254527760627,0.014514192107488253,0.013253073358592993,0.004537583367448373,0.013261636614847111,0.01225638803376813,0.016315669837441312,0.00934632408511147,0.016795854702552526,0.004506633878157322,0.005599994229519749,0.007600380826506212,0.014143108014400115,0.0074285765171873555,0.008646776775286885,0.006491785966306051,0.007066104617699933,0.011921901111013898,0.012388911747267958,0.015900249436055516,0.013062287905249515,0.008422711336271767,0.028967800502478654,0.012819582531307397,0.011585313094308826,0.01618240558294476,0.01378611778466998,0.016099438646898015,0.008557341494191692,0.012588397812784997,0.007129765084155547,0.0061211645829691115,0.0029861189386527365],[2.985810029229258E-4,0.02307012023810997,0.021579631131823856,0.010521032644527008,0.01777105276073218,0.016797990710853236,0.012808934286820882,0.01819554156667303,0.013470113817115593,0.009417076983372255,0.008325975167602827,0.002737814879966589,0.01686750826151058,0.010163793509463576,0.003034396263587224,0.018644204348280305,0.012176514078241172,0.0138337711721426,0.006549107057131968,0.01264917639646923,0.011239481281150493,0.017629901625719646,0.016760330182848386,1.0,0.008650164891223467,0.007342091291679493,0.011203910192585972,0.014836004214678176,0.005442757493558324,0.002733131470826937,0.018336717004608247,0.014340648922490581,0.01864242871593783,0.0059432975862546535,0.020462283030483253,2.6864925064444734E-4,0.01230282227025426,0.015850962634464654,0.017983384236244324,0.015152663269599763,0.016294886826270758,0.007669264355974294,0.005605411323016153,0.009988207451241526,0.01071404970625359,0.017731676266572023,0.0025759360346832784,0.00683263968849395,0.04671161641178244,0.007010380505855423,0.003804676690921301,0.03436372345097831,0.0021380737268962362,0.018004466133274572,0.012062941619286024,0.0020974177448943873,0.011851090418029238,0.01097342331886772,0.014156120160446593],[1.1531581168404928E-5,0.011119005222006538,0.014986692978718642,2.190101893677416E-5,8.924593936161818E-4,3.495379607750298E-4,0.0016910411334169061,0.013631126486308423,0.003501556237891219,9.216658773990925E-4,1.275831347732882E-5,9.892479278266194E-5,0.001379830797572048,1.3571635504039232E-4,2.0074512887385387E-4,0.017661707954212034,7.540942021657221E-4,1.5660064162083933E-5,2.917136778871482E-4,5.276861913284743E-5,7.402079712033152E-5,9.851689715873748E-5,0.007239274459902187,0.008650164891223467,1.0,1.2095782245982455E-5,0.001061741584303962,0.010009588206687467,1.680820811911699E-4,7.90780716940683E-5,0.007460748453309233,7.824628908529396E-4,0.017688055954043394,1.2439878797315827E-5,0.004096124357285814,1.4303995856913353E-5,9.351990525651768E-4,7.761884583714501E-5,0.011720755356468996,8.461680471859159E-5,8.980054527262881E-4,2.4368790112971758E-4,9.993503057065182E-4,8.676695493066372E-4,1.6358039368572575E-5,0.010828298354364461,1.353684792686161E-4,2.596616778309364E-4,0.019184806606354566,5.645218995507068E-4,7.308881935607808E-5,0.02024493567069077,1.6311408639116306E-4,0.01586734015536981,4.4542917922759333E-4,1.687040486844081E-5,0.0010961545164271183,3.0690371674523106E-4,2.3579904583340106E-4],[1.0817104314368822E-5,0.02142217208426559,0.019108109215540084,3.370479495678604E-5,1.565356517955614E-4,3.1448505334367836E-4,5.737993608202346E-4,0.004483378735600478,0.006153060054167923,2.27895634650837E-4,1.215225435453563E-5,2.5356971668332655E-4,5.292914753084836E-4,2.5765596143634354E-4,6.155217282838748E-4,2.3172887199530357E-4,0.0010697760478110888,1.210700707209107E-5,1.4438336185035514E-4,2.4958653268635524E-5,6.442291222684802E-5,8.170433601144097E-4,0.006698127190128063,0.007342091291679493,1.2095782245982455E-5,1.0,0.003659400891255455,0.010965639776547353,3.2398764271586103E-4,1.3232774084004332E-5,0.007791842514112714,0.0018158987936878544,0.006220430920055911,1.102333124542689E-5,0.01774416884398294,1.2755333992186823E-5,0.0010411626635058342,2.6001987887068492E-5,0.00642011203208082,8.505710229899157E-4,9.948451480900943E-4,4.6309788116729965E-4,8.477078280933285E-4,9.345463473031335E-4,1.7587779154116537E-5,0.016832342104005835,1.2224277295950524E-4,2.1242178275422555E-4,0.047049941111074876,8.637614864461097E-4,2.2188767533940252E-5,0.009747899861671887,2.133342710010563E-4,0.007252861904803494,4.7573338973337014E-4,1.7330180615008323E-5,0.002532178821474038,0.0016242778903363434,3.0247965733217494E-4],[0.003963451513056695,0.0070575518261183495,0.01297083637418488,0.002297000481924128,0.00565581404961546,0.0034650184860272795,0.0019079514155461391,0.010329693592204902,0.007580710160903579,0.002948775917821978,0.004671779750851072,0.0038286481770580597,0.0027366902013435785,0.0030587404798454454,0.0038173853168223327,0.012306223397722499,0.005420939328505327,0.006193401071113083,0.004374154934110239,0.006190996241784707,8.094079737236513E-4,0.004185549748017682,0.011537254527760627,0.011203910192585972,0.001061741584303962,0.003659400891255455,1.0,0.0064382596228146375,0.001678135424029848,0.0034116482811313003,0.006691552031786595,0.006116242110216787,0.01006355180485412,0.0018960441550193623,0.011686671012662084,0.005225451272351853,0.003650077776541576,0.004858406387717654,0.011576805167071994,0.0012378515906482177,0.00620152298357107,0.0022710819586701635,0.005988701753462562,0.0030519987590267254,0.004220416708978358,0.009162143170148813,0.002243799782420475,0.001395820812942785,0.013156135638273581,0.003473796908458582,0.002671403719114728,0.023928767814848012,0.0012385466747555367,0.013356734749443957,0.0026828903756551605,8.066125222202495E-4,0.005472273648619625,0.005374926396100713,0.0027223539673695103],[0.0053930322679790295,0.019469089620961277,0.02043651734975171,3.8525240090439436E-4,0.005636252590752882,4.128824201625408E-4,0.003812758161136657,0.014132390409837754,0.01125893245898533,0.012704464952354617,0.008472704305525536,0.00809055768913635,0.0069737582591386385,0.002787265408832917,0.013379857970561213,0.019394925993428055,0.012659292582556367,0.002126172388082668,0.005591539297972263,0.002165700489975945,0.008048728757371214,0.005252965050508814,0.014514192107488253,0.014836004214678176,0.010009588206687467,0.010965639776547353,0.0064382596228146375,1.0,0.0016771330858621099,0.004166924562720912,0.013573432381782583,0.013412249124080624,0.016115670398221423,0.0012198539333798792,0.021870168283113625,2.0569364557007581E-4,0.010281651544003812,0.006062214679930514,0.012990478167185501,0.003730533061668091,0.010630100226337336,0.009367257194837107,0.013619146114624612,0.012816889325160714,0.0016453155536597952,0.016172231283638486,0.011880246847456562,0.0071249599188560955,0.031544822097000276,0.009930473547229732,0.011579931295823397,0.03221234331742499,0.00545936194764337,0.01602901999194781,0.002839636853861166,0.004559305253106195,0.010210982871579429,0.013843466051543076,5.114716053175982E-4],[3.751238641997168E-4,0.009332806579663531,0.011551437152869489,4.1658265703220065E-4,0.001356229279209335,4.2319753663587045E-4,0.0010655091929186078,0.00905992528458379,0.005381139884886443,6.59687935231463E-4,2.145808438770778E-4,3.458339944730332E-4,4.8240645266153386E-4,4.2744298500837065E-4,9.46588489077414E-4,0.017876617178890303,8.15209475832901E-4,2.4130345082193336E-4,4.0735864438156257E-4,2.698294011321022E-4,4.1027434245734695E-4,4.645844915355937E-4,0.013253073358592993,0.005442757493558324,1.680820811911699E-4,3.2398764271586103E-4,0.001678135424029848,0.0016771330858621099,1.0,2.4542791722652064E-4,0.00110791895341614,0.0013726036123721042,0.005538692176621089,1.321571553665581E-4,0.01923814614171006,2.1988415432760074E-4,0.0013606816822779805,3.4315861643855334E-4,0.011509050338432724,0.0010332837023505148,4.8501081305619124E-4,4.3030397100037775E-4,0.001484822206902119,8.367690358428784E-4,2.1512784843680856E-4,0.007449251436892006,2.9610561096707604E-4,4.0344199433791207E-4,0.04557214546439373,5.462867714763311E-4,4.2357558764973013E-4,0.0021179471262726852,3.7855910627467595E-4,0.008105161825514453,4.5302660461951617E-4,2.868528960553461E-4,0.0025906208462005767,7.308917803511986E-4,4.029997216844105E-4],[4.126423533733183E-5,0.008564353936818819,9.350420160242838E-4,1.4720531313736508E-4,0.00175986773506042,2.0858864364945047E-4,0.001364675991850815,0.007905905743041893,0.0053871326903467895,2.8768347022689703E-4,7.966852871729973E-5,1.160136530719027E-4,3.122749395188733E-4,5.572960443319872E-4,0.0021213714084840837,0.01186190151156453,6.750421442906303E-4,8.301732190169862E-5,3.791292621595575E-4,1.0233190960439714E-4,1.0693654742502395E-4,3.0826516724002375E-4,0.004537583367448373,0.002733131470826937,7.90780716940683E-5,1.3232774084004332E-5,0.0034116482811313003,0.004166924562720912,2.4542791722652064E-4,1.0,0.0030767117165574824,0.001396469678894102,0.0108393758649919,8.119967148014387E-5,3.567132300629684E-4,7.884410777725628E-5,0.0013987916708857594,1.8671616285974296E-4,0.0036277793291571475,6.564220166577144E-4,0.001105612501606876,2.2895432449083767E-4,8.136483445109628E-4,6.234167209601174E-4,2.1796635152466272E-5,0.0021369662370943378,1.3015914701424946E-4,1.1468044641861143E-4,0.05101489387048405,3.933026052068511E-4,1.3639678910238158E-4,0.036608121459457854,1.7912551639000457E-4,0.006987095845827055,2.0475562508376777E-4,6.793555788545644E-5,9.495700798793085E-4,6.268591712458333E-4,2.5970698452828025E-4],[0.007287694600407954,0.02361858102645248,0.026026212827509144,0.011604417035000016,0.011188201090062867,0.002106333155651028,0.007769857221907688,0.012818176521255545,0.011141635196981246,0.008147626301774603,0.009448298568052094,0.0054273976547388565,0.003237762133623443,0.009864441942935653,0.009566246398525196,0.013690029470282845,0.007310963419069903,0.007682902799193461,0.012204466843762588,0.009039297220789352,0.009262344295723512,0.0043573129919582355,0.013261636614847111,0.018336717004608247,0.007460748453309233,0.007791842514112714,0.006691552031786595,0.013573432381782583,0.00110791895341614,0.0030767117165574824,1.0,0.0027556797993633143,0.01833512824379675,0.009247458457061415,0.019141011306721262,0.011795245022466032,0.009675298019802672,0.004601784291844773,0.012610872258225644,0.008977127818914524,0.0032037614427817287,0.004151220628424917,0.0048640651963151,0.006213402356209916,0.011398080847540917,0.015273773028290423,0.008721681732123055,0.004445528769224011,0.03930524876302781,0.006278178532515462,0.008088831044102816,0.028739855472871282,0.0030151554810093403,0.015368469719005498,0.004477065019469805,0.01212018099004059,0.010817720584126857,0.0030122952260254856,0.005913399848288132],[0.0020306939352112276,0.019029404248461987,0.022029760764713083,0.002138774004409982,0.002352938078953532,0.002049121350346872,0.002103758154442429,0.01180768403043397,0.004436201623171043,0.0019758736165745405,0.0011344024882991076,6.772175390766918E-4,0.0024274630144619754,7.133076516632504E-4,0.002212855492877195,0.010344862874844915,0.0025147888418527273,0.0020887632578620377,0.0010008943076919928,0.00197048200838084,4.7404213538751244E-4,0.0012152414165096772,0.01225638803376813,0.014340648922490581,7.824628908529396E-4,0.0018158987936878544,0.006116242110216787,0.013412249124080624,0.0013726036123721042,0.001396469678894102,0.0027556797993633143,1.0,0.01822352594458062,2.6300041319203673E-4,0.0062025646205096045,0.002058037712536084,0.001602633035937998,3.3646643429064294E-4,0.0036945763673432064,0.0016537709933157976,0.0018749806747455126,0.002315417316127919,0.0026705236583385718,0.0013895069604339474,6.984369341935031E-4,0.01329875678976534,0.0010131645856034058,0.001994543574179337,0.017716778305024425,0.0020463841292746574,0.002300326304804065,0.020287778674420328,0.0010124979857791595,0.016745617736502474,0.0012524228893863267,5.303943332772239E-4,0.0028630382583279086,0.00256655893322372,3.7649416336746604E-4],[0.014180281881217062,0.02314783409582595,0.029277077393024247,0.0029155068104193683,0.017300846781075456,0.001413755452971554,0.011930281060468978,0.014331328032805365,0.018754968543739113,0.0179572879836005,0.01603048634696934,5.698213379691861E-4,0.006242805714666471,0.016019386105371392,0.007268293329542726,0.0196078431372549,0.0074943091977454765,0.0017623965792033537,0.00877853544798577,0.004568121046406273,0.006161723339380294,0.014433743141346224,0.016315669837441312,0.01864242871593783,0.017688