[[1.0,2.5639831136288946E-5,0.0017034207720639152,4.939320257038747E-4,8.635955450150829E-5,1.4003247156052666E-4,0.001002690146612617,0.016822193881297548,0.0012060196638033526,0.0028749814176867385,0.03256777062500138,1.061359278316241E-5,1.1327008350498837E-5,7.360157596524323E-4,7.659081797072087E-4,0.0012471229987635864,1.4920864087681747E-5,8.019058631634505E-4,1.7472765639404896E-4,0.009713362431959766,0.004762781593874638,1.7745399983364742E-5,1.5081465003439849E-5,2.2228664607176003E-4,0.0020249367698998402,0.003623246890145277,0.005739893790579938,6.802479075767298E-5,3.0605676778099983E-4,0.006323936984521644,3.431431826322609E-5,0.0010462013145664322,9.192152352791891E-5,1.2446476271201864E-4,1.7096805115048098E-4,0.0014827961969993688,2.6052945520879257E-5,6.306055166424545E-4,0.022302351818748747,7.430603389943263E-4,2.0691723489142123E-5,0.0011733569411061595,1.5142675021070196E-4,1.4993341737931155E-5,1.1646778778173895E-4,2.9306252060938894E-5,3.708067087829138E-5,1.39925756002765E-5,1.2189176964075402E-5,8.581811437549487E-4,1.3621480492791616E-5,0.006325800793758661,7.691381367374282E-4,6.192788628427685E-5,5.1371004594529875E-5,6.501353660660909E-4,4.881771876037048E-5],[2.5639831136288946E-5,1.0,0.0029467465176515745,3.425698257760131E-4,4.263900390235061E-5,5.354933034496601E-4,0.0013806886553102704,0.017123209986131396,5.922394074341711E-4,0.0018349027215913553,0.03117999928570839,1.3564783538755814E-5,1.31460852316821E-5,0.0012318511724453008,0.009546800910913455,7.252388947239302E-4,1.7825387608780792E-5,0.0020409961138292978,2.2423120534307005E-4,0.005970907400961218,0.012429829576191336,2.992142039613396E-5,2.9554700156378115E-5,3.114763513144046E-4,6.34688114869687E-4,0.006129323309348365,0.004073973499416086,9.897874964985387E-5,3.1027019894775976E-4,0.008956159319371342,7.3634256955307E-4,2.7829400452019704E-4,5.471215231608149E-5,1.0106887797462154E-4,3.957231084116403E-4,4.628223140959389E-4,3.06917787202905E-5,7.266872941379977E-4,0.09084399845846428,3.932348832031075E-5,2.638578330672428E-5,5.484410777125535E-4,7.105394384020858E-5,3.1221107452263245E-5,4.8182550572538764E-4,3.323984038080929E-5,7.785001383694859E-5,4.1358692855803505E-5,2.163742803961506E-5,1.1237624363538308E-4,2.75348526303317E-5,0.004229606340334194,4.2913388227565347E-4,5.983734774965686E-5,5.021025838871218E-5,7.337752072965394E-4,1.0295063508851035E-4],[0.0017034207720639152,0.0029467465176515745,1.0,0.004531336525271669,0.004646750054566348,0.0032640793421186394,0.004668036493373587,0.017393048771049913,0.003670937878104686,0.00462964869314374,0.00884448799369034,0.004491342379693063,0.004197625803093187,0.0038275776464042777,0.08147327987817148,0.004180827896829653,4.940126566690771E-4,0.003248775521168329,0.004343012096291332,0.007422116351198929,0.008469334455150484,0.0037346167721505085,0.00470977153817239,0.004380376294704569,0.003370559192927592,0.0077262460762782675,0.005501921635846129,0.001475972924492173,0.0010738832965702981,0.007584736472754644,0.004210970711818951,0.004533839056877923,0.0011890880324460873,0.0036966739746074244,0.002521605691961445,0.003261796019867495,0.003228943565154797,0.002770819044753638,0.03644212509354485,0.003868480735680296,0.0035596612249440404,0.002428432729007132,0.0028071486503819625,0.0020843909156298703,0.0016587294023209158,0.0021667857534939374,0.0012045176216663681,0.0028538597577139713,0.004103587594571247,0.004238124646278727,0.0027353992809732055,0.007525277285254713,0.0033599412660640674,0.0011830226674810077,0.0017996191040328218,0.003965279695277001,0.003602730633984598],[4.939320257038747E-4,3.425698257760131E-4,0.004531336525271669,1.0,6.611888398617809E-4,0.0010434911512744688,0.0010980013639781921,0.01802404678524905,0.002876642959177158,0.0037397144820972296,0.010235844369510826,3.343063292006045E-4,2.4172730983877458E-4,7.609978513275601E-4,0.047258227590687645,0.0021174226140647815,4.7794977276991146E-4,9.831311657770565E-4,4.943278983686333E-4,0.0020407562502345843,0.007976021432895565,4.205685224348711E-4,4.836137867849646E-4,5.247473129028445E-4,0.001849416414923889,0.005294681859922301,0.0019525709475888319,3.867020199288767E-4,5.328287073210261E-4,0.01191758738458213,0.0014245107599407583,7.16735953710534E-4,4.3326513749893466E-4,5.924470756355962E-4,6.466476646196987E-4,7.202924330071219E-4,3.038946081298241E-4,8.490401602639426E-4,0.0017772311227902682,9.893848548234592E-4,4.5603877546384453E-4,0.0010125543778067936,3.9032556087532986E-4,5.595656624794757E-4,6.29759821096448E-4,6.00702238356749E-4,6.253116270731245E-4,3.584994362038795E-4,5.038729651358529E-4,7.929654287483446E-4,2.7936216330872566E-4,0.002051286658696435,0.0011706855751914156,2.343990025551593E-4,2.1143954681879294E-4,8.754879451762143E-4,5.035901564462423E-4],[8.635955450150829E-5,4.263900390235061E-5,0.004646750054566348,6.611888398617809E-4,1.0,6.209368603618293E-4,0.0015874340253765758,0.00626660169718239,9.50139683032943E-4,0.00291654504444845,0.013097767611587846,6.847975649287909E-5,8.201301131056939E-5,7.455635425638932E-4,0.07610650744882169,6.257059646532882E-4,4.2830005433689226E-5,0.001841392436957928,1.9385174782864134E-4,0.009530664024156813,0.006003357446173934,1.137669180248101E-4,1.1022444781490406E-4,2.1252458117900007E-4,8.125304500534183E-4,0.0017628492594603594,0.0033809133267194507,1.1816201268518912E-4,2.5974239774962467E-4,0.00216657027225872,0.0010284921804234598,8.325357642640827E-4,1.8472208231285435E-4,1.2689852099280203E-4,1.4860850160812802E-4,9.871552373194726E-4,3.8486684492310465E-5,7.060630041868786E-4,0.08403562073617694,0.0010171602509811883,8.219857621796884E-5,4.100511247545346E-4,3.4213958986028945E-4,1.1327410749566947E-4,3.3588222247619753E-4,8.443851229051334E-5,1.1798879025366904E-4,8.542010148459401E-5,4.751654150341799E-5,6.614942127840887E-4,1.0693129846975481E-4,0.005280859871564467,0.0013163950996127618,1.1670871223121389E-4,1.220845005213375E-4,3.082190563444687E-4,1.1749149242569257E-4],[1.4003247156052666E-4,5.354933034496601E-4,0.0032640793421186394,0.0010434911512744688,6.209368603618293E-4,1.0,0.0012458519449820647,0.008399483620292374,0.0013156071382647027,0.003036587795207819,0.018299843462767328,7.070175376136323E-4,2.2719009489662306E-4,0.0013401242167417429,0.004000857360526862,0.001668043137643416,6.493667530572696E-4,0.0016722587647972997,9.870493859254767E-4,0.0018711475726092817,0.014647134191798002,0.0010791379253871087,8.959931819059105E-4,9.76163371922874E-4,0.0019134649129918105,0.0021054535773553542,0.005746435417837691,0.001019243586131701,9.768587076917886E-4,0.014274983234643648,0.0011809695658851881,0.0011441099525128166,0.001028746391081203,9.831984147448073E-4,5.551405101322737E-4,0.0024396605115814475,9.765563168410327E-4,0.001162756973746115,0.061650530167697476,0.001107723308627,1.8412950088475368E-4,0.001287260281979728,7.173690715603074E-4,7.014671070628268E-4,6.751831304040493E-4,1.311400940681247E-4,5.952919514920023E-4,5.540996920046678E-4,9.61095315964554E-5,9.467480465419944E-4,0.0010788196447457294,0.002441606111452722,0.0021013042470293987,6.136796176729947E-4,2.7446011532329884E-4,0.0011717893673623683,0.0010100140234253197],[0.001002690146612617,0.0013806886553102704,0.004668036493373587,0.0010980013639781921,0.0015874340253765758,0.0012458519449820647,1.0,0.015373049579681865,0.0022017716253074776,0.0017602085852615487,0.0248627354800536,0.0015728740750243762,6.562016395270937E-4,0.0016225277543797131,0.07167121304520731,0.0020916857615735983,8.985422520169046E-4,0.002065700311574991,0.0014965127108050493,0.006853326086635928,0.013845042642766583,0.0011076542711817006,2.3432439778903115E-4,0.0015447357346695314,0.0018576763434161594,0.0029124427566991954,0.005542788259193247,8.930504763831307E-4,6.67258671325191E-4,0.01493448006412896,0.00164062000835255,0.0016490436563384202,3.624157475813543E-4,0.0011347684469205604,7.581271421298855E-4,0.0017166038063525769,4.1035927963700377E-4,0.001347284440292868,0.0628048763387012,0.00137383691730396,0.0013243731262526505,0.0013798055562508754,8.213304661363679E-4,0.001052082913018151,6.205283336570541E-4,9.281207095586514E-4,4.949682710091902E-4,8.753233847877399E-4,3.6273201019851146E-4,0.0014734578603781336,5.18178444794341E-4,0.001778444465823043,0.001843055881082262,1.8056050518763046E-4,2.7208716890407417E-4,0.0015835305089309192,0.0016407546706145564],[0.016822193881297548,0.017123209986131396,0.017393048771049913,0.01802404678524905,0.00626660169718239,0.008399483620292374,0.015373049579681865,1.0,0.013883577792788319,0.010735405926270841,0.022029656425827035,0.019420027904050268,0.0214515252752543,0.011980380800898725,0.07331396926138918,0.017837682570498562,0.01385384589481449,0.018359519633370625,0.0027010758176791924,0.014854617809514236,0.019466172885892467,0.016176173800240598,0.008892982819088412,8.653993152806985E-4,0.004002298402081626,0.01932016652865417,0.015643211271654002,0.015564574035357723,0.013977290021981042,0.01790761859134849,0.01892722704290018,0.009336489028940102,0.004235680063402607,0.017499513919404415,0.020809506384873253,0.002858250174418799,0.021237669294105015,0.02098524583678575,0.08128129351682624,0.015137296453480388,0.014485235641327273,0.01055833595122382,0.01670171891783271,0.017403767429428795,0.011398154379643541,0.009533467616911007,5.974146121643071E-4,0.009405366080739807,0.005641845753626094,0.010003538529578861,0.0012955687704853103,0.019220069482505573,0.003836531994759502,0.01234489264204648,0.01490804450247534,0.0051504425921876235,0.0013120595792428557],[0.0012060196638033526,5.922394074341711E-4,0.003670937878104686,0.002876642959177158,9.50139683032943E-4,0.0013156071382647027,0.0022017716253074776,0.013883577792788319,1.0,0.0034435014630627126,0.027782957588845653,0.0013510009091471191,0.0029418406651414044,0.0017477176719962542,0.0685982139611474,0.0029794044298881808,0.0024619543770764115,0.0021998227481771987,7.613519600495446E-4,0.005092959215124846,0.0117232568678344,1.555144883558871E-4,8.828656309029239E-4,0.0022783685610053704,0.002523976303758004,0.006199813192845108,0.00358437775495838,9.726849170293567E-4,8.547724944362341E-4,0.00939632962495826,0.0019887731182336487,0.001762166060728292,0.0025513156742510232,0.002402661154882865,0.0020682246857084345,0.0031278072830197142,1.1313043156984462E-4,0.001919605495857877,0.009461579963102,0.00258873206666518,0.00160159216696514,0.0029165097629033866,0.0017603868403223359,2.541580088034271E-4,0.0018153000237232113,0.0031284779760976347,0.0030198766285992927,5.47101510825969E-4,1.9542415860329527E-5,0.0011669618315032805,0.0014914580632946254,0.005743039165029806,0.002412903180272674,0.002596218532774891,0.0026844092690144913,0.0019860743620241424,0.0010230237302248134],[0.0028749814176867385,0.0018349027215913553,0.00462964869314374,0.0037397144820972296,0.00291654504444845,0.003036587795207819,0.0017602085852615487,0.010735405926270841,0.0034435014630627126,1.0,0.026163472695436306,0.0028176020208717685,0.0037592301897672745,0.003979340085477156,0.03725348589099499,0.0037309907800252744,5.746354259348354E-4,0.0027833742635577884,0.0020919990135942037,0.007244412187834455,0.012456360698114285,0.003215604403424969,0.0015095132051332776,0.0032259132898696734,0.003333771477786796,0.009994923268401169,0.00445807175898988,0.0031445003658359264,0.003289263358508329,0.011696010512809527,0.003416467768112846,0.0016914369133122242,0.004048799783382611,0.004142874854396361,8.250788198176374E-4,0.004036459831575535,0.0017218206279532638,0.0033145198020462213,0.09891930651907817,0.003793837061060387,0.002475815999362394,0.001548104753711098,7.831477920868448E-4,0.0024860690945905624,0.004116386561496061,0.004100800809276387,0.003225032770549561,0.0029152800364362656,0.0016523520844177392,0.0026551906891645145,0.002286036037840229,0.006419822750669704,0.002828501408986608,0.0037190983424369743,0.0033235807655523845,0.0020888678566035193,0.001886560783915426],[0.03256777062500138,0.03117999928570839,0.00884448799369034,0.010235844369510826,0.013097767611587846,0.018299843462767328,0.0248627354800536,0.022029656425827035,0.027782957588845653,0.026163472695436306,1.0,0.0014199720415687077,0.01660781163140063,0.028203535558313786,0.06156088654290478,0.009533990115061557,0.03059917870136383,0.018637348645429562,0.01294493302459844,0.02191578556366844,0.02044099929894739,0.012245009129153685,0.021774188090985764,0.030187752707753167,0.026765536530504404,0.02831701641930795,0.03507191402890935,0.02746835025664024,0.019118252864810493,0.023224254790298843,0.01954584795371501,0.02537560364796296,0.010484295199504553,0.034355379639618905,0.0322442774224258,0.028911328387480634,0.0015635764111428022,0.003609127098389818,0.0878428813519346,0.0322444663967507,0.013540491171615756,0.0345066279828069,0.027013292507534377,0.014245913972934761,0.01190307780172155,0.026177738402096785,0.014537891542747762,0.026027374681612685,0.028629243658548284,0.030238796888816387,0.0195289221122031,0.010093754983023038,0.014373459146697094,0.016661257845234326,0.0335747755615876,0.026028904461382917,0.009426103773236707],[1.061359278316241E-5,1.3564783538755814E-5,0.004491342379693063,3.343063292006045E-4,6.847975649287909E-5,7.070175376136323E-4,0.0015728740750243762,0.019420027904050268,0.0013510009091471191,0.0028176020208717685,0.0014199720415687077,1.0,1.0506155919496453E-5,1.2458404685286695E-4,0.0332969353021671,0.0022007510600204686,1.4132528862152039E-5,6.501552981043884E-4,8.94237195717446E-5,0.0037393847150120605,0.0041651961519348635,1.4658168052445926E-5,1.80750922499253E-5,3.187715799584405E-4,0.0015092986137634353,0.011527719279567347,9.544729663788731E-4,1.4611282298320895E-5,7.742780093657875E-5,0.006567893730667916,5.464870668014562E-4,7.532743619174308E-4,2.3545737198130682E-4,7.057021271653935E-5,3.5212247649573795E-4,0.0020173589867196803,1.479605590722432E-5,1.6611999262271812E-4,0.07659493701497591,0.0010612479951836768,2.1175262404598602E-5,9.974768665149587E-4,2.6114590797602245E-4,2.4056753036328804E-5,4.258438238266102E-4,1.4775563012717708E-5,6.273858810364629E-5,3.610297784064375E-5,1.0632086037729972E-5,9.439245661675378E-5,1.2433206660437506E-5,0.001535716492587785,0.0019804247612454176,6.745478905444367E-5,1.2278767912020413E-4,0.0010253873619853935,1.1081606929635605E-4],[1.1327008350498837E-5,1.31460852316821E-5,0.004197625803093187,2.4172730983877458E-4,8.201301131056939E-5,2.2719009489662306E-4,6.562016395270937E-4,0.0214515252752543,0.0029418406651414044,0.0037592301897672745,0.01660781163140063,1.0506155919496453E-5,1.0,3.885607752317668E-4,0.07409349017542463,0.0015672645585121131,1.3490830955659392E-5,0.0017702411071291802,1.559638763922859E-4,0.002306747953161218,0.014228102039686935,1.3985773683329202E-5,1.7934357421394952E-5,1.0035673410394049E-4,0.0014640102848274348,0.01267417567741369,0.0025564178346564035,4.9628706633122946E-5,2.30759208184845E-5,0.0015636839325429558,0.0010424187603938402,7.402754006532905E-4,1.4004444819106591E-4,9.451198103228971E-5,3.415101474087034E-4,0.0022667648709501047,1.6580313531011853E-5,3.713913294372176E-4,0.07338689739838292,4.7232198428468E-4,1.9794465159566295E-5,8.398818395784002E-4,1.8779120989741356E-4,1.7177334144100025E-5,1.1849044621446447E-4,2.6815599582060372E-5,7.535813637391785E-5,2.398686681817383E-5,1.3016071374029602E-5,6.869284042449703E-4,1.3916729280841152E-5,0.002599306769882524,3.4874098927359506E-4,9.595515849097308E-5,1.1684152291487147E-4,0.0012203427375412986,5.4530052654214215E-5],[7.360157596524323E-4,0.0012318511724453008,0.0038275776464042777,7.609978513275601E-4,7.455635425638932E-4,0.0013401242167417429,0.0016225277543797131,0.011980380800898725,0.0017477176719962542,0.003979340085477156,0.028203535558313786,1.2458404685286695E-4,3.885607752317668E-4,1.0,0.06849769608683927,0.0015421424876298638,5.165878638174873E-4,0.00188113966535843,0.00137423734000965,0.00735542077362383,0.003911446952462284,2.056494115523421E-4,5.856511648503795E-4,6.223628351145669E-4,0.0016965079170660922,0.00890872174406997,0.005006558177130802,0.00111813832579467,0.0014527073009894121,0.0047991529096126865,0.0015210727558287863,0.0013493081061016388,5.804116316279731E-4,7.232011521661078E-4,4.5830920197058707E-4,0.0023261055076177904,0.0013294097706086575,0.001207874471565607,0.047037293781620595,0.0013810805445999795,3.535379120946389E-4,0.0014482163483484978,4.322761497478266E-4,0.0010282014278479889,0.0012252411348835984,0.0013078122041000903,4.7516860916668074E-4,9.9699718195276E-4,0.0012770330718910987,0.0013125798393874865,7.467074889325651E-4,0.004578873940435967,0.0015336507132687042,0.0010362591036134267,0.0015170474903522472,0.0013536772387208508,0.0013089438291942921],[7.659081797072087E-4,0.009546800910913455,0.08147327987817148,0.047258227590687645,0.07610650744882169,0.004000857360526862,0.07167121304520731,0.07331396926138918,0.0685982139611474,0.03725348589099499,0.06156088654290478,0.0332969353021671,0.07409349017542463,0.06849769608683927,1.0,0.017231299260577936,0.004354194975347997,0.07090829095463612,0.010160502200051446,0.028236086526195442,0.03250595903072409,0.01923158468208595,0.004896203687867676,0.00797660178676225,0.04517267500049036,0.03428068582381106,0.017278813953126672,0.012961831786748151,0.0035422586035532685,0.03481677428758609,0.07328322782223688,0.030692556367056322,0.06279707076318185,0.07640431613306299,0.031188157067905,0.06961132272143034,0.03861963541481012,0.0065984950126711395,0.09879075074168076,0.00778078912528662,0.04216374725050237,0.058663811418294014,0.015103022982830682,0.029572548344361942,0.032853147253906714,0.07848232031477653,0.061920017737728254,0.025383471940326367,0.026264734395993344,0.009319237807809286,0.0823471559890946,0.0405895676478574,0.03518308124714859,0.07729090827600217,0.05894611843198739,0.06409439710597215,0.03323493050342529],[0.0012471229987635864,7.252388947239302E-4,0.004180827896829653,0.0021174226140647815,6.257059646532882E-4,0.001668043137643416,0.0020916857615735983,0.017837682570498562,0.0029794044298881808,0.0037309907800252744,0.009533990115061557,0.0022007510600204686,0.0015672645585121131,0.0015421424876298638,0.017231299260577936,1.0,0.0012359896173605,0.002176523484091943,0.0023018416212259194,0.0053286580810156595,0.015144110487211412,0.0016310159932177832,0.002135279555418415,8.970283512411542E-4,0.002305926352465664,0.01134860734119451,0.0046836670532938605,8.552150877240358E-4,0.001182339949866158,0.003402181782252503,0.0021448526954315184,0.002068513096580074,0.0021493812959378737,5.242667802335026E-4,0.0011990961970421963,0.0024599128869695038,5.672812964197008E-4,0.0013034331443818297,0.049146337485846986,0.001551434998520984,7.891496762486528E-4,0.0022841262617701026,8.602985861265147E-4,0.0013889900994178393,7.731754329964803E-4,0.0016117204759083538,0.002025836173210352,0.0011525770177900287,0.0015642432894400818,0.0022662858721788897,0.0014873926812732235,0.006054000624706829,0.002328779063661795,9.295419558616886E-4,0.0017845549432176518,0.0019052985290349388,0.0010934613274442154],[1.4920864087681747E-5,1.7825387608780792E-5,4.940126566690771E-4,4.7794977276991146E-4,4.2830005433689226E-5,6.493667530572696E-4,8.985422520169046E-4,0.01385384589481449,0.0024619543770764115,5.746354259348354E-4,0.03059917870136383,1.4132528862152039E-5,1.3490830955659392E-5,5.165878638174873E-4,0.004354194975347997,0.0012359896173605,1.0,2.262433143655392E-4,2.569664977367157E-4,0.003448451973814485,0.002904759175622699,1.765079483924685E-5,1.887147640924903E-5,1.7500487426988276E-4,6.001025929857694E-4,0.0037741811262761112,6.833079626395831E-5,9.358110811669062E-5,1.913045655064242E-4,0.0026814691813403786,9.675143349766546E-4,2.2773025491533517E-4,2.0360051790194216E-4,8.556023106295027E-5,9.100976397904554E-5,4.3458118755492127E-4,1.5098469309142053E-5,5.46162508593805E-4,0.08673449799896346,6.906174032604746E-4,2.2278820548150903E-5,1.9476482653812166E-4,2.46751338809254E-5,1.7064705829457044E-5,5.007372394738124E-4,1.715617599199045E-5,5.465418557566105E-5,2.3771543002438403E-5,1.4016367504000245E-5,4.505914968677848E-5,1.4574520843756216E-5,0.006473210881420363,8.040636738330817E-4,9.247104287102101E-5,4.8748828761480505E-5,0.001160362037080497,3.8993869421246074E-5],[8.019058631634505E-4,0.0020409961138292978,0.003248775521168329,9.831311657770565E-4,0.001841392436957928,0.0016722587647972997,0.002065700311574991,0.018359519633370625,0.0021998227481771987,0.0027833742635577884,0.018637348645429562,6.501552981043884E-4,0.0017702411071291802,0.00188113966535843,0.07090829095463612,0.002176523484091943,2.262433143655392E-4,1.0,4.0941773766490494E-4,0.009218279306757433,0.014950583383704698,8.236323646785365E-4,0.0014558422201093484,0.0012032113902793184,0.0021110061866117303,0.003487248189845629,0.0040390399239166735,4.950626342176737E-4,8.424772042244491E-4,0.009842210760571776,0.0017193263220834753,0.001999569134209996,6.338412746887906E-4,3.765465040734048E-4,0.0013359324405417148,0.0022892700968021457,0.0013402787493273676,0.0017516679965106504,0.004996724092409773,0.0020148086274375007,0.0014380131013833224,0.001475123275105179,0.001869218192114053,5.924071778793374E-4,0.001335294509096784,0.001987070288808255,0.0018336549976921616,6.415830798894717E-4,5.544258333265706E-4,0.0013612096833796666,1.7394591518949572E-4,0.0068752364957260885,0.002122919056785545,0.0016222862777365706,9.783849575662536E-4,0.001443601261102878,9.026713389098522E-4],[1.7472765639404896E-4,2.2423120534307005E-4,0.004343012096291332,4.943278983686333E-4,1.9385174782864134E-4,9.870493859254767E-4,0.0014965127108050493,0.0027010758176791924,7.613519600495446E-4,0.0020919990135942037,0.01294493302459844,8.94237195717446E-5,1.559638763922859E-4,0.00137423734000965,0.010160502200051446,0.0023018416212259194,2.569664977367157E-4,4.0941773766490494E-4,1.0,9.561786434941989E-4,0.006663834891160023,1.6281470353546882E-4,2.2457313681604392E-4,3.7233818859536583E-4,0.0017311562624963749,0.004772352000661242,0.0015868151551570414,1.475731796028355E-4,3.2472890281044564E-4,0.011266739591431913,7.498782119504514E-4,7.493778903947925E-4,3.525202452722288E-4,3.374533768571002E-4,3.7776786432737306E-4,5.683278964801331E-4,5.2826457454008605E-5,4.0531886307125E-4,0.007361212048427885,8.924288666940399E-4,2.8962985045402384E-4,5.438188945471292E-4,3.618416636064616E-4,4.337644325478721E-5,3.8142957569509383E-4,2.512037548686937E-4,2.6779380986099375E-4,1.0889966490683866E-4,3.348968692589927E-4,6.323481234396134E-4,8.327834825849279E-5,0.0011417111072606065,0.001857371366373787,1.5638324076661428E-4,3.4597644953890015E-4,9.26411998267931E-4,2.0361842134279857E-4],[0.009713362431959766,0.005970907400961218,0.007422116351198929,0.0020407562502345843,0.009530664024156813,0.0018711475726092817,0.006853326086635928,0.014854617809514236,0.005092959215124846,0.007244412187834455,0.02191578556366844,0.0037393847150120605,0.002306747953161218,0.00735542077362383,0.028236086526195442,0.0053286580810156595,0.003448451973814485,0.009218279306757433,9.561786434941989E-4,1.0,0.014611851385704387,0.0021761562969543065,0.008682396592515398,4.5681760583261686E-4,0.00393829213636957,0.013006819881909005,0.00848677844006623,0.0023879880573936156,0.0028035009732654144,0.012094765308451012,0.009423296841694174,0.009070881443523516,0.0044222868336625904,0.003260474103969597,0.00983328511666214,0.0060771994251303755,0.00639902740410635,0.008415714949661432,0.03961743273004714,0.0034475561232912974,0.0019626702284459754,0.0083690298206731,0.007034218528182966,0.006392029033684908,0.004132689158576994,1.971527670307525E-4,0.00872079691570073,0.0039012214396493593,0.008435211308970873,0.0064062879080374335,0.00366585382313676,0.009466456320815692,0.006610843253752825,0.00783941891907697,0.0023453341376465445,0.006853481702013286,0.004457445455981331],[0.004762781593874638,0.012429829576191336,0.008469334455150484,0.007976021432895565,0.006003357446173934,0.014647134191798002,0.013845042642766583,0.019466172885892467,0.0117232568678344,0.012456360698114285,0.02044099929894739,0.0041651961519348635,0.014228102039686935,0.003911446952462284,0.03250595903072409,0.015144110487211412,0.002904759175622699,0.014950583383704698,0.006663834891160023,0.014611851385704387,1.0,0.00799541012637714,0.010819709072641334,0.014903723271473787,0.011193306202120364,0.014344002759211515,0.011738252041338252,0.0072581498241611735,0.015597047855045483,0.016052697052091558,0.0030676985687963284,0.0015340707224051574,0.0073857685327231954,0.006491181783383634,0.0038248455257943307,0.00911608789144013,0.012881583686894063,0.009265772559614228,0.09272734508466195,0.003777906223085014,0.015603248351428014,0.007617989732366227,0.01466031136684393,0.015369023285623281,0.013984288376824723,0.008979103505750683,0.005501646880643594,0.01192126025773723,0.011199192008904181,0.0036852679122187353,0.011365350465472825,0.013074352389620118,0.009491137369641009,0.006300165451883767,0.007095437719028758,0.007532727444725428,0.0015030936570608689],[1.7745399983364742E-5,2.992142039613396E-5,0.0037346167721505085,4.205685224348711E-4,1.137669180248101E-4,0.0010791379253871087,0.0011076542711817006,0.016176173800240598,1.555144883558871E-4,0.003215604403424969,0.012245009129153685,1.4658168052445926E-5,1.3985773683329202E-5,2.056494115523421E-4,0.01923158468208595,0.0016310159932177832,1.765079483924685E-5,8.236323646785365E-4,1.6281470353546882E-4,0.0021761562969543065,0.00799541012637714,1.0,1.9650358640003745E-5,3.4922753220404605E-4,0.002045823172080442,0.013372977098181077,0.005478789603872161,9.238560121901509E-5,2.570368188650894E-4,0.0056618434691207715,0.0012618849215266206,5.178677638134115E-4,1.365513006654551E-4,2.7598772520678912E-5,2.0598738809433025E-4,0.0022689287474618397,3.1078076925784335E-5,1.3090147047907893E-4,0.058420715615926405,0.0010383801210629825,2.2829390871124907E-5,5.702386137074517E-5,1.0082871601875315E-4,1.9603994004382058E-5,4.767930033590594E-4,2.2100965983981483E-5,4.6059941245272384E-5,3.739930766663631E-5,1.4867974493002667E-5,2.8090457571938884E-4,1.6054776988928264E-5,0.0068229832322257745,0.0019521733124820246,7.58423298583787E-5,1.2421349443746704E-4,0.0011004834679740074,1.245843508365856E-4],[1.5081465003439849E-5,2.9554700156378115E-5,0.00470977153817239,4.836137867849646E-4,1.1022444781490406E-4,8.959931819059105E-4,2.3432439778903115E-4,0.008892982819088412,8.828656309029239E-4,0.0015095132051332776,0.021774188090985764,1.80750922499253E-5,1.7934357421394952E-5,5.856511648503795E-4,0.004896203687867676,0.002135279555418415,1.887147640924903E-5,0.0014558422201093484,2.2457313681604392E-4,0.008682396592515398,0.010819709072641334,1.9650358640003745E-5,1.0,3.2395925719927134E-4,0.0012084377085649829,0.007084053989757247,0.002825525749723867,8.006701558849343E-5,8.740024056689903E-5,0.008426902008521357,0.0011606502275440082,5.712158477389558E-4,6.206304463282873E-5,7.872750218214752E-5,4.3943157646042204E-4,0.002598631460696015,2.8579151760433574E-5,9.232213283310361E-4,0.05741929052094631,4.847137954443945E-4,2.3246096669492073E-5,0.0011567540444935933,3.441900725723164E-5,2.7816174651367783E-5,3.188137667880893E-4,3.709658772579017E-5,4.4706294944018165E-5,2.3567062575643167E-5,1.3897199555263274E-5,3.8004873046376076E-5,1.7009334164986487E-5,5.977455065597292E-4,0.0016746003362670826,2.6401822437805193E-5,4.7602166999960074E-5,9.522986175177739E-4,1.32788253742099E-4],[2.2228664607176003E-4,3.114763513144046E-4,0.004380376294704569,5.247473129028445E-4,2.1252458117900007E-4,9.76163371922874E-4,0.0015447357346695314,8.653993152806985E-4,0.0022783685610053704,0.0032259132898696734,0.030187752707753167,3.187715799584405E-4,1.0035673410394049E-4,6.223628351145669E-4,0.00797660178676225,8.970283512411542E-4,1.7500487426988276E-4,0.0012032113902793184,3.7233818859536583E-4,4.5681760583261686E-4,0.014903723271473787,3.4922753220404605E-4,3.2395925719927134E-4,1.0,7.481529961535616E-4,0.010751656096597981,0.001985246710182133,2.082513138452986E-4,3.57217939486005E-4,0.010837917724333153,0.001058336398345965,5.90119017380806E-4,3.3902401694147296E-4,3.3166622575811695E-4,4.169716895938987E-4,0.0020300255563592087,1.3088586405099928E-4,6.238756553627696E-4,0.08088746156032137,5.945505057971883E-4,1.782926738964185E-4,6.286017785523223E-4,3.7360225236179786E-4,2.6521816632213153E-4,4.57518647582556E-4,1.0871902476500806E-4,3.1866918895992854E-4,1.9903912506020585E-4,3.6283775284768753E-4,7.648240563501829E-4,1.0133092349561393E-4,0.005124306045884185,6.65759716844892E-4,1.3979708938456235E-4,2.501239904661015E-4,0.0010176219678792607,3.195171326333613E-4],[0.0020249367698998402,6.34688114869687E-4,0.003370559192927592,0.001849416414923889,8.125304500534183E-4,0.0019134649129918105,0.0018576763434161594,0.004002298402081626,0.002523976303758004,0.003333771477786796,0.026765536530504404,0.0015092986137634353,0.0014640102848274348,0.0016965079170660922,0.04517267500049036,0.002305926352465664,6.001025929857694E-4,0.0021110061866117303,0.0017311562624963749,0.00393829213636957,0.011193306202120364,0.002045823172080442,0.0012084377085649829,7.481529961535616E-4,1.0,0.012905176625127102,0.004822152757583811,3.7642562904334747E-4,8.737193519745058E-4,0.0038837342610049752,0.002074184209157863,0.001857975232894027,4.928046144831796E-4,2.3220371832051852E-4,5.681988163906982E-4,0.0026720820632268583,1.0860363573175931E-4,0.0016736598719698263,0.09957849217657341,0.0013892593740678326,0.0016026666397672255,0.0017306859607537147,0.0019361392719283476,5.855117516272341E-5,0.0015973408823782762,0.0014621290858048508,2.820934037253302E-4,0.001798472671118211,0.001061604848904013,0.0017887009865403646,0.0010123447730010233,0.0036096900788480627,0.0022285729355094905,0.0018334058683336717,6.450840507868519E-4,0.002000214338418107,0.0019898644588241107],[0.003623246890145277,0.006129323309348365,0.0077262460762782675,0.005294681859922301,0.0017628492594603594,0.0021054535773553542,0.0029124427566991954,0.01932016652865417,0.006199813192845108,0.009994923268401169,0.02831701641930795,0.011527719279567347,0.01267417567741369,0.00890872174406997,0.03428068582381106,0.01134860734119451,0.0037741811262761112,0.003487248189845629,0.004772352000661242,0.013006819881909005,0.014344002759211515,0.013372977098181077,0.007084053989757247,0.010751656096597981,0.012905176625127102,1.0,0.01305469373385751,0.011382577665898,0.005059778409795516,0.016626760326298683,0.0075793376993458965,0.004596776235709067,0.010685387482809968,0.011527706097807105,0.01050279335065432,0.006878159183985013,0.007954256600148526,0.004598939179548231,0.07661995597248758,0.0077401555215721885,0.012509771310536833,0.010083876827527436,0.006112260615320195,0.011700141970486789,0.007889164839881838,0.002608597937438693,0.006623331505350747,0.0054666821827568214,0.009810973102294998,0.006541898621495265,0.009822474172351749,0.01294854251291374,0.013422746626782337,0.010828839119128648,0.012032400817956668,0.005864424199659109,0.009714325253144987],[0.005739893790579938,0.004073973499416086,0.005501921635846129,0.0019525709475888319,0.0033809133267194507,0.005746435417837691,0.005542788259193247,0.015643211271654002,0.00358437775495838,0.00445807175898988,0.03507191402890935,9.544729663788731E-4,0.0025564178346564035,0.005006558177130802,0.017278813953126672,0.0046836670532938605,6.833079626395831E-5,0.0040390399239166735,0.0015868151551570414,0.00848677844006623,0.011738252041338252,0.005478789603872161,0.002825525749723867,0.001985246710182133,0.004822152757583811,0.01305469373385751,1.0,0.0034561906888378314,0.0033865299838904306,0.006792799615518799,0.004706085678826407,0.003574550615199368,0.00239447550752181,0.0031500424908199915,0.0011692699712101495,0.004759331208762619,0.001861231191044082,0.001623718868530017,0.013942419442868394,0.002545483704851516,0.004872266786532953,0.003856193225916235,0.002202772562998922,0.001504925747692167,0.002913487002731349,7.824014326263825E-4,3.504163425949143E-4,0.0012965155453421306,0.001976432263063936,0.002416789905999564,0.004029276379102828,0.007414150068050664,0.004257514629553186,0.0017113530169953347,0.003908468992487605,0.0048256126073324725,0.0011216843976743422],[6.802479075767298E-5,9.897874964985387E-5,0.001475972924492173,3.867020199288767E-4,1.1816201268518912E-4,0.001019243586131701,8.930504763831307E-4,0.015564574035357723,9.726849170293567E-4,0.0031445003658359264,0.02746835025664024,1.4611282298320895E-5,4.9628706633122946E-5,0.00111813832579467,0.012961831786748151,8.552150877240358E-4,9.358110811669062E-5,4.950626342176737E-4,1.475731796028355E-4,0.0023879880573936156,0.0072581498241611735,9.238560121901509E-5,8.006701558849343E-5,2.082513138452986E-4,3.7642562904334747E-4,0.011382577665898,0.0034561906888378314,1.0,2.149880080725581E-4,0.004160634713234219,6.122087722247465E-4,4.0081422233842766E-4,2.18237706364069E-4,1.2877011661884043E-4,1.5535872533581206E-4,3.8074187870558934E-4,4.5303804234927355E-5,6.887062118972545E-4,0.014610516860610339,6.98623983054256E-4,9.576370379689065E-5,6.935810685223098E-4,1.437281033620539E-4,5.6969319274309074E-5,2.314145603563661E-4,1.1487275717462052E-4,1.1991170549909416E-4,1.0588997004021226E-4,2.9467107813409043E-5,4.6542063579096813E-4,7.264880708720233E-5,4.074151256964919E-4,0.0017425385825845386,1.2667599243850781E-4,1.22208046801968E-4,3.818563540981261E-4,1.3546599241764029E-4],[3.0605676778099983E-4,3.1027019894775976E-4,0.0010738832965702981,5.328287073210261E-4,2.5974239774962467E-4,9.768587076917886E-4,6.67258671325191E-4,0.013977290021981042,8.547724944362341E-4,0.003289263358508329,0.019118252864810493,7.742780093657875E-5,2.30759208184845E-5,0.0014527073009894121,0.0035422586035532685,0.001182339949866158,1.913045655064242E-4,8.424772042244491E-4,3.2472890281044564E-4,0.0028035009732654144,0.015597047855045483,2.570368188650894E-4,8.740024056689903E-5,3.57217939486005E-4,8.737193519745058E-4,0.005059778409795516,0.0033865299838904306,2.149880080725581E-4,1.0,0.014166330826814016,0.00150920304254847,6.178303973795639E-4,3.0252087081931555E-4,1.9756920493950458E-4,3.4747798026950273E-4,0.0012181042222662,7.431117716861409E-5,6.658968376101298E-4,0.034196827148950594,3.764979547308827E-4,1.0940719222298008E-4,0.001232481524327689,3.5980829288469835E-4,3.66232117908543E-5,3.439511944657977E-4,2.0902149852124188E-4,3.1661647664278593E-4,1.5772735196462674E-4,3.210757494393527E-4,6.815931363419614E-4,2.3434721364832823E-4,0.004838344514121977,5.643865097486947E-4,2.1730716333830688E-4,2.54069977771964E-4,4.3327410345655554E-4,2.4463940214843613E-4],[0.006323936984521644,0.008956159319371342,0.007584736472754644,0.01191758738458213,0.00216657027225872,0.014274983234643648,0.01493448006412896,0.01790761859134849,0.00939632962495826,0.011696010512809527,0.023224254790298843,0.006567893730667916,0.0015636839325429558,0.0047991529096126865,0.03481677428758609,0.003402181782252503,0.0026814691813403786,0.009842210760571776,0.011266739591431913,0.012094765308451012,0.016052697052091558,0.0056618434691207715,0.008426902008521357,0.010837917724333153,0.0038837342610049752,0.016626760326298683,0.006792799615518799,0.004160634713234219,0.014166330826814016,1.0,0.010050274942044609,0.0022270027149591098,0.006471193800707093,0.013501345527868247,0.009637556134072254,0.008907537747838572,0.009827859910881977,0.00918622064790616,0.03696996472879216,0.004092677304010234,0.009871035995282546,0.0023893410593561733,0.005735079474100874,0.009459774187036979,0.011731136305406079,0.004883627849879343,0.010090189402479105,0.0034829994063521447,0.006811285284651893,0.015111752906347814,0.007130952994757388,0.014780992062248817,0.015611228350622348,0.003908033144182839,0.01065888392035131,0.011900811400785381,0.0012394567838686177],[3.431431826322609E-5,7.3634256955307E-4,0.004210970711818951,0.0014245107599407583,0.0010284921804234598,0.0011809695658851881,0.00164062000835255,0.01892722704290018,0.0019887731182336487,0.003416467768112846,0.01954584795371501,5.464870668014562E-4,0.0010424187603938402,0.0015210727558287863,0.07328322782223688,0.0021448526954315184,9.675143349766546E-4,0.0017193263220834753,7.498782119504514E-4,0.009423296841694174,0.0030676985687963284,0.0012618849215266206,0.0011606502275440082,0.001058336398345965,0.002074184209157863,0.0075793376993458965,0.004706085678826407,6.122087722247465E-4,0.00150920304254847,0.010050274942044609,1.0,0.001485754195188312,9.334952083458403E-4,0.0012358767054019627,0.0013410650655358376,0.0016446613126455973,4.071348727227951E-5,0.001520268033238208,0.0070407686908796644,0.0012512708679272408,1.612821176283507E-4,0.0014803313816912729,0.0010660831055593935,1.2900215901796966E-4,6.393674575886917E-4,2.8854691825683167E-4,0.0013995487746948233,0.0014247649691521984,9.056625594999139E-4,9.257330151467481E-4,5.022203769800984E-4,0.005126704220266794,0.0017619739582289858,0.0011740433565445368,9.668330613735953E-4,0.0014473625945903886,0.0010383138662407648],[0.0010462013145664322,2.7829400452019704E-4,0.004533839056877923,7.16735953710534E-4,8.325357642640827E-4,0.0011441099525128166,0.0016490436563384202,0.009336489028940102,0.001762166060728292,0.0016914369133122242,0.02537560364796296,7.532743619174308E-4,7.402754006532905E-4,0.0013493081061016388,0.030692556367056322,0.002068513096580074,2.2773025491533517E-4,0.001999569134209996,7.493778903947925E-4,0.009070881443523516,0.0015340707224051574,5.178677638134115E-4,5.712158477389558E-4,5.90119017380806E-4,0.001857975232894027,0.004596776235709067,0.003574550615199368,4.0081422233842766E-4,6.178303973795639E-4,0.0022270027149591098,0.001485754195188312,1.0,3.318354678798441E-4,4.42411733214274E-4,7.509044808796529E-4,0.0017090781937990544,0.0010523309740982987,0.0012680861890714623,0.05179639631952799,0.0012847152553903435,4.8749372226578025E-4,0.0012986205293432406,7.12897559936326E-4,4.450180057287353E-4,7.950983799222937E-4,9.020742182937004E-4,8.606560510056896E-4,7.203140568643465E-4,9.40078540290798E-4,0.0012753683315966545,9.536045639594871E-4,0.001720836763389374,0.0019258208099532182,4.950863801896214E-4,9.537216907712252E-4,0.0012657339245634649,6.312356254795742E-4],[9.192152352791891E-5,5.471215231608149E-5,0.0011890880324460873,4.3326513749893466E-4,1.8472208231285435E-4,0.001028746391081203,3.624157475813543E-4,0.004235680063402607,0.0025513156742510232,0.004048799783382611,0.010484295199504553,2.3545737198130682E-4,1.4004444819106591E-4,5.804116316279731E-4,0.06279707076318185,0.0021493812959378737,2.0360051790194216E-4,6.338412746887906E-4,3.525202452722288E-4,0.0044222868336625904,0.0073857685327231954,1.365513006654551E-4,6.206304463282873E-5,3.3902401694147296E-4,4.928046144831796E-4,0.010685387482809968,0.00239447550752181,2.18237706364069E-4,3.0252087081931555E-4,0.006471193800707093,9.334952083458403E-4,3.318354678798441E-4,1.0,2.114071074001481E-4,4.1991293425903443E-4,4.3125943746676694E-4,1.7741719112544403E-4,8.287340949920243E-4,0.025291871594388577,7.093680982748784E-4,2.106256557511606E-4,8.946173388836747E-4,3.7006152020164205E-4,6.0339836659473276E-5,4.227121095057358E-4,4.9096174741054355E-5,1.4519317582563357E-4,7.333094936553306E-5,1.3825252322698862E-4,7.097798486223896E-4,7.682485880463228E-5,0.0030398546983565135,0.002030143204586893,1.5009715414855747E-4,2.218417861184017E-4,0.0010470028641322458,2.0558692047643637E-4],[1.2446476271201864E-4,1.0106887797462154E-4,0.0036966739746074244,5.924470756355962E-4,1.2689852099280203E-4,9.831984147448073E-4,0.0011347684469205604,0.017499513919404415,0.002402661154882865,0.004142874854396361,0.034355379639618905,7.057021271653935E-5,9.451198103228971E-5,7.232011521661078E-4,0.07640431613306299,5.242667802335026E-4,8.556023106295027E-5,3.765465040734048E-4,3.374533768571002E-4,0.003260474103969597,0.006491181783383634,2.7598772520678912E-5,7.872750218214752E-5,3.3166622575811695E-4,2.3220371832051852E-4,0.011527706097807105,0.0031500424908199915,1.2877011661884043E-4,1.975692