[[1.0,6.46308364957167E-4,4.6210497614062104E-4,0.004130266208897797,0.0020672400774128475,0.0016328299886277807,0.001066368549286634,0.001123866194709321,9.85687193365195E-4,0.0010381413979035003,3.5730772138577264E-5,6.953875164252079E-4,0.006117071082331785,0.010257948096238907,5.29441851445743E-4,9.845643874948392E-4,0.001133624978430835,0.00133539303339139,3.115368471408688E-4,0.0012321610014616308,0.0011638397737382014,0.0035415009641971236,2.3937421829953588E-4,4.08268391669662E-4,0.003328191405506383,8.806528832197654E-4,0.003782330076441168,1.9079066619111235E-4,6.406330048725977E-4,9.284312719021234E-4,0.006516257131570543,0.0011795711193429716,0.001860671401562138,0.0016839287558974344,0.001212995575913679,4.9281262119538366E-5,0.004682807425721166,0.043303224191622414,7.660751049138075E-4,4.072787447657318E-5,6.823483004507571E-4,1.3207416649767116E-4,9.257524901106687E-4,0.0018302849382086897,0.0021196503971389743,0.005788546475175471,9.055955055810803E-4,5.818507027927605E-4,2.9218248330305E-4,7.384220107693157E-4,0.003677733641223888,9.027843550587409E-4],[6.46308364957167E-4,1.0,1.3906414027233327E-4,0.010113577245679553,0.0026629532207482084,0.0012146647596212332,7.704406754769989E-4,6.533637998791287E-4,1.6258632234043458E-4,3.795664866577096E-4,1.1276381698515107E-4,1.4593634571553085E-4,0.011221125543915087,0.015892756796251142,1.560861901812277E-4,1.3257374888462473E-4,0.0010980490703019514,6.787549121142742E-4,5.333636476036415E-5,5.161046176103733E-4,0.0014739365064344611,0.010889558163595502,1.2062466316526733E-4,1.2284935672311658E-4,5.962952927972942E-4,1.0059037436607034E-4,0.011648576655563675,1.5046381184878355E-4,1.4582732674278242E-4,1.4598727854095631E-4,0.001574745275963454,6.858455202386955E-4,8.490013361073173E-4,7.718854953514097E-4,0.0015187232266373944,1.4102907869731278E-4,0.0019524909532552476,0.003737916167222995,3.9552445332869686E-4,6.19360698914373E-5,9.352161389588638E-5,7.023298446307862E-5,1.5335898533170298E-4,0.0020343242878702486,0.006546276989056647,0.005961076909104285,2.0471389656654627E-4,1.3615974017033996E-4,1.4751857425296348E-4,3.0260829400964644E-5,0.0024672904678431067,2.0944766599266453E-4],[4.6210497614062104E-4,1.3906414027233327E-4,1.0,0.00745874846353507,6.254666450557602E-4,0.001533802786955812,0.0010154815550708653,2.2513500960552032E-4,1.6465570712869164E-4,1.39841397455872E-4,3.495397353899256E-5,5.8584408115900666E-5,0.0020643621724558093,0.0011949891610490081,8.633745398131562E-5,1.6523992055548784E-5,1.1319696255075146E-4,8.74129152615138E-4,3.930066443360147E-5,0.001026072020750927,8.335485092715393E-4,0.004836502201392205,1.0008117365476184E-4,2.4364646291661328E-5,0.004906255865806456,2.956463638165262E-5,0.0011640738083026991,4.5799924013933727E-5,1.1783238239179567E-4,5.2508734472523944E-5,0.012654195545170416,0.0011769150751555115,7.477307952210166E-4,7.488700694746974E-4,0.0019127032678313272,3.4219327209678513E-5,0.0025255439932239023,0.007552870669668254,5.41749145854127E-4,1.815119863315826E-5,3.96451897822975E-5,3.497538162068643E-5,7.411493408519369E-5,6.017164431088735E-4,4.633897669098177E-4,0.009998544839039962,2.0802456172950656E-4,1.1268419857797154E-4,7.65316967388908E-5,3.195008272626173E-5,0.003371275173982499,2.688152933166285E-4],[0.004130266208897797,0.010113577245679553,0.00745874846353507,1.0,0.005353701976846,0.011132518844246524,0.009378260089194082,0.0037882255786692983,0.00887489291977717,0.0071475191075971705,0.0013356365741741504,0.0109793968921293,0.013157894736842105,0.015428223271614395,0.002815836248527493,0.010700332667812435,0.004429117495388507,0.0017682752475442621,0.0024152148125132417,0.007993923912251621,0.008290572081507764,0.013210573782622616,0.011424489265919248,0.0015327779700670995,0.007262245966189076,0.008171245434699138,0.013301771281080389,0.0033288413760428365,0.005418038917518257,0.00434331628940583,0.018879797947768843,0.011175794749310923,0.011221750064223343,0.007139839026734068,0.008990042122895142,0.011327449146426893,0.006652263317767121,0.039069709677761716,0.004927643408619759,0.011255931306730112,0.010982068598909319,3.1192378332560596E-4,0.005912571108734368,0.01005594504665211,0.013578511883558877,0.012610618792222568,0.0097955025436619,0.0028827507588039887,0.0012653340924357044,0.002249076784846963,0.01197347717156576,0.009699923417679076],[0.0020672400774128475,0.0026629532207482084,6.254666450557602E-4,0.005353701976846,1.0,0.0021243584546217676,0.00120350391011403,0.0012114446121647261,7.964205857583167E-4,6.746153270546337E-4,1.4985490795275898E-4,4.3329007830160085E-4,0.011397315187081779,0.015363671573222918,0.001571420165184282,0.0013596215268983516,0.0018890251569269243,0.002671160369730512,2.4123727452953186E-4,0.001467373403937282,0.008175833581832442,0.004032258168800666,0.001294218277782006,0.0016966781636050742,0.003196037879860736,0.0011594138502594633,0.012667153327881332,6.09872776996856E-4,0.001649565980152669,0.0015338560108960444,0.01264525756793164,0.0015243015806116465,0.001964066015444486,0.001948221757681014,0.002339189604446905,0.0016419162098030727,0.003659433493245769,0.009939449087659253,0.002063454762434053,0.0016304507172871048,9.086335004619535E-4,0.0017131988773060607,0.0026487508104150906,0.0024443590137038177,0.00794762782310943,0.005055390315817662,0.0026261743650203345,0.001691208606701505,9.168054045106869E-4,8.301255876796226E-5,0.003943508449352089,0.002417245361379806],[0.0016328299886277807,0.0012146647596212332,0.001533802786955812,0.011132518844246524,0.0021243584546217676,1.0,0.0013628756734846634,0.0013415755782028508,3.9859192871368376E-4,0.001322645437916712,0.001618171675929746,9.748059698035392E-4,0.012568154783796203,0.011843298475020898,0.0012693534258244245,0.00156506516377017,0.0014747433503502331,0.0016353234379139654,2.0991808366956752E-4,0.001501692255579496,0.0032932331137882553,0.009700927705217481,7.098667483957199E-4,1.993422894303451E-4,0.004741419433560016,0.0012722188348848608,0.011618019194415666,0.0010414986322449845,0.0012186557177638717,5.383737187794089E-4,0.00638944890150954,0.0012932736067261322,0.0017510546800625817,0.001889929960753767,0.0017603497539843813,3.34031040835221E-4,0.003009066048525985,0.036311446203965446,0.0014659285046532047,4.933107420341669E-4,2.7197618016553267E-4,0.0014588438551182811,4.1779141772832354E-4,0.002163394711923743,0.0052826928617811485,0.0056470943049442834,0.001545699052176166,1.9302940880264684E-4,3.226768037255668E-4,8.429445469749067E-4,0.005187225425929511,8.046538776328254E-4],[0.001066368549286634,7.704406754769989E-4,0.0010154815550708653,0.009378260089194082,0.00120350391011403,0.0013628756734846634,1.0,0.0010729166478221116,8.123281707019626E-4,8.472332570529232E-4,7.518405114109118E-4,3.069931689353931E-4,0.012921864590674367,0.007276434823298273,5.937159688481105E-4,1.5866007330742038E-4,0.0012102621160711771,0.001082907006499787,9.792396059275503E-4,0.0011130093001730345,0.001333008550656236,0.01025949293489458,9.344580747015827E-4,8.322143195965314E-4,0.005995134423991719,0.0010134903671379773,0.0031662226867210453,7.267626045129913E-4,5.475872435549693E-4,5.3804277002519E-4,0.018945361583009763,0.0011819959527834324,0.0017834109934674425,0.0015654952973144535,0.00115052653340347,1.3028459888758516E-4,0.0045642524769353935,0.062331522161964636,7.180606841030257E-4,4.5904776660894215E-4,1.5457426992936238E-4,5.272054393072969E-4,9.450852221496139E-4,0.0011377630320368944,0.013305063645903122,0.0013969827913842118,6.639993640029832E-4,4.8740653976144904E-4,7.915798364208994E-4,2.395065931886094E-4,0.001095173773637071,3.38931654005907E-4],[0.001123866194709321,6.533637998791287E-4,2.2513500960552032E-4,0.0037882255786692983,0.0012114446121647261,0.0013415755782028508,0.0010729166478221116,1.0,7.85181644437536E-4,4.514977411353145E-4,7.000013780076129E-4,9.083599498445807E-4,0.012037106909581683,0.015650334604979794,7.123412984659695E-4,6.958182917744239E-4,0.0011694537612822347,0.0012373003418299814,4.4401330142226653E-4,0.0010991607128351204,0.0037928570541984237,0.007292141425224646,9.914093414266124E-4,2.7786979762164357E-4,0.0024567643408319488,8.985536974485618E-4,0.009800114479716128,4.7560955468322876E-4,3.0421684914376166E-4,7.939506784327716E-4,0.0033684402971164555,0.0011552781860187061,0.001084189762116354,0.0013430323148997546,0.0017586244189092238,8.347074181828059E-4,0.002072325877010528,0.03642867532462654,9.943823362660383E-4,8.6022575014217E-4,0.001054512009534901,9.212022623986026E-4,7.695238582177596E-4,0.001707767634427662,0.007754790558806355,0.008844862923100183,5.145743748411703E-4,0.0010031659743862695,4.5531171066726366E-4,6.523770667764938E-4,0.004855890157344099,4.3645715422548087E-4],[9.85687193365195E-4,1.6258632234043458E-4,1.6465570712869164E-4,0.00887489291977717,7.964205857583167E-4,3.9859192871368376E-4,8.123281707019626E-4,7.85181644437536E-4,1.0,2.3163900858169404E-4,7.283552845906382E-5,1.578004380305074E-4,0.00962506972778297,0.01529611899491741,1.435894922201354E-4,3.106815947979846E-5,9.132220683293603E-4,2.724284821519885E-4,5.774401598255693E-5,5.827797497279237E-4,0.004728169191900944,9.222320870109401E-4,1.4994395606688954E-4,1.5294666807497717E-4,0.00519041434409675,1.4315150571876417E-4,0.014472298655415857,1.5093920857544028E-4,1.242813801098562E-4,1.492114354882663E-4,0.0018998169121117777,6.334792718398827E-4,2.2191166272650587E-4,5.783162018270847E-4,0.001131477306073787,1.6350899137610968E-4,0.004205878756745567,0.016668867684766917,4.3927054473680646E-4,1.1760876298192492E-4,1.48700714098696E-4,1.4686095402046106E-4,1.1630498987084168E-4,0.001554621599969599,0.0016506650287811456,0.011757641681228836,1.7427912872141683E-4,1.241292601310623E-4,1.41558277466024E-4,9.889072031659094E-5,9.322673492913023E-4,2.2950453778682853E-4],[0.0010381413979035003,3.795664866577096E-4,1.39841397455872E-4,0.0071475191075971705,6.746153270546337E-4,0.001322645437916712,8.472332570529232E-4,4.514977411353145E-4,2.3163900858169404E-4,1.0,3.277532774415466E-4,2.0481355017123602E-4,0.012613387416228623,0.003022066551842148,2.9102836966753E-4,1.5883784674359008E-5,0.001320018849176785,0.0013047421226828038,1.1623620340803093E-4,7.973739039105945E-4,0.0031977195766942452,0.007370221940230911,1.440331306013606E-4,1.4934964718401543E-4,5.220492589147452E-4,2.2168698463150895E-5,0.005660811828493783,3.5149541247105726E-4,1.6079093329550483E-4,4.160262304892324E-4,0.0146536813878049,9.571009800623204E-4,0.0012375480355525052,4.4253746080556635E-4,0.001304349932660652,3.3329668542245595E-4,0.0027743381816917063,0.009979576869894346,6.560182915984394E-4,4.6735870415013034E-5,2.045733375497882E-4,4.225291559433272E-4,4.088417525236048E-4,0.0010036971411395796,0.011172229304109521,0.0018805057937790546,3.4923508358082497E-4,3.7095724962094945E-4,2.842846588405275E-4,1.267761466171302E-4,0.0034527473148589474,3.453861072668165E-4],[3.5730772138577264E-5,1.1276381698515107E-4,3.495397353899256E-5,0.0013356365741741504,1.4985490795275898E-4,0.001618171675929746,7.518405114109118E-4,7.000013780076129E-4,7.283552845906382E-5,3.277532774415466E-4,1.0,9.784399026113044E-5,0.01163163851235462,0.009233875318960933,1.5192023294104746E-5,1.5219892517090122E-5,7.212083706032144E-5,2.698744865408572E-4,3.487768830995894E-5,0.001229962143782265,0.001118358689417573,0.007373604173807408,7.739693779203733E-5,1.4462392412470927E-5,3.218827112273412E-4,1.6584928960785655E-5,0.010974021114256563,9.105232498610435E-5,5.856832141088857E-5,5.7386198906386624E-5,0.01124447758464258,1.052973488762095E-4,2.8923651706308105E-4,6.835417361902975E-4,9.653744047852167E-5,1.3328508282546306E-5,0.00150037152683508,0.014420296704437383,5.084627570734126E-4,1.2792767064609271E-5,4.099439449776507E-5,2.3456822598137048E-5,7.978018379990539E-5,0.001034073214455384,0.001954605082393243,0.009736034333752572,2.5637263261922804E-4,8.817466772880755E-5,1.348471926888005E-4,2.1114031443426423E-5,2.808730081392696E-4,1.5564072603024604E-4],[6.953875164252079E-4,1.4593634571553085E-4,5.8584408115900666E-5,0.0109793968921293,4.3329007830160085E-4,9.748059698035392E-4,3.069931689353931E-4,9.083599498445807E-4,1.578004380305074E-4,2.0481355017123602E-4,9.784399026113044E-5,1.0,0.0018858999658878225,0.014884168562907469,1.262245715998707E-4,5.9500748235399484E-5,2.2506709781428913E-4,1.429776233228769E-4,7.426990315664294E-5,7.306557508267777E-4,0.006510668728145875,0.0024076838142563757,1.2528167893444388E-4,1.2907469328456557E-4,0.005333145977944813,1.2479956266424764E-4,0.0129838118540132,1.2737727596639567E-4,1.2690684505444727E-4,1.3595301918796707E-4,0.021969577845908174,6.697235790492952E-4,0.0018451880556892898,0.0016199302457498034,1.3322501904434488E-4,6.838985821233575E-5,0.0017364395908675122,0.010557520264984192,3.175689721028511E-4,8.153459541563033E-5,4.690320914487439E-5,1.1906435856552189E-4,1.3220493015757078E-4,3.6016829642244444E-4,0.003802686935421509,0.009657504441038038,2.3770180875723986E-4,1.2052578584895784E-4,1.3701566587701386E-4,8.192553885458419E-5,0.00339664157380076,1.7198545852486238E-4],[0.006117071082331785,0.011221125543915087,0.0020643621724558093,0.013157894736842105,0.011397315187081779,0.012568154783796203,0.012921864590674367,0.012037106909581683,0.00962506972778297,0.012613387416228623,0.01163163851235462,0.0018858999658878225,1.0,0.014446597133632586,0.008573238110682018,0.004269968956171767,0.004930125735024897,0.005501965484698439,0.012926436880560176,0.011108393456239797,0.011957177105712084,0.013487087501830294,0.006137516371760426,0.012426118948280045,0.007628034493110456,0.01270104712259115,0.013601620586870984,0.004335353361866324,0.006105678000740253,0.00784736298866899,0.015348675103511214,0.005859041978028444,0.00736538378353859,0.00614464022855382,0.002312048465662507,0.008013637018568488,0.010903656820268861,0.016341691979375877,0.004771218637071871,0.013091133118205325,0.006488810783402652,0.01217237581874891,0.007206999098497242,0.01114823742130796,0.013993819834536247,0.012949483223750969,3.412038200634162E-4,0.007551490204271916,0.005876409536236304,0.003585269260908792,0.013118256078513774,0.012363516346124022],[0.010257948096238907,0.015892756796251142,0.0011949891610490081,0.015428223271614395,0.015363671573222918,0.011843298475020898,0.007276434823298273,0.015650334604979794,0.01529611899491741,0.003022066551842148,0.009233875318960933,0.014884168562907469,0.014446597133632586,1.0,0.01315383488465969,0.0019788226035671983,0.002628928308762585,0.001864837353697212,0.007206600928614917,0.009264251982560272,0.013085624349001151,0.014936775211946725,0.012364707650766053,0.011877125559106685,0.01422228060839726,0.0035765723894412107,0.01541678360908523,0.009509831143758161,0.01171312432131772,0.0025322519584687494,0.018102142037780437,0.010224894330159872,0.011753471461836786,0.00911561059807893,0.007458922588485022,0.01164540280854762,0.009182234954378608,0.06156917658808536,0.006629660541006884,0.010613415354506356,0.011084854217964358,0.01571433549564558,0.016160655965726186,0.0025495635032110196,0.015801342047796284,0.014083916136325508,0.0013585575440427195,0.004198934636253211,0.0011103577751971488,0.005571381108334557,0.008195825387050822,0.0037661512027984036],[5.29441851445743E-4,1.560861901812277E-4,8.633745398131562E-5,0.002815836248527493,0.001571420165184282,0.0012693534258244245,5.937159688481105E-4,7.123412984659695E-4,1.435894922201354E-4,2.9102836966753E-4,1.5192023294104746E-5,1.262245715998707E-4,0.008573238110682018,0.01315383488465969,1.0,9.877508987878473E-5,0.0013035917469697848,3.512352528607777E-4,5.183893460802869E-5,4.0795491363853427E-4,2.1586894254110406E-4,0.0057695730113159985,1.1694392080557714E-4,1.038093269860019E-4,0.002181169344799474,5.251133371910526E-5,0.012883541673028912,1.1107880038512266E-4,1.1788300911215815E-4,1.2426770948760366E-4,0.003422255508231972,9.523593800178106E-4,0.0012063303841083263,9.06103831769751E-4,8.673395139866308E-4,9.678075619325675E-5,0.001876468863392698,0.006933526118904949,1.4240956762978405E-4,6.406918335028728E-5,7.418652711664212E-5,5.158332495001423E-5,1.1374168461302104E-4,0.0010354835917406203,0.004951693221186694,0.005720070281458355,2.053965997032087E-4,1.1448720937222956E-4,1.2390380381464882E-4,4.519154007234215E-5,0.0044282803714674026,2.0087128430682578E-4],[9.845643874948392E-4,1.3257374888462473E-4,1.6523992055548784E-5,0.010700332667812435,0.0013596215268983516,0.00156506516377017,1.5866007330742038E-4,6.958182917744239E-4,3.106815947979846E-5,1.5883784674359008E-5,1.5219892517090122E-5,5.9500748235399484E-5,0.004269968956171767,0.0019788226035671983,9.877508987878473E-5,1.0,0.0013005650383013999,0.001342333570938955,2.508559347160701E-5,0.0010008522982182671,0.002520453620006001,0.007528764580584544,6.161337456303857E-5,1.3585728243532116E-5,0.0036060297266197407,1.6646035521724603E-5,0.001917046900435343,4.3566859162673984E-5,6.8493318715891E-5,5.261819530702017E-5,0.020727454958390495,3.945609481693709E-4,7.978176448099285E-4,2.6824122307201324E-4,2.1483753857546645E-4,1.0761586537394902E-5,0.0013093836683752448,0.029993310480419505,2.2259122387388984E-4,1.5029321669909463E-5,3.920117548122484E-5,2.8376476147036127E-5,9.579884366905006E-5,0.0014071569325702392,9.719663698073253E-4,0.007433965932924235,2.7915634519116343E-5,9.953420168431671E-5,4.05841337130224E-5,1.970741757563443E-5,0.0020259640825731487,9.622197644150012E-5],[0.001133624978430835,0.0010980490703019514,1.1319696255075146E-4,0.004429117495388507,0.0018890251569269243,0.0014747433503502331,0.0012102621160711771,0.0011694537612822347,9.132220683293603E-4,0.001320018849176785,7.212083706032144E-5,2.2506709781428913E-4,0.004930125735024897,0.002628928308762585,0.0013035917469697848,0.0013005650383013999,1.0,0.001414182632462274,0.0010047610380272472,0.001339164312533325,0.0014902459870142087,0.004864886709754024,3.431440263233794E-4,9.774426225002E-4,0.003199291573479167,0.0011832557089917397,0.015044211976224338,2.7409180263027216E-4,7.101169673045888E-4,3.498255330574051E-4,0.008804250134834423,0.0013409567333059404,0.0017859023774871277,0.0013767812242573918,0.0016024349850367664,7.80010243547038E-4,0.0032278055536484876,0.018204083494396516,0.0011639349217958074,0.001116350061031567,0.0010319200428356142,7.226056594317775E-4,8.406276417476399E-4,0.00187323474812857,0.012380351229121752,0.0042576008127837356,6.617046500545231E-4,2.7577591048485415E-4,5.134859865269884E-4,3.327661038519675E-4,0.001866897170959927,0.0010273442553685517],[0.00133539303339139,6.787549121142742E-4,8.74129152615138E-4,0.0017682752475442621,0.002671160369730512,0.0016353234379139654,0.001082907006499787,0.0012373003418299814,2.724284821519885E-4,0.0013047421226828038,2.698744865408572E-4,1.429776233228769E-4,0.005501965484698439,0.001864837353697212,3.512352528607777E-4,0.001342333570938955,0.001414182632462274,1.0,2.149767626607498E-4,0.0012992408380011686,0.0015720918391834038,0.012613951262129119,9.925830663844869E-4,0.0010369774482587686,0.006349343670367535,1.0863813857544215E-4,0.011213237066531344,1.3073564758945153E-4,2.995291298681884E-4,6.087815553203681E-4,0.015558967727809823,0.0013600820271944497,0.0016343823168631034,0.0018623045779512979,0.001454112587922382,8.664625058333343E-5,0.0026562755127758093,0.038305829998106763,7.197408399304332E-4,8.218891294715419E-4,4.516435953936764E-4,3.1537745604683673E-4,4.531411971227011E-4,0.0017643007198676762,0.011859737460474553,0.009531984709081141,9.91036030384835E-4,8.50656751405613E-4,0.0013419201581887012,0.001184947835602323,0.0014909266524378536,9.012556616598393E-4],[3.115368471408688E-4,5.333636476036415E-5,3.930066443360147E-5,0.0024152148125132417,2.4123727452953186E-4,2.0991808366956752E-4,9.792396059275503E-4,4.4401330142226653E-4,5.774401598255693E-5,1.1623620340803093E-4,3.487768830995894E-5,7.426990315664294E-5,0.012926436880560176,0.007206600928614917,5.183893460802869E-5,2.508559347160701E-5,0.0010047610380272472,2.149767626607498E-4,1.0,8.22133211902746E-4,0.005986810806806516,0.0032532375758530948,8.563573740732509E-5,1.951523169364371E-5,0.003271760387770771,3.811376956639476E-5,0.009274763595415136,5.492744350963183E-5,1.0895174857281615E-4,1.3737894567754678E-4,0.006789218588666754,8.764416836783577E-4,0.0013457368744579353,2.811945659292928E-4,8.685032638269536E-4,3.702763078012622E-5,0.0010770614848048265,0.025203802363636486,6.31761519703873E-4,3.174625449283333E-5,4.072361562005184E-5,3.4326957757327775E-5,9.050132278976727E-5,3.4118229509842984E-4,0.0021918902396349535,0.008195755566390359,2.3053146284818927E-4,1.124601214765516E-4,9.288222958884419E-5,2.2669428029964458E-5,0.0014542267527125382,1.668349778742827E-4],[0.0012321610014616308,5.161046176103733E-4,0.001026072020750927,0.007993923912251621,0.001467373403937282,0.001501692255579496,0.0011130093001730345,0.0010991607128351204,5.827797497279237E-4,7.973739039105945E-4,0.001229962143782265,7.306557508267777E-4,0.011108393456239797,0.009264251982560272,4.0795491363853427E-4,0.0010008522982182671,0.001339164312533325,0.0012992408380011686,8.22133211902746E-4,1.0,0.002879558772627717,0.004648472496811648,3.753181445316717E-4,7.163207341189966E-4,0.004794742512924016,3.5495456517335873E-4,0.01092248077904051,4.609291018741293E-4,4.0577677328103735E-4,1.8892078298871198E-4,0.007364854179209779,0.0012490369954128535,0.001509687860148383,0.0016829080866931478,0.0015424928537493237,0.001050281549059846,0.0054419897325487954,0.05956898657072169,0.001247969560511429,8.356910690426274E-5,1.267501794897125E-4,1.3233404472002674E-4,8.097089049273062E-4,0.001811047975678892,0.009231906854657908,0.012420241968654057,8.083955841330292E-4,8.362145800304768E-4,3.3244270488858756E-4,8.919132517014321E-4,0.0020976810779550934,5.036099214374638E-4],[0.0011638397737382014,0.0014739365064344611,8.335485092715393E-4,0.008290572081507764,0.008175833581832442,0.0032932331137882553,0.001333008550656236,0.0037928570541984237,0.004728169191900944,0.0031977195766942452,0.001118358689417573,0.006510668728145875,0.011957177105712084,0.013085624349001151,2.1586894254110406E-4,0.002520453620006001,0.0014902459870142087,0.0015720918391834038,0.005986810806806516,0.002879558772627717,1.0,0.009558957899083656,0.004271716360668276,0.007894887546720538,0.0067621854740108804,0.00260354245719507,0.011454718752781364,0.002616457385182159,0.007497481441188,0.0015526929153353562,0.011342842673252,0.003909255092692879,0.006285422332785088,0.00426061664515966,0.007193932061200001,0.007453475093629088,0.008071694674736458,0.021883804366594116,0.0022802701321064205,0.00385381296460893,0.004751829477117933,0.003165519420046848,6.457238957982027E-4,0.006977286002005045,0.01085183397747995,0.009516562670383966,0.003874078325060147,0.004875753735491072,0.0021336996089721064,0.0026162636364015076,0.006588215082695936,0.0032308851845221508],[0.0035415009641971236,0.010889558163595502,0.004836502201392205,0.013210573782622616,0.004032258168800666,0.009700927705217481,0.01025949293489458,0.007292141425224646,9.222320870109401E-4,0.007370221940230911,0.007373604173807408,0.0024076838142563757,0.013487087501830294,0.014936775211946725,0.0057695730113159985,0.007528764580584544,0.004864886709754024,0.012613951262129119,0.0032532375758530948,0.004648472496811648,0.009558957899083656,1.0,0.010088399224936448,0.013280870660030664,0.011535422911478674,0.01218696793983543,0.013788144872511808,0.012916379647130886,0.010251776071590737,0.0029992610160087985,0.016959601682276212,0.008773380992108757,0.011828070067589075,0.0041801507172200235,0.012161959616677848,0.006264447003859017,0.006293901723861064,0.03502330695714782,0.002068204454247147,0.0056047454351223205,0.011789668716860824,0.008897100866713525,0.004909622616941817,0.006578555535480819,0.013664565498448775,0.01280701105492248,0.0032936953217217175,0.0037088062264425924,0.003652454080027906,0.0021498297676851253,0.009033769078970624,0.002465888278657316],[2.3937421829953588E-4,1.2062466316526733E-4,1.0008117365476184E-4,0.011424489265919248,0.001294218277782006,7.098667483957199E-4,9.344580747015827E-4,9.914093414266124E-4,1.4994395606688954E-4,1.440331306013606E-4,7.739693779203733E-5,1.2528167893444388E-4,0.006137516371760426,0.012364707650766053,1.1694392080557714E-4,6.161337456303857E-5,3.431440263233794E-4,9.925830663844869E-4,8.563573740732509E-5,3.753181445316717E-4,0.004271716360668276,0.010088399224936448,1.0,7.892455319223157E-5,0.0037894154902460794,5.8425537164248395E-5,9.887291924184478E-4,1.133717518567937E-4,1.20711650201603E-4,1.2249637946760405E-4,0.008999849993197757,0.0010027849153160526,0.0010194425103113886,7.563362195412762E-4,1.2748550355762855E-4,8.401703432198841E-5,0.005259982795707924,0.010681132485054505,3.821390021621626E-4,1.2206996314681132E-5,9.121521039792567E-5,5.9289921565971336E-5,1.1774722738972353E-4,0.0015979204579941511,0.0032213905205578587,0.0073479378539994455,1.2935566774519556E-4,1.1669111345750268E-4,1.296272647700852E-4,4.5109308134149596E-5,0.003517244186082462,2.0536875098872538E-4],[4.08268391669662E-4,1.2284935672311658E-4,2.4364646291661328E-5,0.0015327779700670995,0.0016966781636050742,1.993422894303451E-4,8.322143195965314E-4,2.7786979762164357E-4,1.5294666807497717E-4,1.4934964718401543E-4,1.4462392412470927E-5,1.2907469328456557E-4,0.012426118948280045,0.011877125559106685,1.038093269860019E-4,1.3585728243532116E-5,9.774426225002E-4,0.0010369774482587686,1.951523169364371E-5,7.163207341189966E-4,0.007894887546720538,0.013280870660030664,7.892455319223157E-5,1.0,0.0028892241408322965,1.9057280963995153E-5,0.004383530438102319,8.47591714957379E-5,4.216034406559489E-5,1.1358159831207638E-4,0.01637207122865605,4.008502807791709E-4,5.307110990561243E-4,1.9616570405588997E-4,0.0010769627347690623,1.1449599977562363E-5,0.003259413988952839,0.009032274483024417,3.815459029088669E-4,1.2054439275302294E-5,2.001872264918107E-5,2.942379822979266E-5,1.0437048528433881E-4,0.0020574066562686,0.004120610798792199,0.008383030295881612,1.91258251979012E-4,8.595155633476296E-5,4.2353267229558746E-5,2.1217650440613158E-5,0.005132863195498487,2.33003877708076E-4],[0.003328191405506383,5.962952927972942E-4,0.004906255865806456,0.007262245966189076,0.003196037879860736,0.004741419433560016,0.005995134423991719,0.0024567643408319488,0.00519041434409675,5.220492589147452E-4,3.218827112273412E-4,0.005333145977944813,0.007628034493110456,0.01422228060839726,0.002181169344799474,0.0036060297266197407,0.003199291573479167,0.006349343670367535,0.003271760387770771,0.004794742512924016,0.0067621854740108804,0.011535422911478674,0.0037894154902460794,0.0028892241408322965,1.0,7.183320601617102E-4,0.007709947986089815,7.534928533169177E-4,4.562954995252085E-4,0.004433750262222486,0.016489883871856497,0.004169724114858009,0.0021728233437539506,0.005069890680178558,0.002521140420708671,0.0028461736328210916,0.006405442616790114,0.016272433867948775,0.006505717314056377,0.0022454590781854637,0.006262592732974396,0.0014541733192855852,0.004882479698041225,0.005172192427569716,0.010340575401507233,0.009475666688322264,0.006038078828694914,0.00208896805091137,0.002676201506499163,0.004073310562935858,0.006308246715014163,0.0010701385785021021],[8.806528832197654E-4,1.0059037436607034E-4,2.956463638165262E-5,0.008171245434699138,0.0011594138502594633,0.0012722188348848608,0.0010134903671379773,8.985536974485618E-4,1.4315150571876417E-4,2.2168698463150895E-5,1.6584928960785655E-5,1.2479956266424764E-4,0.01270104712259115,0.0035765723894412107,5.251133371910526E-5,1.6646035521724603E-5,0.0011832557089917397,1.0863813857544215E-4,3.811376956639476E-5,3.5495456517335873E-4,0.00260354245719507,0.01218696793983543,5.8425537164248395E-5,1.9057280963995153E-5,7.183320601617102E-4,1.0,0.007414362155405342,5.699550281675551E-5,3.353131317671494E-5,6.006907109489185E-5,0.013290621657966612,4.998578740215985E-4,0.0017922886939274226,7.576835546039471E-4,1.8641274727957514E-4,1.4749812787091423E-5,0.0028307494676217356,0.023034723735871593,1.2025779542129842E-4,1.210497622406136E-5,3.447179081366854E-5,2.4230524756937648E-5,3.8247975464651465E-5,0.0016555008998846972,0.009663751548261273,0.002081977448795948,6.822806800776016E-5,3.281053140280223E-5,1.1508167450293402E-4,1.9273403917419958E-5,0.002233349182232031,8.485218543424415E-5],[0.003782330076441168,0.011648576655563675,0.0011640738083026991,0.013301771281080389,0.012667153327881332,0.011618019194415666,0.0031662226867210453,0.009800114479716128,0.014472298655415857,0.005660811828493783,0.010974021114256563,0.0129838118540132,0.013601620586870984,0.01541678360908523,0.012883541673028912,0.001917046900435343,0.015044211976224338,0.011213237066531344,0.009274763595415136,0.01092248077904051,0.011454718752781364,0.013788144872511808,9.887291924184478E-4,0.004383530438102319,0.007709947986089815,0.007414362155405342,1.0,0.010641973611490056,0.00564881064266415,0.0014564495026525355,0.02020596089501967,0.008651553837060821,0.006892173803933598,0.014453580272594121,0.011780446026665153,0.002803444305040802,0.01059804104449704,0.0450996304109397,0.013198548871533053,0.0046203505129543,0.006796424593863551,0.011831702847391636,0.0072306996882472345,0.008083246851541869,0.014439098180793499,0.012700337798729281,0.009823784575907686,0.00731199922837722,0.014328408503522742,0.004471611121092225,0.014327603617859567,0.013823120316567461],[1.9079066619111235E-4,1.5046381184878355E-4,4.5799924013933727E-5,0.0033288413760428365,6.09872776996856E-4,0.0010414986322449845,7.267626045129913E-4,4.7560955468322876E-4,1.5093920857544028E-4,3.5149541247105726E-4,9.105232498610435E-5,1.2737727596639567E-4,0.004335353361866324,0.009509831143758161,1.1107880038512266E-4,4.3566859162673984E-5,2.7409180263027216E-4,1.3073564758945153E-4,5.492744350963183E-5,4.609291018741293E-4,0.002616457385182159,0.012916379647130886,1.133717518567937E-4,8.47591714957379E-5,7.534928533169177E-4,5.699550281675551E-5,0.010641973611490056,1.0,1.1115834781910384E-4,1.184547356182503E-4,0.012112246777732927,1.1354574659856235E-4,8.536385370351585E-4,0.0016705285615337846,0.0017852324332628328,2.6435387042592746E-5,0.0034489047536856057,0.06095510681699839,2.4970017182902215E-4,8.524418046085882E-5,1.0091529951808865E-4,4.230641402214574E-5,1.1416391537773708E-4,4.813123832471142E-4,0.00815654721000397,0.0024455622545075397,2.421459572561297E-4,1.1450587048721333E-4,1.2196266653969502E-4,6.433549530766734E-5,1.7270356166134416E-4,2.6035350103421933E-4],[6.406330048725977E-4,1.4582732674278242E-4,1.1783238239179567E-4,0.005418038917518257,0.001649565980152669,0.0012186557177638717,5.475872435549693E-4,3.0421684914376166E-4,1.242813801098562E-4,1.6079093329550483E-4,5.856832141088857E-5,1.2690684505444727E-4,0.006105678000740253,0.01171312432131772,1.1788300911215815E-4,6.8493318715891E-5,7.101169673045888E-4,2.995291298681884E-4,1.0895174857281615E-4,4.0577677328103735E-4,0.007497481441188,0.010251776071590737,1.20711650201603E-4,4.216034406559489E-5,4.562954995252085E-4,3.353131317671494E-5,0.00564881064266415,1.1115834781910384E-4,1.0,1.3972058290152845E-4,0.012307389983733102,0.0010042836031599,0.0011939028098790713,4.917695503095003E-4,6.665005304565129E-4,1.1121627070470019E-4,0.0033204680288105456,0.033856295364511305,4.1336959717231964E-4,1.810507307848342E-5,9.342777807264986E-5,3.177147701750036E-5,1.1674749806885882E-4,0.0012534436045996168,0.006950695200225452,0.002220643845789246,2.1362145610787702E-4,1.1849635427428346E-4,1.332402994039499E-4,6.990077937524311E-5,0.003116634435470464,2.691800856668781E-4],[9.284312719021234E-4,1.4598727854095631E-4,5.2508734472523944E-5,0.00434331628940583,0.0015338560108960444,5.383737187794089E-4,5.3804277002519E-4,7.939506784327716E-4,1.492114354882663E-4,4.160262304892324E-4,5.7386198906386624E-5,1.3595301918796707E-4,0.00784736298866899,0.0025322519584687494,1.2426770948760366E-4,5.261819530702017E-5,3.498255330574051E-4,6.087815553203681E-4,1.3737894567754678E-4,1.8892078298871198E-4,0.0015526929153353562,0.0029992610160087985,1.2249637946760405E-4,1.1358159831207638E-4,0.004433750262222486,6.006907109489185E-5,0.0014564495026525355,1.184547356182503E-4,1.3972058290152845E-4,1.0,0.021278023884862683,4.429354591091857E-4,0.0012202534050354478,0.0017655763279172721,0.001878759183019425,5.4656756742207925E-5,0.0037555484265504855,0.022139085099961882,5.942491506860828E-4,9.004363233358028E-5,9.116039825530299E-5,1.2546070705800056E-4,1.1828969782055795E-4,5.064067559519187E-4,0.003112352076162423,0.007808220219203321,1.811266381248484E-4,1.310998922778195E-4,1.4018261782855327E-4,1.3419986559974894E-4,0.0022697689816642127,1.540179087630445E-4],[0.006516257131570543,0.001574745275963454,0.012654195545170416,0.018879797947768843,0.01264525756793164,0.00638944890150954,0.018945361583009763,0.0033684402971164555,0.0018998169121117777,0.0146536813878049,0.01124447758464258,0.021969577845908174,0.015348675103511214,0.018102142037780437,0.003422255508231972,0.020727454958390495,0.008804250134834423,0.015558967727809823,0.006789218588666754,0.007364854179209779,0.011342842673252,0.016959601682276212,0.008999849993197757,0.01637207122865605,0.016489883871856497,0.013290621657966612,0.02020596089501967,0.012112246777732927,0.012307389983733102,0.021278023884862683,1.0,0.003131656815644331,0.009334207812133594,0.00488229895632195,0.002125780923708202,0.0011315432697844975,0.014135263488141243,0.05936462097540575,0.019200710714373154,0.009541823311648979,0.01436773345293952,0.015431306583313075,0.004073011916931854,0.012816320114447898,0.01919549150994809,0.018851102757919007,0.009486604495278965,0.012525906155048776,0.019982401430676,0.017291215068153346,0.01748018037255251,0.01615375694091654],[0.0011795711193429716,6.858455202386955E-4,0.0011769150751555115,0.011175794749310923,0.0015243015806116465,0.0012932736067261322,0.0011819959527834324,0.0011552781860187061,6.334792718398827E-4,9.571009800623204E-4,1.052973488762095E-4,6.697235790492952E-4,0.005859041978028444,0.010224894330159872,9.523593800178106E-4,3.945609481693709E-4,0.0013409567333059404,0.0013600820271944497,8.764416836783577E-4,0.0012490369954128535,0.003909255092692879,0.008773380992108757,0.0010027849153160526,4.008502807791709E-4,0.004169724114858009,4.998578740215985E-4,0.008651553837060821,1.1354574659856235E-4,0.0010042836031599,4.429354591091857E-4,0.003131656815644331,1.0,0.0013020619186943127,0.0018392963809161426,0.0013191621938043476,4.477515991134942E-4,0.0047858575350017765,0.025831223297223635,7.523526150962858E-4,5.403382540717248E-4,5.882803895376117E-4,6.791241168357994E-4,9.922052285184148E-4,0.0013426736497712567,0.013350189193155114,0.005238954389612621,3.490491744052633E-4,2.7628092042724143E-4,8.90087113900351E-4,7.024854030844251E-4,0.0035946333663279357,5.673747038463727E-4],[0.001860671401562138,8.490013361073173E-4,7.477307952210166E-4,0.011221750064223343,0.001964066015444486,0.0017510546800625817,0.0017834109934674425,0.001084189762116354,2.2191166272650587E-4,0.0012375480355525052,2.8923651706308105E-4,0.0018451880556892898,0.00736538378353859,0.011753471461836786,0.0012063303841083263,7.978176448099285E-4,0.0017859023774871277,0.0016343823168631034,0.0013457368744579353,0.001509687860148383,0.006285422332785088,0.011828070067589075,0.0010194425103113886,5.307110990561243E-4,0.0021728233437539506,0.0017922886939274226,0.006892173803933598,8.536385370351585E-4,0.0011939028098790713,0.0012202534050354478,0.009334207812133594,0.0013020619186943127,1.0,0.001910804003950074,0.0019799464480075067,4.8431433375461024E-5,0.0029548907913375826,0.03239220445860587,0.0018247704600357652,6.556811703327438E-4,0.0014662038656370975,0.001543015662870613,0.001433866318474604,0.001981953271353349,0.014273556197063596,0.006222158025316213,0.0018925851718306426,0.0012565031658421176,3.709359306271744E-4,0.0013678624841591913,0.003587501638981883,2.772107385832527E-4],[0.0016839287558974344,7.718854953514097E-4,7.488700694746974E-4,0.007139839026734068,0.001948221757681014,0.001889929960753767,0.0015654952973144535,0.0013430323148997546,5.783162018270847E-4,4.4253746080556635E-4,6.835417361902975E-4,0.0016199302457498034,0.00614464022855382,0.00911561059807893,9.06103831769751E-4,2.6824122307201324E-4,0.0013767812242573918,0.0018623045779512979,2.811945659292928E-4,0.0016829080866931478,0.00426061664515966,0.0041801507172200235,7.563362195412762E-4,1.9616570405588997E-4,0.005069890680178558,7.576835546039471E-4,0.014453580272594121,0.0016705285615337846,4.917695503095003E-4,0.0017655763279172721,0.00488229895632195,0.0018392963809161426,0.001910804003950074,1.0,0.001960280325722742,0.001042641316278186,0.002164445176235653,0.0052173430529425975,0.001391638055372134,0.0017874020143110042,0.0012206586193586073,1.8347601126626973E-4,5.640923656554156E-4,0.0020271079216837933,0.010728833854497901,0.003613617945194776,5.042841947455529E-4,7.702025819124086E-4,6.361184622188309E-4,7.722987766080271E-4,0.003901079898510522,0.0013966929636854662],[0.001212995575913679,0.0015187232266373944,0.0019127032678313272,0.008990042122895142,0.002339189604446905,0.0017603497539843813,0.00115052653340347,0.0017586244189092238,0.001131477306073787,0.001304349932660652,9.653744047852167E-5,1.3322501904434488E-4,0.002312048465662507,0.007458922588485022,8.673395139866308E-4,2.1483753857546645E-4,0.0016024349850367664,0.001454112587922382,8.685032638269536E-4,0.0015424928537493237,0.007193932061200001,0.012161959616677848,1.2748550355762855E-4,0.0010769627347690623,0.002521140420708671,1.8641274727957514E-4,0.011780446026665153,0.0017852324332628328,6.665005304565129E-4,0.001878759183019425,0.002125780923708202,0.0013191621938043476,0.0019799464480075067,0.001960280325722742,1.0,1.8473083138976443E-4,0.0029723319276580306,0.028366711903763355,0.0017599148726089378,0.0010889729182550429,6.534494815259203E-4,5.345611899890187E-4,3.5269148050646706E-4,0.002016673873995731,0.013933781145486143,0.0024952466058589112,5.365320858373489E-4,6.410653716491765E-4,0.0014700696491511572,0.0015874395330475364,0.0044140911371273565,0.0010586671859966568],[4.9281262119538366E-5,1.4102907869731278E-4,3.4219327209678513E-5,0.011327449146426893,0.0016419162098030727,3.34031040835221E-4,1.3028459888758516E-4,8.347074181828059E-4,1.6350899137610968E-4,3.3329668542245595E-4,1.3328508282546306E-5,6.838985821233575E-5,0.008013637018568488,0.01164540280854762,9.678075619325675E-5,1.0761586537394902E-5,7.80010243547038E-4,8.664625058333343E-5,3.702763078012622E-5,0.001050281549059846,0.007453475093629088,0.006264447003859017,8.401703432198841E-5,1.1449599977562363E-5,0.0028461736328210916,1.4749812787091423E-5,0.002803444305040802,2.6435387042592746E-5,1.1121627070470019E-4,5.4656756742207925E-5,0.0011315432697844975,4.477515991134942E-4,4.8431433375461024E-5,0.001042641316278186,1.8473083138976443E-4,1.0,5.2709137152147E-4,0.020128793830288233,1.1808428638918644E-4,1.0998973647836159E-5,1.4826202801815407E-5,1.7094435483755E-5,1.1191514136316132E-4,0.0017514044591926032,0.005595502609971788,0.004677964977604433,5.369136863995089E-5,9.312778921454348E-5,9.477972451388207E-5,1.722109501587775E-5,0.004860203815454249,1.278292188524846E-4],[0.004682807425721166,0.0019524909532552476,0.0025255439932239023,0.006652263317767121,0.003659433493245769,0.003009066048525985,0.0045642524769353935,0.002072325877010528,0.004205878756745567,0.0027743381816917063,0.00150037152683508,0.0017364395908675122,0.010903656820268861,0.009182234954378608,0.001876468863392698,0.0013093836683752448,0.0032278055536484876,0.0026562755127758093,0.0010770614848048265,0.0054419897325487954,0.008071694674736458,0.006293901723861064,0.005259982795707924,0.003259413988952839,0.006405442616790114,0.0028307494676217356,0.01059804104449704,0.0034489047536856057,0.0033204680288105456,0.0037555484265504855,0.014135263488141243,0.0047858575350017765,0.0029548907913375826,0.002164445176235653,0.0029723319276580306,5.2709137152147E-4,1.0,0.021303