[[1.0,0.0012209305432019338,5.688038087130225E-4,7.87881755838881E-5,1.6932375096944475E-5,3.1043329964100416E-4,8.279469527611939E-5,3.6520961523498467E-4,2.5143173850067395E-5,0.019188033869831936,0.02782054187811788,0.0023905523056664854,1.0673902456513105E-4,1.0021001629698236E-4,0.057484939639477255,5.692899538544173E-4,6.092578483158252E-5,8.176201219078921E-5,6.308901453626206E-5,1.8822564903651997E-5,1.4608820720479532E-4,1.1212738241984374E-4,9.86472459515459E-5,0.0017182934868942043,9.207005685302483E-4,0.0010930721522807417,0.008268690060380808,0.0034074686907072716,0.002422498705203727,0.0012451238419812767,9.444481570103968E-5,2.5331526159839492E-5,1.8721802373729977E-5,0.00655436275999545,0.0010733425660356037,2.7262210633194234E-5,0.00698679763169189,1.638587679654744E-4,8.431907077076347E-4,9.149107972448317E-4,1.2547409374354088E-4,0.0015874090519165484,1.9434581602963094E-5,6.099174130494978E-5,0.011435638830406498,6.859061736684847E-5],[0.0012209305432019338,1.0,0.0028949930749159955,0.00786221968559348,0.0014647565228348973,0.006240271218574837,0.007818825921309811,0.003487957002333698,0.004908531201977575,0.035743517208408036,0.020720692253680253,0.006859043351683937,7.840815007587407E-4,0.004530600419592026,0.014238189125409789,0.009837136704818065,0.004796753080768186,0.008057008463763872,0.0017247115122865052,0.006521765110855888,0.0012773012018685074,0.009348161591471314,0.007665581182535098,0.004489073537280213,0.006843066788686422,0.007142451112986892,0.010246586500704058,0.0065203702625452956,0.009816834817651282,0.008832046970945176,0.0062343352373167085,0.0021795197363778536,0.006952235709863639,0.01080850275970603,0.0044832687389813495,0.0022018428754952486,0.009531204565230886,0.004399804207365384,0.009553801957961355,0.004490934780651932,5.43802878556304E-4,0.009033117284130475,0.008265113740971176,0.010140390696464994,0.011547592883299367,0.009290294891126335],[5.688038087130225E-4,0.0028949930749159955,1.0,4.3815101172243586E-4,1.4691499946237627E-4,4.661298640527429E-4,1.8195666470326968E-4,6.487430607652782E-4,4.860388342047878E-4,0.051583944054400345,0.006904116741405125,0.0032090777834258163,2.594112477995741E-4,1.2642072648645875E-4,0.04335330160444101,0.0030538555751639645,3.9243432994218684E-4,4.7277619288491697E-4,3.2015078247402216E-4,2.3898226890818153E-4,5.316783521182181E-4,3.605416807457511E-4,3.199452797519495E-4,0.0011318149084198566,8.222644507709963E-4,0.0018429182511001442,0.010335565074763624,0.002676827797527865,0.0024356583362465565,7.349718074509028E-4,3.155612450073881E-4,3.1282013149103687E-4,6.60193754329878E-4,0.010867842787924454,0.0031979726897504545,4.869950199878514E-4,0.005157832238563529,5.053602216847298E-4,8.195848798415372E-4,0.0017865892543942187,4.889088766491856E-4,0.0011659194381410372,3.0247408392593495E-4,5.125063599660949E-4,0.008222204891063983,7.756497075119845E-4],[7.87881755838881E-5,0.00786221968559348,4.3815101172243586E-4,1.0,6.020748131656821E-5,1.853383043268322E-4,1.264625259344948E-4,2.4925884773579555E-4,1.02378433612832E-4,0.04999913398423195,0.0414676546097895,5.899845292196317E-4,1.277234201139349E-4,1.072847958767886E-4,0.022508319000380354,0.0032014865454817547,1.8240881241732E-4,2.2418478343100577E-4,1.0293632725780558E-4,7.094777414887212E-5,1.2266315262571408E-4,2.480390673619913E-4,1.3503924632604742E-4,7.774174076500379E-4,6.12302999340937E-4,0.001793080841623196,0.0035983826519225912,0.00343677421788271,0.0016293537425582018,1.2790805842988345E-4,1.945722097630739E-4,3.362447476419196E-5,8.041004174922037E-5,0.005803827531968851,0.0032858153797738583,1.9275281647406845E-4,0.0032826528891913265,1.4919644316950233E-4,7.262070297926641E-4,0.001474879269700702,1.2633136205184318E-4,0.0013908393673526288,4.938734361149759E-5,1.2389817441237416E-4,0.015040319714864149,3.7866419885772653E-4],[1.6932375096944475E-5,0.0014647565228348973,1.4691499946237627E-4,6.020748131656821E-5,1.0,6.594634090609722E-5,9.195167736289474E-5,3.7729876854225525E-5,1.1244961555146954E-5,0.016569527483733446,0.04523582129235007,7.398791372976954E-4,1.130219234441056E-5,1.1859591592531898E-5,0.027491015785136515,0.005357105430782574,2.3797310824386604E-4,5.843155760573095E-5,9.965641115962974E-5,1.216702799497366E-5,8.12703313467073E-5,2.332014025858765E-4,1.9166517646276586E-4,0.0011914216522530261,0.0010979561747946668,7.135618528654503E-4,0.011099212228806964,0.0039859273860108,0.0019944296676374044,3.7023938088764577E-4,4.4407122389111795E-5,1.355237621848858E-5,1.3058427182501149E-5,0.008368795135017388,0.002313457223794455,1.453707050201178E-4,0.007266433843478128,1.3851872355020566E-4,7.745612351330723E-4,7.018777766687789E-4,2.1692334465109344E-5,0.0010531525701418711,1.6314275894055963E-5,3.265326891977015E-5,0.008310228885263301,4.0595663964874035E-4],[3.1043329964100416E-4,0.006240271218574837,4.661298640527429E-4,1.853383043268322E-4,6.594634090609722E-5,1.0,1.4658826431242493E-4,3.6960043975529396E-4,1.8711192512653986E-4,0.004141930607532615,0.04319951849702964,0.0020342701179042826,2.5787286344399813E-4,2.1704924670442317E-4,0.040729834234639835,0.0041984283322452215,3.1469912543205655E-4,2.9663485477408516E-4,1.8398785631553875E-4,2.328452879415889E-4,2.558638850621584E-4,2.9076746030259963E-4,2.642008173225328E-4,0.0014482979241919156,4.219385815417456E-4,0.0013130445478867264,4.700563374385551E-4,9.404022673120112E-4,3.3012820752868587E-4,9.982801012681862E-4,2.7806301525799945E-4,1.287653305182453E-4,1.5196470701333268E-4,0.004773514183680273,0.002149018969622395,2.725581142761521E-4,0.003587001979338783,1.879938162159648E-4,9.933867666559696E-4,4.462574052434011E-4,2.4103747328828074E-4,0.0016491093115872037,8.357246869816666E-5,3.079972281779254E-4,4.1967461549801826E-4,7.807118746950724E-4],[8.279469527611939E-5,0.007818825921309811,1.8195666470326968E-4,1.264625259344948E-4,9.195167736289474E-5,1.4658826431242493E-4,1.0,2.453872852844317E-4,1.1346438175418018E-4,0.041709374774700665,0.038090861850180444,0.0024427543756435815,1.3776101667185498E-4,1.1089358679249221E-4,0.01081331636997372,0.0039192721271669355,1.5227659503232465E-4,1.691430404218188E-4,1.0323462471527137E-4,6.800223395801533E-5,1.602874227042179E-4,2.4980957106619865E-4,1.6617465651147263E-4,9.92927668878004E-4,5.540869607754229E-4,4.3026987172803475E-4,0.009668510075302915,0.003916705074518016,3.384302077957732E-4,7.418582886355989E-4,1.7436584703968183E-4,9.760668130540719E-5,8.230824529503373E-5,0.008201201694439386,0.0037754310574049346,2.2162619382397282E-4,0.0037880999895760735,1.4656827283655784E-4,3.7970320592805706E-4,0.0013011752848246824,1.3146677148506228E-4,0.001128639769507236,8.473093541644202E-5,1.3001099670715028E-4,0.011022688627211329,8.458426589419189E-4],[3.6520961523498467E-4,0.003487957002333698,6.487430607652782E-4,2.4925884773579555E-4,3.7729876854225525E-5,3.6960043975529396E-4,2.453872852844317E-4,1.0,1.5052110902925964E-4,0.016824022823893822,0.03354929930610297,0.0020449027972009193,2.6841417816976857E-4,2.697926207751618E-4,0.02578035506380818,0.0013601846397497184,3.5012633750394106E-4,3.228310917505722E-4,1.1143208346087249E-4,1.575224452490836E-4,2.5238698175938067E-4,3.6627952383144313E-4,3.316218899969526E-4,0.0017357631162734472,6.97298046599743E-4,0.0012731190130212161,0.0012142327054546521,7.205585185060589E-4,0.0023095900873789867,0.0011463459543017923,3.521684112919607E-4,1.9789559560473124E-4,2.1163067335382214E-4,0.006461246371165077,0.0014842674348849092,3.3606539946614183E-4,0.002041166991546067,3.218592911703108E-4,9.555509753726888E-4,0.0013412997027825594,1.4553433853764272E-4,0.0011162562546013705,2.979347404119742E-4,2.477770825221144E-4,0.005163368680481512,0.0010251292307805477],[2.5143173850067395E-5,0.004908531201977575,4.860388342047878E-4,1.02378433612832E-4,1.1244961555146954E-5,1.8711192512653986E-4,1.1346438175418018E-4,1.5052110902925964E-4,1.0,0.03742703546661844,0.020062225294918485,3.77011768654648E-4,4.6283026083676916E-5,3.5493231113944884E-5,0.0062141872546853626,0.007394227507761744,1.2221464716863725E-4,2.656873480014344E-5,6.65424932674826E-5,2.2589383031390754E-5,1.4311735606150141E-4,1.0656555346547891E-4,1.3123703272199355E-4,0.0012590282687605428,8.714518421404618E-4,4.0351166370838985E-4,0.003999630598342414,0.001220780969106967,4.205207481684367E-4,2.1526942662426245E-4,1.1387775458488971E-4,2.3076433243625244E-5,1.901503650570906E-5,0.002791071922003078,0.0030197073958319583,5.9705152338259966E-5,0.00409000998087239,1.099280561268241E-4,7.503209813389493E-4,0.0010588070837247536,1.164031580449916E-4,2.7621671586381015E-4,1.863972706341198E-5,3.608909427557867E-5,0.016017233239925748,5.109259260474492E-4],[0.019188033869831936,0.035743517208408036,0.051583944054400345,0.04999913398423195,0.016569527483733446,0.004141930607532615,0.041709374774700665,0.016824022823893822,0.03742703546661844,1.0,0.06653770404070561,0.06701033678574357,0.049131458244693185,0.04132701468451422,0.06755635458657021,0.041651117615254765,0.056562107892712606,0.015534974232640381,0.06399976248112844,0.04423141726484672,0.05550833190774728,0.010052612214713857,0.018950514576612194,0.04188028355975743,0.009818288060908073,0.043796457571364786,0.0432653974071171,0.018953452341582737,0.06851739228250023,0.01004344455478127,0.01955923772988318,0.07035625732022907,0.008974217881585105,0.014286773010477259,0.056020458385393934,0.008597686039121494,0.05891225407515726,0.04481715850054376,0.0413631987677751,0.004119623858117578,0.018431292984157053,0.061980479990610654,0.05904566371865117,0.013375119824941308,0.023722356877129067,0.04268141786815762],[0.02782054187811788,0.020720692253680253,0.006904116741405125,0.0414676546097895,0.04523582129235007,0.04319951849702964,0.038090861850180444,0.03354929930610297,0.020062225294918485,0.06653770404070561,1.0,0.014569954640937403,0.01105819998005855,0.008794804606169744,0.063690115080172,0.0292237426297869,0.009774126362007899,0.04465208159388925,1.4914643144891586E-4,0.027185908619027335,0.008736246374656158,0.037770519091813046,0.01916683537972241,0.038608444111329965,0.011083952735502915,0.027450892943748004,0.026964347767461243,0.04269155380156282,0.02287545022356169,0.0038287067447523625,0.02223144800562694,0.011700971712083334,0.009508308803805049,0.03437788467744411,0.03448932902069552,0.030845904941092184,0.0368126856992206,0.013298737226688569,0.008141817269492334,0.022962136569496677,0.04115484676806014,0.039337150647903656,0.00719088280289053,0.04407537669849569,0.03803568814862657,0.0053523440764023196],[0.0023905523056664854,0.006859043351683937,0.0032090777834258163,5.899845292196317E-4,7.398791372976954E-4,0.0020342701179042826,0.0024427543756435815,0.0020449027972009193,3.77011768654648E-4,0.06701033678574357,0.014569954640937403,1.0,0.0029105304925857306,0.001604500241922135,0.052825771653722445,0.006687177466733324,0.002855186946368864,4.020945076239152E-4,0.0026959102132694673,0.0014846451649902627,1.8975668235271967E-4,0.0011166753354391787,0.0014359186198025908,0.0026533329511350444,0.0031426824794386046,0.002834276994574462,0.006245554356263559,0.0036944395312639255,0.00313194182371334,0.0019053289426497267,0.0018903259745044535,1.4592284395616498E-4,0.002806111851004763,0.005501301128667229,0.0035931485973234017,0.0013102254002380993,0.004111098443344265,0.002755312682700319,0.0016074062761504719,0.00307582405787937,5.058701346940017E-4,0.003057351744456699,3.0449651681358213E-4,0.0021229944090655115,0.014579152003180378,0.0020830648400056405],[1.0673902456513105E-4,7.840815007587407E-4,2.594112477995741E-4,1.277234201139349E-4,1.130219234441056E-5,2.5787286344399813E-4,1.3776101667185498E-4,2.6841417816976857E-4,4.6283026083676916E-5,0.049131458244693185,0.01105819998005855,0.0029105304925857306,1.0,1.0955254497005216E-4,0.042254633165211955,0.004934814297957562,2.0599933153399557E-4,1.759436047726993E-4,1.1744461680546647E-4,8.461283489312091E-5,1.4361382665167965E-4,1.7509595387296524E-4,1.7677461087145865E-4,8.102434344603397E-4,7.708500391476359E-4,5.168723102832071E-4,0.0024183926619068324,0.0037274546237865257,0.0010178979335551998,4.3667794634350725E-4,1.8335802504473164E-4,4.2672012956603734E-5,1.2754676711245917E-4,0.006969960325161921,2.830033418246383E-4,2.1977114770263436E-4,0.0019595414368261954,1.833362606305772E-4,2.7705113235012137E-4,2.1954281481125236E-4,1.3797297482173891E-4,6.482466649974856E-4,7.421284210278515E-5,1.3791457977399872E-4,0.0047421336015806455,3.13861403755911E-4],[1.0021001629698236E-4,0.004530600419592026,1.2642072648645875E-4,1.072847958767886E-4,1.1859591592531898E-5,2.1704924670442317E-4,1.1089358679249221E-4,2.697926207751618E-4,3.5493231113944884E-5,0.04132701468451422,0.008794804606169744,0.001604500241922135,1.0955254497005216E-4,1.0,0.045894562800328165,0.007962424535549354,1.774875564262655E-4,1.9808493296380523E-4,1.0314616069865144E-4,5.6526152511600775E-5,1.390512914170452E-4,2.0918375345029564E-4,1.0904549600324158E-4,0.001415453647732356,4.101089080217323E-4,1.7374834960045407E-4,0.006725829280339747,0.0021487298089105573,0.001401191899949935,0.0011055246842463205,1.8595757473740437E-4,2.3260144253796954E-5,4.635243428721705E-5,0.003728544447187348,0.001513106769411081,2.0211128963432994E-4,2.3095791000643658E-4,1.0640617025025728E-4,7.085251883767604E-4,0.001503414847592525,1.3036490473848086E-4,0.001348383880527495,5.067670426144166E-5,1.1176946759825246E-4,0.014279187674211184,5.947268000246681E-4],[0.057484939639477255,0.014238189125409789,0.04335330160444101,0.022508319000380354,0.027491015785136515,0.040729834234639835,0.01081331636997372,0.02578035506380818,0.0062141872546853626,0.06755635458657021,0.063690115080172,0.052825771653722445,0.042254633165211955,0.045894562800328165,1.0,0.011430609519005095,0.06015945028125332,0.05966775709165633,0.05445380462467944,0.020857961335844746,0.05722197594343019,0.06630599835657579,0.037337614964553976,0.06636419781873036,0.03411872570492815,0.03762897393075295,0.05329082223207628,0.045314957406926516,0.042102370419595164,0.031569423531109385,0.04384625656586976,1.483472799699389E-4,0.010397235242515655,0.04794485561372319,0.023293092304389876,0.04658841949899199,0.011782383498187072,0.017165129993996633,0.06159100287425004,0.03700495315613026,0.06378477911637502,0.010279403883597838,0.05717688281287071,0.06602191756965332,0.052886281322480494,0.015226007951487873],[5.692899538544173E-4,0.009837136704818065,0.0030538555751639645,0.0032014865454817547,0.005357105430782574,0.0041984283322452215,0.0039192721271669355,0.0013601846397497184,0.007394227507761744,0.041651117615254765,0.0292237426297869,0.006687177466733324,0.004934814297957562,0.007962424535549354,0.011430609519005095,1.0,0.006532256761747339,0.006317913231388684,0.00316627002219231,0.005703404646702585,0.0042591163531887485,8.34371124666567E-4,0.005596039390668293,0.006208958621227735,0.005936869905148152,0.007468921322330885,0.009913246128301603,0.008477146308853874,0.004296071781516775,0.0017432032158270854,0.0023053705053264054,0.0026530201745704,0.004828750907108489,0.009300653256848757,0.006385824007154619,0.007902383535149242,0.00923178757332756,0.003415152575290796,0.004906228858925157,0.0069478249405460595,0.00367175121691486,0.004140051356646512,0.0069356447866018,0.009092623468865645,0.01394745106078852,0.005350572144746229],[6.092578483158252E-5,0.004796753080768186,3.9243432994218684E-4,1.8240881241732E-4,2.3797310824386604E-4,3.1469912543205655E-4,1.5227659503232465E-4,3.5012633750394106E-4,1.2221464716863725E-4,0.056562107892712606,0.009774126362007899,0.002855186946368864,2.0599933153399557E-4,1.774875564262655E-4,0.06015945028125332,0.006532256761747339,1.0,2.446987119822258E-4,1.2497766648743002E-4,1.733083140844029E-4,2.1743194571201534E-4,3.0809248481069077E-4,2.537318783282164E-4,3.7733694550401594E-4,0.001086315794609456,7.923608645131167E-4,0.0022653514534918184,6.751673651512124E-4,0.002657536933799103,3.440132346031709E-4,2.9224917879991743E-4,1.494243583538241E-4,1.1167204558604575E-4,0.008190389037680107,4.928437053466623E-4,3.0763002625655583E-4,0.007147446392799479,2.0567293810806639E-4,9.163272534683871E-4,0.0021965273110464,1.9237819476766884E-4,5.649972674407415E-4,1.2406969498714285E-4,2.4507328089410003E-4,0.003497926408440893,0.0010010609998939346],[8.176201219078921E-5,0.008057008463763872,4.7277619288491697E-4,2.2418478343100577E-4,5.843155760573095E-5,2.9663485477408516E-4,1.691430404218188E-4,3.228310917505722E-4,2.656873480014344E-5,0.015534974232640381,0.04465208159388925,4.020945076239152E-4,1.759436047726993E-4,1.9808493296380523E-4,0.05966775709165633,0.006317913231388684,2.446987119822258E-4,1.0,1.1177701190990729E-4,1.8942016594382654E-4,2.0356683367856875E-4,2.7116897816644185E-4,2.2377794059623155E-4,0.0013778211968802979,8.442986382487284E-4,5.809746418871297E-4,0.006870528236246637,0.001306729553017354,6.894656785120207E-4,0.001084433749765092,2.2012538332715121E-4,1.533603079644686E-4,1.968808021768811E-4,0.005454253986428293,9.949897303166498E-4,2.4389351006045385E-4,0.007068608721540078,2.181611267847017E-4,0.0010912974297990082,0.001862979990798583,1.763358653213697E-4,0.0012391117186970656,2.2509331349915062E-4,1.9965868889757076E-4,0.0015222821290889,7.616226349573291E-4],[6.308901453626206E-5,0.0017247115122865052,3.2015078247402216E-4,1.0293632725780558E-4,9.965641115962974E-5,1.8398785631553875E-4,1.0323462471527137E-4,1.1143208346087249E-4,6.65424932674826E-5,0.06399976248112844,1.4914643144891586E-4,0.0026959102132694673,1.1744461680546647E-4,1.0314616069865144E-4,0.05445380462467944,0.00316627002219231,1.2497766648743002E-4,1.1177701190990729E-4,1.0,1.9868341815934136E-5,1.0384413661728165E-4,2.507460503642424E-4,1.1480260745711434E-4,0.0011950985905232094,3.8134469897784017E-4,3.890664205643039E-4,0.011044048197598967,0.0018588871144998337,6.600257369753979E-4,3.21794222557322E-4,1.2060267564790471E-4,8.213501767380975E-5,3.4015425305340925E-5,0.011006673235450553,0.0025022393880660392,1.20933560065458E-4,0.0036271020469709403,1.0277160064487617E-4,6.466528585921966E-4,9.422044594790661E-4,1.0422661682064335E-4,2.2647215626325816E-4,9.055503526323872E-5,1.42968240817002E-4,0.005982153908601672,9.777396517499561E-4],[1.8822564903651997E-5,0.006521765110855888,2.3898226890818153E-4,7.094777414887212E-5,1.216702799497366E-5,2.328452879415889E-4,6.800223395801533E-5,1.575224452490836E-4,2.2589383031390754E-5,0.04423141726484672,0.027185908619027335,0.0014846451649902627,8.461283489312091E-5,5.6526152511600775E-5,0.020857961335844746,0.005703404646702585,1.733083140844029E-4,1.8942016594382654E-4,1.9868341815934136E-5,1.0,7.774913768436592E-5,1.4370485953163974E-4,2.3702929501880485E-5,1.0212805918396221E-4,3.9033905698491073E-4,5.040346105642056E-4,0.00848091102463805,2.043731445068415E-4,6.148449712018413E-4,2.0238865659526765E-4,2.357196670233474E-5,2.228441747473442E-5,1.557516176421783E-5,0.010210296416371748,0.0011344707406697285,1.2350719704008298E-4,0.004187217316562675,1.1191832035774223E-4,9.921798884796795E-4,3.581773161367653E-4,3.0377840157964328E-5,5.019261593738859E-4,1.670119704675451E-5,2.8282813983182545E-5,0.018246455269709697,4.4774447957191254E-4],[1.4608820720479532E-4,0.0012773012018685074,5.316783521182181E-4,1.2266315262571408E-4,8.12703313467073E-5,2.558638850621584E-4,1.602874227042179E-4,2.5238698175938067E-4,1.4311735606150141E-4,0.05550833190774728,0.008736246374656158,1.8975668235271967E-4,1.4361382665167965E-4,1.390512914170452E-4,0.05722197594343019,0.0042591163531887485,2.1743194571201534E-4,2.0356683367856875E-4,1.0384413661728165E-4,7.774913768436592E-5,1.0,2.847124371348997E-4,1.952223856135134E-4,5.267682013636865E-4,7.17619970774406E-4,0.0012462652749219254,7.946256272021112E-4,0.0013555728785510388,0.002045264728638905,2.6941422335745476E-4,2.0421002385457483E-4,1.2117763603677525E-4,2.3875075038828816E-5,0.003825657818282978,0.003664740835664592,1.7509521609281823E-4,0.007608080139989127,1.7599525291357718E-4,6.721547709418756E-4,6.558044386599507E-4,1.4392185002502797E-4,0.0015957445417693352,1.3044382963742562E-4,1.723596658087677E-4,0.0050753504171803234,6.277376676436948E-4],[1.1212738241984374E-4,0.009348161591471314,3.605416807457511E-4,2.480390673619913E-4,2.332014025858765E-4,2.9076746030259963E-4,2.4980957106619865E-4,3.6627952383144313E-4,1.0656555346547891E-4,0.010052612214713857,0.037770519091813046,0.0011166753354391787,1.7509595387296524E-4,2.0918375345029564E-4,0.06630599835657579,8.34371124666567E-4,3.0809248481069077E-4,2.7116897816644185E-4,2.507460503642424E-4,1.4370485953163974E-4,2.847124371348997E-4,1.0,2.5456348641960704E-4,8.73260605730859E-4,4.283897659854142E-4,0.0010214855696325015,0.011078145821820484,0.001033588458213665,0.0010907396446291377,8.608226156288617E-4,2.4996088405214337E-4,2.2174675104205178E-4,4.679654441223459E-5,0.007453806601250689,5.745795833784638E-4,2.859451393788736E-4,0.007419675587088904,1.8813262439971111E-4,3.872278230068027E-4,6.867587245432192E-4,2.6708606861599194E-4,9.094061184977222E-4,2.462801622264596E-4,2.2007350140059757E-4,0.004252107483595876,4.573207529900041E-4],[9.86472459515459E-5,0.007665581182535098,3.199452797519495E-4,1.3503924632604742E-4,1.9166517646276586E-4,2.642008173225328E-4,1.6617465651147263E-4,3.316218899969526E-4,1.3123703272199355E-4,0.018950514576612194,0.01916683537972241,0.0014359186198025908,1.7677461087145865E-4,1.0904549600324158E-4,0.037337614964553976,0.005596039390668293,2.537318783282164E-4,2.2377794059623155E-4,1.1480260745711434E-4,2.3702929501880485E-5,1.952223856135134E-4,2.5456348641960704E-4,1.0,0.0018714171500699372,3.7125987332421023E-4,0.00165071805946356,0.006696586793682603,0.0040306231920680885,0.0010956235155063687,9.464565826415768E-4,2.0858305943701047E-4,5.087464898048265E-5,1.1039679241012269E-4,0.003647629353118919,0.003691967047086586,2.1431750115099172E-4,0.004621229243789231,1.9996298441550127E-4,7.614363804023893E-4,8.163969284269329E-4,1.528324874672376E-4,6.542959874650459E-4,4.49738738814875E-5,1.7676149647024753E-4,0.009456268176993432,9.149253184708753E-4],[0.0017182934868942043,0.004489073537280213,0.0011318149084198566,7.774174076500379E-4,0.0011914216522530261,0.0014482979241919156,9.92927668878004E-4,0.0017357631162734472,0.0012590282687605428,0.04188028355975743,0.038608444111329965,0.0026533329511350444,8.102434344603397E-4,0.001415453647732356,0.06636419781873036,0.006208958621227735,3.7733694550401594E-4,0.0013778211968802979,0.0011950985905232094,1.0212805918396221E-4,5.267682013636865E-4,8.73260605730859E-4,0.0018714171500699372,1.0,0.0018162919362526516,0.0019849184438491406,0.004178471273179159,0.003164568592039737,0.002578476909672145,0.001425994799348174,0.00131133807555457,0.0011038473564960976,2.285902180638258E-4,0.008312245865455618,0.003472485624929492,0.0011249768752464484,0.005404696387780255,6.071270001856909E-4,0.0012746865749482265,0.002246847367476574,0.001088075788619147,0.002018872628609568,0.0014970032625639027,0.0015781652312354475,0.014015976453995984,0.0016678312867185515],[9.207005685302483E-4,0.006843066788686422,8.222644507709963E-4,6.12302999340937E-4,0.0010979561747946668,4.219385815417456E-4,5.540869607754229E-4,6.97298046599743E-4,8.714518421404618E-4,0.009818288060908073,0.011083952735502915,0.0031426824794386046,7.708500391476359E-4,4.101089080217323E-4,0.03411872570492815,0.005936869905148152,0.001086315794609456,8.442986382487284E-4,3.8134469897784017E-4,3.9033905698491073E-4,7.17619970774406E-4,4.283897659854142E-4,3.7125987332421023E-4,0.0018162919362526516,1.0,0.0016842503007149568,0.003114777206051329,0.0020382682532986613,0.00237238707102272,0.0013129366025841607,3.4845772564392466E-4,6.772357979810365E-4,4.928927683665628E-4,0.007497218554441146,0.001714987826016945,9.489168112274361E-4,0.004245940426102652,6.926051019132845E-4,0.0011157526065366345,0.0021495525094703443,8.200008167593661E-4,0.0014660402728488143,1.8520069324970374E-4,6.906594008159767E-4,0.017088362857656633,0.0010902988881874257],[0.0010930721522807417,0.007142451112986892,0.0018429182511001442,0.001793080841623196,7.135618528654503E-4,0.0013130445478867264,4.3026987172803475E-4,0.0012731190130212161,4.0351166370838985E-4,0.043796457571364786,0.027450892943748004,0.002834276994574462,5.168723102832071E-4,1.7374834960045407E-4,0.03762897393075295,0.007468921322330885,7.923608645131167E-4,5.809746418871297E-4,3.890664205643039E-4,5.040346105642056E-4,0.0012462652749219254,0.0010214855696325015,0.00165071805946356,0.0019849184438491406,0.0016842503007149568,1.0,0.0021483419862225518,0.003018080747557342,0.0019307318034959705,0.0018436630840089735,4.0173493421142995E-4,9.274906005137811E-4,7.819483668443463E-4,0.008257051389128923,0.0030424059654929345,9.814696107343398E-4,0.007891648576206622,6.007886290941044E-4,0.0018051883299168236,0.0019251227371033393,6.717943085069413E-4,0.0018792612815147602,8.999240843624304E-4,8.849275519101744E-4,0.006101068583180827,0.0016471982736864107],[0.008268690060380808,0.010246586500704058,0.010335565074763624,0.0035983826519225912,0.011099212228806964,4.700563374385551E-4,0.009668510075302915,0.0012142327054546521,0.003999630598342414,0.0432653974071171,0.026964347767461243,0.006245554356263559,0.0024183926619068324,0.006725829280339747,0.05329082223207628,0.009913246128301603,0.0022653514534918184,0.006870528236246637,0.011044048197598967,0.00848091102463805,7.946256272021112E-4,0.011078145821820484,0.006696586793682603,0.004178471273179159,0.003114777206051329,0.0021483419862225518,1.0,0.006767521473589154,0.004853131630785186,0.007333861247292026,0.0046864573301127034,5.326452583644364E-4,0.0038582693579722405,0.01138705434394802,0.009855235958932307,0.008455961051789706,0.011037186896756519,0.0032522101345769665,0.004074076305052266,0.002920452113382039,0.008564943316106518,0.010080575819991746,0.009527292493004314,0.007736056896984255,0.01744270667369503,0.0059029060151610385],[0.0034074686907072716,0.0065203702625452956,0.002676827797527865,0.00343677421788271,0.0039859273860108,9.404022673120112E-4,0.003916705074518016,7.205585185060589E-4,0.001220780969106967,0.018953452341582737,0.04269155380156282,0.0036944395312639255,0.0037274546237865257,0.0021487298089105573,0.045314957406926516,0.008477146308853874,6.751673651512124E-4,0.001306729553017354,0.0018588871144998337,2.043731445068415E-4,0.0013555728785510388,0.001033588458213665,0.0040306231920680885,0.003164568592039737,0.0020382682532986613,0.003018080747557342,0.006767521473589154,1.0,0.0043155606981787826,0.0034656919536262985,3.209380664074226E-4,0.0020951269112874193,0.0023971839230779845,0.005115939277438718,0.004346393814683956,0.001472664378846568,0.007737768654039951,0.0015049304982591206,0.0022742974129804933,0.004381386178398328,0.001219094313913541,0.0039322241461820315,0.003912330083717265,0.0023230335406344135,0.01469537035076465,0.00224030441198597],[0.002422498705203727,0.009816834817651282,0.0024356583362465565,0.0016293537425582018,0.0019944296676374044,3.3012820752868587E-4,3.384302077957732E-4,0.0023095900873789867,4.205207481684367E-4,0.06851739228250023,0.02287545022356169,0.00313194182371334,0.0010178979335551998,0.001401191899949935,0.042102370419595164,0.004296071781516775,0.002657536933799103,6.894656785120207E-4,6.600257369753979E-4,6.148449712018413E-4,0.002045264728638905,0.0010907396446291377,0.0010956235155063687,0.002578476909672145,0.00237238707102272,0.0019307318034959705,0.004853131630785186,0.0043155606981787826,1.0,0.0025880403179530647,2.1609129888664974E-4,0.0019976163424081095,2.3546940475019463E-4,0.004618898208194357,0.0029385074997776094,0.002121829983798366,0.005126553616162207,0.0012801956663137195,0.002248250548847458,0.002637470222444347,0.0016276392612562844,0.0023966196322189087,0.002215236867493888,6.374936545718785E-4,0.016191014143319336,0.002117074045197473],[0.0012451238419812767,0.008832046970945176,7.349718074509028E-4,1.2790805842988345E-4,3.7023938088764577E-4,9.982801012681862E-4,7.418582886355989E-4,0.0011463459543017923,2.1526942662426245E-4,0.01004344455478127,0.0038287067447523625,0.0019053289426497267,4.3667794634350725E-4,0.0011055246842463205,0.031569423531109385,0.0017432032158270854,3.440132346031709E-4,0.001084433749765092,3.21794222557322E-4,2.0238865659526765E-4,2.6941422335745476E-4,8.608226156288617E-4,9.464565826415768E-4,0.001425994799348174,0.0013129366025841607,0.0018436630840089735,0.007333861247292026,0.0034656919536262985,0.0025880403179530647,1.0,0.001071555376446294,9.086419917531626E-5,6.397060578626107E-4,0.005293840563853573,0.0018298284388758807,5.50976431638919E-4,0.0027351402919736038,4.8153438284315056E-4,0.001161563792819949,0.002206319093499369,9.505990681701563E-4,0.0016494682485990704,2.3147718821509003E-4,8.566726418107399E-4,0.0024343806091665487,0.0011828621826704272],[9.444481570103968E-5,0.0062343352373167085,3.155612450073881E-4,1.945722097630739E-4,4.4407122389111795E-5,2.7806301525799945E-4,1.7436584703968183E-4,3.521684112919607E-4,1.1387775458488971E-4,0.01955923772988318,0.02223144800562694,0.0018903259745044535,1.8335802504473164E-4,1.8595757473740437E-4,0.04384625656586976,0.0023053705053264054,2.9224917879991743E-4,2.2012538332715121E-4,1.2060267564790471E-4,2.357196670233474E-5,2.0421002385457483E-4,2.4996088405214337E-4,2.0858305943701047E-4,0.00131133807555457,3.4845772564392466E-4,4.0173493421142995E-4,0.0046864573301127034,3.209380664074226E-4,2.1609129888664974E-4,0.001071555376446294,1.0,2.3805645976272493E-5,1.1423299596006475E-4,0.004639480471347048,0.0011436508695046434,2.2451514783931094E-4,0.004737844276721258,2.0249156993623087E-4,8.715675129601509E-4,0.001491069109011846,1.7184548261012057E-4,8.926981924569928E-4,1.249886344595671E-4,1.7742094219677787E-4,0.018573020292945556,7.389032231602549E-4],[2.5331526159839492E-5,0.0021795197363778536,3.1282013149103687E-4,3.362447476419196E-5,1.355237621848858E-5,1.287653305182453E-4,9.760668130540719E-5,1.9789559560473124E-4,2.3076433243625244E-5,0.07035625732022907,0.011700971712083334,1.4592284395616498E-4,4.2672012956603734E-5,2.3260144253796954E-5,1.483472799699389E-4,0.0026530201745704,1.494243583538241E-4,1.533603079644686E-4,8.213501767380975E-5,2.228441747473442E-5,1.2117763603677525E-4,2.2174675104205178E-4,5.087464898048265E-5,0.0011038473564960976,6.772357979810365E-4,9.274906005137811E-4,5.326452583644364E-4,0.0020951269112874193,0.0019976163424081095,9.086419917531626E-5,2.3805645976272493E-5,1.0,1.4726536493092704E-5,0.008737263165287685,0.002534721504665025,5.095751787152754E-5,0.0019424242621697066,1.2435666372800466E-4,3.3026091903989814E-4,0.0010524453138603751,2.7197798298591396E-5,5.551562418588726E-4,1.968731670832846E-5,1.3084603071961365E-4,0.0111889597402267,7.022228229227855E-5],[1.8721802373729977E-5,0.006952235709863639,6.60193754329878E-4,8.041004174922037E-5,1.3058427182501149E-5,1.5196470701333268E-4,8.230824529503373E-5,2.1163067335382214E-4,1.901503650570906E-5,0.008974217881585105,0.009508308803805049,0.002806111851004763,1.2754676711245917E-4,4.635243428721705E-5,0.010397235242515655,0.004828750907108489,1.1167204558604575E-4,1.968808021768811E-4,3.4015425305340925E-5,1.557516176421783E-5,2.3875075038828816E-5,4.679654441223459E-5,1.1039679241012269E-4,2.285902180638258E-4,4.928927683665628E-4,7.819483668443463E-4,0.0038582693579722405,0.0023971839230779845,2.3546940475019463E-4,6.397060578626107E-4,1.1423299596006475E-4,1.4726536493092704E-5,1.0,0.002303426706140357,0.0020993053115111746,1.0867709755743016E-4,0.0010053257161981544,1.5648187582318005E-4,6.888379758787126E-4,0.002173211975361202,1.0605854958615817E-4,0.0014035313570838536,1.4272400910138837E-5,4.775785153226779E-5,0.006195115116819269,6.063814168747785E-4],[0.00655436275999545,0.01080850275970603,0.010867842787924454,0.005803827531968851,0.008368795135017388,0.004773514183680273,0.008201201694439386,0.006461246371165077,0.002791071922003078,0.014286773010477259,0.03437788467744411,0.005501301128667229,0.006969960325161921,0.003728544447187348,0.04794485561372319,0.009300653256848757,0.008190389037680107,0.005454253986428293,0.011006673235450553,0.010210296416371748,0.003825657818282978,0.007453806601250689,0.003647629353118919,0.008312245865455618,0.007497218554441146,0.008257051389128923,0.01138705434394802,0.005115939277438718,0.004618898208194357,0.005293840563853573,0.004639480471347048,0.008737263165287685,0.002303426706140357,1.0,0.006423889439966804,0.010162260156752149,0.010518450835637665,0.005552596175186003,0.003920192682223616,0.009025836052817147,0.005211740367814692,0.00395024083344312,0.002146488760689682,0.0026791062193692165,0.017631332431306466,0.010970893163966355],[0.0010733425660356037,0.0044832687389813495,0.0031979726897504545,0.0032858153797738583,0.002313457223794455,0.002149018969622395,0.0037754310574049346,0.0014842674348849092,0.0030197073958319583,0.056020458385393934,0.03448932902069552,0.0035931485973234017,2.830033418246383E-4,0.001513106769411081,0.023293092304389876,0.006385824007154619,4.928437053466623E-4,9.949897303166498E-4,0.0025022393880660392,0.0011344707406697285,0.003664740835664592,5.745795833784638E-4,0.003691967047086586,0.003472485624929492,0.001714987826016945,0.0030424059654929345,0.009855235958932307,0.004346393814683956,0.0029385074997776094,0.0018298284388758807,0.0011436508695046434,0.002534721504665025,0.0020993053115111746,0.006423889439966804,1.0,0.0018379037451371708,0.007244803516104061,0.0025957062374482144,0.0035090558552189188,0.002663614938143822,0.002249093696446,0.00310829814502941,0.0023938929062694006,0.0016990471575435923,0.0052333928128716215,0.0022455280932699422],[2.7262210633194234E-5,0.0022018428754952486,4.869950199878514E-4,1.9275281647406845E-4,1.453707050201178E-4,2.725581142761521E-4,2.2162619382397282E-4,3.3606539946614183E-4,5.9705152338259966E-5,0.008597686039121494,0.030845904941092184,0.0013102254002380993,2.1977114770263436E-4,2.0211128963432994E-4,0.04658841949899199,0.007902383535149242,3.0763002625655583E-4,2.4389351006045385E-4,1.20933560065458E-4,1.2350719704008298E-4,1.7509521609281823E-4,2.859451393788736E-4,2.1431750115099172E-4,0.0011249768752464484,9.489168112274361E-4,9.814696107343398E-4,0.008455961051789706,0.001472664378846568,0.002121829983798366,5.50976431638919E-4,2.2451514783931094E-4,5.095751787152754E-5,1.0867709755743016E-4,0.010162260156752149,0.0018379037451371708,1.0,0.004783673995334755,1.8663675588172576E-4,4.6372224018888675E-4,8.329275765569018E-4,1.7863754569388617E-4,2.7809136966516583E-4,6.193591179711509E-5,2.2778448010320648E-4,0.0040689835187409495,7.380198316801658E-4],[0.00698679763169189,0.009531204565230886,0.005157832238563529,0.0032826528891913265,0.007266433843478128,0.003587001979338783,0.0037880999895760735,0.002041166991546067,0.00409000998087239,0.05891225407515726,0.0368126856992206,0.004111098443344265,0.0019595414368261954,2.3095791000643658E-4,0.011782383498187072,0.00923178757332756,0.007147446392799479,0.007068608721540078,0.0036271020469709403,0.004187217316562675,0.007608080139989127,0.007419675587088904,0.004621229243789231,0.005404696387780255,0.004245940426102652,0.007891648576206622,0.011037186896756519,0.007737768654039951,0.005126553616162207,0.0027351402919736038,0.004737844276721258,0.0019424242621697066,0.0010053257161981544,0.010518450835637665,0.007244803516104061,0.004783673995334755,1.0,0.0012810368579118877,0.0022977387938218925,0.006602965432167452,0.0011332341329531993,0.007852320397715825,0.008001220508785259,0.005835975031095952,0.014664889068812501,0.007492804432751184],[1.638587679654744E-4,0.004399804207365384,5.053602216847298E-4,1.4919644316950233E-4,1.3851872355020566E-4,1.879938162159648E-4,1.4656827283655784E-4,3.218592911703108E-4,1.099280561268241E-4,0.04481715850054376,0.013298737226688569,0.002755312682700319,1.833362606305772E-4,1.0640617025025728E-4,0.017165129993996633,0.003415152575290796,2.0567293810806639E-4,2.181611267847017E-4,1.0277160064487617E-4,1.1191832035774223E-4,1.7599525291357718E-4,1.8813262439971111E-4,1.9996298441550127E-4,6.071270001856909E-4,6.926051019132845E-4,6.007886290941044E-4,0.0032522101345769665,0.0015049304982591206,0.0012801956663137195,4.8153438284315056E-4,2.0249156993623087E-4,1.2435666372800466E-4,1.5648187582318005E-4,0.005552596175186003,0.0025957062374482144,1.8663675588172576E-4,0.0012810368579118877,1.0,3.312049751944506E-4,0.0015360756800311313,1.7794330164259972E-4,7.97587192971438E-4,1.0162024648193011E-4,1.8332208759627578E-4,0.018758899787918937,8.634655995181934E-4],[8.431907077076347E-4,0.009553801957961355,8.195848798415372E-4,7.262070297926641E-4,7.745612351330723E-4,9.933867666559696E-4,3.7970320592805706E-4,9.555509753726888E-4,7.503209813389493E-4,0.0413631987677751,0.008141817269492334,0.0016074062761504719,2.7705113235012137E-4,7.085251883767604E-4,0.06159100287425004,0.004906228858925157,9.163272534683871E-4,0.0010912974297990082,6.466528585921966E-4,9.921798884796795E-4,6.721547709418756E-4,3.872278230068027E-4,7.614363804023893E-4,0.0012746865749482265,0.0011157526065366345,0.0018051883299168236,0.004074076305052266,0.0022742974129804933,0.002248250548847458,0.001161563792819949,8.715675129601509E-4,3.3026091903989814E-4,6.888379758787126E-4,0.003920192682223616,0.0035090558552189188,4.6372224018888675E-4,0.0022977387938218925,3.312049751944506E-4,1.0,0.0024415292760304403,2.211013483157174E-4,0.0014870225947007864,9.857236369850378E-4,4.116853813931562E-4,0.01862184470544365,0.0010676524501634103],[9.149107972448317E-4,0.004490934780651932,0.0017865892543942187,0.001474879269700702,7.018777766687789E-4,4.462574052434011E-4,0.0013011752848246824,0.0013412997027825594,0.0010588070837247536,0.004119623858117578,0.022962136569496677,0.00307582405787937,2.1954281481125236E-4,0.001503414847592525,0.03700495315613026,0.0069478249405460595,0.0021965273110464,0.001862979990798583,9.422044594790661E-4,3.581773161367653E-4,6.558044386599507E-4,6.867587245432192E-4,8.163969284269329E-4,0.002246847367476574,0.0021495525094703443,0.0019251227371033393,0.002920452113382039,0.004381386178398328,0.002637470222444347,0.002206319093499369,0.001491069109011846,0.0010524453138603751,0.002173211975361202,0.009025836052817147,0.002663614938143822,8.329275765569018E-4,0.006602965432167452,0.0015360756800311313,0.0024415292760304403,1.0,6.153455438996315E-4,0.00199879991526858,6.958126086995022E-4,0.0018851663586135258,0.005535951964086044,0.002213749270548021],[1.2547409374354088E-4,5.43802878556304E-4,4.889088766491856E-4,1.2633136205184318E-4,2.1692334465109344E-5,2.4103747328828074E-4,1.3146677148506228E-4,1.4553433853764272E-4,1.164031580449916E-4,0.018431292984157053,0.04115484676806014,5.058701346940017E-4,1.3797297482173891E-4,1.3036490473848086E-4,0.06378477911637502,0.00367175121691486,1.9237819476766884E-4,1.763358653213697E-4,1.0422661682064335E-4,3.0377840157964328E-5,1.4392185002502797E-4,2.6708606861599194E-4,1.528324874672376E-4,0.001088075788619147,8.200008167593661E-4,6.717943085069413E-4,0.008564943316106518,0.001219094313913541,0.0016276392612562844,9.505990681701563E-4,1.7184548261012057E-4,2.7197798298591396E-5,1.0605854958615817E-4,0.005211740367814692,0.002249093696446,1.7863754569388617E-4,0.0011332341329531993,1.7794330164259972E-4,2.211013483157174E-4,6.153455438996315E-4,1.0,0.0015812903172788243,1.0155172319025305E-4,1.6796294754050148E-4,0.01793748255789336,9.917346053517255E-4],[0.0015874090519165484,0.009033117284130475,0.0011659194381410372,0.0013908393673526288,0.0010531525701418711,0.0016491093115872037,0.001128639769507236,0.0011162562546013705,2.7621671586381015E-4,0.061980479990610654,0.039337150647903656,0.003057351744456699,6.482466649974856E-4,0.001348383880527495,0.010279403883597838,0.004140051356646512,5.649972674407415E-4,0.0012391117186970656,2.2647215626325816E-4,5.019261593738859E-4,0.0015957445417693352,9.094061184977222E-4,6.542959874650459E-4,0.002018872628609568,0.00