[[1.0,1.6301026436427328E-4,0.0017082274980875032,4.682587363946685E-4,1.77997472040734E-4,0.005801832417323791,1.6634023917415591E-4,1.6597470996903012E-4,0.004239413141948968,2.2502582529419402E-4,2.0243804889070164E-4,0.0011602095311961777,0.0035870386366391198,8.914656601552689E-4,0.002310566621889842,0.0010844477857318803,1.801953341173604E-4,0.007924175684331932,1.812326379058643E-4,0.002061366911330943,1.704419149078419E-4,2.373561569998381E-4,1.2797283205805187E-4,6.218321788302075E-4,1.5403402690827207E-4,1.761833421547685E-4,6.951994565065241E-4,1.4088098235636777E-4,1.1381213221884298E-4,3.3053829344512677E-4,1.5176450656343752E-4,4.131709082415444E-5,0.0017788044570216943,1.9572911872136605E-4,2.3456137053761453E-4,0.018080489946467524,0.01100406420975539,1.2199112065426423E-4,2.1889996997245294E-4,1.6964234992978736E-4,1.1986257518377063E-4,0.0023607729212866786,4.95260651521946E-4,1.6988827918290017E-4,1.7340638091276758E-4,0.002572388412345179,1.3887759808496974E-4,1.9623391832186948E-4,0.00251347691185897,1.2216247420565528E-4,1.4785283153317648E-4,1.6763083709906077E-4,2.7482720649826494E-4,3.497126505665924E-4,1.8483164214338804E-4,1.1640194953115097E-4,3.22288875626232E-4,0.0010828562899767697,9.036146813331011E-4],[1.6301026436427328E-4,1.0,0.005464486177179245,6.236815767026949E-4,1.7612631226132802E-4,0.0033925091094330465,1.4312546138603885E-4,8.296642722378659E-5,0.008121805622408983,1.743927557565035E-4,1.67717999364349E-4,9.806211146007188E-4,0.00577433414443341,2.8515885385531483E-4,0.001990755779465195,9.563137880857215E-4,1.9643871599384983E-4,0.011207783974458449,4.981659666340969E-4,0.0019077387456147986,1.959284049261936E-4,2.6935772961658895E-4,1.3540079154072382E-4,7.114907410733729E-4,1.608281852605811E-4,1.640352008108216E-4,3.7184099003853826E-4,1.257155304981909E-4,1.612837648703868E-4,3.5039321050993094E-4,1.515440259636067E-4,2.9485217216306045E-5,8.081301396374828E-4,1.7645931578376826E-4,2.0282195231005948E-4,0.021139833509805642,2.1064945816639554E-4,1.5202886074323338E-4,1.9656732636212898E-4,1.6383084044993665E-4,6.398088397458703E-5,0.006197485771058364,9.298221995934151E-4,1.64511126529919E-4,1.7792771501219404E-4,0.0032803260698611478,1.4766322459457357E-4,1.7244275475786E-4,0.002353735965392518,1.523883739468369E-4,1.3946044425117892E-4,1.6061963112530683E-4,2.5208643891102655E-4,4.913421112317129E-4,2.378070615492524E-4,6.014751050329383E-5,2.1019330804817888E-4,0.0019741314016214245,8.629216205274661E-4],[0.0017082274980875032,0.005464486177179245,1.0,0.003968746535200757,0.006576290537096453,0.008787847383886875,0.005903241998554613,0.0016657788503208623,0.010236801292832687,0.008713263205272933,0.010114721851659727,0.0035663411348682804,0.016024972080747664,0.00773423424322132,0.007125688996468803,0.010103731093777761,0.005536821559755174,0.010538175063630929,0.0016939284028895066,0.007689797966887662,6.517362164101001E-4,0.008019488565683065,0.004172934648636586,0.008305826262373058,5.279240503740921E-4,0.007110027250054236,0.004894768106706115,0.00985918839218596,0.0025400622871482627,0.0018042626408747032,0.010041661627523644,0.008610866419936594,0.004667945153319725,0.0025252611678565884,0.0037397241595660147,0.0165255052525942,0.011890734035868007,0.002397028196005174,0.00854680119723562,0.004142228028346839,0.007531896699399918,0.010985925578124134,0.0038370288906535086,0.008616464761060656,0.008700843363934917,0.008957273229996962,0.009027439309453145,3.113960448294917E-4,0.010439441265670897,0.0013941170806984328,0.006286969695803622,6.319319752577086E-4,0.002040334215325952,0.008562941355250656,0.004987736415527676,0.008257450688295621,0.0039119102389740205,0.00790485792605316,0.00882792297715389],[4.682587363946685E-4,6.236815767026949E-4,0.003968746535200757,1.0,8.487294164627392E-4,0.007270498859883004,8.274550332069828E-4,1.902303992283532E-4,0.0034983508418305765,8.81685171152902E-4,4.275457364740687E-4,0.001245048079415263,0.013060055213097168,0.0016081072010494027,0.0016236732670997225,0.0011730717684666353,4.88767679040441E-4,0.008121335462847863,0.001141967520893098,0.002635402744550267,3.866642583787009E-4,3.2274588846858786E-4,8.065711314707095E-4,0.0010849976483321803,0.0010289541291096857,0.0010031872301582213,0.0011500128567966306,0.0010238808564786578,2.737740916607976E-4,5.419103421059901E-4,0.0011300597596086452,2.09538564616824E-4,0.0017922013683501158,4.61004690268425E-4,0.0010028729662702606,0.023745556725908952,0.007019240239601321,8.532296849170555E-4,5.427482998699794E-4,9.853033658225947E-4,2.868001859788391E-4,0.007287096205406119,0.0011422651724451837,4.262341938430251E-4,9.887608330821692E-4,0.003088378582468497,9.845386006781438E-4,2.3499779649713095E-4,0.003045154464748165,1.5437142162129098E-4,5.019651617823421E-4,2.2870419445201806E-4,6.97976991459586E-4,0.00111776891349487,4.959150263335636E-4,6.885163162389739E-4,6.714273422602174E-4,0.0023322380178249676,0.002999813730659026],[1.77997472040734E-4,1.7612631226132802E-4,0.006576290537096453,8.487294164627392E-4,1.0,0.0018782526004771998,1.5779506812355296E-4,2.0004894582199625E-4,0.00798982681200267,2.541121869831641E-4,2.062323563085212E-4,4.3098688579803145E-4,0.006832371015278389,0.0015440116472496936,0.0018872984360753498,8.543816867838794E-4,2.133822564480395E-4,0.003790129284346833,3.0056375786083724E-4,0.0015138511069822261,2.16547481924181E-4,2.4838864414288193E-4,5.546481951987043E-5,8.362877137606705E-4,1.9191705206590757E-4,1.9450515027004959E-4,3.704738362472569E-4,1.637046471318251E-4,1.287082746701621E-4,3.330269221613969E-4,1.589863472821623E-4,1.1571666515619292E-4,0.0014507084283278877,2.0124890476462586E-4,2.4085234504262897E-4,0.028192312067015095,0.0029780487707831427,1.9590608098281535E-4,2.0172391688552433E-4,1.8561566029633088E-4,4.837058849036132E-5,0.004138374149332144,9.182028046656638E-4,1.924251112720401E-4,2.018317508522334E-4,0.002021512490371928,1.743530360037143E-4,2.0712525817725774E-4,0.005773635077423661,1.273982515269854E-4,1.7163179723313432E-4,1.7719703228902603E-4,2.7332920122654107E-4,3.03457726179353E-4,2.550985248447384E-4,1.9105190917070982E-4,2.673575444221606E-4,0.0020455938764065546,0.0032107217133177067],[0.005801832417323791,0.0033925091094330465,0.008787847383886875,0.007270498859883004,0.0018782526004771998,1.0,0.007628509316029495,0.00455107982523035,0.009132328153193503,0.0037499568294150657,0.005085349446053281,0.0028794292024108582,0.0187382291303594,0.003658221909398366,0.0027969968223783203,0.007435531041692907,0.0057021087382423145,0.008321194694316773,9.135535342291083E-4,0.007588678603375218,0.007653991836577974,0.003890971202933989,8.548859392401512E-5,0.0028872673307945426,0.00386621006900129,0.004922455429945178,0.005078161440232002,0.0038384199735143985,0.004333368168297722,0.003974535452583177,0.0014192593911020249,0.002167427001369614,0.005366022544676441,0.0030658589738594474,0.001973749337197903,0.018383976188593165,0.01001093994215412,0.007652515991686093,0.0033790417260475556,0.00697876236488099,0.007141208444915365,0.008301131657141117,0.005136478614471356,0.0015465254930219373,0.004554754685504161,0.005688419776532235,0.001973649724811432,0.007403606750608871,0.008969482524871139,0.001125148990376183,0.0031292899218096624,0.004238094179968834,0.0014571075860067377,0.0016451020167078663,0.0076837722119876915,0.004340280722784696,0.007217972565456301,0.006715220617257163,0.005831445620823663],[1.6634023917415591E-4,1.4312546138603885E-4,0.005903241998554613,8.274550332069828E-4,1.5779506812355296E-4,0.007628509316029495,1.0,1.0201524987388057E-4,0.009767741536321822,1.5021922195087664E-4,1.9751685578836867E-4,3.1977379520792824E-4,9.466030884875673E-4,6.233764980908386E-4,0.0015454711375452377,6.524345014426347E-4,1.5683938888758848E-4,0.010051077883622547,4.1977040639332316E-4,0.002656081704798979,1.9470423201521894E-4,2.166076482208778E-4,1.0403225327328422E-4,8.599264267944699E-4,1.3084475608925305E-4,1.4540939801016195E-4,7.679718218255721E-4,1.2300457194178857E-4,1.232696641255043E-4,1.2709455350131202E-4,1.4428348290676838E-4,5.3626611171589145E-5,0.0013725363068689536,1.2647978550830793E-4,2.186809067554811E-4,0.033035844516428374,0.008748745089370707,1.2320324514488213E-4,1.9358196572502926E-4,1.5618982995940097E-4,9.174219662794876E-5,0.004668464854769651,6.350584986851952E-4,1.511182367431463E-4,2.4119346664091174E-4,0.003475960437091941,1.269053640807958E-4,1.9857111681165687E-4,0.0052165632189182945,1.2529146935444732E-4,1.3254882780671653E-4,1.4529072204314396E-4,2.631781493880749E-4,3.929350781545223E-4,2.375655887330279E-4,6.3298207706335E-5,2.481191648114013E-4,0.0017100191323470583,7.773906294569565E-4],[1.6597470996903012E-4,8.296642722378659E-5,0.0016657788503208623,1.902303992283532E-4,2.0004894582199625E-4,0.00455107982523035,1.0201524987388057E-4,1.0,0.00846908110057002,1.1113481510136033E-4,1.6397697951730137E-4,0.0013743330002414494,0.005945122819062855,0.0021391157541372375,3.578404346553676E-4,0.0010220645247602815,2.4221938680058384E-4,0.009786583838794898,1.1839257504199876E-4,6.026691970267889E-4,1.3548290751667636E-4,2.5446616636989075E-4,1.6165090912398227E-5,9.044301218894297E-5,7.387588122651877E-5,2.362973680026941E-5,9.836999132908843E-4,1.3194324370030431E-5,9.744471779890362E-5,1.2930579242400068E-4,1.1889411153087372E-4,1.2439892028330419E-5,3.1334588383592315E-4,2.815137026885713E-5,2.4127950085517375E-4,6.693346043863014E-5,0.007741270427520163,2.7477728519071764E-5,2.1751852369062644E-4,1.9266373031371605E-5,1.1865226904825554E-5,0.012241177529929582,8.589553607672128E-4,1.4384681265626337E-4,2.0843725346761927E-4,0.0010107579049902415,3.235918206672612E-5,6.141700298572267E-5,0.0064488703947732755,8.414903240949699E-5,2.8617570760254964E-5,1.3250728517961573E-4,7.585888428931074E-5,1.2642973351529465E-4,2.8779895377005114E-5,1.9212255995260836E-5,1.1374396692915945E-4,6.981394012523366E-4,0.004447930178514622],[0.004239413141948968,0.008121805622408983,0.010236801292832687,0.0034983508418305765,0.00798982681200267,0.009132328153193503,0.009767741536321822,0.00846908110057002,1.0,0.0029789050467058558,0.008696804606254684,0.010302635577447051,0.022230860425133343,0.006640073738321459,0.007453552555176905,0.002628057590139272,0.007799244491360886,0.011845431677163565,0.0039425730740273515,0.003996592622673384,0.009895763337636879,0.0027541155441474386,0.007884778921659024,0.00963230909815951,0.007497317499036218,4.963076055664252E-4,0.008330522611979562,0.0017917020937121004,0.0020987162767037736,0.0031118513128960902,8.87057648166176E-4,0.009205762813239532,0.006801866669481089,0.007859824390217271,0.0010688815690854119,0.013930949042335944,0.011052823777337477,0.0011521874761283013,0.0033341238690910036,0.0028495238975233157,0.003264635301340222,0.012091332031036874,0.005685933859451278,5.439592329946377E-4,0.008095942347101225,0.0046597333174667145,0.007812483307936361,0.002856676369861174,0.01388220076026649,0.007308298428407947,0.008318693927799293,0.003551134170898713,0.006487662911843861,0.008380944514559958,0.009555206589736251,0.004721933709179473,0.007946701147680172,0.004276465057181459,0.007980556208429081],[2.2502582529419402E-4,1.743927557565035E-4,0.008713263205272933,8.81685171152902E-4,2.541121869831641E-4,0.0037499568294150657,1.5021922195087664E-4,1.1113481510136033E-4,0.0029789050467058558,1.0,2.5609759294869134E-4,7.025104034672248E-4,0.004959028502250173,0.0012588037672987052,0.0025186888692880238,8.800800523248227E-4,2.6470350108786096E-4,0.001006664115452494,4.3407528281132185E-4,0.0017929881502417953,2.569222264773515E-4,2.726073919250356E-4,1.4520844568651493E-4,6.702731353091878E-4,2.080977089193628E-4,2.4878747853826646E-4,8.071947157734148E-4,2.691576825712737E-4,1.950085376211498E-4,3.386310843596371E-4,2.1051817772548887E-4,2.2469648701582478E-4,0.0020227250600269994,2.6724405424235505E-4,2.6975484333958494E-4,0.03470835686040001,0.0013863252992233582,1.785001572342297E-4,2.3723928579143542E-4,2.6359825247006203E-4,5.0668555654029844E-5,0.003120311270158834,4.5489117216964146E-4,1.936717656056191E-4,2.489836992743245E-4,0.0017594680296580895,1.5338360718133558E-4,2.169889821032512E-4,0.008482899722683044,2.0393925696298874E-4,2.698719056227723E-4,1.886513633263143E-4,2.7845544798121613E-4,5.93701592742941E-4,2.7830097459852394E-4,1.5495124813991504E-4,3.083273096477791E-4,0.0019056707792538441,0.0037244432944563257],[2.0243804889070164E-4,1.67717999364349E-4,0.010114721851659727,4.275457364740687E-4,2.062323563085212E-4,0.005085349446053281,1.9751685578836867E-4,1.6397697951730137E-4,0.008696804606254684,2.5609759294869134E-4,1.0,8.65981737945626E-4,0.0014729607792948146,0.0014416666982770654,0.0021706540279953206,0.0011895188694963717,2.463102882948421E-4,0.009801334482399919,4.5566533284976973E-4,0.003029367111791699,2.2015133400368138E-4,2.5230791452730687E-4,4.90271158481654E-5,4.750127909333388E-4,1.7855081048664595E-4,2.1515204200232371E-4,7.738276061884328E-4,1.6406934106622404E-4,1.4075860004133226E-4,2.866138339802163E-4,1.5727465675723255E-4,7.43150436337199E-5,0.002069398398937645,2.1693576970743117E-4,2.2911438849168556E-4,0.032183405390467906,0.00670450428196164,1.657559208396564E-4,2.2324060781032156E-4,2.1148097157765695E-4,9.013925728977195E-5,0.00156846340763775,0.001042287448934035,1.843071229735684E-4,2.238821711422966E-4,0.0030402466480192727,1.338480508187883E-4,2.1958227343628518E-4,0.0010112553110937627,1.9814913204545102E-4,2.1708404844503036E-4,1.989211687680792E-4,2.4501611713515203E-4,3.2193693886645646E-4,2.730656426392095E-4,1.0816637869289244E-4,2.7811635540275195E-4,0.0011924033118979535,0.004079288359399058],[0.0011602095311961777,9.806211146007188E-4,0.0035663411348682804,0.001245048079415263,4.3098688579803145E-4,0.0028794292024108582,3.1977379520792824E-4,0.0013743330002414494,0.010302635577447051,7.025104034672248E-4,8.65981737945626E-4,1.0,0.0018243838795405582,0.0016307217466584058,0.0018085086491301681,0.0012711583035426284,0.0013119239288537092,0.0021038354992006575,7.290425764707962E-4,0.0024987306162669596,0.0011586051971104164,9.64786974571023E-4,6.67027862942793E-4,0.0011834239191190828,7.399926824236678E-4,5.549985797830834E-4,0.0011940334188410148,9.628497645603358E-4,0.0011481135086210744,0.0013813971914778552,6.274471652430332E-4,3.3231886400253235E-4,0.00195187453030488,4.8328261473426113E-4,3.229104500805054E-4,0.03918549764461776,0.007258776545437152,0.0013297308830603836,5.872030975059663E-4,0.0011943697684580505,2.702806531114165E-4,0.011124531461433267,0.00112048808617192,3.019552523350626E-4,0.0010319847527181603,0.0031615949467701035,9.825189186258604E-4,9.699314102290485E-4,0.014152381737730086,8.130573116063898E-4,5.433279994620224E-4,0.001244186306000476,8.627876061026317E-4,0.0013185008487169025,6.000928259784725E-4,0.0011765351487757554,9.88757457217518E-4,0.0014526458028139894,0.005107028672608642],[0.0035870386366391198,0.00577433414443341,0.016024972080747664,0.013060055213097168,0.006832371015278389,0.0187382291303594,9.466030884875673E-4,0.005945122819062855,0.022230860425133343,0.004959028502250173,0.0014729607792948146,0.0018243838795405582,1.0,0.012571990263284186,0.021800674175681746,0.008701451646474748,0.01863947993431252,0.014609912092458212,0.015385068513166025,0.01635242876311954,0.01772105430913053,0.0023201097477990786,0.005277544323329047,0.013610799121704032,0.01016550275806959,0.001627486640147937,0.017657768965363144,0.008897055112557515,0.013371819512552093,0.014969103413276492,0.022783157380695408,0.005633611466389942,0.016293879011309197,0.015955295432338115,0.007999319930658354,0.025099373824346946,0.020350497461633147,0.010337789438061091,0.01642520628553658,0.021837327009180424,0.003127581073534503,0.01793257196337529,0.0036494388011771173,0.01605113002452944,0.002837544220211395,0.012091180856393336,0.0072462930910870615,0.0024844622053212238,0.0160695037153846,0.014587450493572508,0.020491750299521452,0.012130123678251255,0.017591424297179924,0.008286931035217887,0.008791123584076502,0.010568575381843973,0.007339573378882065,0.005816912532244265,0.020102918493964648],[8.914656601552689E-4,2.8515885385531483E-4,0.00773423424322132,0.0016081072010494027,0.0015440116472496936,0.003658221909398366,6.233764980908386E-4,0.0021391157541372375,0.006640073738321459,0.0012588037672987052,0.0014416666982770654,0.0016307217466584058,0.012571990263284186,1.0,0.0025061374984973253,0.0017343196845340685,6.209892873202494E-4,0.007910776005861372,9.983933284105231E-4,0.0030537068592484144,5.401354927122416E-4,0.0017934679564761498,0.002193985328006026,0.0021895769948992016,0.00220796116663398,0.002106638567288495,0.00112404448738378,4.831803585936505E-4,0.0013705340596380563,6.442732201597312E-4,0.0011490544218327222,4.352296315209631E-5,0.002220610232342972,0.0015056425938747404,3.712360616010056E-4,0.03429405444661704,0.010836440863600109,7.283325453341546E-4,0.0011660038188188342,4.0969430295289E-4,8.472663587755377E-4,0.007819008193250543,0.001504731533634774,5.411510550250346E-4,6.63897178750541E-4,0.002531766331398063,0.0012054768798520383,0.0021202132222171975,0.012132640056870845,0.0019203399769593616,0.0010248653125670504,8.584584295941162E-4,0.0020652861132071988,0.0022079866580632873,0.001046395985698065,6.488269902522618E-4,0.0016893314795201502,0.0022759189749409717,0.004087477668570334],[0.002310566621889842,0.001990755779465195,0.007125688996468803,0.0016236732670997225,0.0018872984360753498,0.0027969968223783203,0.0015454711375452377,3.578404346553676E-4,0.007453552555176905,0.0025186888692880238,0.0021706540279953206,0.0018085086491301681,0.021800674175681746,0.0025061374984973253,1.0,0.0019013410581921403,0.0012642076312257091,0.009611205592299707,7.624151133724254E-4,0.0029698392841798686,0.0018962558565725478,6.969657705366267E-4,2.0194577421100716E-4,0.0011135824844767243,3.8713774835791873E-4,9.804626241121483E-4,0.0013766711682965912,0.0018118089519303267,0.0018198930134087552,0.0010188499516007674,0.001186258866457235,0.002164316049647628,0.002411132020272897,0.0014122740013926538,8.09038906491952E-4,0.03261274237037711,0.005379065905169822,0.00170754617362119,0.0024942990763581457,0.0022634232533135326,0.0011342096549971344,0.008688772832081451,0.00141314060961473,0.0023037857042971285,0.0012663484670780063,0.0029301957110821667,0.002427574892052915,0.0014315505386562684,0.008773809717630896,0.002194539811434084,0.0018925087847122468,1.9811634950009052E-4,5.334798937878013E-4,0.001998522085980287,0.001728446428586124,0.001166337610777208,0.002115317528466985,0.002512469387189253,0.0034015133201986446],[0.0010844477857318803,9.563137880857215E-4,0.010103731093777761,0.0011730717684666353,8.543816867838794E-4,0.007435531041692907,6.524345014426347E-4,0.0010220645247602815,0.002628057590139272,8.800800523248227E-4,0.0011895188694963717,0.0012711583035426284,0.008701451646474748,0.0017343196845340685,0.0019013410581921403,1.0,0.0011760162176761126,0.010901671046314693,0.0011556177473564608,0.0018358523018171993,2.7970646891738464E-4,3.5138494896241694E-4,2.509352499872588E-4,0.0011847565419723833,0.0010741260178128967,5.796500774203861E-4,0.001116058958775907,5.82430520209726E-4,5.980286228069507E-4,8.590821949379895E-4,4.991920053968098E-4,9.601810480735401E-5,0.0014639543251509404,3.7627508379270327E-4,9.781589364606567E-4,0.0071915738851056725,0.0036103870642883143,7.333291016571426E-4,5.230292592599487E-4,0.0010167022774712996,3.804808911540961E-5,0.007105389225116271,0.00112223956961904,9.534057086445433E-4,5.639984008180339E-4,0.002785246617327654,6.539118074070519E-4,6.891545768051249E-4,0.0023214598403941957,4.283317587783658E-4,0.0011009474265754268,6.944196241344236E-4,3.358611274425918E-4,0.0011495263195140436,9.988167297719291E-4,4.2744414329904615E-4,0.001195649287139446,0.0022779249702284234,0.0012552604106478497],[1.801953341173604E-4,1.9643871599384983E-4,0.005536821559755174,4.88767679040441E-4,2.133822564480395E-4,0.0057021087382423145,1.5683938888758848E-4,2.4221938680058384E-4,0.007799244491360886,2.6470350108786096E-4,2.463102882948421E-4,0.0013119239288537092,0.01863947993431252,6.209892873202494E-4,0.0012642076312257091,0.0011760162176761126,1.0,0.005906944538626535,3.4432435854463855E-4,0.0015289715785152412,2.2072001168771366E-4,2.5786876913920184E-4,3.227565668725958E-5,9.113275825742902E-4,1.715882628900394E-4,2.3557444666533718E-4,0.001071111045620449,1.74137400137766E-4,1.3790875620580038E-4,3.673917332229575E-4,2.365601508187145E-4,1.603513963875527E-4,0.0013022603861927021,2.4457162850892553E-4,2.5748139275069194E-4,0.03729750497642914,0.00931873586693941,1.9894868228597339E-4,2.3482140887498668E-4,2.356065111651816E-4,6.411460685583814E-5,0.00258142708995277,6.788106902971328E-4,2.3899986418639816E-4,2.474372703805507E-4,0.0034711799058427958,1.7059704860125565E-4,2.4625638776868265E-4,0.0031459747439637567,1.6150414397065018E-4,2.2890271096083319E-4,2.205065071150697E-4,2.7335734736954633E-4,4.409871823697829E-4,2.772227696644473E-4,5.99133063884057E-5,3.164582064167454E-4,0.002069342374055891,0.004312819734674968],[0.007924175684331932,0.011207783974458449,0.010538175063630929,0.008121335462847863,0.003790129284346833,0.008321194694316773,0.010051077883622547,0.009786583838794898,0.011845431677163565,0.001006664115452494,0.009801334482399919,0.0021038354992006575,0.014609912092458212,0.007910776005861372,0.009611205592299707,0.010901671046314693,0.005906944538626535,1.0,0.006099017998181191,0.008773710457154407,0.008593199107978329,0.002368469030580869,8.54561494247329E-4,0.005441955438032755,0.007733537216603263,1.8465135675923002E-4,0.002195462122595359,0.010192565927128649,0.010290870387149313,0.002807490273187038,0.004357462131554243,0.001825495277006222,0.010956318163481839,0.007497018006084283,0.0012100528528016328,0.028528152993562417,0.012319668395633301,0.0032896775668116466,0.011936636948192077,0.005964008121671048,3.294561842024438E-4,0.012311047315546907,0.0030219871504737123,0.01136977380132901,0.0062584860192851895,0.009652214052247855,0.003308644664175601,0.0099696903819918,0.012810586786589754,0.003423358566542703,0.01129523383831486,0.006296078026654687,0.006416663561013614,0.005016085601489258,0.004464031294941504,0.007043335723536312,0.008797449029289077,0.006812936290846814,0.005905919980736163],[1.812326379058643E-4,4.981659666340969E-4,0.0016939284028895066,0.001141967520893098,3.0056375786083724E-4,9.135535342291083E-4,4.1977040639332316E-4,1.1839257504199876E-4,0.0039425730740273515,4.3407528281132185E-4,4.5566533284976973E-4,7.290425764707962E-4,0.015385068513166025,9.983933284105231E-4,7.624151133724254E-4,0.0011556177473564608,3.4432435854463855E-4,0.006099017998181191,1.0,7.170286434830286E-4,5.660706827394496E-4,3.6919842603465997E-4,3.929045385206169E-4,7.009269729022163E-4,4.7694538786555466E-4,3.636741821540822E-4,7.252259990664621E-4,2.1043844039519036E-4,3.4292853761817187E-4,5.80011631619773E-4,2.9210773439745886E-4,4.040601893904523E-4,0.0010197831294749705,5.799255859654265E-4,3.348719003983876E-4,0.03954048198124083,0.00653735186699842,1.7062405639411325E-4,5.079440458746083E-4,4.940988511980505E-4,3.573134818854368E-4,0.0014754056066985685,0.0010779522144052592,4.88285204132311E-4,4.6680367246746616E-4,0.003521487010520932,5.347031886133722E-4,4.1741031897178345E-4,0.006210309658485606,3.731794406952498E-4,3.0599253135553145E-4,2.755659019125936E-4,5.014004125590138E-4,7.598926767778115E-4,4.041939304431792E-4,2.8870966506654736E-4,5.59525821483347E-4,0.00169249306616096,0.003949355324724674],[0.002061366911330943,0.0019077387456147986,0.007689797966887662,0.002635402744550267,0.0015138511069822261,0.007588678603375218,0.002656081704798979,6.026691970267889E-4,0.003996592622673384,0.0017929881502417953,0.003029367111791699,0.0024987306162669596,0.01635242876311954,0.0030537068592484144,0.0029698392841798686,0.0018358523018171993,0.0015289715785152412,0.008773710457154407,7.170286434830286E-4,1.0,0.0023904512356359856,0.002269477009260906,0.0023412618738491904,0.0026290559731852762,0.0033031533059430028,9.21552776969489E-4,0.001304149338578672,2.2976674411704167E-4,0.0013150128388356315,0.002214375133845455,0.0011011034282815257,0.0025093747872564423,0.0033103139992029305,0.0017174419349731415,0.002965871931712135,0.015794949585384827,0.009085638007147392,7.71484186478679E-4,0.002360208509445615,9.278829658766848E-4,0.0030875573102495902,0.004992544399296648,0.0017582552664988512,0.0027480381032467987,0.002985257865999643,0.0034428101860669623,0.0032310172401661067,0.0028781893466622932,0.013581761962233988,2.4139655348776582E-4,3.6192621115966423E-4,0.0013544914269571135,0.002599486636054063,0.0031738671710102332,0.0015468298021419366,0.001646158150871638,0.0023993070499438254,0.0032609319086806298,0.004526196371514479],[1.704419149078419E-4,1.959284049261936E-4,6.517362164101001E-4,3.866642583787009E-4,2.16547481924181E-4,0.007653991836577974,1.9470423201521894E-4,1.3548290751667636E-4,0.009895763337636879,2.569222264773515E-4,2.2015133400368138E-4,0.0011586051971104164,0.01772105430913053,5.401354927122416E-4,0.0018962558565725478,2.7970646891738464E-4,2.2072001168771366E-4,0.008593199107978329,5.660706827394496E-4,0.0023904512356359856,1.0,2.5378272358204273E-4,7.125827826204676E-5,5.44888435103556E-4,1.871860120548771E-4,2.0737097623407667E-4,3.163434587701291E-4,1.495060443350129E-4,1.414043370444225E-4,2.3710716558129593E-4,1.594678069374491E-4,3.10368032854918E-5,6.061643276135515E-4,2.16531477397747E-4,2.2885132559814013E-4,0.015520368248456658,0.010301728645933402,1.391280532518891E-4,2.2210501973732132E-4,2.106817536206046E-4,9.602092270293314E-5,0.0013574104183474774,3.094488887300278E-4,1.9674501096351665E-4,2.272068805573138E-4,0.0025886316574833114,2.0953760792605532E-4,2.119834871631295E-4,0.001220106123675542,1.7207782935419082E-4,2.015548469495018E-4,1.9028589567660284E-4,2.574736822559554E-4,7.063387122000438E-4,2.362159702934474E-4,1.6103640790774527E-4,2.3372849550762752E-4,0.002143815220695537,0.004493143102186766],[2.373561569998381E-4,2.6935772961658895E-4,0.008019488565683065,3.2274588846858786E-4,2.4838864414288193E-4,0.003890971202933989,2.166076482208778E-4,2.5446616636989075E-4,0.0027541155441474386,2.726073919250356E-4,2.5230791452730687E-4,9.64786974571023E-4,0.0023201097477990786,0.0017934679564761498,6.969657705366267E-4,3.5138494896241694E-4,2.5786876913920184E-4,0.002368469030580869,3.6919842603465997E-4,0.002269477009260906,2.5378272358204273E-4,1.0,6.14438072322343E-5,0.0010479121828830245,2.3015251375758277E-4,2.426364135607044E-4,3.4135189196659926E-4,2.0927155856593872E-4,2.041085046114003E-4,3.999096037204993E-4,2.1280420592705915E-4,5.8109967893865596E-5,3.220366291452983E-4,2.663732277410322E-4,2.5976090900744624E-4,0.00399335682971446,0.004005090199181383,1.9605995488173285E-4,2.3475771703712698E-4,2.3407094048329602E-4,2.286971789506402E-4,0.006969579631101121,0.0010567066285621114,2.4454049351375695E-4,2.7109593979286566E-4,8.047938756301803E-4,1.588891874042736E-4,2.670989789502201E-4,0.0047424576670425335,2.227104264464662E-4,1.5695739679261216E-4,1.5531070500753448E-4,2.776399746225257E-4,5.001432456271331E-4,2.761676431698018E-4,9.648095353013393E-5,2.798770456162907E-4,6.283347653307928E-4,0.003251777729386865],[1.2797283205805187E-4,1.3540079154072382E-4,0.004172934648636586,8.065711314707095E-4,5.546481951987043E-5,8.548859392401512E-5,1.0403225327328422E-4,1.6165090912398227E-5,0.007884778921659024,1.4520844568651493E-4,4.90271158481654E-5,6.67027862942793E-4,0.005277544323329047,0.002193985328006026,2.0194577421100716E-4,2.509352499872588E-4,3.227565668725958E-5,8.54561494247329E-4,3.929045385206169E-4,0.0023412618738491904,7.125827826204676E-5,6.14438072322343E-5,1.0,6.518267832258444E-4,3.461446764073404E-5,1.6637247548670944E-4,2.9566973913531033E-4,7.988720617479518E-5,8.193234139086969E-5,1.452750502358796E-4,1.4450793635636198E-4,1.9889679178322332E-5,8.639379983415729E-4,9.524537948966882E-5,2.1472247796677557E-4,0.03477476385009288,0.0022978057822461008,4.782267367681922E-5,2.125971449348563E-4,1.0630323121856746E-4,1.5156707435443264E-5,0.009280009709470387,9.379625390286008E-4,4.5064372967355704E-5,1.4830863075079861E-4,0.001997629325605109,2.3651192257750174E-5,6.63361359448798E-5,3.229193520168192E-4,1.1413031725616504E-4,1.016689434130487E-4,2.326469564973159E-5,2.1112553821628452E-4,1.3711293439816865E-4,1.194395021519146E-4,2.2642168860743657E-5,2.5038839377985364E-5,2.2943949591573497E-4,0.002261296245465017],[6.218321788302075E-4,7.114907410733729E-4,0.008305826262373058,0.0010849976483321803,8.362877137606705E-4,0.0028872673307945426,8.599264267944699E-4,9.044301218894297E-5,0.00963230909815951,6.702731353091878E-4,4.750127909333388E-4,0.0011834239191190828,0.013610799121704032,0.0021895769948992016,0.0011135824844767243,0.0011847565419723833,9.113275825742902E-4,0.005441955438032755,7.009269729022163E-4,0.0026290559731852762,5.44888435103556E-4,0.0010479121828830245,6.518267832258444E-4,1.0,7.878194542730931E-4,3.8490002725208815E-4,0.0010784537755252593,5.103861051491105E-4,4.980775048948718E-4,0.0010637449651493582,4.4974435034250243E-4,3.619246193575144E-4,0.0013149350106194805,9.098031362403194E-4,6.153609899329824E-4,0.03920488924920291,0.007778506185662654,5.597815346954389E-4,4.179925292525337E-4,6.642339306500236E-4,6.527120313108097E-4,0.0043171357126743255,0.0010841436078468918,0.0010773408231231753,5.379247942869586E-4,0.0023411042606154044,7.669856372666615E-4,5.099402563639669E-4,0.004802092438215945,7.704656727560333E-4,0.0010798676293413223,6.018136588528548E-4,5.715837673424141E-4,0.0010898284613167929,0.0010404589287921996,4.672242714415974E-4,9.395887466212383E-4,0.0016947361743853142,0.004855631954493814],[1.5403402690827207E-4,1.608281852605811E-4,5.279240503740921E-4,0.0010289541291096857,1.9191705206590757E-4,0.00386621006900129,1.3084475608925305E-4,7.387588122651877E-5,0.007497317499036218,2.080977089193628E-4,1.7855081048664595E-4,7.399926824236678E-4,0.01016550275806959,0.00220796116663398,3.8713774835791873E-4,0.0010741260178128967,1.715882628900394E-4,0.007733537216603263,4.7694538786555466E-4,0.0033031533059430028,1.871860120548771E-4,2.3015251375758277E-4,3.461446764073404E-5,7.878194542730931E-4,1.0,1.55460148266139E-4,6.206670645737489E-4,1.3243077445643193E-4,1.1348578838610968E-4,3.6946655847069E-4,1.456761434644893E-4,8.627205900747319E-5,0.0014747248142061465,2.05098905890294E-4,2.237404571999011E-4,0.019992713266421103,0.00875802418616854,1.397988596238222E-4,1.676636998260656E-4,1.5050092683205758E-4,4.8506182152717707E-5,0.008663497519664226,2.1585567029943465E-4,1.5527530871580015E-4,1.8339963587676194E-4,0.003179309996265697,1.4121575551752157E-4,1.5627932951709736E-4,0.003821039369306458,1.3850162838009147E-4,1.39863744133119E-4,1.504887328831834E-4,1.5570464206880378E-4,7.874303303907075E-4,1.8275388033580145E-4,8.491121349043756E-5,2.598311026488359E-4,9.545484506964736E-4,0.0016051079945829261],[1.761833421547685E-4,1.640352008108216E-4,0.007110027250054236,0.0010031872301582213,1.9450515027004959E-4,0.004922455429945178,1.4540939801016195E-4,2.362973680026941E-5,4.963076055664252E-4,2.4878747853826646E-4,2.1515204200232371E-4,5.549985797830834E-4,0.001627486640147937,0.002106638567288495,9.804626241121483E-4,5.796500774203861E-4,2.3557444666533718E-4,1.8465135675923002E-4,3.636741821540822E-4,9.21552776969489E-4,2.0737097623407667E-4,2.426364135607044E-4,1.6637247548670944E-4,3.8490002725208815E-4,1.55460148266139E-4,1.0,4.331194098705043E-4,1.4224344284965323E-4,1.26089497707563E-4,2.9976555968865476E-4,1.4793370687845903E-4,2.0078818911424E-5,0.0016833663189626351,1.8717437221569625E-4,2.0435960458616562E-4,0.02398071074709388,0.007816246986613404,1.3448699502362294E-4,2.069881409759343E-4,1.7138105521012067E-4,1.436433842285686E-4,0.004096098076644395,6.793505578963311E-4,1.773113730304601E-4,2.048023338999988E-4,0.001557164975768808,1.6049635685285468E-4,1.8675364836376156E-4,0.001742160051981632,1.2267314275916472E-4,1.6328319256835977E-4,1.5633124889424864E-4,2.3690239060093028E-4,0.001017808009006429,2.460483946176617E-4,6.0468342771293924E-5,1.8155045921232447E-4,2.6209055165496556E-4,0.004076639887304127],[6.951994565065241E-4,3.7184099003853826E-4,0.004894768106706115,0.0011500128567966306,3.704738362472569E-4,0.005078161440232002,7.679718218255721E-4,9.836999132908843E-4,0.008330522611979562,8.071947157734148E-4,7.738276061884328E-4,0.0011940334188410148,0.017657768965363144,0.00112404448738378,0.0013766711682965912,0.001116058958775907,0.001071111045620449,0.002195462122595359,7.252259990664621E-4,0.001304149338578672,3.163434587701291E-4,3.4135189196659926E-4,2.9566973913531033E-4,0.0010784537755252593,6.206670645737489E-4,4.331194098705043E-4,1.0,5.026719532638093E-4,6.696804966648052E-4,9.94644977837215E-4,3.519365086682971E-4,5.078882845207321E-4,0.0012384305349764607,0.0010133336238468793,7.705087301427261E-4,0.017906923698522918,0.009979808423124237,1.862851357508022E-4,0.0010579749785038493,3.3228170715475904E-4,2.2336237922321463E-4,0.005226873063310707,0.0010843278093038591,4.697743397397713E-4,4.790463940174737E-4,0.003319513215192522,5.475053802362036E-4,0.0010398984268367854,0.010783863044326797,5.080202699746018E-4,0.001036273235567733,4.0685765069284173E-4,6.988570608084342E-4,0.0011022281789948454,6.927753037504992E-4,1.1155595586396433E-4,3.404007559721592E-4,0.0018945908216842563,0.004621146300949211],[1.4088098235636777E-4,1.257155304981909E-4,0.00985918839218596,0.0010238808564786578,1.637046471318251E-4,0.0038384199735143985,1.2300457194178857E-4,1.3194324370030431E-5,0.0017917020937121004,2.691576825712737E-4,1.6406934106622404E-4,9.628497645603358E-4,0.008897055112557515,4.831803585936505E-4,0.0018118089519303267,5.82430520209726E-4,1.74137400137766E-4,0.010192565927128649,2.1043844039519036E-4,2.2976674411704167E-4,1.495060443350129E-4,2.0927155856593872E-4,7.988720617479518E-5,5.103861051491105E-4,1.3243077445643193E-4,1.4224344284965323E-4,5.026719532638093E-4,1.0,1.1255214732674189E-4,3.3278966661307816E-4,1.3772351450717056E-4,1.115558640876678E-4,0.0022189273355061154,1.8744895308516228E-4,2.3290105875771886E-4,0.009618067787808757,0.011099291268145734,1.1769040772760443E-4,1.6044702205753758E-4,1.6367911065338328E-4,4.428929056210393E-5,0.006766782145512223,4.423757622404414E-4,1.580442373874601E-4,2.2634882309768568E-4,0.0029058753763899063,1.2594406779347029E-4,1.5496683173531596E-4,0.00319188391199685,1.2164711878529891E-4,1.260959421659158E-4,1.3524387499364411E-4,2.6407989626285556E-4,3.8377586214010577E-4,2.440127993340356E-4,5.617280036160005E-5,1.388472227959613E-4,0.002021885168688848,5.433581593476685E-4],[1.1381213221884298E-4,1.612837648703868E-4,0.0025400622871482627,2.737740916607976E-4,1.287082746701621E-4,0.004333368168297722,1.232696641255043E-4,9.744471779890362E-5,0.0020987162767037736,1.950085376211498E-4,1.4075860004133226E-4,0.0011481135086210744,0.013371819512552093,0.0013705340596380563,0.0018198930134087552,5.980286228069507E-4,1.3790875620580038E-4,0.010290870387149313,3.4292853761817187E-4,0.0013150128388356315,1.414043370444225E-4,2.041085046114003E-4,8.193234139086969E-5,4.980775048948718E-4,1.1348578838610968E-4,1.26089497707563E-4,6.696804966648052E-4,1.1255214732674189E-4,1.0,1.885919891188483E-4,1.376600533482679E-4,1.8583031130371523E-5,0.001130782250087487,1.8317374829990152E-4,1.9695672111924041E-4,0.0028142258660485567,0.00783145374975932,1.1180513587706512E-4,1.7651564332042756E-4,1.4795215489111325E-4,2.8273911162594677E-5,0.009057940009692005,8.594824798459662E-4,1.7336536128618587E-4,2.3191127433269974E-4,0.00366910127146703,1.1520034693697522E-4,1.1672769287339323E-4,0.00995427249604828,1.2009300645370629E-4,1.3391036109801883E-4,1.263637442161932E-4,1.427893220978842E-4,0.0010645024666963725,1.849388372677816E-4,6.161595245251363E-5,2.85242157457272E-4,0.0014024668120662638,0.0038049924594453005],[3.3053829344512677E-4,3.5039321050993094E-4,0.0018042626408747032,5.419103421059901E-4,3.330269221613969E-4,0.003974535452583177,1.2709455350131202E-4,1.2930579242400068E-4,0.0031118513128960902,3.386310843596371E-4,2.866138339802163E-4,0.0013813971914778552,0.014969103413276492,6.442732201597312E-4,0.0010188499516007674,8.590821949379895E-4,3.673917332229575E-4,0.002807490273187038,5.80011631619773E-4,0.002214375133845455,2.3710716558129593E-4,3.999096037204993E-4,1.452750502358796E-4,0.0010637449651493582,3.6946655847069E-4,2.9976555968865476E-4,9.94644977837215E-4,3.3278966661307816E-4,1.885919891188483E-4,1.0,3.3263084931823607E-4,2.023616450955297E-4,0.0018076999808770626,2.8804809748132336E-4,3.8692609518701707E-4,0.03582856692971772,0.004951636316655088,1.872192314780154E-4,4.160963683789706E-4,1.8501094161334957E-4,1.4866753289384895E-4,0.006656036386937632,6.792562229527058E-4,4.0543545269586365E-4,4.10359941259274E-4,0.0035378922799157624,3.9674170766805424E-4,2.5077098783593484E-4,0.007619618465096421,1.8051620863389687E-4,2.7309276106514456E-4,3.986635518859217E-4,3.463490571909876E-4,0.0010028329748445616,3.308296469230897E-4,2.535286559086502E-4,3.9031131349244247E-4,0.0016272769069301815,0.0024033469333443226],[1.5176450656343752E-4,1.515440259636067E-4,0.010041661627523644,0.0011300597596086452,1.589863472821623E-4,0.0014192593911020249,1.4428348290676838E-4,1.1889411153087372E-4,8.87057648166176E-4,2.1051817772548887E-4,1.5727465675723255E-4,6.274471652430332E-4,0.022783157380695408,0.0011490544218327222,0.001186258866457235,4.991920053968098E-4,2.365601508187145E-4,0.004357462131554243,2.9210773439745886E-4,0.0011011034282815257,1.594678069374491E-4,2.1280420592705915E-4,1.4450793635636198E-4,4.4974435034250243E-4,1.456761434644893E-4,1.4793370687845903E-4,3.519365086682971E-4,1.3772351450717056E-4,1.376600533482679E-4,3.3263084931823607E-4,1.0,8.207493371674588E-5,0.0017350900788134689,1.6679615418066152E-4,2.0377808563441975E-4,0.03514711262557458,4.2058204525260165E-4,1.3025765701647394E-4,1.7958205280772436E-4,1.6582927924214637E-4,1.1388147987155324E-4,0.0025397274201032793,5.145515052305287E-4,1.629610128392628E-4,1.5499716477212247E-4,6.36431705927852E-4,1.317078162745227E-4,1.6037395875599325E-4,0.010851778699154005,1.3739526422794682E-4,1.4415766640549528E-4,1.4767446094077544E-4,2.612212414886862E-4,0.0010527486016201394,1.6838806882859045E-4,3.358694680586872E-5,2.9748237216943823E-4,0.0013936539418955547,0.003925658269103837],[4.131709082415444E-5,2.9485217216306045E-5,0.008610866419936594,2.09538564616824E-4,1.1571666515619292E-4,0.002167427001369614,5.3626611171589145E-5,1.2439892028330419E-5,0.009205762813239532,2.2469648701582478E-4,7.43150436337199E-5,3.3231886400253235E-4,0.005633611466389942,4.352296315209631E-5,0.002164316049647628,9.601810480735401E-5,1.603513963875527E-4,0.001825495277006222,4.040601893904523E-4,0.0025093747872564423,3.10368032854918E-5,5.8109967893865596E-5,1.9889679178322332E-5,3.619246193575144E-4,8.627205900747319E-5,2.0078818911424E-5,5.078882845207321E-4,1.115558640876678E-4,1.8583031130371523E-5,2.023616450955297E-4,8.207493371674588E-5,1.0,0.0020536260264797435,3.793031063465245E-5,2.1914255243454087E-4,0.017641124789663423,0.005981558261361398,7.177143537695002E-5,8.727165235130717E-5,8.834473034099586E-5,1.5113224011183466E-5,0.0039404159357994215,1.6987936676104304E-4,2.388863820051394E-5,1.3640834213969694E-4,1.0546576432731973E-4,5.757283789902501E-5,5.5257271360769036E-5,2.9779795715109935E-4,4.720005680179434E-5,1.0469763000458828E-4,3.16706564865123E-5,1.7300790774671385E-4,3.8337255999552515E-4,2.0361055250061916E-4,2.1540809251078323E-5,3.0004617753185363E-4,0.0016806885583768923,0.0031830485123042393],[0.0017788044570216943,8.081301396374828E-4,0.004667945153319725,0.0017922013683501158,0.0014507084283278877,0.005366022544676441,0.0013725363068689536,3.1334588383592315E-4,0.006801866669481089,0.00202272506002699