[[1.0,0.009955480523598898,0.03236347334810222,0.014087460792577187,0.012914415037,0.004132542999560004,0.003589707666646473,0.015548520128093185,0.014370340237308394,0.001905492195136649,0.006468620312048269,0.0031951916001430217,0.01846750032652621,0.013011697736969863,0.006065142567272361,0.007115453168975447,0.005221600676197843,0.0142005207780456,0.009965668259796067,0.007379535925836039,0.009554981399570475,0.01024541487123721,0.004079437712533489,0.004286001663839335,0.0040119651180239935,0.00471421726282333,0.004558189914428028,0.014659824308506193,0.011670503775641744,0.005475064420692834,0.007393381489728336,0.01641577493371033,0.013117761261230317,0.014338356519893484,0.0036990980751590275,0.009325467279363422,0.0034801033603771387,0.0071084303632279605,0.0032117287913574727,4.006274448478725E-4,0.005480240131108106,0.01726792400588579,0.01985867107748062,0.004719565883898571,0.0101087387933445,0.010186759641285511,0.01239518905540819,0.00821500181152869,0.0041047652417661755],[0.009955480523598898,1.0,0.018912194679704418,3.1458679953180494E-5,1.3691137115660497E-4,1.1969771990820701E-4,0.002640512841943159,0.0021310051677547216,0.00545542487393747,5.826624980419048E-5,0.0026496484531811897,9.139625671413361E-5,0.009570565112941616,3.3053911975671916E-4,1.7583664070254275E-5,6.059165861409848E-5,1.2534115158201382E-4,7.259030818671211E-4,1.3797167339204346E-4,0.001612391514503058,1.2566632305152555E-4,1.082987910144048E-4,8.388129909338447E-4,0.0019384090336324914,1.4483399916595437E-4,3.0328692723810785E-4,2.8040370456183783E-4,1.1372026710282932E-4,1.216520220625365E-4,0.0010670781860994758,1.0136518301064603E-4,0.007952019572735681,2.0876818814165042E-5,2.7696611258767173E-4,1.589640029993495E-4,1.2265980276964528E-4,1.0459365045633444E-4,4.333693462294121E-5,5.210970479244347E-5,1.0869209171833988E-4,0.0012265760148831698,0.003832124240841516,0.015400598688820441,1.0819563686615278E-4,0.001348367285836939,2.61765698043347E-4,0.002059835171766736,0.0013358333937512714,1.2083220247823443E-4],[0.03236347334810222,0.018912194679704418,1.0,0.030994805332136808,0.015754293908732387,0.023612638413113677,0.009589147998263345,0.033221353008281315,0.01728647106133541,0.03643880097124942,0.01441744024787868,0.03210551221226234,0.03797910743342035,0.0022280309644431007,0.03230396864317631,0.0034638276642211022,0.0414390207447817,0.016988679831216883,0.03967240126299762,0.021862360270772287,0.03754469085242606,0.02774085347180955,0.009283478984347558,0.03830783587443146,0.014700955192276889,0.009583793587961709,0.008113447457257622,0.033516976736379475,0.0058390743804375995,0.02590371263574936,0.020303731818054966,0.038552227648582085,0.025025863603349324,0.0067852043780592015,0.014902899407845976,0.023159114405011602,0.03624949651029592,0.026461894075415476,0.002085048090509571,0.028288225145966153,0.00478842418901794,0.03558897577444641,0.027552377739354456,0.035930920117835455,0.023824727570882775,0.033416966482671985,0.010674624785179557,0.034684091575302244,0.02232976782134474],[0.014087460792577187,3.1458679953180494E-5,0.030994805332136808,1.0,8.450582732571533E-5,1.3513076742824727E-4,0.002129530902144865,0.009180289066902466,0.0016317546424617006,3.0007803850656035E-5,0.002583512718260286,4.442007455093854E-5,0.02824256625209296,0.0010587825770628566,2.7811820984511482E-5,1.9993646046996048E-5,1.452780059260647E-4,8.203742533185423E-4,8.086789795393194E-5,0.004228491556501841,5.2644925093562124E-5,3.516446848053003E-5,8.73596430492074E-4,2.872323401972877E-4,5.530567396348309E-5,9.170281948616563E-4,2.6478382670525264E-4,9.508990053969408E-5,1.3215026446070297E-4,5.831542586541578E-4,9.917109664367996E-5,0.01540464369668649,2.3035440748373598E-5,3.353360589899271E-5,1.5021875816606306E-4,0.002536627000108905,8.507333586486712E-5,2.0961238423752947E-5,1.9089774638042604E-5,5.4767958578225266E-5,3.1105219307727653E-4,0.006757337428382312,0.007658300826644183,6.74277468178932E-5,0.0028099005727345878,8.16552141676005E-4,0.0011455304290343478,0.0037034139972648237,3.227916263319826E-5],[0.012914415037,1.3691137115660497E-4,0.015754293908732387,8.450582732571533E-5,1.0,1.8711960212986243E-4,9.715573010435898E-4,0.004384005019268281,0.009123802596043756,7.006581446171313E-5,0.0023287699665910113,1.5856408077815232E-4,0.015263793607002701,5.680462142454884E-4,5.31384072124243E-5,1.6974527043868957E-4,2.0124636034848464E-4,0.0015158814705653592,1.746805933709685E-4,0.0038668486251475366,1.4234048853038915E-4,1.6374415640603893E-4,0.0011055317432448332,0.001829332652643768,1.757158532174058E-4,6.154211140059486E-4,1.922925041099566E-4,1.3955725606107163E-4,1.526921009041357E-4,9.321990908733874E-4,1.4646949269621532E-4,0.014594832948839368,1.997078021102791E-5,4.067467499704405E-4,2.0082953061203285E-4,0.0022772692260004815,1.1637455731523311E-4,1.4494185566843122E-5,2.8907380967465195E-5,1.5323259045169557E-4,5.163570809401664E-4,0.0010484828388974577,0.0041332290500861405,1.3883804395937747E-4,0.0018107792279523553,7.195115985900663E-4,0.002117133196595299,4.920856075085851E-4,1.746698468245811E-4],[0.004132542999560004,1.1969771990820701E-4,0.023612638413113677,1.3513076742824727E-4,1.8711960212986243E-4,1.0,9.438697702723156E-4,0.0056962195263263096,0.0030723033913870553,6.67484863440333E-5,4.520528635641776E-4,1.2178747781785385E-4,0.016073018574672075,3.2526774323046785E-4,1.5687118363007986E-4,9.296271712067555E-5,2.0308569837324754E-4,0.001417166130991454,1.671014241558627E-4,3.357608179461686E-4,1.6021201445213682E-4,1.4238236320083516E-4,7.512401996566722E-4,0.001340585593912573,1.8890533036109501E-4,9.734111055937542E-4,2.2510433684421293E-4,1.9113949600227539E-4,1.7155837945777647E-4,3.834838079853607E-4,1.0967297831796936E-4,0.00872000096956614,5.3424606112092356E-5,2.3092911888184076E-4,1.966837571442844E-4,0.003424257570723218,1.0980498840667684E-4,2.4725944412133246E-5,1.6048165093779623E-4,1.2516085223483503E-4,8.923188754845189E-4,0.013738265836214052,0.005228498105552442,1.694051472433555E-4,0.0015003960771755981,0.001148102348079204,6.210841512608354E-4,6.421921903050521E-4,1.6948855899036276E-4],[0.003589707666646473,0.002640512841943159,0.009589147998263345,0.002129530902144865,9.715573010435898E-4,9.438697702723156E-4,1.0,0.008995064896236244,0.008866489591858458,0.003211416014832533,0.004554230619390257,0.0015518076269098698,0.006452509271123209,0.002751491778016887,8.227163727224045E-4,3.2662522798260224E-4,0.0026048296110046465,0.002967414572195956,0.001200197170242924,0.004084989314724164,0.0020716469211784464,7.52677781291391E-4,0.00290318047906734,0.002366067314754295,4.2942763471678447E-4,0.002441194038167195,0.00288931153154905,0.0030606246111483317,0.0015908088921329831,0.002915810747839688,0.0014287890732599022,0.012003800236864327,0.0014497618174616096,0.0016616658221447651,0.0025776231248128703,0.003594022749434129,8.195822060176779E-4,3.8434347669247525E-4,0.0015786946630756183,0.0017138954700756431,0.0022724577825804894,0.0047546399917781906,0.019087427002339865,5.447815428559543E-4,0.0032706380346083108,0.0032146519058116846,0.003018589349054841,0.004047146461431008,0.0011766012216537294],[0.015548520128093185,0.0021310051677547216,0.033221353008281315,0.009180289066902466,0.004384005019268281,0.0056962195263263096,0.008995064896236244,1.0,0.012567702100359537,0.007100734558409731,0.011942609796562129,0.015093567500138934,0.022321350519482527,0.010783314615817299,0.006892729155660922,6.265126626035921E-5,0.0024355388027412998,0.012151473890333482,0.0033844716569338077,0.005909042126312642,0.009621414482031958,0.013088966833701603,0.0045690595836621675,0.015843017447003553,0.00989681941752125,0.013096205623545258,0.002884072328077896,0.011024979468003156,0.013558903475831673,0.004921803174486359,0.011071800672075654,0.017380531036335977,0.0023216287464100384,0.0032462057336014923,0.0011685549710654757,0.014037046641072358,2.3382789570396045E-4,5.691545973733207E-4,0.016144668542394654,0.01597639912821536,0.005350921538815924,0.01783114602880634,0.01673898860397501,9.109262574097396E-4,0.011295666863413288,0.01608023009222924,0.011406899604728602,0.012159257634352544,0.014722571238620471],[0.014370340237308394,0.00545542487393747,0.01728647106133541,0.0016317546424617006,0.009123802596043756,0.0030723033913870553,0.008866489591858458,0.012567702100359537,1.0,0.004121386997861147,0.007751898722012334,0.0024048272312812953,0.028906447670445985,0.00825530057390558,0.004180537258522551,0.008258186813457526,8.119376720794575E-4,0.01162587929244983,0.010644695161894147,0.007065151252240378,0.004309835166646448,0.0027152316815539502,0.007334684088403515,0.005872822488361648,7.60899288597879E-4,0.005229990466990578,0.007881734623836947,0.0061410617054022485,0.009168949579351509,0.00239235077583824,0.0030239888214810087,0.016891351762799444,0.009816002463526374,0.009974463415882727,0.009183844320796667,0.011391256183987364,0.005166375162888304,0.012241110825821917,0.001438272651525471,0.00971210067973636,0.0064466702301006935,0.01801207450018915,0.016090235940790978,0.012052004734644198,0.010572594862325287,0.004809601989178186,0.012233615154197974,0.01228140308723341,0.009694702162840622],[0.001905492195136649,5.826624980419048E-5,0.03643880097124942,3.0007803850656035E-5,7.006581446171313E-5,6.67484863440333E-5,0.003211416014832533,0.007100734558409731,0.004121386997861147,1.0,0.003820589588823503,4.827296033084066E-5,0.004658854370343801,5.818988660789921E-4,1.4787108797665378E-5,2.514890029376214E-5,1.7163417661071454E-4,5.022979462923474E-4,1.399335842104909E-4,0.0011560305341640157,5.332433564511024E-5,1.1806220169592474E-4,1.0014096359894914E-4,0.0012901082415026901,7.759331164974385E-5,0.0013273602338832716,2.592467541638645E-4,6.490834081594702E-5,5.034022607689821E-5,3.7252044292974746E-5,9.192126486076178E-5,0.013239840060541271,2.418304907445715E-5,5.459457097602744E-4,8.107014359683041E-5,0.0036288603700378287,7.18069841341054E-5,3.191664187811405E-5,2.4795323450106883E-5,9.40258704588611E-5,0.0010417144797333121,0.00823481156206871,0.013112913015922642,1.1285264086372207E-4,0.0013286288422709358,0.0011342359056424355,0.0018375105244868503,0.003293157648731091,1.0622216773078331E-4],[0.006468620312048269,0.0026496484531811897,0.01441744024787868,0.002583512718260286,0.0023287699665910113,4.520528635641776E-4,0.004554230619390257,0.011942609796562129,0.007751898722012334,0.003820589588823503,1.0,0.002431681028995832,0.02097064492287237,0.0018049851782940658,0.003842424702740933,0.0016048572069859229,0.0043153645521385115,0.002119888733232813,0.003810490596033769,0.0045052325461364395,1.6628729244985143E-4,0.004359212797508246,0.0045226824660193725,0.0030981050998981872,0.0016203531690241288,0.0019445805968771868,0.0035888516040640155,0.0019220113808284232,0.002415543007161956,0.002473935177377918,0.0026604168942241883,0.008888604802415424,0.0032316194188006767,0.002662393691155179,0.00316746223241976,0.004229086967493118,0.0030110461739965696,7.254574850836015E-4,5.780188241006864E-4,2.7200024414040385E-4,0.0041129284537616845,0.01803158748969274,0.010314380194209183,0.0012794250782243548,0.004510524162746305,0.0026842590169192286,0.00365696515777687,0.004769306165415486,0.004122836349040744],[0.0031951916001430217,9.139625671413361E-5,0.03210551221226234,4.442007455093854E-5,1.5856408077815232E-4,1.2178747781785385E-4,0.0015518076269098698,0.015093567500138934,0.0024048272312812953,4.827296033084066E-5,0.002431681028995832,1.0,0.00902286877236063,7.931185627975578E-4,1.7252944414523578E-5,4.844365064631248E-5,1.2994384266581415E-4,0.001093810121048751,1.318762376367319E-4,0.0013498046040633519,1.1334571282974984E-4,6.3436591801991E-5,0.001232973852346139,4.825346599486026E-4,6.426476641101872E-5,0.0017515599757351858,1.1709644203568054E-4,9.103946246301567E-5,1.1846950778046631E-4,0.0011078861023448203,9.304367559687698E-5,0.017941567493958904,2.340355502695853E-5,3.4894419008760046E-4,6.989720675796125E-5,9.161512904104183E-4,8.800605533026656E-5,4.9956605085422686E-5,2.0597291140637443E-5,8.724726140911141E-5,0.0012554031447458743,0.0017742788070032876,0.01613894626773556,9.060658107881017E-5,2.4307253664429383E-4,7.221762861372267E-4,8.91617606368256E-4,0.0038876819158472514,1.258989952421072E-4],[0.01846750032652621,0.009570565112941616,0.03797910743342035,0.02824256625209296,0.015263793607002701,0.016073018574672075,0.006452509271123209,0.022321350519482527,0.028906447670445985,0.004658854370343801,0.02097064492287237,0.00902286877236063,1.0,0.019648240637520357,0.014139005791380355,0.0312689403747415,0.016274366612510537,0.012745514729288988,0.02426311709841618,0.02429771253569737,0.019967889294145027,0.03249045364954643,0.012214669799731565,0.008457967993496714,0.022219930805803364,0.010074696448009896,0.021950164040099553,0.02017081496063514,0.01393543533478554,0.018193473004818227,0.021308876763350162,0.023332312200730787,0.018381095101544728,0.0033427027470113078,0.002769541903461734,0.013668443649702607,0.002495331179210303,0.03194605224229837,0.03238489990749951,0.022312470062867264,0.014762899708741131,0.031045852574977224,0.027304598524958514,0.007532061286342494,0.0061014339684696516,0.007091723108883839,0.017289321424196584,0.02748628996175428,0.012196095070365226],[0.013011697736969863,3.3053911975671916E-4,0.0022280309644431007,0.0010587825770628566,5.680462142454884E-4,3.2526774323046785E-4,0.002751491778016887,0.010783314615817299,0.00825530057390558,5.818988660789921E-4,0.0018049851782940658,7.931185627975578E-4,0.019648240637520357,1.0,8.153462715078154E-4,7.684541082435806E-4,4.885963774958455E-4,0.0011806000680233382,3.276927573928006E-4,0.002385319289811663,0.0010344218790784324,0.0010833797956451585,0.0012039144528746691,0.001612821311509482,9.548502143786062E-4,0.0016305932907677396,3.9576460044314784E-4,7.305890191685189E-4,2.1765047202590703E-4,0.0011673290450233947,2.3748987203385454E-4,0.0032256925588892878,4.1030930793820155E-4,8.65465161986501E-4,0.0010310706659230164,0.004078628322917858,2.1587033520251603E-4,7.388686733881927E-4,2.0327759661487526E-4,8.370349679248985E-4,0.0013387231924886233,0.0012212713895425407,0.017503052110744856,2.366501915084317E-4,0.0020250878397343876,0.001163088506990242,0.001797029557244345,0.0014057979446386315,6.830994375209396E-4],[0.006065142567272361,1.7583664070254275E-5,0.03230396864317631,2.7811820984511482E-5,5.31384072124243E-5,1.5687118363007986E-4,8.227163727224045E-4,0.006892729155660922,0.004180537258522551,1.4787108797665378E-5,0.003842424702740933,1.7252944414523578E-5,0.014139005791380355,8.153462715078154E-4,1.0,1.7707594639315603E-5,1.0402023622100005E-4,4.3305927978392066E-5,1.260203815065313E-4,0.0035367034790356818,4.513904249809343E-5,1.2435673377681318E-4,5.856192367306771E-4,6.546204777133696E-4,5.2542988533873844E-5,0.0014502305334595793,2.0799831775582364E-4,1.0191498482146346E-4,8.526370904113105E-5,0.0013099075149363522,4.805696357270434E-5,0.003363070750302841,1.6797942096895625E-5,1.4332567207135416E-4,1.9228036028172264E-4,0.0020551171908545,6.701812036140053E-5,1.2958674661621112E-5,1.6007566750057557E-5,6.531402985000866E-5,1.6088518743272767E-4,7.096892674832675E-5,0.012870692991542927,8.680214592989988E-5,0.002262553867020076,5.194757154426407E-4,0.0012690952728262699,9.917379046509667E-4,5.303521187624028E-5],[0.007115453168975447,6.059165861409848E-5,0.0034638276642211022,1.9993646046996048E-5,1.6974527043868957E-4,9.296271712067555E-5,3.2662522798260224E-4,6.265126626035921E-5,0.008258186813457526,2.514890029376214E-5,0.0016048572069859229,4.844365064631248E-5,0.0312689403747415,7.684541082435806E-4,1.7707594639315603E-5,1.0,1.8610955516232925E-4,0.0014238171386170397,1.252452740663337E-4,0.0023736884265645377,4.434722943013815E-5,6.175195132202273E-5,7.797877932897327E-4,8.302735899942988E-4,5.017919383111879E-5,5.057784853071514E-4,2.7177793310690295E-4,5.015691847843813E-5,5.0231426654817305E-5,6.039920713318444E-4,2.3440289699656035E-5,0.004722801033796639,1.736974991294878E-5,5.045901642366561E-4,6.512483776918754E-5,0.0010802569208330948,4.874032097915314E-5,1.7344432736038845E-5,1.645595365121664E-5,3.6170865962746966E-5,0.0013675347711618378,0.004740268750454048,0.015850469476794853,3.626188433990024E-5,0.003116608561593854,0.00122461879474247,1.9257377751510723E-4,0.0010266162385164411,1.0031756733620492E-4],[0.005221600676197843,1.2534115158201382E-4,0.0414390207447817,1.452780059260647E-4,2.0124636034848464E-4,2.0308569837324754E-4,0.0026048296110046465,0.0024355388027412998,8.119376720794575E-4,1.7163417661071454E-4,0.0043153645521385115,1.2994384266581415E-4,0.016274366612510537,4.885963774958455E-4,1.0402023622100005E-4,1.8610955516232925E-4,1.0,5.097704815473508E-4,1.7225448052550333E-4,5.642462392665568E-4,1.642964128960968E-4,1.4647407882125064E-4,2.7469923469110574E-4,0.0015891788789763636,2.0471785633233473E-4,3.418399990500698E-4,2.5152087590626454E-4,1.2569746129019013E-4,2.007399115547115E-4,9.318613620398834E-4,1.3732193879341216E-4,0.012017270417212242,1.8864941010025496E-4,5.262332812783878E-4,2.0404432146741994E-4,0.0022343854739535086,1.1919602262986135E-4,5.806835850715146E-5,1.2055420628103122E-4,1.7404625094587253E-4,2.5865670696647924E-4,0.014134426390784124,0.021480787507793402,1.2314715719518787E-4,0.0012042113022330907,9.525585436044811E-4,2.8985767690024264E-4,0.0030033894280147703,1.882926025325394E-4],[0.0142005207780456,7.259030818671211E-4,0.016988679831216883,8.203742533185423E-4,0.0015158814705653592,0.001417166130991454,0.002967414572195956,0.012151473890333482,0.01162587929244983,5.022979462923474E-4,0.002119888733232813,0.001093810121048751,0.012745514729288988,0.0011806000680233382,4.3305927978392066E-5,0.0014238171386170397,5.097704815473508E-4,1.0,1.8745889880385778E-4,0.0028028352551787666,8.339629391634282E-4,0.001166527607991664,0.0014441643817067317,0.0020416182851828325,6.682704075012251E-4,0.0016650089737408845,0.0010960064716483506,5.799609274161489E-4,0.0012043548495391876,0.0014862857944396215,6.469249202537379E-4,0.016107194809403542,8.211359298908873E-4,0.001413459536657273,3.201374376915163E-4,0.0030430624956726913,0.0013935173133970684,3.334979522723854E-5,3.706531305150048E-4,7.714233713700893E-4,0.0014089807671420025,0.008447640044681638,0.018899557416723403,0.0011216859253859693,0.002008789894649212,0.001443445736598261,0.001835175950148166,0.0021006056088438124,9.677387174969613E-4],[0.009965668259796067,1.3797167339204346E-4,0.03967240126299762,8.086789795393194E-5,1.746805933709685E-4,1.671014241558627E-4,0.001200197170242924,0.0033844716569338077,0.010644695161894147,1.399335842104909E-4,0.003810490596033769,1.318762376367319E-4,0.02426311709841618,3.276927573928006E-4,1.260203815065313E-4,1.252452740663337E-4,1.7225448052550333E-4,1.8745889880385778E-4,1.0,0.003101021158756152,1.3820926754409328E-4,1.4527329188797545E-4,8.527902945419126E-4,2.3145528859649318E-4,1.6860677163919627E-4,0.0014557944900693656,1.9130292800943074E-4,1.3867138333291458E-4,1.4497140502713564E-4,0.0012109456368633214,1.4875961691012947E-4,0.017070186727244665,1.27222944923938E-4,3.1478584510373725E-4,1.61061685548419E-4,0.0023611328259280275,1.1124834882320488E-4,1.4616791975304074E-5,1.0292836365698128E-4,1.2241610567039632E-4,0.0011714721886125308,0.008989966562587801,0.0037825777332783695,1.230012190028766E-4,0.0010352912356950041,0.0012449544738783493,5.765553820054174E-4,0.0020470242580608445,1.4896218034844653E-4],[0.007379535925836039,0.001612391514503058,0.021862360270772287,0.004228491556501841,0.0038668486251475366,3.357608179461686E-4,0.004084989314724164,0.005909042126312642,0.007065151252240378,0.0011560305341640157,0.0045052325461364395,0.0013498046040633519,0.02429771253569737,0.002385319289811663,0.0035367034790356818,0.0023736884265645377,5.642462392665568E-4,0.0028028352551787666,0.003101021158756152,1.0,6.338408694470415E-4,0.0032236432285931704,0.003884758323897651,0.0025085780198548253,0.0032144953530354823,0.004092326555184979,0.003684808438464843,0.003232604468312867,0.00175747315918943,0.0029815821823464786,0.0029746137227198766,0.006767551017618691,0.0027153965996015955,0.003990230521475552,0.0017158243985800593,0.004145404439290724,0.0018498589101272795,0.003051682365669657,0.0022151673300826753,7.56611654046338E-4,0.0023769303335391245,0.007651217512204484,0.014256816857701464,0.0016064371989115837,0.004172105553519292,0.003342841381261631,0.0029469009741351403,0.00494120889512565,4.944056752298051E-4],[0.009554981399570475,1.2566632305152555E-4,0.03754469085242606,5.2644925093562124E-5,1.4234048853038915E-4,1.6021201445213682E-4,0.0020716469211784464,0.009621414482031958,0.004309835166646448,5.332433564511024E-5,1.6628729244985143E-4,1.1334571282974984E-4,0.019967889294145027,0.0010344218790784324,4.513904249809343E-5,4.434722943013815E-5,1.642964128960968E-4,8.339629391634282E-4,1.3820926754409328E-4,6.338408694470415E-4,1.0,1.2975448203124174E-4,0.0010021616418874049,0.0012743794663057863,1.6508268212897805E-4,1.9564355191552726E-4,2.521645785664333E-4,1.344012153088271E-4,1.382707697791255E-4,8.282415458649644E-4,1.2441931297173264E-4,0.009917033100330215,7.464334889133082E-5,1.3671600708307875E-4,1.9648079114051968E-4,0.004033464892561787,1.2331416240407794E-4,5.106794008867287E-5,9.089976187648583E-5,1.156771075786243E-4,3.7217887423156857E-4,0.00323286261023061,0.002235489530374313,1.3508199266575477E-4,0.0035280039062000907,8.396992217512732E-4,9.204157221433762E-4,0.0047057337064730555,1.4066894890265943E-4],[0.01024541487123721,1.082987910144048E-4,0.02774085347180955,3.516446848053003E-5,1.6374415640603893E-4,1.4238236320083516E-4,7.52677781291391E-4,0.013088966833701603,0.0027152316815539502,1.1806220169592474E-4,0.004359212797508246,6.3436591801991E-5,0.03249045364954643,0.0010833797956451585,1.2435673377681318E-4,6.175195132202273E-5,1.4647407882125064E-4,0.001166527607991664,1.4527329188797545E-4,0.0032236432285931704,1.2975448203124174E-4,1.0,9.791706871534534E-4,1.7701173811328694E-4,1.605233098801536E-4,2.007154205693822E-4,1.7736845924073774E-4,1.2540877629969678E-4,1.298311364288969E-4,5.690475412793519E-4,1.2381707372045977E-4,0.005385305516280161,6.310462840628993E-5,5.286606726716773E-4,1.3737731079537617E-4,0.0022751119510327398,1.2525984631455624E-4,9.810208218955395E-5,3.543010841349521E-5,1.2172358756977498E-4,0.0011447914060429586,0.01388677543891936,0.01506414795453555,1.2241913141495E-4,4.7222191311728105E-4,1.884321177562257E-4,8.808551369473115E-4,0.0033557538642892994,1.3758329830211536E-4],[0.004079437712533489,8.388129909338447E-4,0.009283478984347558,8.73596430492074E-4,0.0011055317432448332,7.512401996566722E-4,0.00290318047906734,0.0045690595836621675,0.007334684088403515,1.0014096359894914E-4,0.0045226824660193725,0.001232973852346139,0.012214669799731565,0.0012039144528746691,5.856192367306771E-4,7.797877932897327E-4,2.7469923469110574E-4,0.0014441643817067317,8.527902945419126E-4,0.003884758323897651,0.0010021616418874049,9.791706871534534E-4,1.0,0.0016887687195839773,2.2330555626093578E-4,0.0016421687325454918,0.0011099546496562917,6.545873984193764E-4,7.913102641927848E-4,0.0013439217290440518,2.855858621446421E-4,0.010794730906372863,5.656069550092291E-4,6.620555498083964E-4,6.011323003373991E-4,0.0036327198090666812,4.6514019317675905E-4,0.0012051077012424642,0.0010985874749786875,3.501125029064914E-4,0.0013427826754290482,0.012872702877434207,0.0053975295786301515,7.026428804989533E-4,0.0014737940732966642,0.0013032923456705997,0.001616428423960284,0.002666369959353542,0.0012094601197647093],[0.004286001663839335,0.0019384090336324914,0.03830783587443146,2.872323401972877E-4,0.001829332652643768,0.001340585593912573,0.002366067314754295,0.015843017447003553,0.005872822488361648,0.0012901082415026901,0.0030981050998981872,4.825346599486026E-4,0.008457967993496714,0.001612821311509482,6.546204777133696E-4,8.302735899942988E-4,0.0015891788789763636,0.0020416182851828325,2.3145528859649318E-4,0.0025085780198548253,0.0012743794663057863,1.7701173811328694E-4,0.0016887687195839773,1.0,0.0020970845758638682,0.00218537983442606,0.0010200616290053253,0.0012196516311318562,0.001530556475435964,0.001744383076940759,2.753429176873276E-4,0.015397906224668259,2.7736667707351935E-4,0.0021829704515548944,0.0014348375354608879,0.003320446107962304,4.192689890121379E-4,0.0018352378417901116,0.001248692396255348,5.385600035884941E-4,0.0018806159644114227,0.006710896498719388,0.013452444697307555,0.001723054178188868,0.0028658399974156603,0.001865389404392753,0.002157124899826037,0.0047081831986730115,0.001606590559496932],[0.0040119651180239935,1.4483399916595437E-4,0.014700955192276889,5.530567396348309E-5,1.757158532174058E-4,1.8890533036109501E-4,4.2942763471678447E-4,0.00989681941752125,7.60899288597879E-4,7.759331164974385E-5,0.0016203531690241288,6.426476641101872E-5,0.022219930805803364,9.548502143786062E-4,5.2542988533873844E-5,5.017919383111879E-5,2.0471785633233473E-4,6.682704075012251E-4,1.6860677163919627E-4,0.0032144953530354823,1.6508268212897805E-4,1.605233098801536E-4,2.2330555626093578E-4,0.0020970845758638682,1.0,0.0012365645373053167,2.603078732274961E-4,1.6891066374864983E-4,1.4652752700254886E-4,0.0012243345671462795,1.508440742871742E-4,0.0013813873614496785,4.634107834236739E-5,4.945356133301051E-4,1.9456292103579585E-4,0.0019107161596020755,1.5939398064739244E-4,1.5989120722313286E-4,1.7066665853126135E-4,1.2548991144082508E-4,7.304488933272372E-4,0.011756101618582161,0.01802705485692305,1.2748170220513457E-4,0.0022154161121487057,0.0011147201377652459,0.0011783751745933209,0.0016353202068000435,1.6688802289630713E-4],[0.00471421726282333,3.0328692723810785E-4,0.009583793587961709,9.170281948616563E-4,6.154211140059486E-4,9.734111055937542E-4,0.002441194038167195,0.013096205623545258,0.005229990466990578,0.0013273602338832716,0.0019445805968771868,0.0017515599757351858,0.010074696448009896,0.0016305932907677396,0.0014502305334595793,5.057784853071514E-4,3.418399990500698E-4,0.0016650089737408845,0.0014557944900693656,0.004092326555184979,1.9564355191552726E-4,2.007154205693822E-4,0.0016421687325454918,0.00218537983442606,0.0012365645373053167,1.0,4.1103400604199623E-4,0.001707310579122401,2.5629987125445127E-4,0.0017968602749316998,3.4409349789274544E-4,0.018907139455751083,0.0016389183236493062,0.0013882596026780036,0.001512347096533747,0.0033252682586647894,3.6975597766051313E-4,0.001072195092595308,5.937847026960126E-4,0.0016802693693123377,0.0017846969648088245,0.002228353140984258,0.020211192846909278,6.225590740569772E-4,0.0026161945992198964,0.0014230006324136367,0.0021460737698951395,0.0027249524593669647,0.0013703713621740225],[0.004558189914428028,2.8040370456183783E-4,0.008113447457257622,2.6478382670525264E-4,1.922925041099566E-4,2.2510433684421293E-4,0.00288931153154905,0.002884072328077896,0.007881734623836947,2.592467541638645E-4,0.0035888516040640155,1.1709644203568054E-4,0.021950164040099553,3.9576460044314784E-4,2.0799831775582364E-4,2.7177793310690295E-4,2.5152087590626454E-4,0.0010960064716483506,1.9130292800943074E-4,0.003684808438464843,2.521645785664333E-4,1.7736845924073774E-4,0.0011099546496562917,0.0010200616290053253,2.603078732274961E-4,4.1103400604199623E-4,1.0,2.360938421340554E-4,1.7083832136914167E-4,9.171005510471641E-4,2.563114443868348E-4,0.016035296898113803,4.448818266841788E-5,3.171962415902604E-4,2.925609213615886E-4,8.239877266794023E-4,1.414283424507681E-4,2.3645861513902578E-4,3.7596925447771825E-5,1.2589008672520327E-4,9.935050545320857E-4,0.009992937197234467,0.0025075520978355996,2.64775601918165E-4,0.0029909587094688796,6.806806865476283E-4,5.404622290252619E-4,0.002294181516465903,2.4727592536948404E-4],[0.014659824308506193,1.1372026710282932E-4,0.033516976736379475,9.508990053969408E-5,1.3955725606107163E-4,1.9113949600227539E-4,0.0030606246111483317,0.011024979468003156,0.0061410617054022485,6.490834081594702E-5,0.0019220113808284232,9.103946246301567E-5,0.02017081496063514,7.305890191685189E-4,1.0191498482146346E-4,5.015691847843813E-5,1.2569746129019013E-4,5.799609274161489E-4,1.3867138333291458E-4,0.003232604468312867,1.344012153088271E-4,1.2540877629969678E-4,6.545873984193764E-4,0.0012196516311318562,1.6891066374864983E-4,0.001707310579122401,2.360938421340554E-4,1.0,1.3407367061240278E-4,8.521780898162428E-4,1.1986903716490124E-4,0.006894447157892616,1.1214009287796464E-4,4.35377475656235E-4,1.6105102721063655E-4,2.5003313824315166E-4,1.0918040212944711E-4,3.0213910096828042E-5,8.179695948535998E-5,1.2092686464202108E-4,7.630686559847415E-4,0.014891612997892857,0.016556390052614525,1.2198931331426005E-4,0.0014153195831611515,0.0012647440863360082,0.0020378396019839094,0.004000667364448443,1.337645246408447E-4],[0.011670503775641744,1.216520220625365E-4,0.0058390743804375995,1.3215026446070297E-4,1.526921009041357E-4,1.7155837945777647E-4,0.0015908088921329831,0.013558903475831673,0.009168949579351509,5.034022607689821E-5,0.002415543007161956,1.1846950778046631E-4,0.01393543533478554,2.1765047202590703E-4,8.526370904113105E-5,5.0231426654817305E-5,2.007399115547115E-4,0.0012043548495391876,1.4497140502713564E-4,0.00175747315918943,1.382707697791255E-4,1.298311364288969E-4,7.913102641927848E-4,0.001530556475435964,1.4652752700254886E-4,2.5629987125445127E-4,1.7083832136914167E-4,1.3407367061240278E-4,1.0,8.277779269060775E-4,1.3728109817280507E-4,0.02194016783572763,9.243112988631406E-5,3.02879329167481E-4,1.5693158033387234E-4,0.0031470198797916024,1.3114555115339565E-4,4.1899687306748834E-5,3.536833698661288E-5,1.2739480621489125E-4,9.625721274065113E-4,0.0023287704932493892,0.0037968467422643264,1.3368910556270754E-4,0.0021870930290945915,2.9304172975432E-4,0.0018009605272540981,2.5445463969180494E-4,1.4635099203276882E-4],[0.005475064420692834,0.0010670781860994758,0.02590371263574936,5.831542586541578E-4,9.321990908733874E-4,3.834838079853607E-4,0.002915810747839688,0.004921803174486359,0.00239235077583824,3.7252044292974746E-5,0.002473935177377918,0.0011078861023448203,0.018193473004818227,0.0011673290450233947,0.0013099075149363522,6.039920713318444E-4,9.318613620398834E-4,0.0014862857944396215,0.0012109456368633214,0.0029815821823464786,8.282415458649644E-4,5.690475412793519E-4,0.0013439217290440518,0.001744383076940759,0.0012243345671462795,0.0017968602749316998,9.171005510471641E-4,8.521780898162428E-4,8.277779269060775E-4,1.0,4.678157898442589E-4,0.0028545062840806996,4.5029426238733246E-4,0.0010965818937300634,0.0011173660842840947,0.003784195772991483,2.093781706453643E-4,0.0010839279789730636,6.466725249508319E-4,7.417894142691283E-4,0.0013793364191084013,0.009193326714192153,0.012720044764572211,7.635877137502382E-4,0.0016459384359463183,0.0012826681268542726,0.002017948312704997,0.005366867662605882,0.0010107284211903153],[0.007393381489728336,1.0136518301064603E-4,0.020303731818054966,9.917109664367996E-5,1.4646949269621532E-4,1.0967297831796936E-4,0.0014287890732599022,0.011071800672075654,0.0030239888214810087,9.192126486076178E-5,0.0026604168942241883,9.304367559687698E-5,0.021308876763350162,2.3748987203385454E-4,4.805696357270434E-5,2.3440289699656035E-5,1.3732193879341216E-4,6.469249202537379E-4,1.4875961691012947E-4,0.0029746137227198766,1.2441931297173264E-4,1.2381707372045977E-4,2.855858621446421E-4,2.753429176873276E-4,1.508440742871742E-4,3.4409349789274544E-4,2.563114443868348E-4,1.1986903716490124E-4,1.3728109817280507E-4,4.678157898442589E-4,1.0,0.01022628841033308,9.542232063935962E-5,5.518886358308225E-4,1.8455818258051665E-4,0.0020965257945725047,1.0617520383007206E-4,3.965647056093543E-5,2.6875422748096643E-5,1.1472175696416666E-4,3.9530061448589106E-4,0.014771913399672964,0.020855412556204954,1.191505420829862E-4,0.0029141279386707872,0.0010500426775528517,0.0016944722579005634,0.0031350913946139028,1.2764372330672082E-4],[0.01641577493371033,0.007952019572735681,0.038552227648582085,0.01540464369668649,0.014594832948839368,0.00872000096956614,0.012003800236864327,0.017380531036335977,0.016891351762799444,0.013239840060541271,0.008888604802415424,0.017941567493958904,0.023332312200730787,0.0032256925588892878,0.003363070750302841,0.004722801033796639,0.012017270417212242,0.016107194809403542,0.017070186727244665,0.006767551017618691,0.009917033100330215,0.005385305516280161,0.010794730906372863,0.015397906224668259,0.0013813873614496785,0.018907139455751083,0.016035296898113803,0.006894447157892616,0.02194016783572763,0.0028545062840806996,0.01022628841033308,1.0,0.003093254189205039,0.014544420923268252,0.01514262830303599,0.005920999385516359,0.016670005019231576,0.0058418047230513965,0.013203442686054797,0.020737775767712883,0.021118429048410995,0.020079872135353755,0.021788288522297285,0.011435841803374014,0.005246647750234533,0.0025300403318230767,0.014446800528672518,0.020531684546360816,0.0013474531076337764],[0.013117761261230317,2.0876818814165042E-5,0.025025863603349324,2.3035440748373598E-5,1.997078021102791E-5,5.3424606112092356E-5,0.0014497618174616096,0.0023216287464100384,0.009816002463526374,2.418304907445715E-5,0.0032316194188006767,2.340355502695853E-5,0.018381095101544728,4.1030930793820155E-4,1.6797942096895625E-5,1.736974991294878E-5,1.8864941010025496E-4,8.211359298908873E-4,1.27222944923938E-4,0.0027153965996015955,7.464334889133082E-5,6.310462840628993E-5,5.656069550092291E-4,2.7736667707351935E-4,4.634107834236739E-5,0.0016389183236493062,4.448818266841788E-5,1.1214009287796464E-4,9.243112988631406E-5,4.5029426238733246E-4,9.542232063935962E-5,0.003093254189205039,1.0,1.335110731537501E-4,1.239604276898431E-4,1.0767591767538852E-4,2.6695957415476358E-5,1.6330102184490132E-5,1.6179492363171534E-5,1.0010741964331361E-4,8.599915267869326E-4,0.009423077418620472,0.012871655419225848,8.929844959055212E-5,0.003933180378230216,6.758465187284563E-4,6.180862630362816E-5,0.0036970720326764345,6.664345150851491E-5],[0.014338356519893484,2.7696611258767173E-4,0.0067852043780592015,3.353360589899271E-5,4.067467499704405E-4,2.3092911888184076E-4,0.0016616658221447651,0.0032462057336014923,0.009974463415882727,5.459457097602744E-4,0.002662393691155179,3.4894419008760046E-4,0.0033427027470113078,8.65465161986501E-4,1.4332567207135416E-4,5.045901642366561E-4,5.262332812783878E-4,0.001413459536657273,3.1478584510373725E-4,0.003990230521475552,1.3671600708307875E-4,5.286606726716773E-4,6.620555498083964E-4,0.0021829704515548944,4.945356133301051E-4,0.0013882596026780036,3.171962415902604E-4,4.35377475656235E-4,3.02879329167481E-4,0.0010965818937300634,5.518886358308225E-4,0.014544420923268252,1.335110731537501E-4,1.0,2.878078596139851E-4,0.0026965617952243236,4.686267942361291E-4,4.1587819642216066E-4,3.991719216189472E-4,4.8224298200848193E-4,6.406539319720043E-4,0.013765755312545423,0.020334282278116643,2.3368184748125966E-4,0.002031880482099197,8.397628056717251E-4,0.0015933868145539655,0.002045780376491992,2.371211463032522E-4],[0.0036990980751590275,1.589640029993495E-4,0.014902899407845976,1.5021875816606306E-4,2.0082953061203285E-4,1.966837571442844E-4,0.0025776231248128703,0.0011685549710654757,0.009183844320796667,8.107014359683041E-5,0.00316746223241976,6.989720675796125E-5,0.002769541903461734,0.0010310706659230164,1.9228036028172264E-4,6.512483776918754E-5,2.0404432146741994E-4,3.201374376915163E-4,1.61061685548419E-4,0.0017158243985800593,1.9648079114051968E-4,1.3737731079537617E-4,6.011323003373991E-4,0.0014348375354608879,1.9456292103579585E-4,0.001512347096533747,2.925609213615886E-4,1.6105102721063655E-4,1.5693158033387234E-4,0.0011173660842840947,1.8455818258051665E-4,0.01514262830303599,1.239604276898431E-4,2.878078596139851E-4,1.0,8.281590732532561E-4,1.1812676253829547E-4,2.14880154914771E-5,1.1128677336388242E-4,1.8843833272239502E-4,4.155934365807137E-4,0.0061168340663891214,0.0032002234006151147,1.483194223766435E-4,0.0038288776949468124,9.01910555630005E-4,7.826295674961253E-4,0.004232532174871359,1.499266955044341E-4],[0.009325467279363422,1.2265980276964528E-4,0.023159114405011602,0.002536627000108905,0.0022772692260004815,0.003424257570723218,0.003594022749434129,0.014037046641072358,0.011391256183987364,0.0036288603700378287,0.004229086967493118,9.161512904104183E-4,0.013668443649702607,0.004078628322917858,0.0020551171908545,0.0010802569208330948,0.0022343854739535086,0.0030430624956726913,0.0023611328259280275,0.004145404439290724,0.004033464892561787,0.0022751119510327398,0.0036327198090666812,0.003320446107962304,0.0019107161596020755,0.0033252682586647894,8.239877266794023E-4,2.5003313824315166E-4,0.0031470198797916024,0.003784195772991483,0.0020965257945725047,0.005920999385516359,1.0767591767538852E-4,0.0026965617952243236,8.281590732532561E-4,1.0,0.002806642789189419,0.0019423768511274678,0.0016509741964364562,0.0018462970711459054,0.0020724589260763867,0.006136860598362688,0.00615094999576638,0.002572423169987287,0.004050346471879385,0.00394490992291459,0.004006875677299466,0.005062587292040488,0.0030632953446578333],[0.0034801033603771387,1.0459365045633444E-4,0.03624949651029592,8.507333586486712E-5,1.1637455731523311E-4,1.0980498840667684E-4,8.195822060176779E-4,2.3382789570396045E-4,0.005166375162888304,7.18069841341054E-5,0.0030110461739965696,8.800605533026656E-5,0.002495331179210303,2.1587033520251603E-4,6.701812036140053E-5,4.874032097915314E-5,1.1919602262986135E-4,0.0013935173133970684,1.1124834882320488E-4,0.0018498589101272795,1.2331416240407794E-4,1.2525984631455624E-4,4.6514019317675905E-4,4.192689890121379E-4,1.5939398064739244E-4,3.6975597766051313E-4,1.414283424507681E-4,1.0918040212944711E-4,1.3114555115339565E-4,2.093781706453643E-4,1.0617520383007206E-4,0.016670005019231576,2.6695957415476358E-5,4.686267942361291E-4,1.1812676253829547E-4,0.002806642789189419,1.0,8.900293541762213E-5,3.323131744267263E-5,1.0960188856160629E-4,7.756279408788744E-4,3.3810858973849436E-4,0.011988542323739276,1.1368188451339429E-4,0.0028581907225713587,8.423632649512355E-4,0.0020517439323980164,0.0022867931507640792,1.224367581276305E-4],[0.0071084303632279605,4.333693462294121E-5,0.026461894075415476,2.0961238423752947E-5,1.4494185566843122E-5,2.4725944412133246E-5,3.8434347669247525E-4,5.691545973733207E-4,0.012241110825821917,3.191664187811405E-5,7.254574850836015E-4,4.9956605085422686E-5,0.03194605224229837,7.388686733881927E-4,1.2958674661621112E-5,1.7344432736038845E-5,5.806835850715146E-5,3.334979522723854E-5,1.4616791975304074E-5,0.003051682365669657,5.106794008867287E-5,9.810208218955395E-5,0.0012051077012424642,0.0018352378417901116,1.5989120722313286E-4,0.001072195092595308,2.3645861513902578E-4,3.0213910096828042E-5,4.1899687306748834E-5,0.0010839279789730636,3.965647056093543E-5,0.0058418047230513965,1.6330102184490132E-5,4.1587819642216066E-4,2.14880154914771E-5,0.0019423768511274678,8.900293541762213E-5,1.0,1.5131985478957944E-5,4.472381876634187E-5,3.525350693812733E-4,0.008646343876801662,0.01831247616521692,4.6390976093801057E-5,0.002713993071327037,2.1434611470447083E-4,1.3832161385965119E-4,0.002074678522572737,1.4919350539059751E-5],[0.0032117287913574727,5.210970479244347E-5,0.002085048090509571,1.9089774638042604E-5,2.8907380967465195E-5,1.6048165093779623E-4,0.0015786946630756183,0.016144668542394654,0.001438272651525471,2.4795323450106883E-5,5.780188241006864E-4,2.0597291140637443E-5,0.03238489990749951,2.0327759661487526E-4,1.6007566750057557E-5,1.645595365121664E-5,1.2055420628103122E-4,3.706531305150048E-4,1.0292836365698128E-4,0.0022151673300826753,9.089976187648583E-5,3.543010841349521E-5,0.0010985874749786875,0.001248692396255348,1.7066665853126135E-4,5.937847026960126E-4,3.7596925447771825E-5,8.179695948535998E-5,3.536833698661288E-5,6.466725249508319E-4,2.6875422748096643E-5,0.013203442686054797,1.6179492363171534E-5,3.991719216189472E-4,1.1128677336388242E-4,0.0016509741964364562,3.323131744267263E-5,1.5131985478957944E-5,1.0,7.231478397034216E-5,0.0010718899066850674,0.007673986767397847,0.0027431