[[1.0,0.0032831721918307193,0.042371750624784876,0.0117745471039243,0.012451608141760509,0.0025019839563336964,0.003689943948780459,0.001898232798496908,0.017095700321159493,0.012483679379788904,0.002232389502310809,0.011339608340805264,0.009091922869016531,0.002792590372051224,0.005311772730891198,0.0063758287507721285,0.00693129515036145,0.01125381530060524,0.011542907335501026,0.0109052423043566,0.005970696067567144,0.018080566049764372,0.0022456969352016984,0.003039052974986482,0.0015070209516443924,0.005628922574887259,0.002664622744409604,0.011157054448624009,0.0037508247363366447,0.006527466742584782,0.00940059615661908,0.00326019437128255,0.00997028545680718,0.01592356433632213,0.02079928224316263,0.0017444488014079162,0.006016645478613781,0.007942238563677163,0.016446839642254466,0.011723585071739491,3.3958129242373804E-4,0.006330088531051042,0.011670928203408619,0.011395364891482955,0.005358004102817147,0.0019862181553645325,0.00468026287194427,0.008781624602795017,0.01091590868654681],[0.0032831721918307193,1.0,0.022062996057286514,2.9097130629146286E-5,0.008762664451230674,8.452317683171267E-5,6.0168901600930034E-5,1.4161890899748891E-5,0.009917075765173868,0.011664186194692961,1.432887219320568E-5,7.412099834982584E-5,4.7740221368927074E-4,2.066445000835849E-5,3.6157985691716125E-4,2.3786806692328234E-4,0.0017208034512971367,1.0411470356183806E-4,1.9987572959131745E-4,2.5248859957006605E-4,8.836132112299287E-4,0.005477163291830236,7.048671130543366E-5,3.5764971123988765E-5,6.906659046642433E-4,1.090956741984836E-4,7.90533039235257E-4,1.5077922168579952E-4,2.0732356645244437E-4,2.888556937270396E-5,1.2643990880013421E-4,2.1391756135673116E-4,1.4929128327143104E-5,0.006950861845018381,0.0017465235470127674,8.215605208181586E-4,0.0030591237169171615,1.3975866648313012E-5,0.006242832405233001,0.0011770377097212556,6.381027961596287E-5,9.333853872591539E-5,1.8015489012886075E-5,1.2899284710467685E-5,7.646962155001296E-4,2.3547734700437627E-5,4.6223883324695745E-5,8.734924683824877E-5,5.129462331969938E-5],[0.042371750624784876,0.022062996057286514,1.0,0.001189888350829388,0.034629881280755406,0.04674004363198211,0.014709399025236419,0.03239929069206389,0.035288419356051606,0.013710798980934037,0.04597037326213047,0.029496717822006913,0.03792933852216508,0.004304817603859217,0.026655737354349184,0.04143056812821111,0.04337486224918138,0.0014585706613455638,0.01069851331477888,0.010465278441370416,0.011167087576703703,0.04399498407833938,0.022176037188623668,0.015535126972185221,0.008622584384938167,0.011951415594797659,0.031008393431092737,0.007201606248075651,0.03857889225256254,0.036367190826547026,0.042396181226427916,0.030099482953503464,0.013970452674540373,0.0413045015457897,0.03661423339313709,0.0048780285553797625,0.01365102174081373,0.04197487134276307,0.041074536987795,0.02647153241690779,0.016193799803604574,0.017114892343030357,0.005235126081122739,0.008305719811415088,0.010027933944677483,0.045592495613569865,0.0019653765218947197,0.03272508624842799,0.02643963301446908],[0.0117745471039243,2.9097130629146286E-5,0.001189888350829388,1.0,1.1308597653966792E-4,1.077940260733137E-4,1.0313418073091311E-4,3.9188154293699634E-5,0.011962160203804756,0.006247011181621196,1.0084651856051072E-4,1.1410340843949573E-4,4.0029452987526014E-4,9.597212389731788E-5,3.8675279848990053E-4,0.0014731691922557067,0.0018021146229639583,1.0425340599470408E-4,1.8069036803722218E-4,2.2716292972890307E-4,9.804529096780438E-4,0.006816414299746268,1.054128736659798E-4,6.24676947391453E-5,3.413684702777148E-4,1.0762107436540982E-4,3.496773293136256E-4,2.90072106920651E-4,1.1140108097871021E-4,1.0522979719827486E-4,8.428201864422702E-4,8.096852373469844E-4,7.415174532063944E-5,0.003954072637624647,0.0021184989232348457,6.947352885828292E-4,0.0017586426803682803,8.73914239166967E-5,0.006295841358953503,4.3379977412315003E-4,1.0608437395662402E-4,1.0625680458131406E-4,2.3840550900458046E-5,4.914977548026782E-5,2.3621292071034216E-4,3.07347508950831E-5,6.299981726093548E-5,1.064434634377217E-4,1.0135628201440034E-4],[0.012451608141760509,0.008762664451230674,0.034629881280755406,1.1308597653966792E-4,1.0,0.013646532726483796,0.004610004012155809,0.004404403881518949,0.016091439264571503,0.013939819585402812,0.0038962083457497005,0.008897353024595137,0.01025855100768918,0.013440529827841637,0.0034274787534646018,0.012644130285022875,0.01394834565440573,0.0018421469834534441,0.0032480006149115327,0.011990990665908492,0.014262367296470081,0.020121280664124577,0.01426790363525668,0.011110401690666254,0.011668505361834274,2.3476435569845476E-4,0.01017249303524136,0.008534242311176374,5.118666604537497E-4,0.013683973317305026,0.012763942784308643,0.009584629714008735,0.008220632226335945,0.017435225922314612,0.02006411760907035,0.0024032413761375816,0.012153205030707286,0.0066183180473476195,0.016292308344622627,0.009143704075278385,0.012492125725843871,0.013393303972987932,0.013480732759135649,0.0032207598885086557,0.0036331815137425052,0.002260313805724615,0.009520083215785138,0.013858173896361781,0.009962332204251755],[0.0025019839563336964,8.452317683171267E-5,0.04674004363198211,1.077940260733137E-4,0.013646532726483796,1.0,1.1592791671426364E-4,6.943158766408458E-5,0.013181667972319936,0.006010184779276637,6.715423911085753E-5,1.22397744219983E-4,8.852230939178015E-4,8.635163334247634E-5,2.8992713501184593E-4,0.0023818643484237057,6.07942029651474E-4,1.2193533880952559E-4,1.5592103057156026E-4,2.2916114862668596E-4,4.3017922667292386E-4,0.025981019631996203,1.2199959798258574E-4,9.214291560709287E-5,5.905600788349347E-4,1.2449715796527825E-4,5.507949331398397E-4,3.3976405098104295E-4,3.437107002528944E-4,1.1958600314192684E-4,7.148939862438563E-4,1.9573902632984006E-4,2.116168380097384E-5,0.010827043317983868,0.010408929025711654,0.0011941173889982732,0.0016231608450641398,9.21748417063298E-5,0.003886069314347929,0.0017878284476778214,1.5461532654662336E-4,1.347180047107243E-4,1.121081048748066E-4,9.321419849936523E-5,4.42126005378133E-4,5.425357976078938E-5,1.1759912739218301E-4,1.1451392112943163E-4,8.571488416951813E-5],[0.003689943948780459,6.0168901600930034E-5,0.014709399025236419,1.0313418073091311E-4,0.004610004012155809,1.1592791671426364E-4,1.0,1.6346666362558546E-5,0.011172594394728199,0.00998178128879977,8.378830447177211E-5,1.167549168724287E-4,7.499193879126897E-4,4.6429955512290146E-5,3.7946289549725486E-4,8.309970081922188E-4,0.0012210538921193683,1.064823152825318E-4,1.11743827918279E-4,2.175258547072583E-4,1.8503659453846931E-4,0.03243043682743678,1.0536806546875604E-4,6.70685770103082E-5,5.645356981832351E-4,1.1541477906772012E-4,7.285859176573816E-4,1.6937569438130775E-4,3.526393651498919E-4,1.0253551681726163E-4,6.122279905469398E-4,9.682110025859262E-4,7.738094617092914E-5,0.007509739570330371,0.022225373707320775,0.0013465202409651497,0.003935071194805551,4.279209105593312E-5,0.0027877910069716056,0.0015005684283222421,1.7848459409522237E-4,1.101229443303341E-4,9.499963491998347E-5,8.760336828633129E-5,8.169359430846408E-4,2.754277156887904E-5,7.653806936680046E-5,1.0461816024843208E-4,8.030668400771317E-5],[0.001898232798496908,1.4161890899748891E-5,0.03239929069206389,3.9188154293699634E-5,0.004404403881518949,6.943158766408458E-5,1.6346666362558546E-5,1.0,0.01224502866750467,9.162289235058082E-4,1.3803324460166508E-5,2.7426521921907634E-5,5.550638407504509E-4,1.9246454387591923E-5,2.7608722291187386E-4,7.903447297395177E-4,0.0011611941205945998,1.1092794878019372E-4,2.0101497095271624E-4,5.0260446962621174E-5,8.69262755983922E-4,0.03201555111254713,4.5758692141964204E-5,2.9358815695174006E-5,3.696032143589044E-4,2.404946613157546E-5,3.453007334718875E-4,2.5416813283047138E-5,8.251518534663509E-5,1.0492231998135062E-4,5.031456912089302E-4,0.0010107552509125946,1.6614372127088445E-5,0.01657406557533121,0.02410893761009352,0.0012714467671788026,1.2530114558436826E-4,1.3037306794688841E-5,0.013351344882698915,9.483478489622413E-4,4.060878567716913E-5,2.6759985547471763E-5,1.3888846041909023E-5,1.2809199720894578E-5,4.683177057032759E-4,1.5292763840231736E-5,5.259357949745307E-5,7.134731500327331E-5,4.463699326264471E-5],[0.017095700321159493,0.009917075765173868,0.035288419356051606,0.011962160203804756,0.016091439264571503,0.013181667972319936,0.011172594394728199,0.01224502866750467,1.0,0.01748751126179907,0.009598420465293007,0.002188680137855626,0.014433289622951564,0.0051539670370229365,0.008043125840588469,0.01335788243082404,0.010566754455810262,0.009353139367657155,0.016264188784692907,4.871907523247462E-4,0.006394415307428861,0.025916670575577807,0.007893292061877555,0.008330629699956751,0.01693277862338399,0.0015471483299327761,0.007542098155593032,0.01835287855824277,0.012336977229485364,0.014648831555681889,0.004799869147172642,0.01380485475154672,0.008974559081740748,0.018518518518518517,0.023937147289208198,0.015863518588514813,0.006263751375103305,0.004543785641472047,0.018529254264331625,0.016626061644553096,0.0036649261080959196,0.011633832462445579,0.010842833499440626,0.017378458713622796,0.01823299789706407,0.001984929042065844,0.0034002128289419373,0.00642284914415112,0.017050627045093806],[0.012483679379788904,0.011664186194692961,0.013710798980934037,0.006247011181621196,0.013939819585402812,0.006010184779276637,0.00998178128879977,9.162289235058082E-4,0.01748751126179907,1.0,0.003801789088463209,0.01208271214835241,0.0014204376383362572,0.005885866169237194,0.006827888118734156,0.009265806060068705,0.005446801383897079,0.011364968882307229,0.011492559462211123,0.012431611186491217,0.005943386886375015,0.023346267644663146,0.001241691246709939,0.0019835989107992486,0.008103282929006339,0.010544624002292767,0.0114184895682541,0.013083039065180374,0.006576314181619119,0.0046258933288892195,0.007925900355403486,0.003777708241042529,0.008924611017025826,0.01711335972660426,0.022952492147542858,0.010418447359446902,0.005758832801984808,0.010217590599733695,0.015003830489387013,0.003969959178780139,0.007015935547490177,0.004979477839999031,0.0075194044674302815,0.0027104018070761454,0.01085154208361197,0.0017263345260639601,0.010508403042731087,0.0031367599933352142,0.008951632570011823],[0.002232389502310809,1.432887219320568E-5,0.04597037326213047,1.0084651856051072E-4,0.0038962083457497005,6.715423911085753E-5,8.378830447177211E-5,1.3803324460166508E-5,0.009598420465293007,0.003801789088463209,1.0,3.7652165098791556E-5,1.8119411772226488E-4,1.5746532359715523E-5,3.7312630928419926E-4,3.8194042254789483E-4,0.0010631065722423317,9.576192316100679E-5,1.3859918272493405E-4,1.749687017984374E-4,0.0010365702135657446,0.031133915179008206,3.5407689925270555E-5,4.9879200822108395E-5,6.179622187461904E-4,1.0585228540338624E-4,5.668597584560023E-4,3.980505646115833E-4,2.7124363008567684E-4,5.3317037831825574E-5,0.0010581514712520244,3.4016958816722074E-4,1.5164558722517653E-5,0.012994910009324243,0.020007774210081347,0.001063520117868916,6.874564673185409E-5,1.4250637164664401E-5,0.016965971557218674,7.130081872259471E-5,1.1760348460975274E-4,7.741834967621731E-5,1.62088160584233E-5,1.3779468105024557E-5,7.526795491783323E-4,1.527942396125663E-5,2.4504751053162365E-5,8.366556204193733E-5,4.073055206119914E-5],[0.011339608340805264,7.412099834982584E-5,0.029496717822006913,1.1410340843949573E-4,0.008897353024595137,1.22397744219983E-4,1.167549168724287E-4,2.7426521921907634E-5,0.002188680137855626,0.01208271214835241,3.7652165098791556E-5,1.0,7.915746660687377E-4,2.4866566506127777E-5,3.2682225641047374E-4,1.4344618266624133E-4,0.0027587076097411382,1.1911636730267249E-4,2.0385591814088262E-4,2.3005150119100818E-4,8.894779893567177E-4,0.034563511542123,1.1692710482049362E-4,1.2158249842866522E-4,6.767616485563495E-4,1.2574966607254272E-4,7.117173374759244E-4,3.856023400959263E-4,2.0798806234706145E-4,1.1296602877723915E-4,5.352187077548876E-4,7.254549773932011E-4,6.15413012602119E-5,0.006673000272081994,0.011980067843822216,5.667231335894439E-4,0.004198453138940841,3.9501902393534144E-5,0.01603276177530515,3.096687554196309E-4,2.029250484915001E-4,1.3355044567177565E-4,1.0231744561993772E-4,5.2808960772777634E-5,2.1459058335941873E-4,8.529444609292379E-5,1.0424559614996903E-4,1.1798126278884715E-4,1.0910802134972398E-4],[0.009091922869016531,4.7740221368927074E-4,0.03792933852216508,4.0029452987526014E-4,0.01025855100768918,8.852230939178015E-4,7.499193879126897E-4,5.550638407504509E-4,0.014433289622951564,0.0014204376383362572,1.8119411772226488E-4,7.915746660687377E-4,1.0,7.237968843035853E-4,5.376714072612081E-4,0.001939938174663371,0.0011388614107702864,0.0010735613146376141,5.460470876550603E-4,9.417597798941088E-4,0.002188397474925215,0.0012083101682850055,7.758914261672968E-4,9.827261743399966E-4,9.629629851159405E-4,7.713307234675425E-4,9.49884548785119E-4,9.984913997332675E-4,5.904113251962769E-4,8.300692520082621E-4,0.00120472028188421,0.0010807632772471504,8.115765970246229E-4,0.007225636969985838,0.015681839645469327,0.001458109966955417,0.0024396865925894835,0.0010742413940054724,0.017389900069445418,0.002044766056761038,2.734669896688282E-4,8.275589367828525E-4,2.852085978884996E-4,0.0010242029261099904,0.0010729282339735505,1.0854707774772678E-4,8.262804344576541E-4,9.769274984167157E-4,7.795589191003765E-4],[0.002792590372051224,2.066445000835849E-5,0.004304817603859217,9.597212389731788E-5,0.013440529827841637,8.635163334247634E-5,4.6429955512290146E-5,1.9246454387591923E-5,0.0051539670370229365,0.005885866169237194,1.5746532359715523E-5,2.4866566506127777E-5,7.237968843035853E-4,1.0,4.128233715149254E-4,0.0025652248179362557,7.192783048123136E-4,4.3484448701244514E-5,1.8114806656457087E-4,1.5215716247701924E-4,0.0018934102750962668,0.038289930475035594,6.939443840454402E-5,3.941744236253077E-5,7.210636295970852E-4,9.987469056761322E-5,2.936072031829735E-4,3.7769539608511506E-4,3.5439288874018575E-4,9.877027541661346E-5,4.16110435148521E-4,6.788192554730858E-4,2.145353380405845E-5,0.01199271611054608,0.016511218109152688,0.0011552549746063417,0.0021317069708191357,1.4268080908890927E-5,0.015234093797492746,2.0572421133992235E-4,1.6527887860456864E-4,7.26698833094065E-5,2.1175224607788636E-5,1.6117296907320288E-5,7.686486900156078E-4,2.534768520900908E-5,5.3645142830521735E-5,1.0516911794348626E-4,4.2403101656850066E-5],[0.005311772730891198,3.6157985691716125E-4,0.026655737354349184,3.8675279848990053E-4,0.0034274787534646018,2.8992713501184593E-4,3.7946289549725486E-4,2.7608722291187386E-4,0.008043125840588469,0.006827888118734156,3.7312630928419926E-4,3.2682225641047374E-4,5.376714072612081E-4,4.128233715149254E-4,1.0,0.0017213032364985063,6.047656738554218E-4,1.7112378472965072E-4,2.690243932582431E-4,4.2667820088577416E-4,0.001475514541606089,0.009454056285200095,2.6823863992312205E-4,2.6237756990916977E-4,6.055114452184782E-4,2.863518724125342E-4,7.780177218790381E-4,4.231471783165714E-4,3.993643735610716E-4,4.38230845917513E-4,4.8101092899874304E-4,7.922774720222488E-4,2.668586268314379E-4,0.012446204538333066,0.0015682456899729481,0.0014719147956929557,0.002826933934045172,2.730064064421949E-4,0.0020537865921388338,5.836116082189814E-4,3.4177166487125564E-4,3.2183815292867555E-4,2.159165644122762E-5,3.596066155620304E-4,8.201736040097051E-4,1.6286182753223697E-4,9.186320331855286E-5,3.7712961011928065E-4,2.1279362854496775E-4],[0.0063758287507721285,2.3786806692328234E-4,0.04143056812821111,0.0014731691922557067,0.012644130285022875,0.0023818643484237057,8.309970081922188E-4,7.903447297395177E-4,0.01335788243082404,0.009265806060068705,3.8194042254789483E-4,1.4344618266624133E-4,0.001939938174663371,0.0025652248179362557,0.0017213032364985063,1.0,0.0029053055560575632,0.0014555004286136597,7.485294928728532E-4,0.0012080692632268472,0.002317278715546941,0.0033871546047647342,0.0013193200365985945,0.002049315917728282,9.513015491168593E-4,0.0013926184241981002,0.0010320033250190493,7.599585086093853E-4,0.0014758115337070417,3.2099974684451856E-4,0.001993494673498575,0.002223477139252197,0.0018853733420027931,0.011432062362669346,0.021569301907113387,0.002725082957400443,0.0037679780705098926,7.932349580739667E-4,0.015460166735694813,0.00269079430902069,0.002713223703170626,0.0016671765033288185,3.460449148875141E-4,0.0013833889629826456,0.002719310387768508,6.751225309962707E-4,0.001236860671763292,7.740742174147669E-4,0.0014918791972077855],[0.00693129515036145,0.0017208034512971367,0.04337486224918138,0.0018021146229639583,0.01394834565440573,6.07942029651474E-4,0.0012210538921193683,0.0011611941205945998,0.010566754455810262,0.005446801383897079,0.0010631065722423317,0.0027587076097411382,0.0011388614107702864,7.192783048123136E-4,6.047656738554218E-4,0.0029053055560575632,1.0,0.0017124352104214977,0.0013805386249268697,0.002057263392220334,0.002916108488187286,0.02207562277004166,0.002390128587337227,9.428901502181903E-5,0.002460894495680899,0.001202526488454047,0.0021366309752449205,0.0027870253128825548,0.002044284023776214,0.0015092129630458668,0.0014364479699743623,0.001144769297560944,0.0010726847099841869,0.01071841349589764,0.0178832250350043,0.0022819087989126687,0.0031607558541133685,3.274580926872073E-4,0.009059561888284324,0.0023871511151008504,3.5430519626875566E-4,0.001354451970070138,0.0022153758908140704,0.0018219677653827826,9.91995514076807E-4,0.002150815334433752,5.007755368274379E-4,0.0021455200261927864,0.0010486691105513544],[0.01125381530060524,1.0411470356183806E-4,0.0014585706613455638,1.0425340599470408E-4,0.0018421469834534441,1.2193533880952559E-4,1.064823152825318E-4,1.1092794878019372E-4,0.009353139367657155,0.011364968882307229,9.576192316100679E-5,1.1911636730267249E-4,0.0010735613146376141,4.3484448701244514E-5,1.7112378472965072E-4,0.0014555004286136597,0.0017124352104214977,1.0,1.5418633966657493E-4,3.3728881388717547E-4,4.030751230614676E-4,0.01758721956888353,1.1539489998717402E-4,9.988617591326251E-5,4.8275483016872907E-4,1.294455958137718E-4,2.063181647668686E-4,1.2590909278165205E-4,2.698464420503652E-4,1.1004112413087223E-4,8.432946896922953E-4,0.0010294522255150631,3.0369972014807412E-5,0.0034289604165700462,0.017875216302608812,0.0010876066405660107,0.001235327778131859,4.895454029269323E-5,0.013483184752521433,2.0331609294220037E-4,1.2774025047221124E-4,1.263902395622486E-4,2.587093566169552E-5,3.832181941738697E-5,6.124898896316123E-4,9.89742353018481E-5,6.280193554737321E-5,1.1425639611606275E-4,1.1415681632708405E-4],[0.011542907335501026,1.9987572959131745E-4,0.01069851331477888,1.8069036803722218E-4,0.0032480006149115327,1.5592103057156026E-4,1.11743827918279E-4,2.0101497095271624E-4,0.016264188784692907,0.011492559462211123,1.3859918272493405E-4,2.0385591814088262E-4,5.460470876550603E-4,1.8114806656457087E-4,2.690243932582431E-4,7.485294928728532E-4,0.0013805386249268697,1.5418633966657493E-4,1.0,2.485464208363295E-4,0.0016935656344645314,0.026379640695199127,1.5324391549439856E-4,1.4383389164117553E-4,4.0138414767843666E-4,1.9406259460396042E-4,3.3576054154605946E-4,2.4001994907730634E-4,3.4317734248015585E-4,1.7700855635584603E-4,5.296889870178918E-4,3.217544530163735E-4,5.814487850491187E-5,0.008682739948099778,0.007892306135770848,4.0633679508345657E-4,2.9758432137568495E-4,1.9046111303540396E-4,0.004169284686355517,0.001069183646725608,2.155662090247731E-4,2.0050013777077037E-4,8.050916127674991E-5,5.758007583148137E-5,5.350601348925444E-4,1.4653995829540597E-4,1.223702700238235E-4,1.4040313263960543E-4,1.0147331431314393E-4],[0.0109052423043566,2.5248859957006605E-4,0.010465278441370416,2.2716292972890307E-4,0.011990990665908492,2.2916114862668596E-4,2.175258547072583E-4,5.0260446962621174E-5,4.871907523247462E-4,0.012431611186491217,1.749687017984374E-4,2.3005150119100818E-4,9.417597798941088E-4,1.5215716247701924E-4,4.2667820088577416E-4,0.0012080692632268472,0.002057263392220334,3.3728881388717547E-4,2.485464208363295E-4,1.0,0.00160641515722069,0.003986590812057348,1.8448711967934185E-4,1.5800591714168686E-4,5.037276443845656E-4,1.614454102664563E-4,5.819222751028596E-4,3.921701441453224E-4,3.5365659140166743E-4,3.0142323984900474E-4,4.506072964195879E-4,6.382374900783087E-4,5.766391233880251E-5,0.006319114887056343,0.02294112693312554,0.0012429557133761579,0.002579239413183186,2.5606061962579925E-4,0.010310888911252378,0.0021184544467562406,2.4315299554754228E-4,3.1046138867917364E-4,2.1108582608960272E-4,2.9384199609495585E-4,8.045670488352602E-4,3.304130397820471E-4,2.991567567927415E-4,1.9341494827538924E-4,2.188880213141563E-4],[0.005970696067567144,8.836132112299287E-4,0.011167087576703703,9.804529096780438E-4,0.014262367296470081,4.3017922667292386E-4,1.8503659453846931E-4,8.69262755983922E-4,0.006394415307428861,0.005943386886375015,0.0010365702135657446,8.894779893567177E-4,0.002188397474925215,0.0018934102750962668,0.001475514541606089,0.002317278715546941,0.002916108488187286,4.030751230614676E-4,0.0016935656344645314,0.00160641515722069,1.0,0.0028571689174450242,0.0016299333198907008,4.6213812875132943E-4,0.0016913407806049413,0.0016515070587481532,0.0019668682625946093,0.0015580390996270438,0.0011761719358596302,0.0010724354872674949,0.001927271269896404,0.0011041083868402954,9.047133644579556E-4,0.010475610600508526,0.00805707736753892,0.0021001304258337753,0.002977585845982898,0.002128782716374719,0.01438868906156248,0.002202221525097915,0.001270296055935495,4.030985269115006E-4,3.108610994529611E-5,3.563764626361149E-4,0.0019718556822595915,3.4833049809040144E-4,0.0021691687749827906,0.0015375140015767169,2.1233661453868606E-4],[0.018080566049764372,0.005477163291830236,0.04399498407833938,0.006816414299746268,0.020121280664124577,0.025981019631996203,0.03243043682743678,0.03201555111254713,0.025916670575577807,0.023346267644663146,0.031133915179008206,0.034563511542123,0.0012083101682850055,0.038289930475035594,0.009454056285200095,0.0033871546047647342,0.02207562277004166,0.01758721956888353,0.026379640695199127,0.003986590812057348,0.0028571689174450242,1.0,0.009149395024038,8.536602566763078E-4,0.027917324107590055,0.015602397291816988,0.03692243700487552,0.02389312770564214,0.00921685063143286,0.005096471790523565,0.012764596587253919,0.036234867501663916,0.020448167268607775,0.03061209007880816,0.03356647058728585,0.02899419474100724,0.007728432651565648,0.02754443336068438,0.035693622620389054,0.003702402174284346,0.002724255979931088,3.6648371222041916E-4,0.0011248285442337338,0.0132746032339991,0.021348233901336427,0.031704428609832185,0.012337537993699462,0.03368922610182319,0.023798487282910574],[0.0022456969352016984,7.048671130543366E-5,0.022176037188623668,1.054128736659798E-4,0.01426790363525668,1.2199959798258574E-4,1.0536806546875604E-4,4.5758692141964204E-5,0.007893292061877555,0.001241691246709939,3.5407689925270555E-5,1.1692710482049362E-4,7.758914261672968E-4,6.939443840454402E-5,2.6823863992312205E-4,0.0013193200365985945,0.002390128587337227,1.1539489998717402E-4,1.5324391549439856E-4,1.8448711967934185E-4,0.0016299333198907008,0.009149395024038,1.0,8.27349728617767E-5,6.962661956483157E-4,1.27107302433199E-4,4.905756143502736E-4,2.434790831991995E-4,1.422639346919514E-4,1.1275296401831329E-4,1.8680866670562143E-4,4.3121618078263734E-4,9.902841157202974E-5,0.015226516821795535,0.008299878306330472,0.0015095715666174482,0.00338695969145947,2.745939581943625E-5,0.005863482172934521,0.001203843377923456,1.387747711202274E-4,1.3283068397242575E-4,7.731971319662715E-5,8.456891433681666E-5,3.014040582752323E-4,9.719315271525257E-5,6.139913432526452E-5,1.1187407243502707E-4,6.70249557515703E-5],[0.003039052974986482,3.5764971123988765E-5,0.015535126972185221,6.24676947391453E-5,0.011110401690666254,9.214291560709287E-5,6.70685770103082E-5,2.9358815695174006E-5,0.008330629699956751,0.0019835989107992486,4.9879200822108395E-5,1.2158249842866522E-4,9.827261743399966E-4,3.941744236253077E-5,2.6237756990916977E-4,0.002049315917728282,9.428901502181903E-5,9.988617591326251E-5,1.4383389164117553E-4,1.5800591714168686E-4,4.6213812875132943E-4,8.536602566763078E-4,8.27349728617767E-5,1.0,3.463801158219323E-4,1.1799551912164416E-4,2.795437913096815E-4,2.7579730236014055E-4,2.7189381337436525E-4,8.102607923980566E-5,8.79899056155931E-4,6.781450417273433E-4,3.3396032581506364E-5,0.009830374978200895,0.003664694384298467,0.0010347592000007658,0.005083543056477562,4.59880174332028E-5,0.016919135711557384,9.24273006126463E-4,7.749973662717213E-5,9.92680188848565E-5,3.588679455252992E-5,2.521110456005027E-5,5.156202440954461E-4,3.132465938119432E-5,6.103700051983006E-5,9.767855461354356E-5,5.942777518671011E-5],[0.0015070209516443924,6.906659046642433E-4,0.008622584384938167,3.413684702777148E-4,0.011668505361834274,5.905600788349347E-4,5.645356981832351E-4,3.696032143589044E-4,0.01693277862338399,0.008103282929006339,6.179622187461904E-4,6.767616485563495E-4,9.629629851159405E-4,7.210636295970852E-4,6.055114452184782E-4,9.513015491168593E-4,0.002460894495680899,4.8275483016872907E-4,4.0138414767843666E-4,5.037276443845656E-4,0.0016913407806049413,0.027917324107590055,6.962661956483157E-4,3.463801158219323E-4,1.0,1.4525243203141033E-4,8.069110289309437E-4,6.306789287647395E-4,7.2735965916417E-4,4.5454261876787564E-4,8.071079866241767E-4,9.735338333514086E-4,3.346610652426665E-4,0.009659521092762531,0.017814211045066152,0.0012557480306958433,0.001462678118742193,5.649865723450587E-4,0.015546360228349154,0.0014667829193343107,4.0315038618773957E-4,7.072605963134622E-4,5.93255780967518E-5,6.911107707285957E-4,7.811456990628331E-4,5.984017115065954E-4,2.706165779986477E-4,1.5317945099848238E-4,3.3726975690684315E-4],[0.005628922574887259,1.090956741984836E-4,0.011951415594797659,1.0762107436540982E-4,2.3476435569845476E-4,1.2449715796527825E-4,1.1541477906772012E-4,2.404946613157546E-5,0.0015471483299327761,0.010544624002292767,1.0585228540338624E-4,1.2574966607254272E-4,7.713307234675425E-4,9.987469056761322E-5,2.863518724125342E-4,0.0013926184241981002,0.001202526488454047,1.294455958137718E-4,1.9406259460396042E-4,1.614454102664563E-4,0.0016515070587481532,0.015602397291816988,1.27107302433199E-4,1.1799551912164416E-4,1.4525243203141033E-4,1.0,7.128090104499634E-4,3.2457921394034897E-4,2.5812563139301946E-4,1.1487800238107321E-4,4.98005280927542E-4,5.776906835339014E-4,1.0151952520247835E-4,0.011953311998120815,0.013815048750116283,1.9755158810985863E-4,0.0034360358346438467,1.0105727456875282E-4,0.0036345936093505667,0.0012264891048274404,1.764164333229864E-4,1.3852677791408106E-4,7.907092846911205E-5,6.89414211786476E-5,3.0283307443318354E-4,1.256551111189506E-4,1.1788254162152468E-4,1.2943992773031173E-4,9.647627069013607E-5],[0.002664622744409604,7.90533039235257E-4,0.031008393431092737,3.496773293136256E-4,0.01017249303524136,5.507949331398397E-4,7.285859176573816E-4,3.453007334718875E-4,0.007542098155593032,0.0114184895682541,5.668597584560023E-4,7.117173374759244E-4,9.49884548785119E-4,2.936072031829735E-4,7.780177218790381E-4,0.0010320033250190493,0.0021366309752449205,2.063181647668686E-4,3.3576054154605946E-4,5.819222751028596E-4,0.0019668682625946093,0.03692243700487552,4.905756143502736E-4,2.795437913096815E-4,8.069110289309437E-4,7.128090104499634E-4,1.0,7.762900654638529E-4,6.039018436120693E-4,7.403186466114768E-4,9.086408639483834E-4,9.129519460164986E-4,6.129557107649475E-4,0.014741917231227818,0.010023152428430004,0.0010874314489013742,0.004697652582297965,6.168471396226614E-4,0.01582543958751127,0.001430927684170352,5.155105093015214E-4,5.641697524213036E-4,8.089434080495295E-4,3.5757028663496845E-5,8.250825082508251E-4,1.8806951280017498E-4,3.5315046986849897E-4,5.099361101162589E-4,2.0404164266201453E-4],[0.011157054448624009,1.5077922168579952E-4,0.007201606248075651,2.90072106920651E-4,0.008534242311176374,3.3976405098104295E-4,1.6937569438130775E-4,2.5416813283047138E-5,0.01835287855824277,0.013083039065180374,3.980505646115833E-4,3.856023400959263E-4,9.984913997332675E-4,3.7769539608511506E-4,4.231471783165714E-4,7.599585086093853E-4,0.0027870253128825548,1.2590909278165205E-4,2.4001994907730634E-4,3.921701441453224E-4,0.0015580390996270438,0.02389312770564214,2.434790831991995E-4,2.7579730236014055E-4,6.306789287647395E-4,3.2457921394034897E-4,7.762900654638529E-4,1.0,3.7279924480947493E-4,1.5158072111556712E-4,6.149768499161278E-4,6.652203620925656E-4,9.090346586947026E-5,0.018454822124896353,0.006051515881379095,8.697423577630614E-4,0.0015822156181290294,3.5937805571538563E-4,0.002578771495047563,0.0018927160505342712,3.3933689458373167E-4,1.7667253829646486E-4,2.0583690644251785E-4,1.666216726900588E-4,4.8658699329930403E-4,3.23196072383974E-5,3.159047218065854E-4,4.027625398908087E-4,3.950498924929264E-4],[0.0037508247363366447,2.0732356645244437E-4,0.03857889225256254,1.1140108097871021E-4,5.118666604537497E-4,3.437107002528944E-4,3.526393651498919E-4,8.251518534663509E-5,0.012336977229485364,0.006576314181619119,2.7124363008567684E-4,2.0798806234706145E-4,5.904113251962769E-4,3.5439288874018575E-4,3.993643735610716E-4,0.0014758115337070417,0.002044284023776214,2.698464420503652E-4,3.4317734248015585E-4,3.5365659140166743E-4,0.0011761719358596302,0.00921685063143286,1.422639346919514E-4,2.7189381337436525E-4,7.2735965916417E-4,2.5812563139301946E-4,6.039018436120693E-4,3.7279924480947493E-4,1.0,2.7060637030863993E-4,6.239313057175521E-4,3.687155433192204E-4,3.215200431815416E-4,0.011683685965454448,0.012346344654038579,0.0015681959369377885,0.0018972162401659897,1.4250349429490905E-4,0.006749525302190122,8.816109251689455E-4,3.5237878530293757E-4,3.3093727344917455E-4,3.3502150799347006E-4,2.861819826602516E-4,7.60737152555554E-4,1.881230490873462E-4,1.2363057342704983E-4,2.635575362661004E-4,2.711181962506624E-4],[0.006527466742584782,2.888556937270396E-5,0.036367190826547026,1.0522979719827486E-4,0.013683973317305026,1.1958600314192684E-4,1.0253551681726163E-4,1.0492231998135062E-4,0.014648831555681889,0.0046258933288892195,5.3317037831825574E-5,1.1296602877723915E-4,8.300692520082621E-4,9.877027541661346E-5,4.38230845917513E-4,3.2099974684451856E-4,0.0015092129630458668,1.1004112413087223E-4,1.7700855635584603E-4,3.0142323984900474E-4,0.0010724354872674949,0.005096471790523565,1.1275296401831329E-4,8.102607923980566E-5,4.5454261876787564E-4,1.1487800238107321E-4,7.403186466114768E-4,1.5158072111556712E-4,2.7060637030863993E-4,1.0,3.0270216021123205E-4,4.6334790451861313E-4,1.0543632829064436E-4,0.01794173300558597,0.009900123225351568,4.471954070902973E-4,1.3133576725984025E-4,9.922868589157347E-5,0.014711053532390356,0.001260221556953484,1.3665723603452788E-4,1.2232791270771362E-4,7.470273256141008E-5,6.490546188943648E-5,2.0669210260688435E-4,5.2422211117102547E-5,7.474400521649996E-5,1.0598502696976183E-4,7.767900382829909E-5],[0.00940059615661908,1.2643990880013421E-4,0.042396181226427916,8.428201864422702E-4,0.012763942784308643,7.148939862438563E-4,6.122279905469398E-4,5.031456912089302E-4,0.004799869147172642,0.007925900355403486,0.0010581514712520244,5.352187077548876E-4,0.00120472028188421,4.16110435148521E-4,4.8101092899874304E-4,0.001993494673498575,0.0014364479699743623,8.432946896922953E-4,5.296889870178918E-4,4.506072964195879E-4,0.001927271269896404,0.012764596587253919,1.8680866670562143E-4,8.79899056155931E-4,8.071079866241767E-4,4.98005280927542E-4,9.086408639483834E-4,6.149768499161278E-4,6.239313057175521E-4,3.0270216021123205E-4,1.0,0.0011311284963509628,3.908619026002118E-5,0.012372909193985811,0.012197137307446856,0.0012694941650100405,0.0049635215943704255,1.7733232735551822E-4,0.012530294057714164,0.0013688127116714636,4.799217649131503E-4,0.0010474766354621706,8.766666773116134E-4,2.549966708204874E-4,0.001099423489785448,9.494106764002854E-4,8.49008118636984E-4,6.952464094997055E-4,7.194720140410426E-4],[0.00326019437128255,2.1391756135673116E-4,0.030099482953503464,8.096852373469844E-4,0.009584629714008735,1.9573902632984006E-4,9.682110025859262E-4,0.0010107552509125946,0.01380485475154672,0.003777708241042529,3.4016958816722074E-4,7.254549773932011E-4,0.0010807632772471504,6.788192554730858E-4,7.922774720222488E-4,0.002223477139252197,0.001144769297560944,0.0010294522255150631,3.217544530163735E-4,6.382374900783087E-4,0.0011041083868402954,0.036234867501663916,4.3121618078263734E-4,6.781450417273433E-4,9.735338333514086E-4,5.776906835339014E-4,9.129519460164986E-4,6.652203620925656E-4,3.687155433192204E-4,4.6334790451861313E-4,0.0011311284963509628,1.0,5.717008650409357E-4,0.0031896023595637943,0.0038848894854391853,0.001112895505465221,0.0015523400367632705,3.4616358868728807E-4,0.013075746470618236,0.0013151026972201758,9.289021914616731E-4,7.87586529310969E-4,1.56397727369512E-4,6.68577419370808E-4,0.0010219199853595336,9.541374128135783E-4,5.570248153991061E-4,6.643584290019417E-4,2.0985697418277502E-4],[0.00997028545680718,1.4929128327143104E-5,0.013970452674540373,7.415174532063944E-5,0.008220632226335945,2.116168380097384E-5,7.738094617092914E-5,1.6614372127088445E-5,0.008974559081740748,0.008924611017025826,1.5164558722517653E-5,6.15413012602119E-5,8.115765970246229E-4,2.145353380405845E-5,2.668586268314379E-4,0.0018853733420027931,0.0010726847099841869,3.0369972014807412E-5,5.814487850491187E-5,5.766391233880251E-5,9.047133644579556E-4,0.020448167268607775,9.902841157202974E-5,3.3396032581506364E-5,3.346610652426665E-4,1.0151952520247835E-4,6.129557107649475E-4,9.090346586947026E-5,3.215200431815416E-4,1.0543632829064436E-4,3.908619026002118E-5,5.717008650409357E-4,1.0,0.002529460186082959,0.006207162714696638,5.968867025846676E-4,0.003713341860144034,1.3697584395438628E-5,0.017870456017018314,0.0015021246577565704,1.9982901882657307E-5,4.7883746229152624E-5,1.956710161710681E-5,1.3008118435522001E-5,1.6690397904083878E-4,2.0951635508010202E-5,4.441804955132674E-5,3.6613680554845846E-5,3.859529140897127E-5],[0.01592356433632213,0.006950861845018381,0.0413045015457897,0.003954072637624647,0.017435225922314612,0.010827043317983868,0.007509739570330371,0.01657406557533121,0.018518518518518517,0.01711335972660426,0.012994910009324243,0.006673000272081994,0.007225636969985838,0.01199271611054608,0.012446204538333066,0.011432062362669346,0.01071841349589764,0.0034289604165700462,0.008682739948099778,0.006319114887056343,0.010475610600508526,0.03061209007880816,0.015226516821795535,0.009830374978200895,0.009659521092762531,0.011953311998120815,0.014741917231227818,0.018454822124896353,0.011683685965454448,0.01794173300558597,0.012372909193985811,0.0031896023595637943,0.002529460186082959,1.0,0.02322041281156158,0.017459618373283668,0.011089316213608511,0.00830606274138485,0.01881615217693693,0.01167776184747146,0.015570388420874185,0.018038302991533233,0.009593385612121344,0.01228378981531944,0.014000345307922116,0.008793672643730661,0.007214947043208282,0.014441491769382123,0.007572400697452232],[0.02079928224316263,0.0017465235470127674,0.03661423339313709,0.0021184989232348457,0.02006411760907035,0.010408929025711654,0.022225373707320775,0.02410893761009352,0.023937147289208198,0.022952492147542858,0.020007774210081347,0.011980067843822216,0.015681839645469327,0.016511218109152688,0.0015682456899729481,0.021569301907113387,0.0178832250350043,0.017875216302608812,0.007892306135770848,0.02294112693312554,0.00805707736753892,0.03356647058728585,0.008299878306330472,0.003664694384298467,0.017814211045066152,0.013815048750116283,0.010023152428430004,0.006051515881379095,0.012346344654038579,0.009900123225351568,0.012197137307446856,0.0038848894854391853,0.006207162714696638,0.02322041281156158,1.0,0.011654333764609299,0.012669861788055025,0.0161838167076339,0.0241537829247137,0.01904825485144307,0.016909784902965668,0.0017097266841134043,0.00987199441014597,0.017123077579620994,0.011820388595122917,0.007508690174987126,0.018227411364670706,0.0035251086095754378,0.0047970949485211245],[0.0017444488014079162,8.215605208181586E-4,0.0048780285553797625,6.947352885828292E-4,0.0024032413761375816,0.0011941173889982732,0.0013465202409651497,0.0012714467671788026,0.015863518588514813,0.010418447359446902,0.001063520117868916,5.667231335894439E-4,0.001458109966955417,0.0011552549746063417,0.0014719147956929557,0.002725082957400443,0.0022819087989126687,0.0010876066405660107,4.0633679508345657E-4,0.0012429557133761579,0.0021001304258337753,0.02899419474100724,0.0015095715666174482,0.0010347592000007658,0.0012557480306958433,1.9755158810985863E-4,0.0010874314489013742,8.697423577630614E-4,0.0015681959369377885,4.471954070902973E-4,0.0012694941650100405,0.001112895505465221,5.968867025846676E-4,0.017459618373283668,0.011654333764609299,1.0,0.004045698043274653,1.1341181348330219E-4,0.008974021865507874,0.0016427901770739754,6.251659206310591E-4,8.622172108914878E-4,0.0015373815204666587,0.0014096621339894546,8.876768264881473E-4,6.643630273328368E-4,9.714861387084403E-4,1.3942449269838957E-4,0.0010666713779667952],[0.006016645478613781,0.0030591237169171615,0.01365102174081373,0.0017586426803682803,0.012153205030707286,0.0016231608450641398,0.003935071194805551,1.2530114558436826E-4,0.006263751375103305,0.005758832801984808,6.874564673185409E-5,0.004198453138940841,0.0024396865925894835,0.0021317069708191357,0.002826933934045172,0.0037679780705098926,0.0031607558541133685,0.001235327778131859,2.9758432137568495E-4,0.002579239413183186,0.002977585845982898,0.007728432651565648,0.00338695969145947,0.005083543056477562,0.001462678118742193,0.0034360358346438467,0.004697652582297965,0.0015822156181290294,0.0018972162401659897,1.3133576725984025E-4,0.0049635215943704255,0.0015523400367632705,0.003713341860144034,0.011089316213608511,0.012669861788055025,0.004045698043274653,1.0,0.0023849378160399233,0.00889465844366892,0.003382007458854846,0.0012547282403969253,0.0024693044204040972,7.511224952406566E-5,0.003594471587163316,0.004124137678725151,0.00505943391317323,0.0026572186789193685,0.0036366737418552205,0.00225817099206992],[0.007942238563677163,1.3975866648313012E-5,0.04197487134276307,8.73914239166967E-5,0.0066183180473476195,9.21748417063298E-5,4.279209105593312E-5,1.3037306794688841E-5,0.004543785641472047,0.010217590599733695,1.4250637164664401E-5,3.9501902393534144E-5,0.0010742413940054724,1.4268080908890927E-5,2.730064064421949E-4,7.932349580739667E-4,3.274580926872073E-4,4.895454029269323E-5,1.9046111303540396E-4,2.5606061962579925E-4,0.002128782716374719,0.02754443336068438,2.745939581943625E-5,4.59880174332028E-5,5.649865723450587E-4,1.0105727456875282E-4,6.168471396226614E-4,3.5937805571538563E-4,1.4250349429490905E-4,9.922868589157347E-5,1.7733232735551822E-4,3.4616358868728807E-4,1.3697584395438628E-5,0.00830606274138485,0.0161838167076339,1.1341181348330219E-4,0.0023849378160399233,1.0,0.013979763447371327,0.0016147028962977892,3.52003621292991E-5,1.0748931702666574E-4,1.6900193854335414E-5,1.2994844676470422E-5,7.147736843361399E-4,1.3624893926298971E-5,5.668196404164162E-5,9.452910092940356E-5,5.190939913054984E-5],[0.016446839642254466,0.006242832405233001,0.041074536987795,0.006295841358953503,0.016292308344622627,0.003886069314347929,0.0027877910069716056,0.013351344882698915,0.018529254264331625,0.015003830489387013,0.016965971557218674,0.01603276177530515,0.017389900069445418,0.015234093797492746,0.0020537865921388338,0.015460166735694813,0.009059561888284324,0.013483184752521433,0.004169284686355517,0.010310888911252378,0.01438868906156248,0.035693622620389054,0.005863482172934521,0.016919135711557384,0.015546360228349154,0.0036345936093505667,0.01582543958751127,0.002578771495047563,0.006749525302190122,0.014711053532390356,0.012530294057714164,0.013075746470618236,0.017870456017018314,0.01881615217693693,0.0241537829247137,0.008974021865507874,0.00889465844366892,0.013979763447371327,1.0,0.013704310807018092,7.993629970513371E-4,0.007772653161722269,0.012718376110073926,0.01801044527782251,0.016800912386861103,0.012336073019621615,0.017247753461228078,0.01287469833629742,0.003953927218566667],[0.011723585071739491,0.00117703770972125