[[1.0,0.004206042574107674,0.010262909904069435,0.009007176832439425,0.006950272587415998,0.007496939390319583,0.011852256420742007,0.0022745863911477707,0.007952125180492932,0.006831634257329952,0.007249343467963611,0.011754980665739477,0.017558263684600665,0.006105924286836978,0.00799725541908328,0.006110795937346057,0.008033087605491644,0.006249431682825393,0.008137359638443253,0.02038044241929137,0.011446337366382404,0.0018930900061383202,0.0073332912192194165,0.012295011922043849,0.01190150373812637,0.012084439165515536,0.011163682003998338,0.0117454942913392,0.005934875609497489,0.0048862251681478655,0.023970687961691443,0.012246134328486426,0.012492079688495692,0.00979690060830698,0.010000460913641792,0.0024764990168399427,0.005888088254957647,0.007786398899064738,0.0032293295145463512,0.004585665745097872,0.010458756740652834,0.005394264789254133,0.002325445349978994,0.012088357992147046,0.00823183249584703,0.005732936170549612,0.011108654744793407,0.009458148754791097,0.022571192278920578,0.00476772765148892,0.009106844816373322,3.4922108490083293E-4],[0.004206042574107674,1.0,3.67074248948837E-4,7.53013680610256E-5,1.4865110451442253E-4,1.0238188029973254E-4,2.1821378283828E-4,2.810536402608945E-4,0.0020851870320691855,8.665484696001985E-4,3.1981718067864985E-4,1.0616504703769126E-4,0.018194560240452715,3.70157751020591E-5,0.0030819182636837887,0.0020551406163289653,7.45645685470831E-5,8.305941391732623E-5,8.44811378501446E-5,0.005960204593477152,1.340231517896946E-4,0.0010645788366654934,1.1275955672023477E-4,1.9142038791953849E-4,1.0801248553955852E-4,7.985580238089469E-5,0.009512282217220011,0.0014432926440555755,1.1597862139418508E-4,1.1019212596991167E-4,0.02565990402944645,1.4510322175276866E-5,0.007880035329792931,1.3272940803981504E-4,1.5108809422958636E-4,1.0680765987944144E-4,9.326404143821879E-5,6.345565870699509E-5,3.596643564779589E-5,7.617645320920274E-4,1.0755372953114798E-4,1.616239855610501E-4,6.589343303320402E-5,7.318999475000626E-4,0.0018067859970459096,0.003178724970033647,4.270851221699189E-4,2.4195446251514492E-5,0.0472977019358295,1.1635550794662899E-4,3.097371041064772E-4,8.700397481300525E-5],[0.010262909904069435,3.67074248948837E-4,1.0,3.4431138633853503E-4,0.004778654445754224,5.619426174339318E-4,0.005158260344273547,7.802459837664918E-4,0.0014172297266256966,0.0018418440676614212,4.639465922581589E-4,3.69183542471225E-4,0.004888334762733922,1.9363236479952588E-4,0.0029494814932971973,0.0025567086523236395,6.148237652370041E-5,2.3891770811793566E-4,1.72086053004739E-4,0.01816234966815254,3.116829846167568E-4,8.898156033779175E-4,2.471551395974309E-4,5.650399966646289E-4,5.631288196911676E-4,5.789265856588108E-4,0.009955406740858009,0.004528317424205248,5.298728980860686E-4,2.616525975149853E-4,0.014499885820168243,3.417489879164919E-4,0.011833335080172556,5.010128603332802E-4,3.915115525993994E-4,4.1901512266743536E-4,1.2151911525563898E-4,9.745435085731119E-5,2.63475857239195E-5,0.0010754927681563423,1.9527980063100634E-4,4.0062543145245145E-4,9.990620374021166E-5,0.0023038681884068983,0.0020800429644278256,0.0022191305147554585,6.624033958630901E-4,2.1672228622143927E-4,0.016789195178036967,3.338600184152956E-4,0.0017533290425761777,4.321863862265682E-4],[0.009007176832439425,7.53013680610256E-5,3.4431138633853503E-4,1.0,0.0023434278105889223,5.202510157668798E-5,0.004135559135800288,2.4767037922374146E-4,7.291364021149843E-4,0.0018924517454094202,3.3384963893826503E-4,9.625326757704059E-5,0.018237071041150535,6.1922341302248E-5,0.0019487876015868533,0.0019067075808802828,5.962612416021233E-5,6.191714415477936E-5,5.797787167070473E-5,0.025191892373143787,1.329840551293489E-4,0.001066798881815682,1.4316076176496098E-4,1.2435690388734675E-4,7.858504891164963E-5,7.324619229500934E-5,0.006516740347436157,0.008172665467341356,9.972584723117386E-5,7.317711366607312E-5,2.8828022127915757E-4,3.953431208041439E-5,0.004989672033278278,1.0855034367181533E-4,1.9404928317692387E-4,9.942436892253434E-5,6.482254470213684E-5,4.9494121005871214E-5,3.253953372959182E-5,0.0019052573364715729,1.0484146194658466E-4,7.543316564160419E-5,5.002016934636969E-5,9.561945679351098E-4,7.057104937535333E-4,0.0021574110352924353,5.909014859015397E-4,6.622469503327716E-5,0.04460043195533783,1.293097168882021E-4,3.19327388786487E-4,6.823320882389642E-5],[0.006950272587415998,1.4865110451442253E-4,0.004778654445754224,0.0023434278105889223,1.0,9.002967380464212E-4,0.008409556341808691,0.005751256959431434,0.0035201364874161197,0.00475379163904632,4.830277069671105E-4,0.003035666249397526,0.013226918537408898,0.002395888121043394,0.00482646725571691,0.006501028738864871,0.005219427610664953,0.0032512126991595873,0.0032650557430196447,0.018350251548453145,0.006081672063470037,0.003565974992351675,0.0012309485643527945,0.005992738108344925,0.006277591828336616,0.0038757007312387485,0.00940335185083242,0.008620375560710854,0.004156742805133701,0.004234730517798194,0.007867405147720528,0.0022301686142877533,0.012178560929366937,0.0034593854952172593,0.002324388022257298,0.0014260488205439232,3.025771849413834E-4,0.0019752635365937066,0.005042200057183195,0.004529879414439778,0.004215572259899899,0.0010362321530356842,0.004739170337040306,0.006292548312173636,0.003528577289225922,0.006085804019888856,0.00551044377454736,0.006144294238218543,0.012181249257176546,0.0013528553941045281,0.004778750133751638,0.0033801906679770126],[0.007496939390319583,1.0238188029973254E-4,5.619426174339318E-4,5.202510157668798E-5,9.002967380464212E-4,1.0,0.007702772513975447,2.258184299286557E-4,0.0019672503332738064,9.455513269874172E-4,3.3910336015525455E-5,3.521675608920158E-5,0.015797660292890314,2.0921875105438653E-5,8.868441974220238E-4,0.0017617499755710009,2.491117825664584E-5,2.9399686012688314E-5,2.5508043673507953E-5,0.017839590026381576,1.8688341849023868E-4,0.0010208635462377593,6.227965852177676E-5,1.1475725842339595E-4,7.769232149798836E-5,5.764537002555804E-5,0.007998999693525773,0.007840128575709709,1.1718942933723214E-4,1.140006706353303E-4,0.022237054595765464,2.2838901499489866E-5,0.006129633038728574,1.3979081211912622E-4,2.4183696605586719E-4,3.662831480887255E-5,1.683534850533337E-5,2.5686155038476406E-5,2.472506191026867E-5,3.9177870916319737E-4,1.0104086144633222E-4,2.4996954233975064E-4,2.8680261962243855E-5,0.0016694487028767586,2.1436341007047217E-4,0.003404939950928963,2.3164663696305832E-4,1.9964150571183486E-5,0.003558089065877842,5.240349551663314E-5,0.0017439245637339137,5.966215995178031E-5],[0.011852256420742007,2.1821378283828E-4,0.005158260344273547,0.004135559135800288,0.008409556341808691,0.007702772513975447,1.0,0.009175788924129784,0.01003609906801117,0.0030562098813735955,0.0032201610110043585,0.0024675661520324626,0.017964485376963154,0.003640504892881797,0.01005015469496066,0.0032896058547276937,0.007986266335274533,0.0022487391021595946,0.006176940255333534,0.0194464908056365,0.004072640111377371,0.007000262345494532,0.008375783493626148,0.004546358082690979,0.0047019965266712135,0.00881262097313391,0.010249935040663476,0.011105474701764071,0.00479005055862429,0.007754644983725161,0.021844441262933886,0.00913596640548904,0.012081578116585038,0.010364146474151438,0.0036058439607463623,0.0033536812394440664,6.773564062948203E-4,0.0028672329218774584,0.00851495517795126,0.008092789665672713,0.009659548018209226,0.003757852700438831,0.0032563630936461125,0.0034251606464445793,0.010198048455554441,0.008890155068478662,0.005034268255942375,0.004322324187727018,0.04578616494751456,0.004962364282235223,0.002809783089027172,9.884119371997928E-4],[0.0022745863911477707,2.810536402608945E-4,7.802459837664918E-4,2.4767037922374146E-4,0.005751256959431434,2.258184299286557E-4,0.009175788924129784,1.0,0.0022649974859888936,0.002245681380104993,0.001158055136400393,8.752066353298809E-4,0.015517410383570372,7.28636325704362E-4,0.0027393388566575427,0.0025713941498571678,1.569387693451624E-4,9.828889432775551E-4,9.023764828995539E-5,0.00886356507518074,0.0016740490979131302,0.0017202900471299358,0.0018096989988937136,8.646430983071138E-4,5.177151372241978E-4,2.1175574079408872E-4,0.00757135516666379,0.00791232088546559,5.429539911051739E-4,2.617619195777411E-4,0.014355613677071579,7.338332288338173E-4,0.0030944611584580294,5.898891849333721E-4,0.0013483452107557689,0.0011701705601588164,0.0011814473914991792,5.375527017299381E-4,8.841679910206741E-4,0.001972697997136827,3.395757872902903E-4,0.0012442213280174845,0.0011907240349188378,0.0019938216226887935,0.002370116936818215,0.0037194718328447023,0.001677448008958741,0.001441466926282354,0.029965232627902967,0.0012952986481267635,0.0019685603268274777,1.3902500175686278E-4],[0.007952125180492932,0.0020851870320691855,0.0014172297266256966,7.291364021149843E-4,0.0035201364874161197,0.0019672503332738064,0.01003609906801117,0.0022649974859888936,1.0,0.002271934734219742,0.0014256460399924822,0.0010927607735448336,0.007520389657704534,3.782436570501176E-4,0.0025457641938351773,0.0026461030229771284,0.0012197299761173262,0.0014385379638649984,0.001135827771673111,0.007767716702501428,0.001554198064572666,0.001854386985186138,6.85784268667951E-4,0.0019560344393313956,0.0013477838856979377,0.0018669384409110133,0.0051444531798945535,0.008947383589406506,0.0021220453957958695,6.837537308670146E-4,0.013626160675050599,9.968325538842325E-4,0.003874689005413088,0.0010963337803960803,0.001336216535454138,0.002001813743166099,0.0015123952343477774,0.0021334884292536047,7.271006631496098E-4,0.002272538977927773,0.0019029447710726456,0.0019687468060655437,2.9830092979402664E-4,0.0024366035903753335,0.00250558990929413,0.003830773715059614,0.001714767387914651,8.214242116009059E-4,0.009235782178743678,8.2876875155931E-4,0.0024101488363252152,9.388087014933496E-4],[0.006831634257329952,8.665484696001985E-4,0.0018418440676614212,0.0018924517454094202,0.00475379163904632,9.455513269874172E-4,0.0030562098813735955,0.002245681380104993,0.002271934734219742,1.0,0.001773873094247527,0.0013050144274840024,0.018901343581713005,6.367566517384511E-4,0.0025400764311064115,0.0024525024333529595,8.57803638814238E-4,8.571246876830528E-4,3.496556852456658E-4,0.003016945794911946,0.0018079027199946174,0.0018954194029137,0.0018494720532588333,9.748438368232954E-4,6.256070349543736E-4,0.0016886985166382766,0.004314488529393812,0.00605631943899233,8.796797037096346E-4,0.0010626189908685905,0.020691856997832037,0.00135450849169996,0.0044210555593908775,0.0014792383646501526,0.0012986687318318334,0.001029950681450528,9.948030575230255E-4,2.794400812034839E-4,0.0010545804364897836,0.0021957744539690596,1.2382554320880266E-4,0.0016368767962085546,0.0018292748296869267,0.0024345409509430147,0.0023868492865480274,0.004266140685334455,0.001864701233772223,5.049387652921404E-5,0.045840910659148054,0.0013472314479177068,0.0021517275480747414,0.0015438282593430695],[0.007249343467963611,3.1981718067864985E-4,4.639465922581589E-4,3.3384963893826503E-4,4.830277069671105E-4,3.3910336015525455E-5,0.0032201610110043585,0.001158055136400393,0.0014256460399924822,0.001773873094247527,1.0,2.0852045923593104E-4,0.014960460610814363,2.9291307514604776E-4,0.0029542096710889086,0.0023374888966901236,4.794579653855527E-5,2.713276281540535E-4,4.2326947457923896E-4,0.007633648483812093,2.6798481446555313E-4,9.840629009719394E-4,1.9776587690938538E-4,4.515650339689954E-4,3.6030543157991986E-4,2.4339781704679588E-4,0.006631912038629116,7.341108577055833E-4,4.298608801979532E-4,4.379765590697964E-4,0.012497759518196204,2.011596120146224E-4,0.007118715495341614,2.754643068404848E-4,3.9655148402375953E-4,2.5904354131257E-4,4.3283913470280205E-4,3.831641743714384E-4,4.423460139164129E-4,0.001600496349262415,1.6245891802294193E-4,4.476404090194573E-4,2.3701143301054422E-4,0.0022135004200573853,0.0017296899216435121,0.001975368212496485,0.00133651597259901,1.8590951272284262E-4,0.013369570490773933,4.005292785244728E-4,9.5874896435934E-4,1.9862801211798344E-4],[0.011754980665739477,1.0616504703769126E-4,3.69183542471225E-4,9.625326757704059E-5,0.003035666249397526,3.521675608920158E-5,0.0024675661520324626,8.752066353298809E-4,0.0010927607735448336,0.0013050144274840024,2.0852045923593104E-4,1.0,0.018086121842141683,9.67210786008423E-5,9.578556686033687E-4,0.0018658453287146513,1.5710387817044212E-5,5.9425204252422174E-5,6.068564738838257E-5,0.021378372620656692,1.7368617676114526E-4,4.6981662845429323E-4,1.3444397110100924E-4,3.203836300458264E-4,1.2786685832686902E-4,7.569119078877642E-5,0.009603102613593636,0.01085895887646995,1.1613413472848536E-4,1.1168290821694182E-4,0.0031849898217414306,6.019350110383974E-5,0.00671370356760487,1.1794976837581865E-4,1.0741849920261439E-4,1.0370777224317905E-4,1.966069990664568E-5,8.908925252968132E-5,4.390828287820947E-5,0.0010900445335775895,1.0652245608615968E-4,1.8608191341963056E-4,4.3906220690791464E-5,0.002277220029985987,0.0018903764672305297,0.004200202556259571,2.2352285553516255E-4,9.192173556304918E-5,0.021451282859013543,1.4531670392084283E-4,0.0019566850820165772,9.818385555645202E-5],[0.017558263684600665,0.018194560240452715,0.004888334762733922,0.018237071041150535,0.013226918537408898,0.015797660292890314,0.017964485376963154,0.015517410383570372,0.007520389657704534,0.018901343581713005,0.014960460610814363,0.018086121842141683,1.0,0.019603938682579033,0.016819902453345942,0.008729831065339652,0.002754498662553046,0.017256189372720915,0.0015002641897834269,0.025426652363282422,0.011789092592452815,0.009442118001195085,0.010272499103585932,0.012519960959966431,0.008842115711475718,0.001557803019749766,0.01135554405094239,0.018823680927553404,0.02004265698236553,0.003960524352886428,0.02639690349720153,0.014048346877923041,0.019373954914640577,0.012345240389404013,0.022292664009454757,0.018079939549651917,0.006359085101091445,0.003008137270278491,0.020737627348727576,0.01681526988480099,0.021821804014248936,0.021038585977447084,0.006337093797902322,0.010331767194486984,0.01395322723910384,0.014649422531024116,0.010487502733624822,0.021401213716000903,0.028903876645774935,0.019351702426040965,0.01000972051277037,0.014070114461760931],[0.006105924286836978,3.70157751020591E-5,1.9363236479952588E-4,6.1922341302248E-5,0.002395888121043394,2.0921875105438653E-5,0.003640504892881797,7.28636325704362E-4,3.782436570501176E-4,6.367566517384511E-4,2.9291307514604776E-4,9.67210786008423E-5,0.019603938682579033,1.0,0.0022375025554452026,0.0020533378683191246,1.2206660538874189E-5,4.754461307613273E-5,1.2370336161562657E-5,0.011457142764274085,2.7760658901972062E-5,9.514548045511276E-4,6.427101746814127E-5,1.9624254024948368E-5,7.056116934539151E-5,4.2397857843887126E-5,0.0021228682533598253,0.0035764343578670514,7.044738840755547E-5,3.511130311757391E-5,0.00639520610650366,1.0677065686660553E-5,0.005253928329967077,1.013678002850052E-4,1.9907998420023141E-4,1.4403948411791775E-5,1.1707560838920042E-5,2.4888440126078198E-5,1.1450934105914438E-5,0.0010976627472527745,1.3256037707498668E-5,2.5580988664044673E-4,2.121335659958822E-5,5.969571545600002E-4,0.002672674358120659,0.002680222033476761,3.363772939608212E-4,1.3936684491588096E-5,0.045681637561453825,9.57202438663406E-5,5.685873966101711E-4,4.370506367027655E-5],[0.00799725541908328,0.0030819182636837887,0.0029494814932971973,0.0019487876015868533,0.00482646725571691,8.868441974220238E-4,0.01005015469496066,0.0027393388566575427,0.0025457641938351773,0.0025400764311064115,0.0029542096710889086,9.578556686033687E-4,0.016819902453345942,0.0022375025554452026,1.0,0.0030809358802628595,0.0015725041108528835,0.0013078740716278145,0.0016909184285078234,0.01098937646406742,6.73364404364017E-4,0.0018766113972959219,0.002943074722493241,0.001085479066983148,0.001314447345539164,0.0019517795521874944,0.006080451236989804,0.0048370912425126375,0.0013995385583409061,4.8791733657751595E-4,0.011582995776294987,9.622351413957089E-4,0.00905566332503817,0.0021372732961735803,0.0030658955663317045,0.002127273795123453,0.002109098226878188,0.0015103165311503464,0.0032485527220806436,0.002233563478568399,0.0018455172057885462,3.623546716687671E-4,0.002756355812868576,0.0027562371583820466,0.0031595514994802436,0.0035912117957980845,0.00274601371155759,0.0012081062862820604,0.005944718447982505,0.0028845064001362026,0.002803008590259987,0.0014713377995642452],[0.006110795937346057,0.0020551406163289653,0.0025567086523236395,0.0019067075808802828,0.006501028738864871,0.0017617499755710009,0.0032896058547276937,0.0025713941498571678,0.0026461030229771284,0.0024525024333529595,0.0023374888966901236,0.0018658453287146513,0.008729831065339652,0.0020533378683191246,0.0030809358802628595,1.0,1.0601384178647087E-4,4.4497439388781847E-4,0.0024040701656766117,0.0243646047037482,0.0023334443409785267,0.0016777472155426912,0.0027300648792544626,0.002501745658606042,4.8427421076455536E-4,0.0017618147935611725,0.0028120215596515695,0.006220958572982244,2.9365980579048326E-4,0.0014053937596896695,0.01849885794896398,0.00277428533966349,0.006751453114979057,0.0027897083441145837,6.650181082219651E-4,0.002513427821437348,0.0019514122993926906,0.002079512736713901,0.0018309278686718686,0.002632202477925261,0.00167555883219145,0.0014046993833021965,0.0010881292202313546,0.0027315050718669485,0.0028416701594880626,0.004111151702832363,0.002004616924066867,0.0025885325934679984,0.02699278365647947,0.0018154281803628098,0.002493506871218151,0.0015818184538197036],[0.008033087605491644,7.45645685470831E-5,6.148237652370041E-5,5.962612416021233E-5,0.005219427610664953,2.491117825664584E-5,0.007986266335274533,1.569387693451624E-4,0.0012197299761173262,8.57803638814238E-4,4.794579653855527E-5,1.5710387817044212E-5,0.002754498662553046,1.2206660538874189E-5,0.0015725041108528835,1.0601384178647087E-4,1.0,3.6461245782920494E-5,1.8335971223787578E-5,0.0031786378067847725,1.9243523069706064E-5,6.042619832122492E-4,3.4822480529248045E-5,1.8165703565617902E-4,1.1619147137511983E-4,6.847214337006287E-5,0.009005738461608544,0.007887422437979947,8.68820736313721E-5,4.406945853032785E-5,0.01504155752890601,1.1797198235393032E-5,0.010539835753202687,7.978195832187779E-5,1.6813222865061546E-4,2.2569197030464474E-5,1.3251537002604352E-5,1.4742048424483816E-5,1.4809960414960495E-5,4.672994278151473E-4,9.092090924111644E-5,1.803514613766701E-5,1.8103398732846822E-5,0.002190306472087184,7.102051339924673E-4,0.0025355513908045463,2.9422938389536754E-5,1.3856619767490491E-5,0.0020138222486745464,1.2233298836689284E-4,0.0014189354609599905,6.172333141831619E-5],[0.006249431682825393,8.305941391732623E-5,2.3891770811793566E-4,6.191714415477936E-5,0.0032512126991595873,2.9399686012688314E-5,0.0022487391021595946,9.828889432775551E-4,0.0014385379638649984,8.571246876830528E-4,2.713276281540535E-4,5.9425204252422174E-5,0.017256189372720915,4.754461307613273E-5,0.0013078740716278145,4.4497439388781847E-4,3.6461245782920494E-5,1.0,5.2533610108735654E-5,0.006704750912479733,1.0287534361704933E-4,0.001137202189581591,9.223676343206679E-5,3.550156923588921E-4,7.279916188219128E-5,5.725859990071369E-5,0.006549856181532758,0.010282742200037909,5.811491436091515E-5,1.0065793865581565E-4,0.012827672180184855,2.9298944710676816E-5,0.0034163694371708094,1.0808858775000971E-4,1.2115884914023933E-4,9.779595885389378E-5,1.464611054699784E-5,4.497138455226758E-5,2.48741275649328E-5,4.605250734030859E-4,5.750358792733199E-5,1.4431845130824075E-4,4.789352882912152E-5,0.0016936531615275965,0.0019990663015472094,0.0020442448891212716,0.0011504223492286665,3.6635801121552686E-5,0.026781514806360072,8.289628090149187E-5,0.0017395220604429897,5.788124106970105E-5],[0.008137359638443253,8.44811378501446E-5,1.72086053004739E-4,5.797787167070473E-5,0.0032650557430196447,2.5508043673507953E-5,0.006176940255333534,9.023764828995539E-5,0.001135827771673111,3.496556852456658E-4,4.2326947457923896E-4,6.068564738838257E-5,0.0015002641897834269,1.2370336161562657E-5,0.0016909184285078234,0.0024040701656766117,1.8335971223787578E-5,5.2533610108735654E-5,1.0,3.330017901336E-4,1.2223413290078584E-4,5.8273035857841886E-5,9.754402097241993E-5,3.987072718694774E-4,1.25696486587946E-4,6.967993402836331E-5,0.004334302357980717,0.010874462183937752,8.969847408204788E-5,5.718061299418179E-5,0.006131673393939938,2.6244464548163583E-5,0.0060133478107647735,1.1164799485451291E-4,1.470696752792881E-4,6.928931584819063E-5,1.4985300417132532E-5,3.424327999295039E-5,4.9227359195440456E-5,0.0017504451848837678,6.444052435025183E-5,1.6594130980747198E-4,3.5865979567786745E-5,8.884993916473768E-4,4.339272389123089E-4,0.0016646325503170479,6.937730558486107E-4,2.692096021060083E-5,0.013947687579736941,8.22314274151718E-5,0.0010972967307448069,5.818586903086911E-5],[0.02038044241929137,0.005960204593477152,0.01816234966815254,0.025191892373143787,0.018350251548453145,0.017839590026381576,0.0194464908056365,0.00886356507518074,0.007767716702501428,0.003016945794911946,0.007633648483812093,0.021378372620656692,0.025426652363282422,0.011457142764274085,0.01098937646406742,0.0243646047037482,0.0031786378067847725,0.006704750912479733,3.330017901336E-4,1.0,0.006609457397577322,0.008303251690703463,0.019262741366931367,0.005187731116038187,0.023740697108161422,0.0070541578495446474,0.025159267277128326,0.014887182336598075,0.014527643304023216,0.022430436212544935,0.025645878483603838,0.021891331122438486,0.02456488723362562,0.007330348469069672,0.006659053450835202,0.0016800589270232929,0.014739934257996619,0.019929853216854327,0.0016280790475634082,0.022163384311714916,0.009361736558942086,0.012963507282350576,0.005541310916910484,0.009403577823055943,0.011526298264272027,0.007441632023951981,0.019245214677976605,0.021962846749258014,0.031212260146014865,0.01911837811178888,0.02265827399819816,0.009898339618692137],[0.011446337366382404,1.340231517896946E-4,3.116829846167568E-4,1.329840551293489E-4,0.006081672063470037,1.8688341849023868E-4,0.004072640111377371,0.0016740490979131302,0.001554198064572666,0.0018079027199946174,2.6798481446555313E-4,1.7368617676114526E-4,0.011789092592452815,2.7760658901972062E-5,6.73364404364017E-4,0.0023334443409785267,1.9243523069706064E-5,1.0287534361704933E-4,1.2223413290078584E-4,0.006609457397577322,1.0,6.013648338986956E-4,1.8421517263270674E-4,2.6543896136597056E-4,1.4043896323062357E-4,1.079670213398592E-4,0.001838146974545222,0.001870396349030086,1.323068453952442E-4,1.536661180667107E-4,0.015569879171036758,2.1887329852987933E-5,0.0076868518031778564,1.764477943306499E-4,1.9298343433377167E-4,1.6825868841547294E-4,1.2350363723899013E-4,6.215111425012405E-5,6.937729342340642E-5,0.001666134776911942,1.2270972238971118E-4,2.313060843899408E-4,1.619300890955655E-4,8.39845090483356E-4,4.593292207258141E-4,0.003030799183866687,9.905831293384815E-4,3.6679047711014466E-5,0.029907199816715413,1.8078535288964764E-4,0.0011595276815205445,1.3128743196958627E-4],[0.0018930900061383202,0.0010645788366654934,8.898156033779175E-4,0.001066798881815682,0.003565974992351675,0.0010208635462377593,0.007000262345494532,0.0017202900471299358,0.001854386985186138,0.0018954194029137,9.840629009719394E-4,4.6981662845429323E-4,0.009442118001195085,9.514548045511276E-4,0.0018766113972959219,0.0016777472155426912,6.042619832122492E-4,0.001137202189581591,5.8273035857841886E-5,0.008303251690703463,6.013648338986956E-4,1.0,6.46123225466169E-4,5.829893922342796E-4,3.668866667834984E-4,7.794025894763539E-4,0.008389163306791758,0.007996291357216127,6.217751571364437E-4,0.0011143890467693546,0.02296579641234086,0.0011033344212144883,0.0015004962543498234,8.660305706122632E-4,0.0010482820492383072,8.488268465279897E-4,5.293229890847491E-4,5.426543392343063E-5,0.0011037323483670252,0.0014646795715189606,8.181110913529815E-4,5.88359656972088E-4,7.783707130949122E-4,0.0017424016176333865,0.001919932795599527,0.002568490643386269,0.0013122632244663497,7.2767703995307E-4,0.04504970049978619,0.0011309780541328448,0.001289014256203491,3.829224285649646E-4],[0.0073332912192194165,1.1275955672023477E-4,2.471551395974309E-4,1.4316076176496098E-4,0.0012309485643527945,6.227965852177676E-5,0.008375783493626148,0.0018096989988937136,6.85784268667951E-4,0.0018494720532588333,1.9776587690938538E-4,1.3444397110100924E-4,0.010272499103585932,6.427101746814127E-5,0.002943074722493241,0.0027300648792544626,3.4822480529248045E-5,9.223676343206679E-5,9.754402097241993E-5,0.019262741366931367,1.8421517263270674E-4,6.46123225466169E-4,1.0,1.7992762196081117E-4,1.3553043195582755E-4,8.965593776567499E-5,0.008509113783364849,0.002551605994092992,1.3360198196418955E-4,1.4783920965774313E-4,0.01111237740830745,7.504961896420048E-5,0.005873794894284435,1.4788671217348212E-4,2.3846598625516297E-4,1.2647815557242323E-4,2.479131841147314E-5,1.3237233194877528E-4,1.4622690505958346E-4,0.0016016729573102239,1.4387327007134065E-4,2.1035115869525383E-4,1.0025171558254985E-4,9.40932599960853E-4,8.259334638234038E-4,0.0021143539339413524,8.207572604979414E-4,1.2098073666158375E-4,0.03354983115195673,1.4872744064225231E-4,0.0018485982923852787,1.4024966920640774E-4],[0.012295011922043849,1.9142038791953849E-4,5.650399966646289E-4,1.2435690388734675E-4,0.005992738108344925,1.1475725842339595E-4,0.004546358082690979,8.646430983071138E-4,0.0019560344393313956,9.748438368232954E-4,4.515650339689954E-4,3.203836300458264E-4,0.012519960959966431,1.9624254024948368E-5,0.001085479066983148,0.002501745658606042,1.8165703565617902E-4,3.550156923588921E-4,3.987072718694774E-4,0.005187731116038187,2.6543896136597056E-4,5.829893922342796E-4,1.7992762196081117E-4,1.0,1.302312780932369E-4,1.0744031040959255E-4,0.0032242595575444257,0.003839782591582204,1.5578838407753735E-4,1.2896898164524445E-4,0.011379353764969655,3.1052444392293634E-4,0.010538217088213644,1.5126859940155945E-4,3.332601990612718E-4,4.0651481303947967E-4,3.745561923974464E-4,2.2900421217753668E-4,3.2549258380358347E-4,0.0013179436259979365,1.3752503187544358E-4,3.071401533856408E-4,9.453219587286892E-5,7.087961268159395E-4,0.0015146243974468111,0.0034741053226611256,8.425211753328968E-4,1.6758682841514055E-4,0.027402440965180297,2.5781951881603506E-4,0.0014678760944096196,1.4626401750841877E-4],[0.01190150373812637,1.0801248553955852E-4,5.631288196911676E-4,7.858504891164963E-5,0.006277591828336616,7.769232149798836E-5,0.0047019965266712135,5.177151372241978E-4,0.0013477838856979377,6.256070349543736E-4,3.6030543157991986E-4,1.2786685832686902E-4,0.008842115711475718,7.056116934539151E-5,0.001314447345539164,4.8427421076455536E-4,1.1619147137511983E-4,7.279916188219128E-5,1.25696486587946E-4,0.023740697108161422,1.4043896323062357E-4,3.668866667834984E-4,1.3553043195582755E-4,1.302312780932369E-4,1.0,1.0799991586634561E-4,0.007388226495137807,9.909571909341877E-4,1.2621084804712905E-4,1.2305249370154597E-4,0.015396348073802685,8.289298858288749E-5,8.663845763231137E-4,1.3002825780562073E-4,1.6165216798061166E-4,1.1621081683539015E-4,1.2143236922544179E-4,3.580518914306755E-5,6.350712221932708E-5,0.0018065434974906087,1.1702631706731804E-4,2.0007340741512257E-4,6.854178420437034E-5,0.001096916495880592,1.6236152650915417E-4,0.001942139613114902,0.0012918365185995632,1.0633978778332748E-4,0.030913143565556935,1.4376947723468826E-4,0.0014030961695816763,9.601848266306239E-5],[0.012084439165515536,7.985580238089469E-5,5.789265856588108E-4,7.324619229500934E-5,0.0038757007312387485,5.764537002555804E-5,0.00881262097313391,2.1175574079408872E-4,0.0018669384409110133,0.0016886985166382766,2.4339781704679588E-4,7.569119078877642E-5,0.001557803019749766,4.2397857843887126E-5,0.0019517795521874944,0.0017618147935611725,6.847214337006287E-5,5.725859990071369E-5,6.967993402836331E-5,0.0070541578495446474,1.079670213398592E-4,7.794025894763539E-4,8.965593776567499E-5,1.0744031040959255E-4,1.0799991586634561E-4,1.0,0.00507667101685688,0.010920119975685693,7.492792452269861E-5,7.983566454921023E-5,0.0018909368758387155,7.288613060157516E-5,0.009991309168013872,1.0882788391650963E-4,1.5046392275549667E-4,9.643879573644087E-5,2.5414911856316486E-5,4.055412797580581E-5,3.358525443112886E-5,0.0014797718279865005,7.542061653737562E-5,2.2613025934496944E-4,6.808713509377815E-5,0.0020565054763458314,0.001931328027611276,0.003992059092018156,1.2358519167245837E-4,4.8252973787297026E-5,0.040654546969367954,1.3654006795802055E-4,1.3947445274731918E-4,7.0478365019421E-5],[0.011163682003998338,0.009512282217220011,0.009955406740858009,0.006516740347436157,0.00940335185083242,0.007998999693525773,0.010249935040663476,0.00757135516666379,0.0051444531798945535,0.004314488529393812,0.006631912038629116,0.009603102613593636,0.01135554405094239,0.0021228682533598253,0.006080451236989804,0.0028120215596515695,0.009005738461608544,0.006549856181532758,0.004334302357980717,0.025159267277128326,0.001838146974545222,0.008389163306791758,0.008509113783364849,0.0032242595575444257,0.007388226495137807,0.00507667101685688,1.0,0.010947453263950002,0.010124065812036499,0.007323787874810443,0.026202128004193227,0.0033089441641483463,0.011010974937087605,8.418760101880976E-4,3.15411213402348E-4,0.003161880673557241,4.7712771925098477E-4,0.0028663079906082,0.005799897315571593,0.0027506448075347487,0.005825762102704009,0.004779808584727982,0.004499140121342218,0.00849515708064633,0.0033726489487900476,0.005468881423974529,0.009339166670655786,0.0039022663814670005,0.039191556826340644,0.005219503532936227,0.010183998778335573,0.0072560709292538925],[0.0117454942913392,0.0014432926440555755,0.004528317424205248,0.008172665467341356,0.008620375560710854,0.007840128575709709,0.011105474701764071,0.00791232088546559,0.008947383589406506,0.00605631943899233,7.341108577055833E-4,0.01085895887646995,0.018823680927553404,0.0035764343578670514,0.0048370912425126375,0.006220958572982244,0.007887422437979947,0.010282742200037909,0.010874462183937752,0.014887182336598075,0.001870396349030086,0.007996291357216127,0.002551605994092992,0.003839782591582204,9.909571909341877E-4,0.010920119975685693,0.010947453263950002,1.0,0.0024775397562835236,0.003121332871204861,0.022426026945591992,0.0027868664803881236,0.01142592753148202,0.010308734448626128,0.005910727088539101,0.0011101534366213875,0.008169615170231508,0.005872526645333719,0.011194915384691256,0.003779340898843549,0.007779320230404204,0.0028010260427768327,0.0010755095124281473,0.00633038969664247,0.009533260505602015,0.007049725207680842,0.0060581336525603316,0.0050362027048836385,0.04395576480152627,0.006778155815483112,0.008586125459319,0.005668007832158788],[0.005934875609497489,1.1597862139418508E-4,5.298728980860686E-4,9.972584723117386E-5,0.004156742805133701,1.1718942933723214E-4,0.00479005055862429,5.429539911051739E-4,0.0021220453957958695,8.796797037096346E-4,4.298608801979532E-4,1.1613413472848536E-4,0.02004265698236553,7.044738840755547E-5,0.0013995385583409061,2.9365980579048326E-4,8.68820736313721E-5,5.811491436091515E-5,8.969847408204788E-5,0.014527643304023216,1.323068453952442E-4,6.217751571364437E-4,1.3360198196418955E-4,1.5578838407753735E-4,1.2621084804712905E-4,7.492792452269861E-5,0.010124065812036499,0.0024775397562835236,1.0,1.2012017221507885E-4,0.00884192319055421,9.873361736507754E-5,0.0024445414182159113,1.2467062354938943E-4,2.731584721799051E-4,1.0511250747691407E-4,1.617265699190515E-5,7.5854242117177E-5,2.3353754183441594E-5,0.0018127253344407631,1.1659508416494323E-4,2.2042181255879704E-4,8.722629578950065E-5,0.0019798902361004753,0.0011935536099931137,0.0029707248936231665,3.970266886005002E-4,5.743880697854494E-5,0.010378493247472562,1.3104963351938566E-4,3.341430813502712E-4,1.1954403960907358E-4],[0.0048862251681478655,1.1019212596991167E-4,2.616525975149853E-4,7.317711366607312E-5,0.004234730517798194,1.140006706353303E-4,0.007754644983725161,2.617619195777411E-4,6.837537308670146E-4,0.0010626189908685905,4.379765590697964E-4,1.1168290821694182E-4,0.003960524352886428,3.511130311757391E-5,4.8791733657751595E-4,0.0014053937596896695,4.406945853032785E-5,1.0065793865581565E-4,5.718061299418179E-5,0.022430436212544935,1.536661180667107E-4,0.0011143890467693546,1.4783920965774313E-4,1.2896898164524445E-4,1.2305249370154597E-4,7.983566454921023E-5,0.007323787874810443,0.003121332871204861,1.2012017221507885E-4,1.0,0.025964902935806264,1.0907476884100499E-4,0.005628313518895843,1.326470827912203E-4,1.5039693016638515E-4,1.0550436159290588E-4,5.077759757879411E-5,4.730370895102148E-5,7.641828973562828E-5,0.001659708034199074,1.1330139117317398E-4,2.3384554103572327E-4,7.831982371604072E-5,5.85501779939388E-4,0.0022600937384076717,0.003535939700672129,0.0011400710904435434,2.625702705459978E-5,0.023695135531912243,1.2769771678868192E-4,0.0016002737182602696,9.13383713681102E-5],[0.023970687961691443,0.02565990402944645,0.014499885820168243,2.8828022127915757E-4,0.007867405147720528,0.022237054595765464,0.021844441262933886,0.014355613677071579,0.013626160675050599,0.020691856997832037,0.012497759518196204,0.0031849898217414306,0.02639690349720153,0.00639520610650366,0.011582995776294987,0.01849885794896398,0.01504155752890601,0.012827672180184855,0.006131673393939938,0.025645878483603838,0.015569879171036758,0.02296579641234086,0.01111237740830745,0.011379353764969655,0.015396348073802685,0.0018909368758387155,0.026202128004193227,0.022426026945591992,0.00884192319055421,0.025964902935806264,1.0,0.02373805328999419,0.018560848980862837,0.02459426563612122,0.0037107872951686787,0.024515435105135076,0.020801472633952645,0.017379782538449264,0.02563705103509823,0.013766396854012349,0.010962876996039103,0.001812966758362971,0.008353018381996142,0.016234969472622318,0.004676472637680329,0.024970420885810325,0.012874043664570421,0.012667046292231254,0.028121523045758316,0.009655969422267896,0.010346224296871407,0.0069691983019286655],[0.012246134328486426,1.4510322175276866E-5,3.417489879164919E-4,3.953431208041439E-5,0.0022301686142877533,2.2838901499489866E-5,0.00913596640548904,7.338332288338173E-4,9.968325538842325E-4,0.00135450849169996,2.011596120146224E-4,6.019350110383974E-5,0.014048346877923041,1.0677065686660553E-5,9.622351413957089E-4,0.00277428533966349,1.1797198235393032E-5,2.9298944710676816E-5,2.6244464548163583E-5,0.021891331122438486,2.1887329852987933E-5,0.0011033344212144883,7.504961896420048E-5,3.1052444392293634E-4,8.289298858288749E-5,7.288613060157516E-5,0.0033089441641483463,0.0027868664803881236,9.873361736507754E-5,1.0907476884100499E-4,0.02373805328999419,1.0,0.00970854487780607,1.1828912955987591E-4,8.990240386787879E-5,8.894919191587605E-5,1.2181648397540919E-5,1.581241606513769E-5,1.0885493151782597E-5,0.001833035822290712,9.903646412695673E-5,1.817297102358291E-4,1.4271087379054534E-5,0.001046164588539978,6.658810540832216E-5,0.0011552736801974848,5.452655711550035E-4,1.3228432246861435E-5,0.02058411194475727,7.96686743814118E-5,0.0017481203360726998,3.392072804719311E-5],[0.012492079688495692,0.007880035329792931,0.011833335080172556,0.004989672033278278,0.012178560929366937,0.006129633038728574,0.012081578116585038,0.0030944611584580294,0.003874689005413088,0.0044210555593908775,0.007118715495341614,0.00671370356760487,0.019373954914640577,0.005253928329967077,0.00905566332503817,0.006751453114979057,0.010539835753202687,0.0034163694371708094,0.0060133478107647735,0.02456488723362562,0.0076868518031778564,0.0015004962543498234,0.005873794894284435,0.010538217088213644,8.663845763231137E-4,0.009991309168013872,0.011010974937087605,0.01142592753148202,0.0024445414182159113,0.005628313518895843,0.018560848980862837,0.00970854487780607,1.0,4.8131727722729384E-4,0.0018940953765736828,0.0019816962802871613,0.0036265414062123433,0.009268153459287953,2.5021178394865216E-4,0.0050446990968287565,3.7637488073145485E-4,0.005511071744867392,4.378579889151687E-4,0.005742977683007125,0.006728316152176632,0.010786287197592816,0.011323789651192592,0.010458532440574925,0.01669081995131375,0.0021137009979045706,0.010879811440112675,0.009505813760952258],[0.00979690060830698,1.3272940803981504E-4,5.010128603332802E-4,1.0855034367181533E-4,0.0034593854952172593,1.3979081211912622E-4,0.010364146474151438,5.898891849333721E-4,0.0010963337803960803,0.0014792383646501526,2.754643068404848E-4,1.1794976837581865E-4,0.012345240389404013,1.013678002850052E-4,0.0021372732961735803,0.0027897083441145837,7.978195832187779E-5,1.0808858775000971E-4,1.1164799485451291E-4,0.007330348469069672,1.764477943306499E-4,8.660305706122632E-4,1.4788671217348212E-4,1.5126859940155945E-4,1.3002825780562073E-4,1.0882788391650963E-4,8.418760101880976E-4,0.010308734448626128,1.2467062354938943E-4,1.326470827912203E-4,0.02459426563612122,1.1828912955987591E-4,4.8131727722729384E-4,1.0,1.6792392187445495E-4,1.2660996523031597E-4,9.652477807627448E-5,5.1436007625906634E-5,7.716391686851811E-5,3.5597419780833764E-4,1.3129849001264582E-4,1.5567745486943195E-4,1.0044197797082628E-4,0.0013736613252332839,0.0026839293373122994,1.9865371546506298E-4,9.463007425089662E-4,9.218657928137389E-5,0.03267459913474492,1.5310523656930443E-4,0.0012785501754806897,1.332084020097103E-4],[0.010000460913641792,1.5108809422958636E-4,3.915115525993994E-4,1.9404928317692387E-4,0.002324388022257298,2.4183696605586719E-4,0.0036058439607463623,0.0013483452107557689,0.001336216535454138,0.0012986687318318334,3.9655148402375953E-4,1.0741849920261439E-4,0.022292664009454757,1.9907998420023141E-4,0.0030658955663317045,6.650181082219651E-4,1.6813222865061546E-4,1.2115884914023933E-4,1.470696752792881E-4,0.006659053450835202,1.9298343433377167E-4,0.0010482820492383072,2.3846598625516297E-4,3.332601990612718E-4,1.6165216798061166E-4,1.5046392275549667E-4,3.15411213402348E-4,0.005910727088539101,2.731584721799051E-4,1.5039693016638515E-4,0.0037107872951686787,8.990240386787879E-5,0.0018940953765736828,1.6792392187445495E-4,1.0,1.2704103050547016E-4,9.554001484558106E-5,9.149599374216302E-5,7.827375510770964E-5,0.0010457086864836573,1.2264886504899703E-4,2.772442609639491E-4,2.046588086615224E-4,8.859904144807849E-4,0.0016157662258305147,0.004147951445906461,4.7205163494702E-4,1.09200728959172E-4,0.024174038518223164,2.6960784197182326E-4,0.0010188742783188971,1.1447880161639789E-4],[0.0024764990168399427,1.0680765987944144E-4,4.1901512266743536E-4,9.942436892253434E-5,0.0014260488205439232,3.662831480887255E-5,0.0033536812394440664,0.0011701705601588164,0.002001813743166099,0.001029950681450528,2.5904354131257E-4,1.0370777224317905E-4,0.018079939549651917,1.4403948411791775E-5,0.002127273795123453,0.002513427821437348,2.2569197030464474E-5,9.779595885389378E-5,6.928931584819063E-5,0.0016800589270232929,1.6825868841547294E-4,8.488268465279897E-4,1.2647815557242323E-4,4.0651481303947967E-4,1.1621081683539015E-4,9.643879573644087E-5,0.003161880673557241,0.0011101534366213875,1.0511250747691407E-4,1.0550436159290588E-4,0.024515435105135076,8.894919191587605E-5,0.0019816962802871613,1.2660996523031597E-4,1.2704103050547016E-4,1.0,9.834622268671253E-5,6.107457639202468E-5,5.7552055218686144E-5,0.0018613314781588933,1.1013353194496965E-4,2.3990104595284384E-4,7.650220108620844E-5,6.719611970122661E-4,3.216949557510541E-4,0.0021022171947813516,4.73615939217129E-4,3.378191414528626E-5,0.02756247316710973,1.0368449066330256E-4,0.00119176620868656,7.546666163006912E-5],[0.005888088254957647,9.326404143821879E-5,1.2151911525563898E-4,6.482254470213684E-5,3.025771849413834E-4,1.683534850533337E-5,6.773564062948203E-4,0.0011814473914991792,0.0015123952343477774,9.948030575230255E-4,4.3283913470280205E-4,1.966069990664568E-5,0.006359085101091445,1.1707560838920042E-5,0.002109098226878188,0.0019514122993926906,1.3251537002604352E-5,1.464611054699784E-5,1.4985300417132532E-5,0.014739934257996619,1.2350363723899013E-4,5.293229890847491E-4,2.479131841147314E-5,3.745561923974464E-4,1.2143236922544179E-4,2.5414911856316486E-5,4.7712771925098477E-4,0.008169615170231508,1.617265699190515E-5,5.077759757879411E-5,0.020801472633952645,1.2181648397540919E-5,0.0036265414062123433,9.652477807