[[1.0,0.009512373186483071,0.005586730545141077,8.638575976533159E-4,5.233226091243208E-4,0.002966787045226735,6.598414023470639E-5,7.865750445588941E-4,3.3822573082215244E-5,3.6585124269412504E-4,4.4485035812946553E-5,1.3520260614642682E-4,1.0844874496744558E-4,1.2509302144491662E-4,9.060812357554056E-4,1.2219308322307398E-4,0.011144803725199687,0.0014246650099334936,5.412826225377155E-4,5.19254309993337E-4,1.708447131679519E-4,7.859394358560064E-5,1.251874547299743E-4,7.190154018757602E-4,1.2001610204649354E-4,1.9548631533794294E-4,2.1276870272973422E-4,1.0346733990144201E-4,1.098740390239519E-4,6.939606719900959E-4,0.007031435681021717,3.3223070213324904E-5,0.005580920459903102,9.193307314156946E-5,7.568230044789815E-5,1.015685055061352E-4,8.282298978736436E-5,4.4793103762095056E-4,0.003692487670259672,0.012751479944494656,0.06170545835762302,1.163223191231759E-4,1.0843178260548491E-4,5.602649617231884E-5,5.980413148927958E-4,6.032293720486034E-5,0.0018655570106156979,0.0010748738673900743],[0.009512373186483071,1.0,0.010551747034067686,0.009394323098698918,0.011152316554409255,0.0070322520768742154,0.010752056332339218,0.011651365075836641,0.00697771628098081,0.00658505611664606,2.888105144477436E-4,0.008623511977493028,0.008189926258622483,0.0015300074392971797,0.00953556174671745,0.008934420964228773,0.01650542238810491,0.005674421299470781,0.002773143170661383,8.470878809598169E-4,0.009180783114962234,0.011130528578682198,0.003699737257404099,0.0072152141681538036,0.0028602713677636856,0.006503994636505121,0.0013482957164349285,0.0024365320309137654,0.002376513186473886,0.00825732467862287,0.008638766675089287,0.0074752346933552125,0.011406226836727686,0.009359819868690979,0.009938633235305631,0.004413108215380149,0.0029299896259463907,0.006025624180914772,0.016472446056904046,0.018933835494461204,0.05691130375168171,0.004742146805182701,0.00110880077836246,0.011031918505243175,0.011367010579232525,0.011080878630088614,0.010157044313822342,0.005063048669719818],[0.005586730545141077,0.010551747034067686,1.0,0.008730417709120114,0.009063432841409567,0.0068341077409799994,0.0017357712022740362,0.002855379588003437,0.0077306089663720405,0.008271296306878492,0.003533444641708384,0.006997917239718455,4.432644594272012E-4,0.007103042844789909,0.003814976323873482,0.007004109967879823,0.018084443320571575,0.006117908010897887,0.005537463505317553,0.006012669214789854,0.006855852348275573,0.0041222814118704754,0.003201601527661197,0.008444028573638091,1.346731380241289E-4,0.004697247061677791,0.0065473217000513,0.007760931813562156,0.003347835061581455,0.008380607340362604,0.008692727610943012,0.006236982300768802,0.009153933605024237,0.003712455377134872,0.0057649155880237415,0.001799646174007295,0.0050034941845468976,0.00529950721837623,0.017022238459726932,0.014372204096347943,0.016142480362668098,0.0023437393797504777,0.00541849492992542,0.005895915162446018,0.008366329698891214,0.006099593875394678,0.008976265355202108,0.007571627454806497],[8.638575976533159E-4,0.009394323098698918,0.008730417709120114,1.0,0.009991170999013374,0.00844437722299643,0.004801092159553976,0.0022898484309144106,0.0034324130726955215,0.004047001410952854,0.0017684522052431547,0.006452551209134374,0.004117780215434832,0.008792872052464542,0.006169318739884303,0.006911203736617458,0.011235936136731725,0.0061892382301454215,0.0020230012608627376,0.007396204610326096,0.00511748894490803,0.008599157852213938,0.002236489214782218,0.006629814555674181,0.005008903894845864,0.0028689010835349056,0.003102018944950369,0.005693595949538302,0.004829280773960595,0.0045529347913766454,0.008134072389703194,0.0010665331675366785,0.01084920768061008,0.0018335723603000928,0.0028455381970105254,0.0018978477328217376,6.257523538364917E-4,7.907314989992363E-4,0.013225532361741166,0.014190243583903209,0.025578888817076054,0.003936823438495215,0.0049206459543046826,3.894706456989431E-4,0.004610939211349065,8.683792492801214E-4,0.008878454451664113,0.007482157131474066],[5.233226091243208E-4,0.011152316554409255,0.009063432841409567,0.009991170999013374,1.0,0.008112606791872437,0.005156958101094746,0.009145579776821566,0.004628204139244407,0.0071352464092978895,0.005513078477255979,0.003029123548789278,0.0089133698967884,0.009933629263355503,0.004971845178752808,0.003401378743454071,0.012209177440263785,0.010115115447408932,0.004182654417797535,0.0021641070036312548,0.0013592685441067044,0.0018449027076479856,0.004214037197858945,0.008791350281248689,0.0030106391752923044,0.0025881638603737975,0.0032303330011990827,9.605856517036193E-4,0.005927637783384164,0.008945567649209545,0.009008896775613374,0.005939978379804016,0.010992717576253546,0.005959397537558778,0.004959416175441859,0.010072914884685391,0.009788731027776842,0.0011448608873044974,0.012318885196528327,0.011665991702210459,0.05454541994172921,0.006116462168286101,0.009835912440931521,0.0077117781935208555,0.005266852412162768,7.835165839231168E-4,0.010112815457724475,0.0033376404265876036],[0.002966787045226735,0.0070322520768742154,0.0068341077409799994,0.00844437722299643,0.008112606791872437,1.0,0.0015978613536739902,0.003608260921322405,0.0036005313713952133,0.002060592296285008,0.004229463730997287,0.004961790741211663,0.0054310391928208985,0.0013943101518495002,0.0045203652092368355,0.0036745457423682498,0.02020984819259927,0.005978256019275028,0.0017364651816648498,0.006057714106918129,0.005365099069134681,5.9957698464507215E-5,0.001771157627135796,0.0019714517004795736,2.005531721711839E-4,0.004216442385489402,0.0018773601463543772,2.442196945614278E-4,0.0057109781343587735,0.003465517855321892,0.007900467511495297,0.00223643306058325,0.007350885194724376,0.0031244158075071533,0.0065162916659941665,3.672549022269579E-4,0.0010519446468804856,0.0062650723284976674,0.00822852132854988,0.006812383404604724,0.06322572816534877,0.003153498812849356,0.004406323144590158,0.001979610537324155,0.005668571617997731,0.006056622094134317,0.008859573413185301,0.0036724790791182274],[6.598414023470639E-5,0.010752056332339218,0.0017357712022740362,0.004801092159553976,0.005156958101094746,0.0015978613536739902,1.0,0.0012132572160336232,1.6340822633301542E-5,8.477597080274704E-5,1.553927716383044E-5,1.0567021515701706E-4,9.45282778296894E-5,2.6356861732557713E-5,5.958706649925746E-4,6.159776686659398E-5,0.002205227358017586,0.001484620816494209,0.00101144898719578,8.154860142040744E-5,1.2775610451029384E-4,2.130951936892933E-5,1.3263424395106173E-4,8.508255742359595E-4,1.0360264522591423E-4,4.170772518024641E-4,3.782499680451961E-4,8.726409747802931E-5,1.4544364324869388E-4,9.787738584301306E-4,0.00352707725035714,1.32034059682626E-5,0.004441176514343677,1.8394543884091227E-5,2.3665285767382954E-5,1.3970564617999764E-4,1.9122503111671228E-5,5.866148052345863E-5,0.01774596751973257,0.011740092256310954,0.015359837006497448,4.318595279720211E-5,4.6241484827369176E-5,2.4280780497870372E-5,9.369646442574564E-4,2.0251365063006483E-5,0.004125499790544886,0.00142493726290023],[7.865750445588941E-4,0.011651365075836641,0.002855379588003437,0.0022898484309144106,0.009145579776821566,0.003608260921322405,0.0012132572160336232,1.0,3.991238048127548E-4,0.0011858504669746317,0.0011578466769724828,0.0011492627660635115,8.366977070545568E-4,5.448889156524205E-4,0.0013479851193775375,9.429280686811989E-4,0.019989963291511755,0.001665310845047554,0.0011666436093017392,0.0012042229657683048,8.026326284114641E-4,9.529074835529944E-4,5.578650476582204E-4,0.0015714032425408284,1.7233941681365483E-4,0.0013342860160458954,7.218719421256306E-4,3.3615025049489963E-4,8.137625444366876E-4,0.0012236658921103813,0.0018631565935942037,6.85159942839355E-4,0.01007196061852796,5.602483122843449E-4,3.7852626043068436E-4,7.271742712755482E-4,0.0010316529512322098,0.001098383408034941,0.008813855246557974,0.018348703873712544,0.013519710530141879,8.605674168311081E-4,4.368885892707914E-4,2.9509823792553394E-5,0.0013428333069431186,0.0013273979060383135,0.004039048438393484,0.0016612739502324483],[3.3822573082215244E-5,0.00697771628098081,0.0077306089663720405,0.0034324130726955215,0.004628204139244407,0.0036005313713952133,1.6340822633301542E-5,3.991238048127548E-4,1.0,1.695559076093603E-4,1.2103694784545276E-5,7.507862150971698E-5,2.136291739420512E-5,6.433114350640087E-5,1.8728722116628473E-4,7.810153091752558E-5,0.017632816129790736,0.001420042334839938,0.0010619596765896594,3.943954443031896E-4,4.560313130652047E-4,1.7226352327585713E-5,1.5210729720771822E-4,6.142790497809143E-4,1.466968369689287E-5,0.001194797513156415,6.174905947995898E-5,8.855505813607348E-5,8.650875279635796E-5,2.7409394536403764E-4,0.0017581739554391085,1.1530792667163296E-5,0.00404573779315438,1.16562935128565E-5,1.7880261228570142E-5,7.37191214404643E-5,1.599479156265417E-5,5.4853589121626284E-5,0.01623259330324408,0.014054597010937184,0.029313124610411755,5.756825689630987E-5,8.715526142769362E-5,2.180608132469031E-5,0.001074255036847978,1.4099964677839973E-5,0.00370274609645049,0.0017106502501300375],[3.6585124269412504E-4,0.00658505611664606,0.008271296306878492,0.004047001410952854,0.0071352464092978895,0.002060592296285008,8.477597080274704E-5,0.0011858504669746317,1.695559076093603E-4,1.0,1.6081764325806287E-4,4.2629938754314796E-4,3.829972453797261E-4,4.362787634751576E-4,5.833295210526884E-4,1.3459027289849565E-4,0.01114697571995976,5.348561954674892E-4,6.449092252809037E-4,5.282490566596564E-4,4.946246145262205E-4,3.6824543770075765E-4,4.222156038924923E-4,5.190403308971584E-4,4.6565423065246753E-4,9.355625430363813E-4,4.3076346308788544E-4,2.1787590973594177E-4,2.6072111609686763E-4,9.306650119053569E-4,0.0013603082400581792,4.813137886961347E-4,0.007178821774178944,2.757088309466664E-4,5.2450547817454134E-5,3.112629009329182E-4,7.892376966406768E-5,4.917080198787354E-4,0.012674313293956824,0.002752882058183052,0.04299005183925553,4.444219186319849E-4,4.2484203666479645E-4,1.3690954446524906E-4,5.037012648370706E-4,7.210652156366525E-5,0.0022001166773634394,0.001598988428915663],[4.4485035812946553E-5,2.888105144477436E-4,0.003533444641708384,0.0017684522052431547,0.005513078477255979,0.004229463730997287,1.553927716383044E-5,0.0011578466769724828,1.2103694784545276E-5,1.6081764325806287E-4,1.0,4.1158597671647784E-5,1.1579658194907559E-4,5.1807642664837004E-5,6.207399561354902E-4,4.9512584031294954E-5,0.01936540065461949,0.0016681466974885891,7.830294131374409E-4,1.6590041678123923E-4,2.899258855145777E-4,1.432966854569501E-5,1.5527925809346332E-4,0.0013506055122660913,1.0529110605838898E-4,0.001240070667876982,3.984834834405412E-4,1.0354676438013567E-4,6.595883716337582E-5,7.183872423634539E-5,0.0073937272185657125,1.1976816726574692E-5,0.009629619784484613,1.2252415204855597E-5,1.3593226317255149E-5,1.0257458533842607E-4,1.6992883552677395E-5,3.134357691565233E-4,0.006731362609070796,0.013096194375808475,0.050838477062045966,9.30939912400483E-5,1.5795391951106542E-4,1.6454610294609396E-5,5.5135748627132006E-5,1.763274183979813E-5,0.00777242724026884,0.0017659381560187486],[1.3520260614642682E-4,0.008623511977493028,0.006997917239718455,0.006452551209134374,0.003029123548789278,0.004961790741211663,1.0567021515701706E-4,0.0011492627660635115,7.507862150971698E-5,4.2629938754314796E-4,4.1158597671647784E-5,1.0,1.5904477846080033E-4,1.7509402448913624E-4,3.249917176771491E-4,1.333502533751367E-4,0.0173072014121434,0.001566926010519061,8.78103313246631E-4,3.994345101966714E-4,4.757389849304403E-4,5.472624174904964E-5,1.779995572020497E-4,3.4994267159804156E-4,1.563559711108894E-4,0.0013324700625290174,3.529404326773264E-4,1.436629654939846E-4,1.7341448855811867E-4,0.0011991039730729163,0.006860814591792152,1.53781297974553E-4,4.3677538122830297E-4,1.356813787678203E-4,7.568721021712718E-5,1.766412929038932E-4,1.49538672373871E-4,2.839529648236197E-4,0.010738247342445377,0.004031300204708867,0.01393108375388324,1.397351492934881E-4,1.8421296608384888E-4,4.235155819278151E-5,0.001045629926759816,1.722254583471024E-4,0.004877865547416851,3.926752306007454E-4],[1.0844874496744558E-4,0.008189926258622483,4.432644594272012E-4,0.004117780215434832,0.0089133698967884,0.0054310391928208985,9.45282778296894E-5,8.366977070545568E-4,2.136291739420512E-5,3.829972453797261E-4,1.1579658194907559E-4,1.5904477846080033E-4,1.0,1.452913643380478E-4,0.0013610796319036098,1.3671664736826582E-4,0.016848516452780165,0.001235662256371135,1.5521448115884552E-4,3.78891732260279E-4,1.7771939076120474E-4,1.2417881578229218E-4,1.4891239407557283E-4,2.942519342323711E-4,1.4169575007043616E-4,4.1619677412437373E-4,2.547423085623773E-4,1.3245982458694752E-4,1.4309476094697898E-4,3.5068974298469466E-4,0.007471537933329667,7.19794223385096E-5,0.010092068054331615,3.976112505390964E-5,1.2861999136545594E-4,1.4507768539300805E-4,1.210184708187044E-4,3.242765835715644E-4,8.802478644016345E-4,0.005482425887715347,0.04312076876512516,1.3065738121656364E-4,1.4785741921272407E-4,1.3569133255678082E-4,0.001461455971386433,1.0232815499552802E-4,0.00250914996516996,0.0011525996744449981],[1.2509302144491662E-4,0.0015300074392971797,0.007103042844789909,0.008792872052464542,0.009933629263355503,0.0013943101518495002,2.6356861732557713E-5,5.448889156524205E-4,6.433114350640087E-5,4.362787634751576E-4,5.1807642664837004E-5,1.7509402448913624E-4,1.452913643380478E-4,1.0,2.2331278186784272E-4,1.4331036574515536E-4,0.011778783730520593,1.631835860040925E-4,4.5143517566914864E-4,2.4377721002528436E-4,3.116396544885047E-4,7.054018008111721E-5,1.6075352516712704E-4,0.0010263697780330578,1.4276779459872476E-4,0.001090721058540706,3.939337735824439E-4,1.232955571370601E-4,1.4956987959719305E-4,0.0010589185999928053,0.00299492692441628,4.667629243981062E-5,0.008323409800738608,1.588641762343848E-5,4.712585442077808E-5,1.4890872389180783E-4,3.4740716934526987E-5,3.7585545085484605E-4,2.1932099193005755E-4,0.016488254396791534,0.026101543709971135,1.413116468506605E-4,1.918094962724001E-4,1.1548317625913865E-4,4.2296608395258673E-4,1.405503243791247E-4,0.002649284139542984,0.0015766953699021648],[9.060812357554056E-4,0.00953556174671745,0.003814976323873482,0.006169318739884303,0.004971845178752808,0.0045203652092368355,5.958706649925746E-4,0.0013479851193775375,1.8728722116628473E-4,5.833295210526884E-4,6.207399561354902E-4,3.249917176771491E-4,0.0013610796319036098,2.2331278186784272E-4,1.0,0.0010851223522614184,0.00533079757942082,0.0014146117510783842,0.0013561560579081725,7.645183709872852E-4,8.864505075503249E-4,5.988488696314976E-4,6.6179333989213E-4,0.00164221463647027,3.77889275485401E-4,0.0013616063526537756,7.299368387918392E-4,6.55857933084719E-4,1.8104977028385362E-4,0.0013575452101462942,0.002811043240798472,0.0010924664375739546,0.00849186901519826,8.663487281826637E-4,0.0010089821150676601,0.0010502474397285871,0.0013152347206951236,0.001279560261879347,0.00421102057741052,0.015316867554982532,0.04909493646481586,8.121106211892094E-4,4.441038215135071E-4,2.7491710977439076E-4,0.001427381204318737,1.3961046048144502E-4,0.005720036460606123,0.0014193291437756693],[1.2219308322307398E-4,0.008934420964228773,0.007004109967879823,0.006911203736617458,0.003401378743454071,0.0036745457423682498,6.159776686659398E-5,9.429280686811989E-4,7.810153091752558E-5,1.3459027289849565E-4,4.9512584031294954E-5,1.333502533751367E-4,1.3671664736826582E-4,1.4331036574515536E-4,0.0010851223522614184,1.0,0.02017340338837149,6.916015438516854E-4,9.763078597199486E-4,2.701883410579454E-4,4.173558317760494E-4,1.0631067712938389E-4,1.4391925282733738E-4,8.588856203642424E-4,1.2605104333924722E-4,2.3474010833561754E-4,2.2207917561547239E-4,1.1525576098264233E-4,1.2521066675003897E-4,1.8746572994459115E-4,0.002054241231169581,2.984461967740649E-5,0.007667215197393891,8.864370201940844E-5,8.02118969131489E-5,1.461042842432593E-4,7.053227918721453E-5,2.3621736048242166E-4,0.013610953969273974,0.0018804052029018298,0.04707858207837809,1.1927416886284261E-4,1.5822186355658358E-4,8.860627911048261E-5,2.5513864835003416E-4,5.9564996108366514E-5,0.002039707393727651,0.001247582242058145],[0.011144803725199687,0.01650542238810491,0.018084443320571575,0.011235936136731725,0.012209177440263785,0.02020984819259927,0.002205227358017586,0.019989963291511755,0.017632816129790736,0.01114697571995976,0.01936540065461949,0.0173072014121434,0.016848516452780165,0.011778783730520593,0.00533079757942082,0.02017340338837149,1.0,0.004670611609849077,0.0038877603395748336,0.019426090662131645,0.00416342475038456,0.013771124493187636,0.011318479680259678,0.016009928051469002,0.00185703503673413,0.003065009003946642,0.020596657139112823,0.005191318996725623,0.016576086670004132,0.012642422109206256,0.014425614835936372,0.010941440907612334,0.015363186048915164,0.01084552184355308,0.018718545465343652,0.01649915310339363,0.01920656865539205,0.008157496967537384,0.020316290669516446,0.020510679739780404,0.03153775751247504,0.007983914455219412,0.02082553990830182,0.0031545748568460974,0.013764048597587222,0.016715081105941616,0.010045612890212602,0.016508848546856417],[0.0014246650099334936,0.005674421299470781,0.006117908010897887,0.0061892382301454215,0.010115115447408932,0.005978256019275028,0.001484620816494209,0.001665310845047554,0.001420042334839938,5.348561954674892E-4,0.0016681466974885891,0.001566926010519061,0.001235662256371135,1.631835860040925E-4,0.0014146117510783842,6.916015438516854E-4,0.004670611609849077,1.0,0.0013596499109267677,6.156415492264272E-4,5.606242893090516E-4,8.579979586732003E-5,3.681937857593873E-4,0.0017231898120444566,3.523001972901697E-4,0.0016481742698758876,0.001548235489161998,9.524083412473458E-4,9.127637854218684E-4,0.0015961966159474409,0.003382456648407111,0.001315331750909867,0.005034189994429636,0.0011797537047080029,2.674118530586452E-4,0.001111298607412538,2.548921503352787E-4,0.001206066796736176,0.013809777610643868,0.01497377589780067,0.05289302350402232,3.534397940852033E-4,0.0015868317561646883,0.0012292115710212062,0.0016653302191545747,7.279198745861675E-4,0.006690798376602734,0.0018102244969715605],[5.412826225377155E-4,0.002773143170661383,0.005537463505317553,0.0020230012608627376,0.004182654417797535,0.0017364651816648498,0.00101144898719578,0.0011666436093017392,0.0010619596765896594,6.449092252809037E-4,7.830294131374409E-4,8.78103313246631E-4,1.5521448115884552E-4,4.5143517566914864E-4,0.0013561560579081725,9.763078597199486E-4,0.0038877603395748336,0.0013596499109267677,1.0,6.639497144652371E-4,7.504752878029009E-4,8.662611794832527E-4,1.8448008399126744E-4,0.001297608722614297,2.1193266808199133E-4,0.0012814970572784128,0.0010021982792866623,8.335185779545708E-4,2.1631923605899806E-4,0.0011717530089146034,0.003662155212499784,6.479422512272468E-4,0.0018533070914048468,0.001051820236219649,5.893434168702322E-4,2.795244125703303E-4,4.181106753404098E-4,7.043157759258501E-4,0.014706909189880322,0.019438107988651532,0.011209178056929166,3.610294927718072E-4,6.478788496077827E-4,5.654552830659138E-4,0.0013707924890047519,9.674609024823964E-4,0.006973625115581288,0.001172129760387799],[5.19254309993337E-4,8.470878809598169E-4,0.006012669214789854,0.007396204610326096,0.0021641070036312548,0.006057714106918129,8.154860142040744E-5,0.0012042229657683048,3.943954443031896E-4,5.282490566596564E-4,1.6590041678123923E-4,3.994345101966714E-4,3.78891732260279E-4,2.4377721002528436E-4,7.645183709872852E-4,2.701883410579454E-4,0.019426090662131645,6.156415492264272E-4,6.639497144652371E-4,1.0,5.490338043990654E-4,3.7860221026628823E-4,3.7467667651608474E-4,6.87559035264391E-4,2.7674878356447914E-4,0.0010315341116812525,4.946000395292559E-4,3.771878691513151E-4,2.705392209615313E-4,7.359263084704846E-4,0.006881421861314902,4.965016357856883E-4,0.005074438739056592,1.6222685386824205E-4,1.493311873978949E-4,2.7921489080636526E-4,5.419501879726061E-4,5.079466282080353E-4,0.017520732636983314,0.005242458350393447,0.02063263579900567,4.996295220053564E-4,4.2558464341297373E-4,2.5004648585053675E-4,8.491403379948846E-4,3.6274892567033626E-4,0.005182054001360708,0.0016716220238150673],[1.708447131679519E-4,0.009180783114962234,0.006855852348275573,0.00511748894490803,0.0013592685441067044,0.005365099069134681,1.2775610451029384E-4,8.026326284114641E-4,4.560313130652047E-4,4.946246145262205E-4,2.899258855145777E-4,4.757389849304403E-4,1.7771939076120474E-4,3.116396544885047E-4,8.864505075503249E-4,4.173558317760494E-4,0.00416342475038456,5.606242893090516E-4,7.504752878029009E-4,5.490338043990654E-4,1.0,4.0942423936818687E-4,3.8596886813242206E-4,0.0014428576371770623,1.5407678322526904E-4,7.867347967405148E-4,4.434690450496886E-4,1.8383297100778382E-4,2.1641597321940743E-4,0.0010294457491200277,0.0073864725491640405,3.100297184538866E-5,0.005519784454991782,3.416672437133704E-4,3.8660551838726865E-4,4.5661675041079017E-4,3.4135824471177444E-4,4.7449764831283185E-4,0.010291195546048992,6.359272062942644E-4,0.05833350581523343,3.7931651104845067E-4,2.803147187658836E-4,2.003923511726015E-4,0.0011289635481613759,1.485534498951534E-4,0.008513705090507005,8.51572590576941E-4],[7.859394358560064E-5,0.011130528578682198,0.0041222814118704754,0.008599157852213938,0.0018449027076479856,5.9957698464507215E-5,2.130951936892933E-5,9.529074835529944E-4,1.7226352327585713E-5,3.6824543770075765E-4,1.432966854569501E-5,5.472624174904964E-5,1.2417881578229218E-4,7.054018008111721E-5,5.988488696314976E-4,1.0631067712938389E-4,0.013771124493187636,8.579979586732003E-5,8.662611794832527E-4,3.7860221026628823E-4,4.0942423936818687E-4,1.0,1.4678124421457482E-4,1.5392718201398994E-4,1.2219428371589884E-4,6.607901942754557E-5,3.400196718124145E-4,1.0934104459228575E-4,3.680035327690125E-5,0.0010181001618441944,0.006058815763377625,1.6809575186064435E-5,0.00430368270615433,2.2420694927999292E-5,2.441471646457525E-5,3.739904301596084E-5,2.165714150692811E-5,3.8375604445692573E-4,0.01668943044707393,0.019868792928008704,0.0642730645674518,9.784148679257478E-5,5.451374814138409E-5,2.429893103737628E-5,0.0010360792574604424,2.1609533323519932E-5,0.005211867489559962,5.365100022298807E-4],[1.251874547299743E-4,0.003699737257404099,0.003201601527661197,0.002236489214782218,0.004214037197858945,0.001771157627135796,1.3263424395106173E-4,5.578650476582204E-4,1.5210729720771822E-4,4.222156038924923E-4,1.5527925809346332E-4,1.779995572020497E-4,1.4891239407557283E-4,1.6075352516712704E-4,6.6179333989213E-4,1.4391925282733738E-4,0.011318479680259678,3.681937857593873E-4,1.8448008399126744E-4,3.7467667651608474E-4,3.8596886813242206E-4,1.4678124421457482E-4,1.0,0.001299260030989899,1.587979377086835E-4,0.0011221971773910735,3.2145866321495447E-4,1.2113467060899441E-4,1.5917358934845036E-4,5.297432564134601E-4,0.004984285815166668,8.002727568950429E-5,0.010413550666705079,9.383169001890161E-5,8.995837095922496E-5,1.6221707277424156E-4,1.5296822894888247E-4,2.9325287084569615E-4,0.009901558424331354,0.019798300148512034,0.02642020374487169,1.5702152236252113E-4,2.1370605536704307E-4,1.0508663588842357E-4,5.962213501622329E-4,7.222212516002732E-5,0.0060431262118061674,0.001263870323648376],[7.190154018757602E-4,0.0072152141681538036,0.008444028573638091,0.006629814555674181,0.008791350281248689,0.0019714517004795736,8.508255742359595E-4,0.0015714032425408284,6.142790497809143E-4,5.190403308971584E-4,0.0013506055122660913,3.4994267159804156E-4,2.942519342323711E-4,0.0010263697780330578,0.00164221463647027,8.588856203642424E-4,0.016009928051469002,0.0017231898120444566,0.001297608722614297,6.87559035264391E-4,0.0014428576371770623,1.5392718201398994E-4,0.001299260030989899,1.0,0.001050405439836402,0.0016227569121768876,8.20127815205019E-4,0.0012252102894997996,3.16470542873853E-4,0.0014296593842535814,0.004876148027626994,2.3600269134262905E-4,0.002247303730528477,0.0013010772304150907,0.0013536966366317997,1.9249411572669036E-4,6.106874450463221E-4,0.001514455056504778,0.009188843735433713,0.018507836013155015,0.05793253606253738,0.0010635767112652929,0.0016271917692477665,7.066426140592816E-4,0.0015156381948376414,9.3291943408014E-4,0.005875743803490077,0.0016915332110038089],[1.2001610204649354E-4,0.0028602713677636856,1.346731380241289E-4,0.005008903894845864,0.0030106391752923044,2.005531721711839E-4,1.0360264522591423E-4,1.7233941681365483E-4,1.466968369689287E-5,4.6565423065246753E-4,1.0529110605838898E-4,1.563559711108894E-4,1.4169575007043616E-4,1.4276779459872476E-4,3.77889275485401E-4,1.2605104333924722E-4,0.00185703503673413,3.523001972901697E-4,2.1193266808199133E-4,2.7674878356447914E-4,1.5407678322526904E-4,1.2219428371589884E-4,1.587979377086835E-4,0.001050405439836402,1.0,0.0013343563597116108,1.8632244753900889E-4,1.2124640422677853E-4,1.5213031494164584E-4,2.7185755317982467E-4,0.003080328878636938,2.463127806708357E-5,0.004087412582333054,7.262546583781266E-5,8.864630449248321E-5,1.290444412230845E-4,9.121536940558883E-5,3.788703161221802E-4,0.011160124030294385,0.005764183804306161,0.04974593509759378,1.2010826773191641E-4,2.0084739364341575E-4,7.172078019906543E-5,0.0010570704991185909,1.0334589433700473E-4,0.0022400139378605617,0.0016007541372804295],[1.9548631533794294E-4,0.006503994636505121,0.004697247061677791,0.0028689010835349056,0.0025881638603737975,0.004216442385489402,4.170772518024641E-4,0.0013342860160458954,0.001194797513156415,9.355625430363813E-4,0.001240070667876982,0.0013324700625290174,4.1619677412437373E-4,0.001090721058540706,0.0013616063526537756,2.3474010833561754E-4,0.003065009003946642,0.0016481742698758876,0.0012814970572784128,0.0010315341116812525,7.867347967405148E-4,6.607901942754557E-5,0.0011221971773910735,0.0016227569121768876,0.0013343563597116108,1.0,8.972309849457686E-4,3.041381854491171E-4,8.995269675443429E-4,0.0012837243810055181,0.0022570173950410303,1.3880116769941867E-4,0.01008699704065973,4.3915889904543693E-4,1.2340373506788025E-4,8.542713033112012E-4,1.6164811696086276E-4,6.806907693095833E-4,0.017424703384846415,0.005037037404976484,0.032052235398448155,6.302246475916587E-4,3.236468438240474E-4,2.01313602659336E-4,0.0014584849245297708,7.76582238117599E-4,0.004557684982334938,0.0014779943253367827],[2.1276870272973422E-4,0.0013482957164349285,0.0065473217000513,0.003102018944950369,0.0032303330011990827,0.0018773601463543772,3.782499680451961E-4,7.218719421256306E-4,6.174905947995898E-5,4.3076346308788544E-4,3.984834834405412E-4,3.529404326773264E-4,2.547423085623773E-4,3.939337735824439E-4,7.299368387918392E-4,2.2207917561547239E-4,0.020596657139112823,0.001548235489161998,0.0010021982792866623,4.946000395292559E-4,4.434690450496886E-4,3.400196718124145E-4,3.2145866321495447E-4,8.20127815205019E-4,1.8632244753900889E-4,8.972309849457686E-4,1.0,2.6544145410641555E-4,2.2700926141031502E-4,0.001080561964323392,0.0020919133941484456,2.3899644960950818E-4,0.004499753023463107,1.7947229842622944E-4,2.1814665519234342E-4,4.108334749483459E-4,2.6011970085239533E-4,4.427386732543869E-4,0.0035573386909527314,0.012147917843795021,0.03240241141407736,2.549313668323588E-4,2.879207776477262E-4,1.1502718956850927E-4,7.331489866688953E-4,9.924535046420941E-5,0.001761953623386607,0.00118240106266314],[1.0346733990144201E-4,0.0024365320309137654,0.007760931813562156,0.005693595949538302,9.605856517036193E-4,2.442196945614278E-4,8.726409747802931E-5,3.3615025049489963E-4,8.855505813607348E-5,2.1787590973594177E-4,1.0354676438013567E-4,1.436629654939846E-4,1.3245982458694752E-4,1.232955571370601E-4,6.55857933084719E-4,1.1525576098264233E-4,0.005191318996725623,9.524083412473458E-4,8.335185779545708E-4,3.771878691513151E-4,1.8383297100778382E-4,1.0934104459228575E-4,1.2113467060899441E-4,0.0012252102894997996,1.2124640422677853E-4,3.041381854491171E-4,2.6544145410641555E-4,1.0,1.1452528822539167E-4,2.4468923039614864E-4,0.0019851018825997064,2.9345530310161118E-5,0.010742726840345352,5.971896199398606E-5,9.007005272945602E-5,1.144441450707515E-4,1.025792138545369E-4,2.306384268405341E-4,0.010720220381167225,0.011364585745242446,0.051416759991417746,1.1287582234568431E-4,1.727345937327216E-4,9.686060793303642E-5,1.1667088417039966E-4,9.216648749554287E-5,0.0014921488197590037,8.134612371697519E-4],[1.098740390239519E-4,0.002376513186473886,0.003347835061581455,0.004829280773960595,0.005927637783384164,0.0057109781343587735,1.4544364324869388E-4,8.137625444366876E-4,8.650875279635796E-5,2.6072111609686763E-4,6.595883716337582E-5,1.7341448855811867E-4,1.4309476094697898E-4,1.4956987959719305E-4,1.8104977028385362E-4,1.2521066675003897E-4,0.016576086670004132,9.127637854218684E-4,2.1631923605899806E-4,2.705392209615313E-4,2.1641597321940743E-4,3.680035327690125E-5,1.5917358934845036E-4,3.16470542873853E-4,1.5213031494164584E-4,8.995269675443429E-4,2.2700926141031502E-4,1.1452528822539167E-4,1.0,9.518278142403151E-4,0.0023367385992661355,1.411890721279E-4,0.004914961063884799,9.714702183469808E-5,3.718741589579322E-5,1.5909405853605063E-4,1.4898673568431882E-4,3.417527009999412E-4,0.007276008709646343,0.006756012187472439,0.06355540903048089,1.49215986368311E-4,1.570673723011539E-4,7.514990650707545E-5,6.683381396396708E-4,1.0377040214416079E-4,0.0015260826024065042,4.92099722609574E-4],[6.939606719900959E-4,0.00825732467862287,0.008380607340362604,0.0045529347913766454,0.008945567649209545,0.003465517855321892,9.787738584301306E-4,0.0012236658921103813,2.7409394536403764E-4,9.306650119053569E-4,7.183872423634539E-5,0.0011991039730729163,3.5068974298469466E-4,0.0010589185999928053,0.0013575452101462942,1.8746572994459115E-4,0.012642422109206256,0.0015961966159474409,0.0011717530089146034,7.359263084704846E-4,0.0010294457491200277,0.0010181001618441944,5.297432564134601E-4,0.0014296593842535814,2.7185755317982467E-4,0.0012837243810055181,0.001080561964323392,2.4468923039614864E-4,9.518278142403151E-4,1.0,0.005487153377998979,2.1010892120435946E-5,0.007595712604996965,9.655423072444689E-4,3.015033049755352E-4,0.0010276142287458773,8.818420745948338E-4,8.137829060454033E-4,0.01736988021154139,0.0019198207997855148,0.03900917727512654,4.94572025637545E-4,6.250226715981504E-4,3.0663662024599374E-5,0.0013043306840728873,9.775747732804665E-4,0.006227578842140553,0.001287821119227086],[0.007031435681021717,0.008638766675089287,0.008692727610943012,0.008134072389703194,0.009008896775613374,0.007900467511495297,0.00352707725035714,0.0018631565935942037,0.0017581739554391085,0.0013603082400581792,0.0073937272185657125,0.006860814591792152,0.007471537933329667,0.00299492692441628,0.002811043240798472,0.002054241231169581,0.014425614835936372,0.003382456648407111,0.003662155212499784,0.006881421861314902,0.0073864725491640405,0.006058815763377625,0.004984285815166668,0.004876148027626994,0.003080328878636938,0.0022570173950410303,0.0020919133941484456,0.0019851018825997064,0.0023367385992661355,0.005487153377998979,1.0,0.007802673728926768,0.009210973068613446,0.0021480903554367214,0.002811611335857251,0.0025251936961392454,0.002420712873287551,0.004674895961259218,0.0162555649456929,0.00978482246254315,0.015346198656242075,0.007498055402937868,3.3360202194806295E-4,0.0022566150001705485,0.006480863111152315,0.005977795937233075,0.008578391123535482,0.0052476544018013205],[3.3223070213324904E-5,0.0074752346933552125,0.006236982300768802,0.0010665331675366785,0.005939978379804016,0.00223643306058325,1.32034059682626E-5,6.85159942839355E-4,1.1530792667163296E-5,4.813137886961347E-4,1.1976816726574692E-5,1.53781297974553E-4,7.19794223385096E-5,4.667629243981062E-5,0.0010924664375739546,2.984461967740649E-5,0.010941440907612334,0.001315331750909867,6.479422512272468E-4,4.965016357856883E-4,3.100297184538866E-5,1.6809575186064435E-5,8.002727568950429E-5,2.3600269134262905E-4,2.463127806708357E-5,1.3880116769941867E-4,2.3899644960950818E-4,2.9345530310161118E-5,1.411890721279E-4,2.1010892120435946E-5,0.007802673728926768,1.0,0.00965145474869116,1.1818173755781386E-5,1.908406836762981E-5,6.764101307335254E-5,1.5666893201096682E-5,2.7831978017148207E-4,0.006705254800316263,0.011693954588061864,0.03209438764072065,9.201267071853456E-5,1.9190595230909284E-5,1.7548414050450774E-5,0.0010779800987913849,1.370621212235095E-5,0.008869527428669102,0.00118005565803439],[0.005580920459903102,0.011406226836727686,0.009153933605024237,0.01084920768061008,0.010992717576253546,0.007350885194724376,0.004441176514343677,0.01007196061852796,0.00404573779315438,0.007178821774178944,0.009629619784484613,4.3677538122830297E-4,0.010092068054331615,0.008323409800738608,0.00849186901519826,0.007667215197393891,0.015363186048915164,0.005034189994429636,0.0018533070914048468,0.005074438739056592,0.005519784454991782,0.00430368270615433,0.010413550666705079,0.002247303730528477,0.004087412582333054,0.01008699704065973,0.004499753023463107,0.010742726840345352,0.004914961063884799,0.007595712604996965,0.009210973068613446,0.00965145474869116,1.0,0.0013693329767175146,0.0025080377653891035,0.009793003681015261,0.006026353907522125,0.010410239889031858,0.01756252827060301,0.011750617110989715,0.04811531467962904,0.004649480339388814,0.00479921170758576,1.8571921508751628E-4,0.005751361926432037,0.00407489092450368,0.010849449324048124,0.009354171246775856],[9.193307314156946E-5,0.009359819868690979,0.003712455377134872,0.0018335723603000928,0.005959397537558778,0.0031244158075071533,1.8394543884091227E-5,5.602483122843449E-4,1.16562935128565E-5,2.757088309466664E-4,1.2252415204855597E-5,1.356813787678203E-4,3.976112505390964E-5,1.588641762343848E-5,8.663487281826637E-4,8.864370201940844E-5,0.01084552184355308,0.0011797537047080029,0.001051820236219649,1.6222685386824205E-4,3.416672437133704E-4,2.2420694927999292E-5,9.383169001890161E-5,0.0013010772304150907,7.262546583781266E-5,4.3915889904543693E-4,1.7947229842622944E-4,5.971896199398606E-5,9.714702183469808E-5,9.655423072444689E-4,0.0021480903554367214,1.1818173755781386E-5,0.0013693329767175146,1.0,1.3019865483063618E-5,1.8309940634972626E-5,1.5699915982043402E-5,3.943971022133031E-4,0.013539877120200374,0.013497890195048467,0.025973779980089245,3.3911996061697574E-5,1.9521701420376417E-4,1.430135902106635E-5,4.888509548710653E-4,1.3217294476819071E-5,0.008367093277217007,8.784349593277317E-4],[7.568230044789815E-5,0.009938633235305631,0.0057649155880237415,0.0028455381970105254,0.004959416175441859,0.0065162916659941665,2.3665285767382954E-5,3.7852626043068436E-4,1.7880261228570142E-5,5.2450547817454134E-5,1.3593226317255149E-5,7.568721021712718E-5,1.2861999136545594E-4,4.712585442077808E-5,0.0010089821150676601,8.02118969131489E-5,0.018718545465343652,2.674118530586452E-4,5.893434168702322E-4,1.493311873978949E-4,3.8660551838726865E-4,2.441471646457525E-5,8.995837095922496E-5,0.0013536966366317997,8.864630449248321E-5,1.2340373506788025E-4,2.1814665519234342E-4,9.007005272945602E-5,3.718741589579322E-5,3.015033049755352E-4,0.002811611335857251,1.908406836762981E-5,0.0025080377653891035,1.3019865483063618E-5,1.0,6.798988378819897E-5,1.9115544028490418E-5,2.536207047205944E-5,0.005335996652223159,0.008538394467895513,0.05097202713117223,4.7736906164314326E-5,5.8711435049961524E-5,2.510406854694048E-5,6.439162967593161E-4,1.9599436637721903E-5,0.0012857494426776572,4.820158993551515E-4],[1.015685055061352E-4,0.004413108215380149,0.001799646174007295,0.0018978477328217376,0.010072914884685391,3.672549022269579E-4,1.3970564617999764E-4,7.271742712755482E-4,7.37191214404643E-5,3.112629009329182E-4,1.0257458533842607E-4,1.766412929038932E-4,1.4507768539300805E-4,1.4890872389180783E-4,0.0010502474397285871,1.461042842432593E-4,0.01649915310339363,0.001111298607412538,2.795244125703303E-4,2.7921489080636526E-4,4.5661675041079017E-4,3.739904301596084E-5,1.6221707277424156E-4,1.9249411572669036E-4,1.290444412230845E-4,8.542713033112012E-4,4.108334749483459E-4,1.144441450707515E-4,1.5909405853605063E-4,0.0010276142287458773,0.0025251936961392454,6.764101307335254E-5,0.009793003681015261,1.8309940634972626E-5,6.798988378819897E-5,1.0,1.1062607935371221E-4,3.699583976178413E-4,0.01741768241913445,0.004746871866109397,0.024547127264026643,1.537730532726762E-4,1.753460049839481E-4,3.757849436266844E-5,4.55591415012226E-4,3.603922184132768E-5,0.004337532729348743,0.0014404845958712375],[8.282298978736436E-5,0.0029299896259463907,0.0050034941845468976,6.257523538364917E-4,0.009788731027776842,0.0010519446468804856,1.9122503111671228E-5,0.0010316529512322098,1.599479156265417E-5,7.892376966406768E-5,1.6992883552677395E-5,1.49538672373871E-4,1.210184708187044E-4,3.4740716934526987E-5,0.0013152347206951236,7.053227918721453E-5,0.01920656865539205,2.548921503352787E-4,4.181106753404098E-4,5.419501879726061E-4,3.4135824471177444E-4,2.165714150692811E-5,1.5296822894888247E-4,6.106874450463221E-4,9.121536940558883E-5,1.6164811696086276E-4,2.6011970085239533E-4,1.025792138545369E-4,1.4898673568431882E-4,8.818420745948338E-4,0.002420712873287551,1.5666893201096682E-5,0.006026353907522125,1.5699915982043402E-5,1.9115544028490418E-5,1.1062607935371221E-4,1.0,2.2869763839167956E-4,0.001267339319937988,0.015712835471606214,0.01449001083735512,5.716828386173226E-5,2.1247241427059215E-4,1.9838407982532586E-5,0.0014315276765990068,1.9184453352612664E-5,0.0033424406130659937,5.325313707041062E-4],[4.4793103762095056E-4,0.006025624180914772,0.00529950721837623,7.907314989992363E-4,0.0011448608873044974,0.0062650723284976674,5.866148052345863E-5,0.001098383408034941,5.4853589121626284E-5,4.917080198787354E-4,3.134357691565233E-4,2.839529648236197E-4,3.242765835715644E-4,3.7585545085484605E-4,0.001279560261879347,2.3621736048242166E-4,0.008157496967537384,0.001206066796736176,7.043157759258501E-4,5.079466282080353E-4,4.7449764831283185E-4,3.8375604445692573E-4,2.9325287084569615E-4,0.001514455056504778,3.788703161221802E-4,6.806907693095833E-4,4.427386732543869E-4,2.306384268405341E-4,3.417527009999412E-4,8.137829060454033E-4,0.004674895961259218,2.7831978017148207E-4,0.010410239889031858,3.943971022133031E-4,2.536207047205944E-5,3.699583976178413E-4,2.2869763839167956E-4,1.0,0.013237669641305874,0.013807230223805072,0.05574441447205476,3.307763481730348E-4,3.6342060018284747E-4,3.0638060630585625E-4,8.623121518768635E-4,3.534947974071793E-4,8.866209393399947E-4,5.647012429599983E-4],[0.003692487670259672,0.016472446056904046,0.017022238459726932,0.013225532361741166,0.012318885196528327,0.00822852132854988,0.01774596751973257,0.008813855246557974,0.01623259330324408,0.012674313293956824,0.006731362609070796,0.010738247342445377,8.802478644016345E-4,2.1932099193005755E-4,0.00421102057741052,0.013610953969273974,0.020316290669516446,0.013809777610643868,0.014706909189880322,0.017520732636983314,0.010291195546048992,0.01668943044707393,0.009901558424331354,0.009188843735433713,0.011160124030294385,0.017424703384846415,0.0035573386909527314,0.010720220381167225,0.007276008709646343,0.01736988021154139,0.0162555649456929,0.006705254800316263,0.01756252827060301,0.013539877120200374,0.005335996652223159,0.01741768241913445,0.001267339319937988,0.013237669641305874,1.0,0.018225993047844,0.03320462015823629,0.00937712520977279,0.006606673703834926,0.0022351549778069292,0.012829466953436761,0.009087750689118032,0.016549714321552233,0.00707390649000555],[0.012751479944494656,0.018933835494461204,0.014372204096347943,0.014190243583903209,0.011665991702210459,0.006812383404604724,0.011740092256310954,0.018348703873712544,0.014054597010937184,0.002752882058183052,0.013096194375808475,0.004031300204708867,0.005482425887715347,0.016488254396791534,0.015316867554982532,0.0018804052029018298,0.020510679739780404,0.01497377589780067,0.019438107988651532,0.005242458350393447,6.359272062942644E-4,0.019868792928008704,0.019798300148512034,0.018507836013155015,0.005764183804306161,0.005037037404976484,0.012147917843795021,0.011364585745242446,0.006756012187472439,0.0019198207997855148,0.00978482246254315,0.011693954588061864,0.011750617110989715,0.013497890195048467,0.008538394467895513,0.004746871866109397,0.015712835471606214,0.013807230223805072,0.018225993047844,1.0