[[1.0,3.701753656390602E-4,0.0012833647299098387,0.0010446920058036146,0.023555362259690495,0.012951351888370502,4.903781007251566E-4,9.592962343789872E-4,0.0013013956816400186,0.001385821516019075,0.001511717348426013,0.0019320026824624003,5.995584803956314E-4,7.641080060032922E-4,9.861153177155078E-4,4.368483009656299E-4,0.0022294789211139733,0.001715172526549753,0.05042875585140478,0.0017684015257435934,0.0018556343157050178,0.001993959209690413,0.018599770237428908,0.0014333189863311932,0.002287622234959779,4.3890350308845185E-4,0.001772248538968638,0.004667488943601444,8.013135816495529E-4,0.0010942060973706154,2.642674573900407E-4,0.0020394893659982545,0.0019495398488528167,0.003153103220088214,0.0014285901833753977,0.002716483690923639,4.524436213352904E-4,0.01017134996669387,0.004426751417707172,0.004207389293696479,0.0034837204873369616,0.001319292928964672,1.0281335947397548E-4,0.0015149458446466844,0.003518659438610555,0.0013998832577145957,0.001790800462258969,0.001729783108036908,0.0019706954545107027,0.0012955546743095934,0.0018332913560847018,6.803156310923086E-4,0.006857641097122193,4.8114250410597495E-4,4.953834048337107E-4,0.0017117402593597715,4.050009045516138E-4,0.002384738960675607],[3.701753656390602E-4,1.0,3.0177290169781113E-5,7.110379552824645E-5,0.004432118977842798,0.012383666967066208,1.6918783083812598E-4,7.874391377235357E-5,1.9490601332896104E-4,9.75049423025546E-4,2.2657160672852983E-5,2.754028713855217E-4,9.152630142432016E-5,1.9903318036219452E-4,3.094614000707711E-5,1.6716655274790033E-4,0.004352657173581561,2.8836113389959936E-4,0.02435478561633289,9.697447332131493E-4,2.2275422812163687E-4,2.1385041389380147E-4,0.0019142680010620354,1.4919034319897724E-4,1.4612355670474644E-4,1.2502262323062113E-4,1.915820530134184E-4,0.005417093940550936,1.4419225474229683E-4,1.1077126165958198E-4,1.3060914478493543E-4,0.0013375734866233513,1.5964487090155315E-4,6.371973490930965E-4,1.5617703081853215E-4,0.002115352422009406,8.016300422822098E-5,0.014059351993910838,0.002572610137721072,3.911331039919469E-4,0.00363659891072508,3.1958578582017266E-4,9.691099153187263E-5,1.2854486928241834E-4,0.0012543939383593415,1.3396618284761445E-4,7.10794408742961E-4,0.0012798320807540268,2.694620528114486E-4,0.0012026988139868812,4.08626228708441E-4,1.2350595782230462E-4,0.001544442403512066,1.3150185719224477E-4,1.1901091679704403E-4,1.9876686405819052E-4,4.652864197817774E-5,0.003038312061472545],[0.0012833647299098387,3.0177290169781113E-5,1.0,1.230688884878205E-5,0.01438302172746579,0.002694714256750465,1.3417689181072025E-4,3.7552195897654945E-5,1.5434095629895928E-4,3.572350166793561E-4,1.1529400065031065E-5,4.191919808817371E-4,1.2288409698290528E-5,1.758336323337585E-4,1.4778864735547782E-5,5.1165327421610856E-5,0.0020896389675690305,2.7649102960720066E-4,0.02166176463238334,0.0016556793749255582,2.820309679337519E-4,4.279797915374937E-5,0.024841996209607486,2.62183070176124E-4,8.762699947610609E-5,4.85294189878806E-5,2.9479788738584874E-4,0.0029765747345324393,2.3874749593202118E-4,4.883505004025012E-5,1.1191546092948996E-4,6.130479183637195E-4,1.1558308296939663E-4,0.012163264987112482,7.489616495156073E-5,0.006212205096337661,2.1447295021375283E-5,0.01113785727981356,0.001649773021665883,0.003981252773833781,0.0015269083171936169,5.497514955193815E-4,1.3447808539795814E-5,4.190583858383945E-5,0.001788443296310475,4.6589987680787855E-5,0.0013022125135322873,5.948764528938451E-4,5.076070275612955E-5,0.0010895961939069098,3.2366751725088874E-4,1.0002490061206073E-4,0.009626310029294004,2.2757685992154993E-4,1.2846884703514597E-5,2.72119152782821E-4,1.3222135034361854E-5,8.448768143821974E-4],[0.0010446920058036146,7.110379552824645E-5,1.230688884878205E-5,1.0,0.024238777400092358,0.01250599501562365,1.687040786347118E-4,3.378343850467244E-5,9.545278774760899E-4,7.942683440871036E-4,1.0765995401344556E-5,3.061377551175944E-5,1.1192850629969063E-5,9.695130378686876E-5,1.3122073871455723E-5,1.1231757072073203E-4,0.004171172746265136,9.361930132421954E-5,0.05614495877418052,0.001084649824520226,2.8058741600936816E-5,2.182594687984488E-4,0.011192234453958026,2.4208632869468277E-4,0.002218735157585155,2.2197010492337496E-5,1.811401820917138E-4,0.003028348608394768,1.4439993557778375E-4,2.1689224889192123E-5,1.4845542631368935E-4,0.001202453862158757,1.4287344029900758E-4,0.007080758782562491,5.7959524678928375E-5,8.492398798650918E-4,2.3159695801313715E-5,0.012256621030690045,0.003140796866910758,0.0024676975749894975,0.001154653305751174,8.311240533063034E-4,1.1293092093526813E-5,2.215960878355699E-5,0.0028155682484862763,8.363455775172831E-5,0.0014147345423109311,0.0011945292859780032,2.833862618743388E-5,0.001045994121613936,6.284662765468726E-4,3.574716992535099E-5,3.78129391191695E-4,6.011023299042646E-5,1.5146772998594062E-5,1.3104708007820873E-4,1.227385976384561E-5,0.0038687289090948407],[0.023555362259690495,0.004432118977842798,0.01438302172746579,0.024238777400092358,1.0,0.01531411494618295,0.010129794076715113,0.017761897242957174,0.013607289490685988,0.004660666275164366,0.013345045023155604,0.024927544146425593,0.013979638010480192,0.007155129102777027,0.007582307317512721,3.6263945116697877E-4,0.009869991672824954,0.0016492072870885122,0.038224024176222005,0.021265197558995374,0.0196498155089293,0.01786840747823176,0.026235410986229148,0.011278401186323611,0.0211642674047609,0.007046195187394423,0.024740458391138337,0.015321565174874666,0.017468632102251996,0.022576260337372662,0.011431662142228585,0.023308642645834588,0.01877549664428791,0.024138347666622838,0.023060461066327555,0.012624071240774026,0.011896473398699982,0.021046213636341144,0.01988680297956904,0.014720046407654754,0.013325006088001648,0.015687969282080848,0.017009263232496748,0.008696139691449006,0.02224073796195275,0.020494607009996457,0.0075572135818495,0.009611259756599358,0.024589895680320942,0.0030034644369791304,0.014494483079275014,0.0209780649028283,0.017962789955742724,0.01633160864134103,0.008545201713696183,0.006054445051429116,0.022226377359327944,0.01095929561286862],[0.012951351888370502,0.012383666967066208,0.002694714256750465,0.01250599501562365,0.01531411494618295,1.0,0.004376619614053143,0.012775266295881613,0.0034518884756939852,0.00297867806495266,0.009297965148615505,0.011866772138637243,0.010189936854764818,0.012296530901194327,0.011515286224343453,0.005145672304623335,0.008977149287657745,0.0022556680329926916,0.04400803099513054,0.0030894602672992292,0.01063991516636446,0.008478016044690739,0.015305282995270316,0.011047284405152073,0.006763153929757853,0.009624867312790884,0.010760542790329657,0.011851312283300186,0.0032703642573838876,0.0085978061757891,0.009535954959982875,0.00772109073167729,0.002275879006209416,0.01528309715338283,0.0010557047813531967,0.009612109808382124,3.5165646534533464E-4,0.015874784575926504,0.007573126015163542,0.013336215428707915,0.009234610448593812,0.007190059529698234,0.008364832514099167,0.005917315528327922,0.012033201156385875,1.788673155552393E-4,0.0021426518049137903,0.005633367498970684,0.009267019451502611,0.0033442004407522284,0.012467921212014708,0.012134462552866276,0.013568079169407901,0.006240029901650096,0.002785432119647586,0.007305940000179744,0.005342785321657185,0.013053009446917733],[4.903781007251566E-4,1.6918783083812598E-4,1.3417689181072025E-4,1.687040786347118E-4,0.010129794076715113,0.004376619614053143,1.0,1.806172513408908E-4,9.472497530926681E-4,5.732837631094227E-4,3.465030154322777E-5,3.395550167654061E-4,1.5731438176871962E-4,2.0411188660162153E-4,1.753013216413815E-4,1.8663549922899486E-4,0.0025894303964252396,2.368914660089114E-4,0.032613953291439346,6.252697776018233E-4,2.665952991880306E-4,2.2067392080182664E-4,0.007866194750235376,2.1558052695747003E-4,0.0018153380588473715,1.3405409290408835E-4,3.236357508177261E-4,0.0023370932637163254,1.8875670964339287E-4,1.1189681303256204E-4,1.8355811034259008E-4,0.001001081040698763,1.8259186561237953E-4,0.010035996381822579,1.817830660574944E-4,0.0019086728929121827,8.291152836454384E-5,0.0136798201360723,0.0017121590538977248,0.0014755666817754262,0.0030646642732785685,5.751541913059763E-4,1.2062956024655816E-4,1.782922763591838E-4,0.0017505480081289894,1.646547876177961E-4,8.252620188329436E-4,4.0431320370987406E-4,3.8210905138400236E-4,0.0011053588628226307,3.219374108790499E-4,1.8656737780400594E-4,0.006797496555891442,2.1636487304642663E-4,1.1977426979398999E-4,3.1291307288488384E-4,7.74372150103667E-5,0.002929517467952695],[9.592962343789872E-4,7.874391377235357E-5,3.7552195897654945E-5,3.378343850467244E-5,0.017761897242957174,0.012775266295881613,1.806172513408908E-4,1.0,4.958234173802836E-4,7.244357276171775E-4,2.08919549267609E-5,3.586249418675397E-4,1.565224736961117E-5,8.798569120045772E-5,3.0568950084741074E-5,1.031565239931895E-4,0.0024322544130040745,3.3436311852565626E-4,0.055848837958666075,0.0013202345087131395,2.262892847275435E-4,1.268498466733807E-4,0.006578392400114856,7.933669982912662E-5,1.3910975839579457E-4,9.586072928374827E-5,7.109129559083732E-5,0.0028148315468798325,2.8667414901216985E-4,6.80244279780894E-5,1.1365062130322729E-4,8.076433162237141E-5,1.302997535205019E-4,0.0010395837156060843,5.035083893108665E-5,0.004480623537038879,2.9889123365637622E-5,0.015958293217374072,0.00159868045947177,0.002369468303287247,0.0016351367150717194,6.082154033040826E-4,3.9257034251314005E-5,6.99461289266954E-5,0.001623470316029131,1.2983205770435426E-4,7.808409154975261E-4,0.0013001419279326883,3.8329861216383017E-4,2.013370464092114E-4,7.216888203199424E-5,7.784386309475773E-5,0.0010700990156639971,2.3096135033838107E-4,1.8200484428147365E-5,3.571582062095416E-4,4.452673502559211E-5,0.003840063298623895],[0.0013013956816400186,1.9490601332896104E-4,1.5434095629895928E-4,9.545278774760899E-4,0.013607289490685988,0.0034518884756939852,9.472497530926681E-4,4.958234173802836E-4,1.0,0.001039684245719828,1.7556726353140978E-4,5.884835859695611E-4,8.903966782253186E-4,5.314736177458163E-4,7.720512206060869E-4,3.426793238170461E-4,0.0017748743863285833,7.483294751666388E-4,0.04027031539897346,0.0013019913284978818,7.864645428601548E-4,8.387757223594454E-4,0.01445720888352125,8.628939073313296E-4,0.0014145287615001507,4.0031587420933447E-4,5.915901066283239E-4,0.005723180984961966,5.161269127848226E-4,8.96509487030288E-4,9.502126048759256E-4,0.0011920447051899056,8.054219062171192E-4,0.017108574198438246,4.902004626533887E-4,0.0021031197883484,7.123406353828453E-4,0.0036995343552223997,0.003937102646828472,0.0015386869721267823,0.0032118926206451516,0.0010462243158855422,2.918648439434495E-4,7.445102576530984E-4,0.0015892392964106388,2.5551364987581025E-4,0.001173714411628445,0.0011988986463033118,9.537636426151267E-4,0.0011079364572657863,6.947085386345293E-4,9.890928104779213E-4,0.007223076120937283,7.442130672307434E-4,7.443993790323615E-4,9.435174859594433E-4,7.926076514196446E-5,0.0019762816344385307],[0.001385821516019075,9.75049423025546E-4,3.572350166793561E-4,7.942683440871036E-4,0.004660666275164366,0.00297867806495266,5.732837631094227E-4,7.244357276171775E-4,0.001039684245719828,1.0,6.494033444711163E-4,0.0010234820152399096,0.0010592827820678965,8.747398966324127E-4,2.494684193795683E-4,3.391692370688089E-4,0.0021708333150444875,3.948455206357194E-4,0.045524493295121635,0.0014443477674973993,6.930613042183363E-4,6.803558509854365E-4,0.021613878852939607,3.3186607623861904E-4,0.0012737666199063645,7.717595365463203E-4,7.92684602576164E-4,0.0060956057985278155,9.160419121163124E-4,4.958867064170099E-4,7.821136653970615E-4,0.0011335181789642046,3.269911860087313E-4,0.003230974741324588,5.651431931655797E-4,0.005459988419093989,9.461638821778888E-4,0.0031727493611234643,0.0013045877072083614,0.0018019084620573946,0.0017278987168348407,0.0011157362707277451,5.211489083269532E-4,6.652054259532201E-4,0.003007402581497414,5.635757554216576E-4,0.0014630464182404917,0.0011621234979200068,0.0010331049868994011,0.0011959720758609297,9.779052518151385E-4,2.553869300699487E-4,0.00504589623478255,0.0010477464774516054,5.385264828626973E-4,9.279858102941412E-4,1.0963848802844846E-4,0.0019120712409565507],[0.001511717348426013,2.2657160672852983E-5,1.1529400065031065E-5,1.0765995401344556E-5,0.013345045023155604,0.009297965148615505,3.465030154322777E-5,2.08919549267609E-5,1.7556726353140978E-4,6.494033444711163E-4,1.0,2.997082764591976E-4,1.0779837640965819E-5,1.4120020946151033E-4,1.397826566307165E-5,1.6913882106115935E-4,0.003573586609272386,2.906629675347153E-4,0.056907122706694416,2.001378970846748E-4,2.3154374253790664E-4,8.5307295475952E-5,0.009789815237553593,5.8117596294620695E-5,9.73044005824946E-4,1.0889698937622039E-4,2.731155635044641E-4,0.009520318944637526,3.096246097135224E-4,3.446916206710012E-5,1.4021674658219223E-4,8.905769221346302E-4,8.822657685937036E-5,0.009766939272716445,7.659969655103083E-5,7.68108834692558E-4,2.2676106596901056E-5,0.007347724153837343,0.003666351089190716,4.640530251771602E-4,0.0016016731438162947,5.019751958948204E-4,1.3083068423977672E-5,6.896937616115376E-5,0.0031681505403000996,1.404980364488121E-4,5.075049389206134E-4,9.37691625943121E-4,3.6042866718174403E-4,7.977871268498018E-4,8.685332385500968E-5,7.709555048705589E-5,0.0015424079187393747,1.469789022850752E-4,1.2103120492113919E-5,2.5500392890639783E-4,1.1096211804947858E-5,0.0040667796388769795],[0.0019320026824624003,2.754028713855217E-4,4.191919808817371E-4,3.061377551175944E-5,0.024927544146425593,0.011866772138637243,3.395550167654061E-4,3.586249418675397E-4,5.884835859695611E-4,0.0010234820152399096,2.997082764591976E-4,1.0,2.688323157578641E-4,3.6146022267730544E-4,8.701559667390627E-5,2.240098019765499E-4,0.0020220413317154212,3.8385692202691225E-4,0.06481192640425124,0.0012779652226435085,4.8176541080854337E-4,3.9974447181458973E-4,0.012449460619141907,4.8811152587393137E-4,0.001027973091147889,2.0932789906277975E-4,3.9263300463473886E-4,0.006034981867445465,4.7870451045264417E-4,1.0770093010847136E-4,2.1502131685450704E-4,0.0013685976891906694,1.9334166205858542E-4,0.017449257064291894,2.1050150232297546E-4,0.002193361460923033,4.454529533329035E-4,0.00603784923382296,0.0010242299931966271,0.002953410134633974,0.003326488846036496,6.27195751979043E-4,4.4307320638302904E-4,4.836958971185441E-4,0.0015297312168609089,3.483798854199903E-4,0.0011340459442603255,7.605822403340631E-4,4.739857457090314E-4,6.983590410711871E-4,6.068521261479301E-4,3.475565581021499E-4,0.015931628638523865,4.562125816673518E-4,2.0091685237138234E-4,5.494225858273346E-4,8.543014960352942E-5,0.0016821394124479445],[5.995584803956314E-4,9.152630142432016E-5,1.2288409698290528E-5,1.1192850629969063E-5,0.013979638010480192,0.010189936854764818,1.5731438176871962E-4,1.565224736961117E-5,8.903966782253186E-4,0.0010592827820678965,1.0779837640965819E-5,2.688323157578641E-4,1.0,6.175720068120035E-5,1.2862160194661511E-5,1.4178256082010203E-5,0.0010860977845431493,3.5124836217870106E-4,0.01919940114552226,0.0017253416466222384,3.679728320086271E-5,1.1457384087446076E-4,0.02194392088080256,1.0108865763151296E-4,1.9000145417463754E-4,3.94757872045318E-5,3.1148274534104656E-4,0.0063720493676411175,2.142847537648174E-4,7.109878204932805E-5,1.7998608205744345E-4,2.756794564582144E-4,5.426592534103829E-5,0.005366955487867034,1.4449799663329393E-4,0.004250800578275744,2.2682700725761772E-5,0.0067642952545760035,3.201614473982411E-4,0.003335840478733401,0.001763435868762142,9.124977279552398E-4,1.588339170614051E-5,2.971170344183574E-5,2.2513857085228805E-4,7.795275948784683E-5,0.0010368684934383724,1.267771621740826E-4,2.6973296947444933E-5,5.405013934223903E-4,1.1384932498049238E-5,1.3022840156070923E-5,0.01402417108791569,1.7705768028405836E-4,1.186757792973425E-5,3.3666913257906746E-4,1.3467029098207754E-5,4.8484332108749193E-4],[7.641080060032922E-4,1.9903318036219452E-4,1.758336323337585E-4,9.695130378686876E-5,0.007155129102777027,0.012296530901194327,2.0411188660162153E-4,8.798569120045772E-5,5.314736177458163E-4,8.747398966324127E-4,1.4120020946151033E-4,3.6146022267730544E-4,6.175720068120035E-5,1.0,2.0995644791358027E-4,1.872698209572658E-4,0.0035042523571208926,2.959809910450972E-4,0.010966998469009425,0.0015115905176065598,2.890564015654459E-4,2.485009090552036E-4,0.016679457100433188,2.722231010034874E-4,0.0015207738883713728,1.6258576329589725E-4,3.8249497327028797E-4,0.004731514128536355,3.3342945473646387E-4,1.632016524685111E-4,2.451066195880432E-4,3.7275812554487874E-4,2.1867825718110493E-4,0.009309631435090553,2.472799624019717E-4,0.004879662261874684,5.388689212905583E-5,0.0071458407037359156,0.0024567611499534078,0.002452790251215308,0.003309276531586916,5.589274227933109E-4,3.0837130333645274E-5,1.3979289911488784E-4,0.0035041106641958307,2.315294463650226E-4,0.001459633719738555,0.0012560568374815582,3.528807612649474E-4,3.568993936901988E-4,3.9060460069038883E-4,1.1725986719803328E-4,0.015634891026097684,2.669294408573635E-4,1.041294012908362E-4,3.1779004511374616E-4,1.191528438157787E-4,0.003166270486399497],[9.861153177155078E-4,3.094614000707711E-5,1.4778864735547782E-5,1.3122073871455723E-5,0.007582307317512721,0.011515286224343453,1.753013216413815E-4,3.0568950084741074E-5,7.720512206060869E-4,2.494684193795683E-4,1.397826566307165E-5,8.701559667390627E-5,1.2862160194661511E-5,2.0995644791358027E-4,1.0,1.7748073672509178E-4,0.001659040434235238,1.930959051937187E-4,0.002313696907294407,0.0011431350477839758,1.0645694644425568E-4,1.6109384513897016E-4,0.022537876306410964,8.004768402484675E-5,1.654248044478041E-4,3.994612630530563E-5,3.518513296053518E-4,0.00625379557787143,3.437980228124835E-4,9.453800756566574E-5,1.4997292842949052E-4,2.8055711102848655E-4,1.4028695830204334E-4,0.01660691184372587,1.5469682863392825E-4,0.0012344400559145213,1.5251763103284855E-5,0.006388514476487181,0.0014690646727880093,0.0037470850655470377,0.0018200986631306158,0.001107902037896799,1.5341815291487436E-5,9.759434152863475E-5,0.0027831265891788757,2.8375509115314636E-5,6.884209435282794E-4,6.987576864209249E-4,2.1877043337947464E-4,3.260270707126688E-4,3.5958807776592753E-4,4.932546946619091E-5,0.01363329968964259,2.2313483649049422E-4,1.4947335138742563E-5,5.756677256948355E-4,1.4327259711971211E-5,0.0026737324843032584],[4.368483009656299E-4,1.6716655274790033E-4,5.1165327421610856E-5,1.1231757072073203E-4,3.6263945116697877E-4,0.005145672304623335,1.8663549922899486E-4,1.031565239931895E-4,3.426793238170461E-4,3.391692370688089E-4,1.6913882106115935E-4,2.240098019765499E-4,1.4178256082010203E-5,1.872698209572658E-4,1.7748073672509178E-4,1.0,0.0012260147946236454,2.892189004934258E-4,0.02788717378228992,0.0015019636606184686,2.1568908557050348E-4,2.136240921339592E-4,0.009135503614372181,2.8065829479558224E-4,1.964320602630686E-4,1.4165782859448394E-4,2.537530085489352E-4,0.00947971376030731,3.1666677130601727E-4,1.1312928983229919E-4,1.8386658559437215E-4,9.339893900887385E-4,1.6773897325971207E-4,0.011117422773156048,1.8199758251175542E-4,3.0552698186539766E-4,7.782962982718153E-5,0.007267893901081246,0.0013502777350555524,0.0010241826402255347,0.0030119285518861736,2.2414800217584118E-4,1.6644815016311526E-4,1.4392272088240292E-4,0.0025294907896123023,1.7816309273123644E-4,2.850065639495729E-4,8.969261499586937E-4,3.9232433221151914E-4,4.155862191499108E-4,3.7775620211171135E-4,1.192302103529889E-4,0.015979296023190852,2.0410674119844598E-4,2.694890751636975E-5,5.53966903045454E-4,6.135563506218312E-5,0.0014188448518144415],[0.0022294789211139733,0.004352657173581561,0.0020896389675690305,0.004171172746265136,0.009869991672824954,0.008977149287657745,0.0025894303964252396,0.0024322544130040745,0.0017748743863285833,0.0021708333150444875,0.003573586609272386,0.0020220413317154212,0.0010860977845431493,0.0035042523571208926,0.001659040434235238,0.0012260147946236454,1.0,0.0037626615133657462,0.05238787241057209,0.0019271814749050962,0.001164460033317113,0.0037543750635267246,0.01966721686762016,0.0030566959654298597,0.0036315780015908974,0.0016492088007951115,0.004010144089511348,0.009526259294311758,0.002660570575335445,0.0031544981011037837,0.004233039436205971,0.004582959926581174,0.002235427843694672,0.016611206737931032,0.0021591600022756955,0.004968805734344468,0.001419500446226719,0.011468240600138152,0.00455254712307378,0.004621108164196626,0.003859814152477088,0.003367827868730242,0.003947835608695429,9.894239878777784E-4,0.004426664977687315,0.004373847714578924,0.002804301656425244,0.003323402068325436,9.346630464035302E-4,0.0043141211961894264,0.0035440412153305975,0.0031761891226895116,0.0054783163165347286,0.0044337226370496354,5.659374920371053E-4,0.0027440008315653894,0.0018704588782267645,0.004575796571206554],[0.001715172526549753,2.8836113389959936E-4,2.7649102960720066E-4,9.361930132421954E-5,0.0016492072870885122,0.0022556680329926916,2.368914660089114E-4,3.3436311852565626E-4,7.483294751666388E-4,3.948455206357194E-4,2.906629675347153E-4,3.8385692202691225E-4,3.5124836217870106E-4,2.959809910450972E-4,1.930959051937187E-4,2.892189004934258E-4,0.0037626615133657462,1.0,0.03471090400660847,9.699556269922603E-4,3.471232201438556E-4,2.81901855898362E-4,0.009824333416620498,3.117983003171804E-4,0.002786883443180832,2.3508780810284856E-4,3.5666262442218247E-4,0.00844895304381375,3.865264354374131E-4,2.724265953483231E-4,2.599778711749538E-4,0.0011050854062664081,2.633346924390319E-4,0.014082457183080899,1.8057401736440865E-4,0.005088976503288796,1.9658825973032897E-4,0.010909634867034071,0.003280398331029313,0.0017125533034852885,0.003242620459248398,8.664034064162862E-4,3.076569485247747E-4,2.797516323800985E-4,0.0012385360240961246,3.14098533934038E-4,7.683130132208857E-4,7.654347756657123E-4,3.7305770028596706E-4,0.0011607778351458604,4.971869174185262E-4,1.6945084937736415E-4,0.007676799014645991,3.188136495946414E-4,9.960953629994102E-5,5.784815148041477E-4,2.838018968412845E-4,0.002942142975926535],[0.05042875585140478,0.02435478561633289,0.02166176463238334,0.05614495877418052,0.038224024176222005,0.04400803099513054,0.032613953291439346,0.055848837958666075,0.04027031539897346,0.045524493295121635,0.056907122706694416,0.06481192640425124,0.01919940114552226,0.010966998469009425,0.002313696907294407,0.02788717378228992,0.05238787241057209,0.03471090400660847,1.0,0.019577884557209217,0.013273570114476153,0.03874890300257558,0.04366729188799642,0.04552257429782745,0.05728046743236803,0.04072403243521144,0.0375685274531605,0.022833186583342352,0.04576964390497688,0.04796281862788494,0.01898331071691947,0.036095773307985336,0.017739459620965996,0.05289646237282912,3.601732352575865E-4,0.013861682110904468,0.02889479327425655,0.05532119091076483,0.061510387479463274,0.06423434149997181,0.03511491906933197,0.01925793882710602,0.015316353061820177,0.03334195301987338,0.035013961874222475,0.03334984466249164,0.014548971805005858,0.042190308355820064,0.046117849068018836,0.04369528898593184,0.029663386241708636,0.031003710339002066,0.03534754628811032,0.052888143597052746,0.037795708792427204,0.01830109724446214,0.05176735845853117,0.00823770368423057],[0.0017684015257435934,9.697447332131493E-4,0.0016556793749255582,0.001084649824520226,0.021265197558995374,0.0030894602672992292,6.252697776018233E-4,0.0013202345087131395,0.0013019913284978818,0.0014443477674973993,2.001378970846748E-4,0.0012779652226435085,0.0017253416466222384,0.0015115905176065598,0.0011431350477839758,0.0015019636606184686,0.0019271814749050962,9.699556269922603E-4,0.019577884557209217,1.0,0.0011709703624957126,0.0011412696142763838,0.023300600447615543,0.0015789698435970476,0.002057675603615041,0.0016343895194424166,0.0014211634731214318,0.006947890257100667,0.0011744676819088827,4.014745983674529E-4,4.774312436896488E-4,0.0015238811902189443,2.1274463732143462E-4,0.0067375432829850385,0.0014490497620845673,0.004252439511971103,2.282918016064739E-4,0.005034287259250012,0.004225614289977792,0.00293013144955288,0.0029664691233891064,0.0016257134037353117,0.0017101851580393031,8.649138229554106E-4,0.0035358364200003337,8.299557385978758E-4,0.001507192149569713,0.0016650540805519171,4.5674100752094517E-4,0.0015077925963719707,0.001548597564532172,7.625870879005848E-4,0.0022812480192078363,0.0016839991716977665,8.846444442419322E-4,0.0013605039899503369,9.829523632110672E-4,0.0025293253540243036],[0.0018556343157050178,2.2275422812163687E-4,2.820309679337519E-4,2.8058741600936816E-5,0.0196498155089293,0.01063991516636446,2.665952991880306E-4,2.262892847275435E-4,7.864645428601548E-4,6.930613042183363E-4,2.3154374253790664E-4,4.8176541080854337E-4,3.679728320086271E-5,2.890564015654459E-4,1.0645694644425568E-4,2.1568908557050348E-4,0.001164460033317113,3.471232201438556E-4,0.013273570114476153,0.0011709703624957126,1.0,2.4210473025068085E-4,0.00381770809758,3.028454254782603E-4,0.0013388768560933415,2.08294075375027E-4,3.0632243709784694E-4,0.008044671307143016,3.6934422547329717E-4,2.660265238278754E-4,2.2586820433268212E-4,8.400816000637863E-4,2.3440413618108492E-4,0.012947574631222213,2.299624665609951E-4,0.003669476183955217,1.771347322758521E-4,0.012381975314220669,0.0018029845576088748,0.0026573598493743436,0.0032487760049218876,9.820056005276285E-4,1.8748633528491377E-4,2.640360879661374E-4,0.002391608777216182,1.8344341312295537E-4,5.087280986586266E-4,0.001400656001199367,4.15588439809432E-4,5.521130501028083E-4,3.955788671998203E-4,2.857585903333832E-4,0.009303555210780377,2.86969262792551E-4,2.4782857612968656E-4,3.5398482132080315E-4,5.968904507805337E-5,0.0019936136894106757],[0.001993959209690413,2.1385041389380147E-4,4.279797915374937E-5,2.182594687984488E-4,0.01786840747823176,0.008478016044690739,2.2067392080182664E-4,1.268498466733807E-4,8.387757223594454E-4,6.803558509854365E-4,8.5307295475952E-5,3.9974447181458973E-4,1.1457384087446076E-4,2.485009090552036E-4,1.6109384513897016E-4,2.136240921339592E-4,0.0037543750635267246,2.81901855898362E-4,0.03874890300257558,0.0011412696142763838,2.4210473025068085E-4,1.0,0.013945289541826299,2.714677952812801E-4,4.890835988425614E-4,2.1578703130917858E-4,3.7051622357631506E-4,0.005031658910070351,3.572784638140135E-4,1.3908972925990508E-4,1.975281317766152E-4,8.437878158103489E-4,1.847524372261024E-4,0.004874903599035909,1.7563302893096108E-4,0.0051530461328701945,1.7746180558149148E-4,0.010130110557055759,7.963329682017458E-4,7.283436061947105E-4,0.001034731460119087,7.82822742303412E-4,8.574127419403583E-5,1.751316362058409E-4,5.725309279646599E-4,1.5114173972592316E-4,8.635068472426272E-4,0.0011741584816936652,3.63079942013717E-4,8.118493473373389E-4,3.892100089221009E-4,1.69234169016012E-4,0.006672585952135261,2.4872012723835155E-4,4.7889270524897854E-5,5.875226365885567E-4,1.624345171207934E-4,0.0026746150397541782],[0.018599770237428908,0.0019142680010620354,0.024841996209607486,0.011192234453958026,0.026235410986229148,0.015305282995270316,0.007866194750235376,0.006578392400114856,0.01445720888352125,0.021613878852939607,0.009789815237553593,0.012449460619141907,0.02194392088080256,0.016679457100433188,0.022537876306410964,0.009135503614372181,0.01966721686762016,0.009824333416620498,0.04366729188799642,0.023300600447615543,0.00381770809758,0.013945289541826299,1.0,0.004951755578591823,0.009156985296680378,0.013497269697056835,0.019813882506526197,0.015440631469008197,0.024904796983400198,0.001593043981302533,0.008268201978139409,0.005234592585155991,0.009859615515485238,0.02549810451610756,0.01632598537258996,0.026077472020119008,0.01799712149913385,0.019712089379241047,0.010316481157020751,0.02020664868019037,0.014675832414821975,0.013468319327640501,0.02623414962598491,0.017436605671046348,0.024079446736099772,0.010796654746657714,0.01623263957647963,0.01278716397853743,0.018064844870898527,0.010255151982695845,0.006770467552940541,0.010100040772096487,0.026063463228782217,0.020558783168007223,0.01639053328410871,0.009695441989066791,0.016294746574556172,0.005192913698725638],[0.0014333189863311932,1.4919034319897724E-4,2.62183070176124E-4,2.4208632869468277E-4,0.011278401186323611,0.011047284405152073,2.1558052695747003E-4,7.933669982912662E-5,8.628939073313296E-4,3.3186607623861904E-4,5.8117596294620695E-5,4.8811152587393137E-4,1.0108865763151296E-4,2.722231010034874E-4,8.004768402484675E-5,2.8065829479558224E-4,0.0030566959654298597,3.117983003171804E-4,0.04552257429782745,0.0015789698435970476,3.028454254782603E-4,2.714677952812801E-4,0.004951755578591823,1.0,9.34639256890252E-4,1.9487665455282294E-4,3.8099124950689194E-4,0.009655544323029057,3.299843223846208E-4,1.554585262406919E-4,2.7517850527306254E-4,3.4230254918806574E-4,2.5253787306410636E-4,0.016252831246254196,2.1858738069436236E-4,0.0016181692468421145,1.3944348637093628E-4,9.228516967333214E-4,0.002887235231586028,0.0038389136833489185,9.098420990851584E-4,3.7424476428998826E-4,2.313656146747104E-4,2.1326617499868754E-4,9.997939107686763E-4,2.104633773832486E-4,0.001283284476389253,0.001118360538367966,3.2509192790461963E-4,0.0011736846319434907,6.292433897774349E-4,1.7118467089504314E-4,0.011140973932202244,2.8089683271493183E-4,6.549496474219402E-5,5.716105219186959E-4,3.0504865339204667E-4,0.0041832844155796],[0.002287622234959779,1.4612355670474644E-4,8.762699947610609E-5,0.002218735157585155,0.0211642674047609,0.006763153929757853,0.0018153380588473715,1.3910975839579457E-4,0.0014145287615001507,0.0012737666199063645,9.73044005824946E-4,0.001027973091147889,1.9000145417463754E-4,0.0015207738883713728,1.654248044478041E-4,1.964320602630686E-4,0.0036315780015908974,0.002786883443180832,0.05728046743236803,0.002057675603615041,0.0013388768560933415,4.890835988425614E-4,0.009156985296680378,9.34639256890252E-4,1.0,0.0013186205759665426,0.0017445991353615662,0.00971916074083187,0.00203499054421927,2.726984774651119E-4,0.0023847699247901743,0.0026311281223292825,0.0011673044695124986,0.015603938948768287,7.665385418375769E-4,0.003110140680771232,0.002417316298458169,0.007724586515971405,0.003074972824639815,0.0037505266692099875,0.003417248051221463,0.0024732740529735836,0.0014825143113947482,0.002444252169707976,0.0035884569413201037,1.4194801652026788E-4,0.002573926471711416,0.0017754483066347226,0.002139313659920296,0.0020645861507228875,0.0011376486384876766,0.0019672032836975345,0.012030534986778602,9.84435544410956E-4,0.0025038164599591167,0.002679523679340984,5.933677142151824E-4,0.003398961659669462],[4.3890350308845185E-4,1.2502262323062113E-4,4.85294189878806E-5,2.2197010492337496E-5,0.007046195187394423,0.009624867312790884,1.3405409290408835E-4,9.586072928374827E-5,4.0031587420933447E-4,7.717595365463203E-4,1.0889698937622039E-4,2.0932789906277975E-4,3.94757872045318E-5,1.6258576329589725E-4,3.994612630530563E-5,1.4165782859448394E-4,0.0016492088007951115,2.3508780810284856E-4,0.04072403243521144,0.0016343895194424166,2.08294075375027E-4,2.1578703130917858E-4,0.013497269697056835,1.9487665455282294E-4,0.0013186205759665426,1.0,2.1689547992660273E-4,0.008858390768012654,3.413662481459229E-4,1.0778393195962148E-4,1.351465952052549E-4,0.001317933248148175,1.2222031712286264E-4,0.0023388322824628048,1.6975202619293737E-4,0.003095311615787203,1.0112305899524037E-4,0.0016698919235722761,0.004424529812394136,8.552824359673336E-4,0.0032510129812706482,2.2154758728715692E-4,1.0112525556027427E-4,1.3059959392019348E-4,0.0031529348471985297,1.3363265136247528E-4,2.055172401575804E-4,7.418475388698141E-4,2.2018369044946265E-4,7.042464684938238E-4,2.2501479506097503E-4,1.128629086150841E-4,0.01652042834136389,2.6616213518578554E-4,1.0336841948182908E-4,2.7119105315940163E-4,5.4398760262421556E-5,0.002978267498887691],[0.001772248538968638,1.915820530134184E-4,2.9479788738584874E-4,1.811401820917138E-4,0.024740458391138337,0.010760542790329657,3.236357508177261E-4,7.109129559083732E-5,5.915901066283239E-4,7.92684602576164E-4,2.731155635044641E-4,3.9263300463473886E-4,3.1148274534104656E-4,3.8249497327028797E-4,3.518513296053518E-4,2.537530085489352E-4,0.004010144089511348,3.5666262442218247E-4,0.0375685274531605,0.0014211634731214318,3.0632243709784694E-4,3.7051622357631506E-4,0.019813882506526197,3.8099124950689194E-4,0.0017445991353615662,2.1689547992660273E-4,1.0,0.0034543946952898634,3.9214260160348486E-4,3.5523471203199056E-4,2.90410248801674E-4,0.0011402383593975282,2.983847296136545E-4,0.015642864505852897,2.538123405723023E-4,0.006290014211862468,2.905392520594584E-4,0.012817604398395408,0.001679722310853689,0.002590065763315115,0.0016998070116553002,8.632755700733867E-4,2.064604030943722E-4,2.0596971441198142E-4,0.001347944964482442,2.8120001857450967E-4,0.0012307531693947333,5.206817222487317E-4,4.012891595848986E-4,0.0010462127974236444,6.309685775819036E-4,2.182580422871244E-4,0.014120746079640785,3.6144390493252955E-4,9.452320271938433E-5,5.607243778483172E-4,1.9975314914089578E-5,8.513723235987927E-4],[0.004667488943601444,0.005417093940550936,0.0029765747345324393,0.003028348608394768,0.015321565174874666,0.011851312283300186,0.0023370932637163254,0.0028148315468798325,0.005723180984961966,0.0060956057985278155,0.009520318944637526,0.006034981867445465,0.0063720493676411175,0.004731514128536355,0.00625379557787143,0.00947971376030731,0.009526259294311758,0.00844895304381375,0.022833186583342352,0.006947890257100667,0.008044671307143016,0.005031658910070351,0.015440631469008197,0.009655544323029057,0.00971916074083187,0.008858390768012654,0.0034543946952898634,1.0,0.009042157341813907,0.00567870927143493,0.0045211647839554035,0.0037410647953546664,0.003709208691834901,0.01229544760436046,0.007796304323399799,0.009101904778254042,0.008668567735931863,0.01636854556004115,0.0080058651323189,0.00866282657267339,0.009840604356629198,0.002773207109001312,0.0086401210091009,0.008997427717458914,0.006787200777249666,0.007336140597430538,0.009116614761939281,0.006181516128736565,0.00989352020922178,0.005898433058450284,0.008691655605912656,0.006297589908299514,0.012875823026961383,0.0034441094484419406,0.008812111252415728,0.006461966067387606,0.004877824904497258,0.005042525400043412],[8.013135816495529E-4,1.4419225474229683E-4,2.3874749593202118E-4,1.4439993557778375E-4,0.017468632102251996,0.0032703642573838876,1.8875670964339287E-4,2.8667414901216985E-4,5.161269127848226E-4,9.160419121163124E-4,3.096246097135224E-4,4.7870451045264417E-4,2.142847537648174E-4,3.3342945473646387E-4,3.437980228124835E-4,3.1666677130601727E-4,0.002660570575335445,3.865264354374131E-4,0.04576964390497688,0.0011744676819088827,3.6934422547329717E-4,3.572784638140135E-4,0.024904796983400198,3.299843223846208E-4,0.00203499054421927,3.413662481459229E-4,3.9214260160348486E-4,0.009042157341813907,1.0,2.4611315051619446E-4,2.9318429050721593E-4,0.0013531310477613134,3.3059288912635695E-4,0.007396451822347043,3.7192558170669437E-4,0.0025401695204428547,6.0456015134777944E-5,0.011168546883116758,0.001039870622373704,0.0028020465789012567,0.002328424947229062,8.61381543933453E-4,2.419103550248852E-4,3.265900734044161E-4,0.003920916597997629,3.1675686921659097E-4,4.284367613216925E-4,9.135282467331632E-4,4.2641655377618126E-4,5.357769201962728E-4,4.575583448030404E-4,2.160898676221003E-4,0.00217030668980185,3.546119605195348E-4,1.8841811462879917E-4,5.852913221971038E-4,2.0640202224230233E-4,0.0029913040535335437],[0.0010942060973706154,1.1077126165958198E-4,4.883505004025012E-5,2.1689224889192123E-5,0.022576260337372662,0.0085978061757891,1.1189681303256204E-4,6.80244279780894E-5,8.96509487030288E-4,4.958867064170099E-4,3.446916206710012E-5,1.0770093010847136E-4,7.109878204932805E-5,1.632016524685111E-4,9.453800756566574E-5,1.1312928983229919E-4,0.0031544981011037837,2.724265953483231E-4,0.04796281862788494,4.014745983674529E-4,2.660265238278754E-4,1.3908972925990508E-4,0.001593043981302533,1.554585262406919E-4,2.726984774651119E-4,1.0778393195962148E-4,3.5523471203199056E-4,0.00567870927143493,2.4611315051619446E-4,1.0,1.5046560529203862E-4,5.371735532478611E-4,1.617430044315305E-4,0.008993106958300636,1.3307135153302257E-4,0.0024678409164083617,6.193370774962054E-5,0.013300900652845357,0.002378934897033112,0.003388081875270306,7.808837899611817E-4,0.0011119110544216197,3.97890521806511E-5,1.2534967786293172E-4,0.0011445206044550199,1.271879425566616E-4,8.361763964001322E-4,0.0010876122445351501,1.3317906830430116E-4,8.859040760448398E-4,1.6735912798887683E-4,1.0686564356443589E-4,0.007086301037982646,2.577764138383057E-4,9.58915569998169E-5,5.822916717086916E-4,7.849998461517772E-5,0.0024242064655240684],[2.642674573900407E-4,1.3060914478493543E-4,1.1191546092948996E-4,1.4845542631368935E-4,0.011431662142228585,0.009535954959982875,1.8355811034259008E-4,1.1365062130322729E-4,9.502126048759256E-4,7.821136653970615E-4,1.4021674658219223E-4,2.1502131685450704E-4,1.7998608205744345E-4,2.451066195880432E-4,1.4997292842949052E-4,1.8386658559437215E-4,0.004233039436205971,2.599778711749538E-4,0.01898331071691947,4.774312436896488E-4,2.2586820433268212E-4,1.975281317766152E-4,0.008268201978139409,2.7517850527306254E-4,0.0023847699247901743,1.351465952052549E-4,2.90410248801674E-4,0.0045211647839554035,2.9318429050721593E-4,1.5046560529203862E-4,1.0,6.254702544697466E-4,1.7126972325008373E-4,0.0157464341701772,1.8102250591576808E-4,0.003949117229607277,1.3009304481948045E-4,0.005675969950810848,0.003495421808740388,0.003998786442785029,0.001282082839066705,8.558419202837363E-4,5.869652200300652E-5,1.778910111157872E-4,0.003925154691243081,1.6697234655226072E-4,0.0014183107960645974,2.447489800525974E-4,2.7239623309164456E-4,8.229685286977108E-4,1.8722061281808348E-4,1.2408442387878412E-4,0.011744450457875436,2.2318453032312883E-4,1.2431384338006552E-4,4.2904785777303663E-4,1.0645150547690842E-4,0.0010565063901233377],[0.0020394893659982545,0.0013375734866233513,6.130479183637195E-4,0.001202453862158757,0.023308642645834588,0.00772109073167729,0.001001081040698763,8.076433162237141E-5,0.0011920447051899056,0.0011335181789642046,8.905769221346302E-4,0.0013685976891906694,2.756794564582144E-4,3.7275812554487874E-4,2.8055711102848655E-4,9.339893900887385E-4,0.004582959926581174,0.0011050854062664081,0.036095773307985336,0.0015238811902189443,8.400816000637863E-4,8.437878158103489E-4,0.005234592585155991,3.4230254918806574E-4,0.0026311281223292825,0.001317933248148175,0.0011402383593975282,0.0037410647953546664,0.0013531310477613134,5.371735532478611E-4,6.254702544697466E-4,1.0,0.001133529035361685,0.009249968403550274,0.0013055820448051882,0.005023924752019437,8.542204614634512E-4,0.011171014808054052,0.002466008929422926,0.0032591784916598913,0.003310387216936066,0.001148973920924531,0.0010022262697174371,0.0011932048005407288,0.0015146905969627266,0.001182297939019027,0.0013821571254855642,0.001428037824818752,9.283522547751614E-4,0.0013619311636364332,0.001124324788922364,9.417189852199731E-4,0.0031104167683553533,4.8305396281597305E-4,0.0011386235209074277,0.0010516667766685254,0.0013648195856200698,0.0029388351250769604],[0.0019495398488528167,1.5964487090155315E-4,1.1558308296939663E-4,1.4287344029900758E-4,0.01877549664428791,0.002275879006209416,1.8259186561237953E-4,1.302997535205019E-4,8.054219062171192E-4,3.269911860087313E-4,8.822657685937036E-5,1.9334166205858542E-4,5.426592534103829E-5,2.1867825718110493E-4,1.4028695830204334E-4,1.6773897325971207E-4,0.002235427843694672,2.633346924390319E-4,0.017739459620965996,2.1274463732143462E-4,2.3440413618108492E-4,1.847524372261024E-4,0.009859615515485238,2.5253787306410636E-4,0.0011673044695124986,1.2222031712286264E-4,2.983847296136545E-4,0.003709208691834901,3.3059288912635695E-4,1.617430044315305E-4,1.7126972325008373E-4,0.001133529035361685,1.0,0.016759745863460202,1.7192161475368666E-4,0.004941190197033882,1.36401214936748E-4,0.011733592068551192,0.0034333871304908503,0.00115654385102826,7.855652520526462E-4,2.082779077378678E-4,5.880957521643566E-5,1.5194811586708644E-4,0.0016961061452575232,1.5984981339657754E-4,2.803591499840332E-4,2.063621611792951E-4,3.94081016