[[1.0,0.011916196202129614,1.521221468280212E-4,0.004823565608047109,5.086894553227184E-5,1.9313378687020605E-4,0.008608787893388037,1.8943108313250213E-5,0.007746348636216546,0.0014156472074430743,0.0018479363815936455,1.0876844682376916E-4,0.0029899287723733617,0.003605961657563627,5.854309655592103E-4,0.0027771686656773904,0.0011112755682748496,1.9853348024358E-4,0.0012646468498172456,7.832235213966044E-4,1.9958519553849732E-4,1.8118820117830347E-4,1.6119035873887E-4,4.929319340813141E-4,3.1809386933706786E-4,2.67731858653551E-4,0.0026965467004120064,7.970911139032072E-4,1.3113898750523968E-4,0.0026648897278088004,3.7178428393020037E-4,4.7578304977260804E-4,1.2912482048253222E-4,5.264922355399059E-5,9.381829807745621E-4,2.137748723062297E-4,1.6134373599538697E-4,0.0011518472480908264,4.4654469153421546E-5,0.0038536486531897717,1.2131275663855221E-4],[0.011916196202129614,1.0,0.007790312760048019,0.009692832354388892,0.009818591198829317,0.00815327370203115,0.01620939849134298,0.006325224330878924,0.012003878641925625,0.0023778973896554064,0.011339183580713307,0.009698318925203616,0.008457405280922821,0.013414019611799121,0.009708812724892235,0.010353184443397473,0.013231874013011251,0.005036347722644228,0.012033451128015578,0.01098624039256585,0.009163048310240297,0.0016164062541188602,0.006074944701251683,0.009285760953027525,0.00665362455677888,0.007268925034871701,0.010029277996601417,0.003843724223756789,0.011704478543472579,0.011823169544462341,0.005804744872734833,0.009953349979487578,0.002493885321752145,0.004061566381301869,0.0052436211548233,0.011675888115028229,6.805653289940827E-4,0.01005591119772586,0.0036684867866790304,0.012288925322383359,0.0018304295114291312],[1.521221468280212E-4,0.007790312760048019,1.0,0.002809282598254856,4.9842753891391305E-5,1.422967296434162E-4,0.006231845003921143,6.465229527852253E-5,0.008119743868369033,2.1977248318425923E-4,0.0018230089844488246,6.562236415817274E-5,8.998259747256393E-4,0.010361208281813042,1.2536858772096288E-4,0.0018886864777731315,0.01057281036926793,1.4716430998209574E-4,0.002201329723548108,0.0010734564621179671,1.5916241173264493E-4,1.1849228582791313E-4,1.1128061437236616E-4,8.375383571543223E-4,0.0010940127243339879,9.734430375015902E-4,9.373415566108075E-4,0.0011988832560779251,1.1837016617027324E-4,7.961272198891327E-4,2.68280690714755E-4,9.426390592620917E-4,6.485632616595062E-5,3.475393516330698E-5,0.0015547779821490754,0.0015183767337107177,1.2709474754559694E-4,8.756557008336658E-4,8.097748584750271E-5,0.007669539182429233,1.0340872711323022E-4],[0.004823565608047109,0.009692832354388892,0.002809282598254856,1.0,2.006632679709377E-4,0.005596725481512644,0.013265902256120891,0.005672199997428613,0.009401220361599258,0.004250843322873803,0.0053496607600531645,0.005475812513699881,0.0049363116507721485,0.00767054871104711,0.004750512541140608,0.0033416729085726784,0.007113373581839116,0.003905190636587431,0.0041992760282792,0.0022393138762089094,0.0032835673306299677,0.0020795804426084036,0.0038467440035859866,0.002091963927256914,0.003729824786613113,0.003728821290958048,0.008526388899413062,0.00371294144202897,0.00493313430636392,0.005029159244265419,6.451531310717535E-4,0.0020926189381063704,0.005269320037323529,8.123120792052368E-4,0.0026582509057715953,0.002821553701560492,0.003964154771639885,0.003595767183739429,0.0013810143404159691,0.015402095640449533,4.959829457520298E-4],[5.086894553227184E-5,0.009818591198829317,4.9842753891391305E-5,2.006632679709377E-4,1.0,5.021139595622538E-5,0.003433401517759216,1.496352023460576E-5,0.005182788842945025,6.326182033763267E-4,0.0011817362616852456,3.788055695071498E-5,0.0018218793080716825,5.166668084984201E-4,4.096232717963526E-4,9.207219787545913E-4,0.004182512075972191,1.1692023450768534E-4,0.00235623705782378,3.1960893732339714E-5,1.5364165775162567E-4,7.380305247720071E-5,4.187207491667583E-5,6.067878091377242E-4,3.673729986644122E-4,0.0011529878686825914,0.00122348227262177,2.4783836651604045E-4,7.973986874541819E-5,0.0020291189163536027,9.223260977867041E-5,0.001029986873170337,1.0536973941001787E-5,2.1138169098492177E-5,4.6379296454326203E-4,2.9337842194077215E-4,1.0404018073552134E-4,0.0012951782992419356,2.859792175030847E-5,0.01945707987366513,5.491558333194378E-5],[1.9313378687020605E-4,0.00815327370203115,1.422967296434162E-4,0.005596725481512644,5.021139595622538E-5,1.0,0.01457480779267013,1.2858089269057797E-4,0.001551022470391759,0.001304295868406197,6.984747147003047E-4,1.252425039281477E-4,0.0027912611783088665,0.010653235481826628,4.353032593543264E-4,0.0019000542836557957,0.010935923735138076,1.6070973260447986E-4,0.0019230817573740752,0.0012837409989713091,1.5967362127874447E-4,1.4388088607713195E-4,1.3450467095398378E-4,3.602779020795542E-4,4.0299114703853706E-4,0.0014238250666062117,0.007286762079380368,0.0011896582860835762,1.379080638643762E-4,0.002800395989572272,3.6848491557479185E-4,5.600971268322745E-4,7.670047728674116E-5,1.0106413162491512E-4,0.0014195800358623196,0.0012644509045562353,1.516278399294044E-4,0.0012622497977957808,1.3938668194487332E-4,0.001918952841781068,1.4783431184128674E-4],[0.008608787893388037,0.01620939849134298,0.006231845003921143,0.013265902256120891,0.003433401517759216,0.01457480779267013,1.0,0.007211972152598683,0.009840219928442348,0.015904445987681284,0.013274079217127721,0.007564507562542695,0.016049706071085034,0.014903868258195245,0.009940853552913933,0.006827307277359218,0.016392093564349574,0.012511773947911033,0.006960889154078597,0.01213783571661882,0.016340971446217652,0.002670712364196087,0.0051325120529700724,0.016307752665803785,0.01356134110899582,0.009883237022708479,0.011688623871919157,0.001714760733185238,0.002544253947294366,0.015287215027439887,0.015692724261332662,0.0125101592498832,0.0021670550626494496,0.014467577005773502,0.013781402105277066,0.012347081221401712,0.012368632925097807,0.015676409844289144,0.00711496857854841,0.016874641497701175,0.011993603185587714],[1.8943108313250213E-5,0.006325224330878924,6.465229527852253E-5,0.005672199997428613,1.496352023460576E-5,1.2858089269057797E-4,0.007211972152598683,1.0,0.005205353667123891,4.2219037543117456E-4,0.0012143924257158483,2.2693504847742103E-5,6.204326320387403E-4,0.006489950697772051,9.417553907855494E-4,0.0031652676112514924,0.0071321312701930935,1.3099411080095513E-4,7.250218956764598E-4,0.001632694078708303,3.080843391649347E-5,5.038989688591896E-5,7.570893452540881E-5,0.0011840182415557648,0.001011012395458203,0.0010454400586809702,0.007680423327948663,4.831261604691048E-4,1.1220027558145521E-4,8.966685400172254E-4,2.64216508722307E-4,3.519430412073279E-4,1.1620965898370005E-5,1.7401325085064165E-5,0.0016418725851815657,1.377592106987767E-4,2.758044229495377E-5,0.0011623169302401558,2.4479656901218758E-5,0.015500304278422892,9.019016635858068E-5],[0.007746348636216546,0.012003878641925625,0.008119743868369033,0.009401220361599258,0.005182788842945025,0.001551022470391759,0.009840219928442348,0.005205353667123891,1.0,0.007594779830118225,0.003854154499951239,0.008502550046796334,0.007679396770754166,0.013992456962079016,0.006592377876507311,0.004864154218459484,0.015184224400631998,0.009237656333606452,0.0066758178788998875,0.0032755085331815457,0.0010153509498019876,0.0016054917897594533,0.0014724846320343476,0.005662800792731568,0.00642715164936713,0.004501010811614798,0.009359895959701528,0.004803722892893629,0.00820326099213814,0.008927503124646737,0.003870007964367584,0.008989107102936787,0.0011889154632343099,0.005854857281028312,0.007611231476076016,0.008742929034350425,0.0017579811981664447,0.009203114967057061,0.003752959817142278,0.009578375095583716,0.009095858367789039],[0.0014156472074430743,0.0023778973896554064,2.1977248318425923E-4,0.004250843322873803,6.326182033763267E-4,0.001304295868406197,0.015904445987681284,4.2219037543117456E-4,0.007594779830118225,1.0,0.00232978611656327,0.0014468907660251734,0.0036218526117371462,0.006630411419621247,0.0011669136468358218,0.003089281875764847,0.004540863254112447,8.255176635717342E-4,0.0020519764356297437,0.0017828357814494745,5.353380919598208E-4,0.0016319724083049087,0.0010323320766272906,0.0013950081024172178,0.0016199800988407932,0.0015251122474831847,0.007583200830095626,0.0014786893931469883,3.398096559686183E-4,0.0029914743256765444,0.0015771160659543316,0.0010999401802416283,9.107655568460584E-4,0.0014866577662470968,0.0017469776199454477,0.0019328027604884664,6.748843123278056E-4,0.0015449326038817059,8.893017901000304E-4,0.009678803089592215,0.001411471172417557],[0.0018479363815936455,0.011339183580713307,0.0018230089844488246,0.0053496607600531645,0.0011817362616852456,6.984747147003047E-4,0.013274079217127721,0.0012143924257158483,0.003854154499951239,0.00232978611656327,1.0,0.0019026114189752824,0.003424050808375471,0.012175523522982226,0.0016918198039432481,0.0029920167467389633,0.007443902395864157,5.352692230386244E-4,0.002550632779611658,0.002142280507629963,0.0011603555509925993,4.268924845572479E-4,0.001342899786519138,0.002235069805441684,0.0023468957971188413,0.0020842722681465664,0.003847804717420242,0.0016934674714664303,0.0011892651275558028,0.0025733811711901354,0.001203363690903343,0.0013048337264050715,0.0022025288544691335,0.0016070747280540715,0.002392432720289776,0.00212657054527203,0.0021884598865749365,0.002252298476112902,5.936365130751202E-4,0.01065072406937205,0.0018388059933238498],[1.0876844682376916E-4,0.009698318925203616,6.562236415817274E-5,0.005475812513699881,3.788055695071498E-5,1.252425039281477E-4,0.007564507562542695,2.2693504847742103E-5,0.008502550046796334,0.0014468907660251734,0.0019026114189752824,1.0,0.0025575662722383263,0.011437704586273568,5.365474249685587E-4,0.003088205326590989,0.010547726042222016,9.448659544563373E-5,4.67272627479052E-4,3.3297179649661036E-4,7.98577437019619E-5,1.2057780239590598E-4,8.23326443662841E-5,6.053635091398588E-5,1.9603804773756216E-4,7.200715610137544E-4,0.002904531212577794,7.125538655691479E-4,5.565967130678026E-5,0.0018350486766080191,3.199150269816731E-4,1.2890107773162518E-4,2.3283443479493465E-5,3.466277359814834E-5,0.0014322250196490223,1.8046360991520735E-4,8.928057553151818E-5,2.246915178088762E-4,4.0653703875091756E-5,0.008959765321714748,8.66529851675066E-5],[0.0029899287723733617,0.008457405280922821,8.998259747256393E-4,0.0049363116507721485,0.0018218793080716825,0.0027912611783088665,0.016049706071085034,6.204326320387403E-4,0.007679396770754166,0.0036218526117371462,0.003424050808375471,0.0025575662722383263,1.0,0.004641842136405865,0.0021079351012085077,0.0033283869054802784,0.011968770399692085,0.0012818775092650698,0.0027203411069587047,0.0021279274899196647,0.0029539351200992625,9.576865394529809E-4,0.0023303023446134964,0.0031708945466019343,0.001902857898064365,0.0028857009056851577,0.005019730812912142,0.0017597694637785364,0.0013869635949266474,0.0034968200097545035,0.0014142379660488041,0.00283277739915377,0.0017011383057261302,0.0012929810253095053,0.0035881405731838334,0.002926078509391279,9.325460929987368E-4,0.0025813634911826355,0.0019710155317558434,0.017030635428373683,0.0036371114358784633],[0.003605961657563627,0.013414019611799121,0.010361208281813042,0.00767054871104711,5.166668084984201E-4,0.010653235481826628,0.014903868258195245,0.006489950697772051,0.013992456962079016,0.006630411419621247,0.012175523522982226,0.011437704586273568,0.004641842136405865,1.0,0.004551616136637538,0.0125548759713109,0.014229235752496445,0.006856769196971442,0.008050383803212307,0.0025066838061459616,0.002715465182609006,0.012504536989539891,0.01011170468337202,0.005802240776742423,0.0019496939423713883,0.003746877362939411,0.009452439129881597,0.009491058955629912,0.010740667754869985,0.009361583205050995,0.007105107087815637,0.009969963531632592,0.001091389647912362,0.0026744594789727344,0.01107613446972756,0.0033458043695493217,0.010696909464829674,0.011586279964375844,0.0036039255429684753,0.015246916546944662,0.006190384102401394],[5.854309655592103E-4,0.009708812724892235,1.2536858772096288E-4,0.004750512541140608,4.096232717963526E-4,4.353032593543264E-4,0.009940853552913933,9.417553907855494E-4,0.006592377876507311,0.0011669136468358218,0.0016918198039432481,5.365474249685587E-4,0.0021079351012085077,0.004551616136637538,1.0,0.0029589979741410097,0.013571591257428673,6.183218047541237E-4,0.0017363696067395746,0.0015283739408177828,9.51620222445457E-4,9.401460616036868E-4,9.935305237426847E-4,0.0011411834241493626,0.0011346386267995653,0.0014508280591191698,0.0033709119668508124,0.00108061703394705,6.674196459756797E-4,0.0031915364898245156,6.565985426385096E-4,0.0010413544792509017,2.4778781307069136E-4,9.576656558908335E-4,0.0018540696551218963,0.0017547370324915395,9.199322172430229E-4,0.001243327812399999,8.535068172750742E-4,0.01812005499370938,2.0252647728687551E-4],[0.0027771686656773904,0.010353184443397473,0.0018886864777731315,0.0033416729085726784,9.207219787545913E-4,0.0019000542836557957,0.006827307277359218,0.0031652676112514924,0.004864154218459484,0.003089281875764847,0.0029920167467389633,0.003088205326590989,0.0033283869054802784,0.0125548759713109,0.0029589979741410097,1.0,0.009530988620298794,0.0022373647705942103,0.0030326949424209076,0.0027501346165451504,0.0030166361939704196,0.0023225420944311217,0.002042292803199403,0.0028689916962687367,0.001724874684349628,0.0032898827757173632,0.008760077778594055,0.0015216633392494633,0.0016968989439354741,0.0032798187376174106,0.0028663393671141293,0.001516781733828973,0.0022873209682271202,0.0019970773663380596,0.0027141272612075515,0.0023074508202442145,0.0027492723770999924,0.003261677953215153,0.0032079641677203504,0.003679367036985091,0.001985506423736258],[0.0011112755682748496,0.013231874013011251,0.01057281036926793,0.007113373581839116,0.004182512075972191,0.010935923735138076,0.016392093564349574,0.0071321312701930935,0.015184224400631998,0.004540863254112447,0.007443902395864157,0.010547726042222016,0.011968770399692085,0.014229235752496445,0.013571591257428673,0.009530988620298794,1.0,0.015586244659864992,0.004899871700260075,0.008894831168923867,0.012281892031096251,2.2483786145173376E-4,0.015603267338303948,0.010570140239699995,0.005458514160534583,0.00721842546947639,0.011743142278752386,0.003977849965107498,0.015321463443030672,0.009888430280084175,0.007419200416440707,0.004945538817185654,0.004123623286115309,0.00950457815745974,0.005401837144876159,0.008846109335615002,0.003442918354461913,0.0016156251177350891,0.005944665915357762,0.017321727291004563,0.01486058183590022],[1.9853348024358E-4,0.005036347722644228,1.4716430998209574E-4,0.003905190636587431,1.1692023450768534E-4,1.6070973260447986E-4,0.012511773947911033,1.3099411080095513E-4,0.009237656333606452,8.255176635717342E-4,5.352692230386244E-4,9.448659544563373E-5,0.0012818775092650698,0.006856769196971442,6.183218047541237E-4,0.0022373647705942103,0.015586244659864992,1.0,6.052529366893518E-4,0.0014160965500225504,1.7254644443737675E-4,1.6782620976981295E-4,1.6308747650869737E-4,9.203263010094483E-4,0.0012434284924376865,2.103449518605826E-4,9.741278255784106E-4,4.5923455106873013E-4,1.3271866563094317E-4,0.0021794375711474607,2.6785063119222406E-4,8.72934772149977E-4,9.245753883413259E-5,1.93093224058548E-5,2.623172036065065E-4,0.0019147298142138049,1.7625036214661576E-4,9.249998910576543E-4,1.2489275889917122E-4,0.012762704980162224,1.570347947530937E-4],[0.0012646468498172456,0.012033451128015578,0.002201329723548108,0.0041992760282792,0.00235623705782378,0.0019230817573740752,0.006960889154078597,7.250218956764598E-4,0.0066758178788998875,0.0020519764356297437,0.002550632779611658,4.67272627479052E-4,0.0027203411069587047,0.008050383803212307,0.0017363696067395746,0.0030326949424209076,0.004899871700260075,6.052529366893518E-4,1.0,0.0023858953426161857,0.0022565628696200025,0.002535264051921275,0.0010536819940175444,0.0015005990504769532,0.0021035133856401175,0.0023918343744079628,0.009027945419969504,0.002553346138630047,0.0022152700045865573,0.0031482467780924936,0.002126128926281494,0.0017488076207284055,0.002543670757491183,0.0018313969312460092,0.0026043015925634005,0.002391714978422517,2.738670526575334E-4,0.0020441612531570588,0.0015398543007184597,0.00853962753608775,0.0015278172537238114],[7.832235213966044E-4,0.01098624039256585,0.0010734564621179671,0.0022393138762089094,3.1960893732339714E-5,0.0012837409989713091,0.01213783571661882,0.001632694078708303,0.0032755085331815457,0.0017828357814494745,0.002142280507629963,3.3297179649661036E-4,0.0021279274899196647,0.0025066838061459616,0.0015283739408177828,0.0027501346165451504,0.008894831168923867,0.0014160965500225504,0.0023858953426161857,1.0,7.254056101873548E-4,4.1310909277302287E-4,0.0016316788605466707,0.0016714093748054517,0.0015980050613448988,0.0015491699197930356,0.004853765133095647,0.0015525730256035213,9.84915621695698E-4,0.00312486594823478,7.924602179693906E-4,0.0013969899307020946,0.001809135015403541,0.00119660887784951,0.002020691903818787,0.0019892531132085322,8.428573305356255E-4,0.0018002154342612185,0.0013074535530534644,0.010990644615216691,0.0015866480301039846],[1.9958519553849732E-4,0.009163048310240297,1.5916241173264493E-4,0.0032835673306299677,1.5364165775162567E-4,1.5967362127874447E-4,0.016340971446217652,3.080843391649347E-5,0.0010153509498019876,5.353380919598208E-4,0.0011603555509925993,7.98577437019619E-5,0.0029539351200992625,0.002715465182609006,9.51620222445457E-4,0.0030166361939704196,0.012281892031096251,1.7254644443737675E-4,0.0022565628696200025,7.254056101873548E-4,1.0,1.3510960514235393E-4,1.3025628746034015E-4,0.001060343489311917,3.352421601670585E-4,0.0010302494562814122,0.009084045113962078,0.0012332897542683189,1.4241004976427567E-4,0.001139655972017627,3.7631930311669696E-4,3.469386103231838E-4,5.899554020084434E-5,7.432286785386642E-5,4.743675441846172E-4,7.949595516203046E-4,1.646452005769624E-4,4.6252186183895645E-4,8.823779864549646E-5,0.005659232083133263,1.5031885497400447E-4],[1.8118820117830347E-4,0.0016164062541188602,1.1849228582791313E-4,0.0020795804426084036,7.380305247720071E-5,1.4388088607713195E-4,0.002670712364196087,5.038989688591896E-5,0.0016054917897594533,0.0016319724083049087,4.268924845572479E-4,1.2057780239590598E-4,9.576865394529809E-4,0.012504536989539891,9.401460616036868E-4,0.0023225420944311217,2.2483786145173376E-4,1.6782620976981295E-4,0.002535264051921275,4.1310909277302287E-4,1.3510960514235393E-4,1.0,1.1382388355464642E-4,8.121257508920802E-4,5.116454180817944E-4,6.275999962469969E-4,0.0073799966068828285,8.864414992438125E-4,1.2195627614313955E-4,0.001703085264307599,1.6834559345522542E-4,5.466652779656131E-4,8.794342172889665E-5,1.161474567329114E-4,0.001848489635226484,7.973774914828817E-4,1.2427462403229056E-4,0.0011538627734976664,1.0097377117719256E-4,0.008650716533339433,1.1762163611335771E-4],[1.6119035873887E-4,0.006074944701251683,1.1128061437236616E-4,0.0038467440035859866,4.187207491667583E-5,1.3450467095398378E-4,0.0051325120529700724,7.570893452540881E-5,0.0014724846320343476,0.0010323320766272906,0.001342899786519138,8.23326443662841E-5,0.0023303023446134964,0.01011170468337202,9.935305237426847E-4,0.002042292803199403,0.015603267338303948,1.6308747650869737E-4,0.0010536819940175444,0.0016316788605466707,1.3025628746034015E-4,1.1382388355464642E-4,1.0,9.239827935802026E-4,0.0011653706527808552,8.86745971949271E-4,0.0037154694161788304,7.675717546466286E-4,1.240494713079995E-4,0.0012345407878971819,3.2850897166104143E-4,7.902880453403102E-4,9.14570757172437E-5,1.0415636032195192E-4,0.0011623043592797256,0.0016609224248121544,1.1761050015603168E-4,0.0011957883384052322,8.727937858624637E-5,0.004243420784175451,1.1085895498692941E-4],[4.929319340813141E-4,0.009285760953027525,8.375383571543223E-4,0.002091963927256914,6.067878091377242E-4,3.602779020795542E-4,0.016307752665803785,0.0011840182415557648,0.005662800792731568,0.0013950081024172178,0.002235069805441684,6.053635091398588E-5,0.0031708945466019343,0.005802240776742423,0.0011411834241493626,0.0028689916962687367,0.010570140239699995,9.203263010094483E-4,0.0015005990504769532,0.0016714093748054517,0.001060343489311917,8.121257508920802E-4,9.239827935802026E-4,1.0,0.0012352082143078135,0.0014466023627864356,0.006009828945525282,0.001219527175427954,2.880146356811382E-4,0.001845401070849819,9.425083079434571E-4,0.0011907523157251903,2.7243502735732573E-4,1.8747312466420486E-4,0.0017408944571215995,0.0019162868532931836,7.333456058569078E-4,0.0013462266786990827,2.610527787028018E-4,0.016095278582994105,9.242981246679141E-4],[3.1809386933706786E-4,0.00665362455677888,0.0010940127243339879,0.003729824786613113,3.673729986644122E-4,4.0299114703853706E-4,0.01356134110899582,0.001011012395458203,0.00642715164936713,0.0016199800988407932,0.0023468957971188413,1.9603804773756216E-4,0.001902857898064365,0.0019496939423713883,0.0011346386267995653,0.001724874684349628,0.005458514160534583,0.0012434284924376865,0.0021035133856401175,0.0015980050613448988,3.352421601670585E-4,5.116454180817944E-4,0.0011653706527808552,0.0012352082143078135,1.0,0.0012912694078677867,0.005935342436517686,0.0012713935185265368,4.5196804350676814E-4,0.003273146018163372,9.885694035511074E-4,0.0012351443592337156,0.0011773904259734197,3.4548547607919774E-4,0.0016897634263093207,0.0014122203023733786,4.927654918944284E-4,0.001308041973159739,0.001123991589023981,0.013485103276244635,6.973569826166061E-4],[2.67731858653551E-4,0.007268925034871701,9.734430375015902E-4,0.003728821290958048,0.0011529878686825914,0.0014238250666062117,0.009883237022708479,0.0010454400586809702,0.004501010811614798,0.0015251122474831847,0.0020842722681465664,7.200715610137544E-4,0.0028857009056851577,0.003746877362939411,0.0014508280591191698,0.0032898827757173632,0.00721842546947639,2.103449518605826E-4,0.0023918343744079628,0.0015491699197930356,0.0010302494562814122,6.275999962469969E-4,8.86745971949271E-4,0.0014466023627864356,0.0012912694078677867,1.0,0.00919909355780384,0.00134507381380815,4.312741646232451E-4,0.0020322235085012013,0.0010261551374135184,0.0012358547983529111,9.004274888788289E-4,8.16778645234622E-4,0.0015180051137436406,0.001759992058785236,7.125552638927088E-4,0.0013838354778401777,6.058944006778294E-4,0.007185927791832099,8.71399946678389E-4],[0.0026965467004120064,0.010029277996601417,9.373415566108075E-4,0.008526388899413062,0.00122348227262177,0.007286762079380368,0.011688623871919157,0.007680423327948663,0.009359895959701528,0.007583200830095626,0.003847804717420242,0.002904531212577794,0.005019730812912142,0.009452439129881597,0.0033709119668508124,0.008760077778594055,0.011743142278752386,9.741278255784106E-4,0.009027945419969504,0.004853765133095647,0.009084045113962078,0.0073799966068828285,0.0037154694161788304,0.006009828945525282,0.005935342436517686,0.00919909355780384,1.0,0.006736688469643776,0.005273259975612279,0.005545607884704643,0.002691213689927749,0.007791962488175423,0.0037952971247143925,0.002744677724427646,0.00486126938954856,0.005015715954221161,0.008748551091722597,0.0054587413389860975,0.007277262109418685,0.015911532434729262,0.0037462592988807414],[7.970911139032072E-4,0.003843724223756789,0.0011988832560779251,0.00371294144202897,2.4783836651604045E-4,0.0011896582860835762,0.001714760733185238,4.831261604691048E-4,0.004803722892893629,0.0014786893931469883,0.0016934674714664303,7.125538655691479E-4,0.0017597694637785364,0.009491058955629912,0.00108061703394705,0.0015216633392494633,0.003977849965107498,4.5923455106873013E-4,0.002553346138630047,0.0015525730256035213,0.0012332897542683189,8.864414992438125E-4,7.675717546466286E-4,0.001219527175427954,0.0012713935185265368,0.00134507381380815,0.006736688469643776,1.0,7.501782821604291E-4,0.0015711911519636032,0.0010084266271749485,0.0010878729531124732,4.8340284056819184E-4,7.947894473940402E-4,0.001490674090704633,0.0015775408261187005,2.581572563863558E-4,0.0013073383223123254,0.0011333438362889235,0.009072981529853398,4.7453405044982296E-4],[1.3113898750523968E-4,0.011704478543472579,1.1837016617027324E-4,0.00493313430636392,7.973986874541819E-5,1.379080638643762E-4,0.002544253947294366,1.1220027558145521E-4,0.00820326099213814,3.398096559686183E-4,0.0011892651275558028,5.565967130678026E-5,0.0013869635949266474,0.010740667754869985,6.674196459756797E-4,0.0016968989439354741,0.015321463443030672,1.3271866563094317E-4,0.0022152700045865573,9.84915621695698E-4,1.4241004976427567E-4,1.2195627614313955E-4,1.240494713079995E-4,2.880146356811382E-4,4.5196804350676814E-4,4.312741646232451E-4,0.005273259975612279,7.501782821604291E-4,1.0,0.0030957261370455863,2.884865455538649E-4,2.240342853179395E-4,2.567426047454689E-5,2.052310129695002E-5,0.0020157074539823355,9.521738006889404E-4,1.2982942596304303E-4,0.001226966265949752,4.698776910563798E-5,0.017535850989386773,1.066890830264357E-4],[0.0026648897278088004,0.011823169544462341,7.961272198891327E-4,0.005029159244265419,0.0020291189163536027,0.002800395989572272,0.015287215027439887,8.966685400172254E-4,0.008927503124646737,0.0029914743256765444,0.0025733811711901354,0.0018350486766080191,0.0034968200097545035,0.009361583205050995,0.0031915364898245156,0.0032798187376174106,0.009888430280084175,0.0021794375711474607,0.0031482467780924936,0.00312486594823478,0.001139655972017627,0.001703085264307599,0.0012345407878971819,0.001845401070849819,0.003273146018163372,0.0020322235085012013,0.005545607884704643,0.0015711911519636032,0.0030957261370455863,1.0,0.0021811088151210333,0.0018520669398180895,0.0015993515206225576,0.002000083194889113,0.0030467974196569476,0.0032085134895591177,6.786361251758223E-4,0.0025222259862399082,0.002448313343288489,0.013967643840143866,4.962543289330486E-4],[3.7178428393020037E-4,0.005804744872734833,2.68280690714755E-4,6.451531310717535E-4,9.223260977867041E-5,3.6848491557479185E-4,0.015692724261332662,2.64216508722307E-4,0.003870007964367584,0.0015771160659543316,0.001203363690903343,3.199150269816731E-4,0.0014142379660488041,0.007105107087815637,6.565985426385096E-4,0.0028663393671141293,0.007419200416440707,2.6785063119222406E-4,0.002126128926281494,7.924602179693906E-4,3.7631930311669696E-4,1.6834559345522542E-4,3.2850897166104143E-4,9.425083079434571E-4,9.885694035511074E-4,0.0010261551374135184,0.002691213689927749,0.0010084266271749485,2.884865455538649E-4,0.0021811088151210333,1.0,7.757633140377867E-4,2.2411761815013245E-4,7.35914652715647E-5,0.0021411279669486236,0.001282126299353002,3.298109127246212E-4,5.463715879871019E-4,6.943133073590487E-5,0.005295290156608399,1.6016232225029602E-4],[4.7578304977260804E-4,0.009953349979487578,9.426390592620917E-4,0.0020926189381063704,0.001029986873170337,5.600971268322745E-4,0.0125101592498832,3.519430412073279E-4,0.008989107102936787,0.0010999401802416283,0.0013048337264050715,1.2890107773162518E-4,0.00283277739915377,0.009969963531632592,0.0010413544792509017,0.001516781733828973,0.004945538817185654,8.72934772149977E-4,0.0017488076207284055,0.0013969899307020946,3.469386103231838E-4,5.466652779656131E-4,7.902880453403102E-4,0.0011907523157251903,0.0012351443592337156,0.0012358547983529111,0.007791962488175423,0.0010878729531124732,2.240342853179395E-4,0.0018520669398180895,7.757633140377867E-4,1.0,7.614235649578493E-4,6.793400889400688E-4,0.0010738644500466478,0.0012569626597518891,3.4356790793618806E-4,0.0010594039887322694,6.465871737229158E-4,0.003513374070822627,4.85205767640618E-4],[1.2912482048253222E-4,0.002493885321752145,6.485632616595062E-5,0.005269320037323529,1.0536973941001787E-5,7.670047728674116E-5,0.0021670550626494496,1.1620965898370005E-5,0.0011889154632343099,9.107655568460584E-4,0.0022025288544691335,2.3283443479493465E-5,0.0017011383057261302,0.001091389647912362,2.4778781307069136E-4,0.0022873209682271202,0.004123623286115309,9.245753883413259E-5,0.002543670757491183,0.001809135015403541,5.899554020084434E-5,8.794342172889665E-5,9.14570757172437E-5,2.7243502735732573E-4,0.0011773904259734197,9.004274888788289E-4,0.0037952971247143925,4.8340284056819184E-4,2.567426047454689E-5,0.0015993515206225576,2.2411761815013245E-4,7.614235649578493E-4,1.0,1.4830995363941049E-5,0.0022087308611383446,0.0019253175274596534,6.589990167738121E-5,7.44474047673385E-4,2.712593248672966E-5,0.0016119849680860112,6.620058977868708E-5],[5.264922355399059E-5,0.004061566381301869,3.475393516330698E-5,8.123120792052368E-4,2.1138169098492177E-5,1.0106413162491512E-4,0.014467577005773502,1.7401325085064165E-5,0.005854857281028312,0.0014866577662470968,0.0016070747280540715,3.466277359814834E-5,0.0012929810253095053,0.0026744594789727344,9.576656558908335E-4,0.0019970773663380596,0.00950457815745974,1.93093224058548E-5,0.0018313969312460092,0.00119660887784951,7.432286785386642E-5,1.161474567329114E-4,1.0415636032195192E-4,1.8747312466420486E-4,3.4548547607919774E-4,8.16778645234622E-4,0.002744677724427646,7.947894473940402E-4,2.052310129695002E-5,0.002000083194889113,7.35914652715647E-5,6.793400889400688E-4,1.4830995363941049E-5,1.0,0.0011699057660852427,0.0017621650470814225,1.1247700101869674E-4,2.666791151937535E-4,2.4602569960992485E-5,0.01125573157356209,6.104077838945249E-5],[9.381829807745621E-4,0.0052436211548233,0.0015547779821490754,0.0026582509057715953,4.6379296454326203E-4,0.0014195800358623196,0.013781402105277066,0.0016418725851815657,0.007611231476076016,0.0017469776199454477,0.002392432720289776,0.0014322250196490223,0.0035881405731838334,0.01107613446972756,0.0018540696551218963,0.0027141272612075515,0.005401837144876159,2.623172036065065E-4,0.0026043015925634005,0.002020691903818787,4.743675441846172E-4,0.001848489635226484,0.0011623043592797256,0.0017408944571215995,0.0016897634263093207,0.0015180051137436406,0.00486126938954856,0.001490674090704633,0.0020157074539823355,0.0030467974196569476,0.0021411279669486236,0.0010738644500466478,0.0022087308611383446,0.0011699057660852427,1.0,0.002062442325708791,0.0023350088387746946,0.0020876241321106602,0.0018510463766032341,0.0056351339010487006,9.723050840776811E-4],[2.137748723062297E-4,0.011675888115028229,0.0015183767337107177,0.002821553701560492,2.9337842194077215E-4,0.0012644509045562353,0.012347081221401712,1.377592106987767E-4,0.008742929034350425,0.0019328027604884664,0.00212657054527203,1.8046360991520735E-4,0.002926078509391279,0.0033458043695493217,0.0017547370324915395,0.0023074508202442145,0.008846109335615002,0.0019147298142138049,0.002391714978422517,0.0019892531132085322,7.949595516203046E-4,7.973774914828817E-4,0.0016609224248121544,0.0019162868532931836,0.0014122203023733786,0.001759992058785236,0.005015715954221161,0.0015775408261187005,9.521738006889404E-4,0.0032085134895591177,0.001282126299353002,0.0012569626597518891,0.0019253175274596534,0.0017621650470814225,0.002062442325708791,1.0,6.646287365217426E-4,0.0018883863122138155,4.1833385505425343E-4,0.015355382799614486,0.0015464994599699846],[1.6134373599538697E-4,6.805653289940827E-4,1.2709474754559694E-4,0.003964154771639885,1.0404018073552134E-4,1.516278399294044E-4,0.012368632925097807,2.758044229495377E-5,0.0017579811981664447,6.748843123278056E-4,0.0021884598865749365,8.928057553151818E-5,9.325460929987368E-4,0.010696909464829674,9.199322172430229E-4,0.0027492723770999924,0.003442918354461913,1.7625036214661576E-4,2.738670526575334E-4,8.428573305356255E-4,1.646452005769624E-4,1.2427462403229056E-4,1.1761050015603168E-4,7.333456058569078E-4,4.927654918944284E-4,7.125552638927088E-4,0.008748551091722597,2.581572563863558E-4,1.2982942596304303E-4,6.786361251758223E-4,3.298109127246212E-4,3.4356790793618806E-4,6.589990167738121E-5,1.1247700101869674E-4,0.0023350088387746946,6.646287365217426E-4,1.0,0.0011162713705872365,5.089410290401115E-5,0.01498452643080375,1.2077241648313577E-4],[0.0011518472480908264,0.01005591119772586,8.756557008336658E-4,0.003595767183739429,0.0012951782992419356,0.0012622497977957808,0.015676409844289144,0.0011623169302401558,0.009203114967057061,0.0015449326038817059,0.002252298476112902,2.246915178088762E-4,0.0025813634911826355,0.011586279964375844,0.001243327812399999,0.003261677953215153,0.0016156251177350891,9.249998910576543E-4,0.0020441612531570588,0.0018002154342612185,4.6252186183895645E-4,0.0011538627734976664,0.0011957883384052322,0.0013462266786990827,0.001308041973159739,0.0013838354778401777,0.0054587413389860975,0.0013073383223123254,0.001226966265949752,0.0025222259862399082,5.463715879871019E-4,0.0010594039887322694,7.44474047673385E-4,2.666791151937535E-4,0.0020876241321106602,0.0018883863122138155,0.0011162713705872365,1.0,4.6245330829262535E-4,0.003940087933541494,0.0011192815886931179],[4.4654469153421546E-5,0.0036684867866790304,8.097748584750271E-5,0.0013810143404159691,2.859792175030847E-5,1.3938668194487332E-4,0.00711496857854841,2.4479656901218758E-5,0.003752959817142278,8.893017901000304E-4,5.936365130751202E-4,4.0653703875091756E-5,0.0019710155317558434,0.0036039255429684753,8.535068172750742E-4,0.0032079641677203504,0.005944665915357762,1.2489275889917122E-4,0.0015398543007184597,0.0013074535530534644,8.823779864549646E-5,1.0097377117719256E-4,8.727937858624637E-5,2.610527787028018E-4,0.001123991589023981,6.058944006778294E-4,0.007277262109418685,0.0011333438362889235,4.698776910563798E-5,0.002448313343288489,6.943133073590487E-5,6.465871737229158E-4,2.712593248672966E-5,2.4602569960992485E-5,0.0018510463766032341,4.1833385505425343E-4,5.089410290401115E-5,4.6245330829262535E-4,1.0,0.009304578391420149,3.7373629296272755E-5],[0.0038536486531897717,0.012288925322383359,0.007669539182429233,0.015402095640449533,0.01945707987366513,0.001918952841781068,0.016874641497701175,0.015500304278422892,0.009578375095583716,0.009678803089592215,0.01065072406937205,0.008959765321714748,0.017030635428373683,0.015246916546944662,0.01812005499370938,0.003679367036985091,0.017321727291004563,0.012762704980162224,0.00853962753608775,0.010990644615216691,0.005659232083133263,0.008650716533339433,0.004243420784175451,0.016095278582994105,0.013485103276244635,0.007185927791832099,0.015911532434729262,0.009072981529853398,0.017535850989386773,0.013967643840143866,0.005295290156608399,0.003513374070822627,0.0016119849680860112,0.01125573157356209,0.0056351339010487006,0.015355382799614486,0.01498452643080375,0.003940087933541494,0.009304578391420149,1.0,0.014937393963856183],[1.2131275663855221E-4,0.0018304295114291312,1.0340872711323022E-4,4.959829457520298E-4,5.491558333194378E-5,1.4783431184128674E-4,0.011993603185587714,9.019016635858068E-5,0.009095858367789039,0.001411471172417557,0.0018388059933238498,8.66529851675066E-5,0.0036371114358784633,0.006190384102401394,2.0252647728687551E-4,0.001985506423736258,0.01486058183590022,1.570347947530937E-4,0.0015278172537238114,0.0015866480301039846,1.5031885497400447E-4,1.1762163611335771E-4,1.1085895498692941E-4,9.242981246679141E-4,6.973569826166061E-4,8.71399946678389E-4,0.0037462592988807414,4.7453405044982296E-4,1.066890830264357E-4,4.962543289330486E-4,1.6016232225029602E-4,4.85205767640618E-4,6.620058977868708E-5,6.104077838945249E-5,9.723050840776811E-4,0.0015464994599699846,1.2077241648313577E-4,0.0011192815886931179,3.7373629296272755E-5,0.014937393963856183,1.0]]