[[1.0,1.1009878711336749E-4,0.0012417611034103674,1.3806326318636033E-4,1.2202183739436518E-4,0.0010442478702822988,0.001458604071808037,5.582133125649594E-5,0.006430203559913157,4.563063926759442E-5,1.0333667402040058E-4,1.0204239661124597E-4,0.0011692143752713602,1.0303386864086527E-4,0.0032830036577135287,2.440777520653785E-4,0.0012250029082487785,0.0010329528937266315,8.845142005295197E-5,0.03328274348440941,9.275824003033649E-5,1.1127777168181513E-4,0.0014006183161391422,0.001617172532048502,0.03921975596625587,2.966568817838912E-4,0.005341978845155732,9.522416059895739E-5,1.0740485886196887E-4,5.4791863543467633E-5,8.725359152474101E-4,4.6565510102967273E-4,6.032000978055983E-4,1.0838969941295024E-4,6.307403239294109E-5,1.0779264368148818E-4,1.3891316886146366E-4,1.2716338450734162E-4,8.512943763393973E-4,3.345050422423995E-4,3.142240162332016E-4,2.2643547294556735E-4,9.193573500720364E-5,5.597461840197262E-4,1.0949599037532177E-4,0.0027586202359504053,1.0702268466352731E-4,6.079207477012035E-5,8.711977827528695E-5,4.7470530954668176E-4,1.0295856225224124E-4,9.30215872562489E-4,5.8416258415233945E-5,7.386029649322155E-4],[1.1009878711336749E-4,1.0,8.498589500362432E-4,1.782090729509731E-4,1.4424892837694268E-4,5.005855264595679E-4,0.0012484167088212031,5.119202094100566E-5,0.012022414467699371,6.973117165314313E-5,1.313681450034485E-4,1.1302988245219714E-4,0.0014701818907622555,1.4082558967718956E-4,0.002675446401091602,5.615821805649339E-4,0.00100781921967296,0.011851650125169892,9.734587331244087E-5,0.023310251423709526,4.9277521574616785E-5,1.9090557283008442E-4,4.837460085864385E-4,7.088798976790063E-4,0.04644136162759958,7.94764736649649E-4,0.0023945888621804924,4.7152731028553404E-5,1.2238827620266E-4,1.0016524991329412E-4,1.4947350544078968E-4,0.003818537404636043,0.0011896671258093776,1.3650644770395623E-4,2.708655431458102E-5,1.3664016488239752E-4,1.6423046930316536E-4,7.850203860430085E-4,6.10344542047362E-4,2.588591794611501E-4,9.259648794396626E-4,2.0675581459185134E-4,1.1394442107481233E-4,3.0850586147683284E-4,1.4422689782660794E-4,2.5992346694012536E-4,2.3100572743966114E-4,1.4166680649130336E-5,8.147730125528726E-5,5.297287113899289E-4,1.2993008906027006E-4,9.110300523726769E-4,2.2071825138668878E-5,0.002214866080700075],[0.0012417611034103674,8.498589500362432E-4,1.0,0.005243292510679769,4.647445629869238E-4,0.0030769972435360678,0.002260004912285324,0.003446757917487221,0.02629948056933805,1.9118486254056464E-4,0.0037819645981585254,0.0022108572200136064,0.003872970517126273,1.9532109981712555E-4,0.014623514417198401,0.005002573223133206,0.0040475894259707,0.006529062365998474,0.0022777762749379704,0.028300135936053537,0.0010614790351528684,0.004729315106943157,0.0019447602539082631,0.0038346050405201927,0.024398711085855077,0.005226792214732323,0.008222955571725116,0.00216404373147755,0.0017691219780716302,0.004576992191007434,0.005131173022323275,0.004863396895065794,0.001890840932925195,0.0048461603511970345,0.004974037692655441,0.004947703629606837,0.004790086369515661,0.003559778043345802,0.0029166988816072305,5.756857266582192E-4,0.0025640453944450947,0.005124471032737646,0.0028949017511818945,0.00404251390308103,0.002815655989075301,0.0035285256898124596,0.00337621784695084,0.005159101348202519,0.004514047489682195,0.0030438087105393863,0.004003394206606109,0.0036787807546130574,0.0046944740140995415,0.002711542513404928],[1.3806326318636033E-4,1.782090729509731E-4,0.005243292510679769,1.0,1.5571801037439224E-4,0.0010941913599681707,7.719669290620118E-4,1.0769931226610516E-4,0.014414292036175481,5.1523559320145186E-5,1.194313010169454E-4,2.0014585021947646E-4,0.00151644151337961,1.8162154950983512E-4,0.002741077370685488,3.4062133739925783E-4,2.248661044984063E-4,0.009762189556369224,1.3690665026061495E-4,0.043267921644768836,1.9303858486548675E-4,4.4227427179699424E-4,5.480359359828196E-4,0.0010961108531295349,0.0030669220093487728,0.0010634191263205067,0.009431527714146072,2.1354204339351924E-4,1.7095446734768666E-4,1.3061673244150888E-4,0.0011589356626619848,0.0034738579460617414,4.119601098205642E-4,1.471589007524585E-4,1.927246294382458E-4,1.7128814051641775E-4,1.8549823769062668E-4,7.713533184955604E-4,4.84327874459426E-4,3.4378505843171535E-4,9.357285289700679E-4,2.2883139002941825E-4,8.790785194187493E-5,5.675515705254623E-4,1.4334877734322E-4,0.002826978810757462,2.3272743167810291E-4,2.0636602152590731E-4,8.054155246149998E-5,0.0010061064686230075,1.788851152122739E-4,6.45512694894258E-4,1.0257480280743679E-4,4.136155779374121E-4],[1.2202183739436518E-4,1.4424892837694268E-4,4.647445629869238E-4,1.5571801037439224E-4,1.0,3.828515730107469E-4,2.8097270577419537E-4,4.891264434217533E-5,0.002110383600504317,1.329923623540788E-4,1.2881772261322136E-4,1.344479122605321E-4,3.907130196099171E-4,1.2916531201248718E-4,0.016608104475916322,4.581789688588981E-4,0.0012424865175779285,0.005058052360657832,8.242315378554697E-5,0.031809386787855304,8.689408238279529E-5,3.6469274743433633E-4,4.2461297626906146E-4,0.001019220213972037,0.029632377601057282,9.113654881145454E-4,0.00293100598225338,5.481997369200268E-5,1.1821071263335954E-4,6.739217857128858E-5,6.187702923764886E-4,0.0018575686839272126,0.0013300100260621602,1.4295112040676628E-4,7.150608009660761E-5,1.3913676926401692E-4,1.777127408033235E-4,1.9418541517034457E-4,0.0011262025161268938,1.8313738563137275E-4,5.21767296632048E-4,2.0140671252839688E-4,1.326902352633133E-4,5.988887937853271E-4,1.3887933164919838E-4,8.604802313257381E-4,2.1376472657999622E-4,1.270074996325812E-4,2.813260003327192E-5,5.213336461545119E-4,1.2834892293946332E-4,4.7105132943787867E-4,6.318599930595118E-5,9.257756394687402E-4],[0.0010442478702822988,5.005855264595679E-4,0.0030769972435360678,0.0010941913599681707,3.828515730107469E-4,1.0,0.0012841908713963894,3.8512431624418083E-4,0.019455881254052395,3.5843436395372076E-4,3.364191950827146E-4,9.877301199951217E-4,0.0016014687921225676,7.484122504280691E-4,0.01547777929858566,0.0011821019534580652,0.0024575860407705643,0.003965501401258655,1.703321567969779E-4,0.0016614301406522175,4.547748123000286E-4,7.39132980703449E-4,0.0014193349796986867,0.0012735083935186972,0.021918750345900552,0.0013104540666541928,0.0036818719923905298,1.3135150524298288E-4,3.060450383603065E-4,1.4497013987667615E-4,0.0014183917469208225,0.0033298722441490484,0.0012772631861889924,6.302199571045971E-4,6.916050445169384E-4,0.001195841128816388,0.0010719039129095844,0.0014279500478201217,0.0014524420297588056,0.0011378917441728302,0.0011742522994107234,3.707445170752112E-4,9.11951566054615E-4,6.579707400025356E-4,4.021197141754879E-4,0.002284068953678416,9.37125418698694E-4,0.0010258873163375415,9.33154042826722E-4,0.001058464893721376,0.0011741183925819095,0.001246062239794978,2.285965393669176E-4,0.0017546266673563863],[0.001458604071808037,0.0012484167088212031,0.002260004912285324,7.719669290620118E-4,2.8097270577419537E-4,0.0012841908713963894,1.0,5.214226231139775E-4,0.021004790911778565,0.0014659611624529235,7.979640239051637E-4,0.001400968692129937,0.002085115781731666,7.108583331669424E-4,0.0033266811842284946,0.0013374828764381231,0.0017939091629143983,0.014951550770835213,1.3519842220246055E-4,0.002526921466718247,1.1188465944214437E-4,0.0014271567059081433,0.0014659163962934816,0.0015893120413846065,0.002458422611720662,0.001412971696526629,0.009174674156786619,0.0011059026221013125,0.0011993773985850915,3.1141707514493306E-4,0.0015679056344285096,0.004411406355124029,0.001571404806354756,9.029509498805174E-4,9.218494353767347E-4,0.0014322861145103561,6.794288229771817E-4,0.0015834690923780927,0.0015103262678262232,3.588272610010341E-4,0.0012456304519066412,0.0014506529681429792,6.810145374417602E-4,6.736200390939643E-4,0.0011239401739870669,0.0026744398254005463,0.0014899172676837297,0.0012182925805556814,8.274013519309058E-4,0.0011478773546934483,1.7673769394260547E-4,0.0013091353335167694,2.875056526195689E-4,0.0024315581839009686],[5.582133125649594E-5,5.119202094100566E-5,0.003446757917487221,1.0769931226610516E-4,4.891264434217533E-5,3.8512431624418083E-4,5.214226231139775E-4,1.0,0.002108070691712408,4.237882098210639E-5,1.1274560667014913E-4,8.912968332745679E-5,7.377141839921131E-4,4.771905734564857E-5,0.0075180593339286275,1.7269550999664046E-4,0.0014425692972659472,0.005462759072193676,4.2776121951033526E-5,0.012330096505555053,3.081728058692136E-5,2.525724497232559E-4,0.0012583460869016706,0.0015369394400604594,0.007959312569417282,3.951256708991356E-4,0.004295754440794467,2.0080791508255047E-5,6.745335604544876E-5,4.018147616167216E-5,4.2067059331625056E-4,0.0017315462743461981,6.185570681438093E-4,6.906297109471317E-5,3.0222917203130574E-5,9.269079623911858E-5,7.757215573634909E-5,7.148039081220985E-4,0.0014871005146007627,2.539065306116308E-4,8.352072536665176E-4,1.98271442774587E-4,5.5259816656626323E-5,3.995925110437921E-4,1.0500590537115026E-4,0.0011183243243051148,1.2063793502230653E-4,3.8170712378838274E-5,3.801565057675712E-5,5.53709994564453E-4,9.482411963315047E-5,2.0137858261967337E-4,4.1102686140578274E-5,0.00209265934586886],[0.006430203559913157,0.012022414467699371,0.02629948056933805,0.014414292036175481,0.002110383600504317,0.019455881254052395,0.021004790911778565,0.002108070691712408,1.0,0.02482111634232687,0.019143086647165065,0.0014424419091087091,0.009509114742444789,0.008890605208249537,0.02457157432726974,0.011973070452258183,0.026286336466949462,0.017849774887903454,0.015575193576818155,0.029589742599591226,0.016231706560104565,0.01541420201317537,0.006372047019176762,0.019008426839189872,0.042926280995150605,0.019180869291829092,0.026749431037822527,0.013480737488700168,0.004604742716634016,0.02497835675481975,0.0022592695263236894,0.02730179353347563,0.013405843011999024,0.002065685222884748,0.015225907007115617,0.027118659283031313,0.01608555200835198,0.0033317331138293495,0.006209999850445911,0.00709696703728078,0.022802139294620917,0.0011121964170799784,0.005312032683628188,0.012403320253761289,0.009766070030916583,0.013914046223487065,0.022756642238553355,0.020409519650461096,0.021247134595363204,0.0022214228736967398,0.013487208252957359,0.02452872529652697,0.017061393262038208,0.002929261549076909],[4.563063926759442E-5,6.973117165314313E-5,1.9118486254056464E-4,5.1523559320145186E-5,1.329923623540788E-4,3.5843436395372076E-4,0.0014659611624529235,4.237882098210639E-5,0.02482111634232687,1.0,7.230565546793635E-5,8.841712363109105E-5,6.862753548778688E-4,6.187529009346655E-5,0.017333917705664118,4.489067252455883E-4,6.115926342205713E-4,0.0022769317163037197,4.729997149360257E-5,0.019916172765759944,2.475691738259169E-5,2.1794130336216282E-4,5.95938132800507E-4,1.0022965354913322E-4,0.03047223003481389,5.830750534931019E-5,0.0037819800690645686,2.6913148805420346E-5,9.047122203829802E-5,3.667611364338734E-5,5.37242841082588E-4,0.00152306443327886,1.9044209354104826E-4,7.903580763469318E-5,2.8910996535973884E-5,6.36629787506105E-5,1.0972321974024186E-4,0.0010913645756636524,9.096827546853792E-4,2.0412553208047613E-4,5.403595762859692E-4,8.148614210983564E-5,5.4080147889581905E-5,2.7704182647217835E-4,1.0527827925049587E-4,0.0026660160917792567,4.9862145537569536E-5,2.2681767347934507E-5,3.573858997880102E-5,2.5009889671450796E-4,8.666882259592316E-5,7.45285710875538E-4,1.2983590681533527E-5,0.0012326662204425309],[1.0333667402040058E-4,1.313681450034485E-4,0.0037819645981585254,1.194313010169454E-4,1.2881772261322136E-4,3.364191950827146E-4,7.979640239051637E-4,1.1274560667014913E-4,0.019143086647165065,7.230565546793635E-5,1.0,1.1327287077690526E-4,0.0014639052643789824,1.1376222045206918E-4,0.011825893399659615,9.534078156306027E-4,0.001324252571103187,0.003567104464220798,7.229253206090272E-5,0.013630833761137443,6.522995288817968E-5,2.066691139075702E-4,0.0010208743399354972,0.0011653767757316058,0.04579537105090206,0.0013635002825412618,0.007359841658311424,1.0031443176691713E-4,1.1424278515766826E-4,6.450439226851073E-5,0.0011475623889490962,0.0026558590991844163,6.421842265452815E-4,1.1523484788475531E-4,4.9371847104637174E-5,1.1225433261501376E-4,1.3423025426252474E-4,7.028312006254875E-4,5.973102762095884E-4,2.8910267042312724E-4,4.195717349279981E-4,1.237904059308413E-4,7.513548381201785E-5,4.849184908114132E-4,1.2000889219876858E-4,3.369425573951749E-4,2.2674289871297025E-4,7.148969304729984E-5,8.285189341177612E-5,2.5077107866248175E-4,1.1081329970218246E-4,6.881573154577876E-4,1.0800515711532034E-4,9.024608192599388E-4],[1.0204239661124597E-4,1.1302988245219714E-4,0.0022108572200136064,2.0014585021947646E-4,1.344479122605321E-4,9.877301199951217E-4,0.001400968692129937,8.912968332745679E-5,0.0014424419091087091,8.841712363109105E-5,1.1327287077690526E-4,1.0,0.001392437310885522,1.0598608035458496E-4,0.015862248940816427,2.551489962673547E-4,0.0022132528184447757,9.343060483494537E-4,6.259453406650942E-5,0.02957837624816561,4.574899827954042E-5,2.84740422067974E-4,0.0013357770434176833,0.0011502501722106232,0.007731098735332603,7.697490167419554E-4,0.004530470370436053,5.067754893048049E-5,1.0625852250604648E-4,9.91154515069077E-5,7.983764975588559E-4,0.0010605298277194164,1.4636129036980675E-4,1.1220019251740203E-4,7.467495720521957E-5,1.0999238914963309E-4,1.5690985969011776E-4,1.400275819162724E-4,9.668786331608046E-4,1.1125305573226398E-4,8.164628354990184E-4,1.84487207080338E-4,8.726174165602001E-5,4.82436723859452E-4,1.0318004723445858E-4,0.0013655108842523063,1.0589328212269525E-4,1.904960512877314E-5,4.7544550773056426E-5,6.059109746646069E-4,1.0380174237209886E-4,0.0010879733846192734,8.592073016772257E-5,0.0024051449912923573],[0.0011692143752713602,0.0014701818907622555,0.003872970517126273,0.00151644151337961,3.907130196099171E-4,0.0016014687921225676,0.002085115781731666,7.377141839921131E-4,0.009509114742444789,6.862753548778688E-4,0.0014639052643789824,0.001392437310885522,1.0,0.0016002708542072366,0.023687182500676376,0.0012483676831195956,0.002205248340420637,0.012701934487746138,0.0018648718125856482,0.007343785772914802,6.187425483673441E-4,5.865243142166218E-4,0.002068418351184372,0.0017216666328339029,0.020568353425702166,0.0015516400367459548,0.008238180389440275,0.001957600672276742,6.487878277224368E-4,0.002101756593705361,0.0018846758982978377,0.002235712230285348,0.0021385443638408915,0.001538873436956114,5.483620932028774E-4,9.037048938187356E-4,0.0019547659778242615,0.0021355098155247257,0.0021228989738525496,0.002046421089382573,0.001132981457614476,0.0018161623564824955,0.0011401251874269339,0.0010646601064829937,0.0018892762217355284,0.0027935250502921314,0.0020474457336429573,4.8273844636499745E-4,0.0016399685166360578,0.0020046365720195877,0.0020397400253120914,0.0017718899540770192,2.2646827108844327E-4,0.00222738271958007],[1.0303386864086527E-4,1.4082558967718956E-4,1.9532109981712555E-4,1.8162154950983512E-4,1.2916531201248718E-4,7.484122504280691E-4,7.108583331669424E-4,4.771905734564857E-5,0.008890605208249537,6.187529009346655E-5,1.1376222045206918E-4,1.0598608035458496E-4,0.0016002708542072366,1.0,0.016089694261233536,9.16655478030944E-4,0.0019513412119425192,0.015693557547615384,8.820271836993788E-5,0.008313861031365121,3.9540793518721195E-5,1.2830112522536091E-4,5.981494102901244E-4,0.0015348723310241157,0.0028750704668087943,0.0010134287885583718,0.004800736544049788,8.043726289682351E-5,1.0802171224586747E-4,1.0501091842398503E-4,9.099512758301103E-4,0.003708998240021278,1.5603087116734636E-4,1.087754014928018E-4,4.575502105249471E-5,1.0881663213590637E-4,1.1593987669134021E-4,0.0013473363966237475,0.0010690711730044474,3.1339924341075E-4,1.3281202068330192E-4,1.8482362020723317E-4,7.295651616827694E-5,4.415907221140411E-4,1.1024084376696425E-4,2.0788188761821887E-4,1.8848099638122025E-4,1.0022301807942463E-4,8.980799227122893E-5,2.6229289440336497E-4,1.063589836080417E-4,9.451364551186835E-4,5.798399614355663E-5,0.002364902218974875],[0.0032830036577135287,0.002675446401091602,0.014623514417198401,0.002741077370685488,0.016608104475916322,0.01547777929858566,0.0033266811842284946,0.0075180593339286275,0.02457157432726974,0.017333917705664118,0.011825893399659615,0.015862248940816427,0.023687182500676376,0.016089694261233536,1.0,0.006207141321560727,0.017084019797591995,0.018892562097780688,0.002222471009374634,0.038935011064609865,0.02284327278547055,0.004697283724154889,0.02420270866619504,0.01864969362671777,0.037586086465542214,0.015798724938259495,0.01465187668860923,0.004417788485430578,0.004413503849425011,0.0035891505644839905,0.005710211963347575,0.007785706709812917,0.006951508951281805,0.0040244694816970236,0.015486391863924077,0.019685251826252668,0.014780293419867975,0.009309273173867063,0.01778031150174753,0.005560523204379547,0.020521665089107265,0.008168209306564502,0.015147612383464768,0.009949035016488503,0.021488873048499755,0.014901641099612105,0.01813866467447931,0.004792021397446848,0.009320465885815235,0.009732848872901307,0.0034553192588734354,0.003965024254632576,0.007974247631792676,0.0082567732436402],[2.440777520653785E-4,5.615821805649339E-4,0.005002573223133206,3.4062133739925783E-4,4.581789688588981E-4,0.0011821019534580652,0.0013374828764381231,1.7269550999664046E-4,0.011973070452258183,4.489067252455883E-4,9.534078156306027E-4,2.551489962673547E-4,0.0012483676831195956,9.16655478030944E-4,0.006207141321560727,1.0,0.0026847274204735423,0.00929813841036259,6.172465666467344E-4,0.03354844391985834,7.858605365074667E-4,9.072760831320643E-4,0.0011271726348586588,0.0015479954702365068,0.017337862639571103,0.001326690060955924,0.010248179718172481,4.6413224902617145E-4,3.831409876706842E-4,5.334242834613588E-4,0.0014732324720130832,0.0014176377371618479,0.0011458684779658767,3.5024756012866544E-4,7.38248757873694E-4,2.447404107501682E-4,7.568144999213557E-4,0.0011358165216162743,0.001334582240158917,6.995842143216196E-4,0.001024741101434426,5.188791784873233E-4,0.0010669266480033816,7.378773167819361E-4,0.0010201705978584866,0.001176951134505771,3.349767188729552E-4,7.885227524707732E-4,9.201015671135034E-5,0.0010243118789091696,5.19669692079631E-4,0.0012004000018312996,0.0010133040490032004,0.0014530001657934606],[0.0012250029082487785,0.00100781921967296,0.0040475894259707,2.248661044984063E-4,0.0012424865175779285,0.0024575860407705643,0.0017939091629143983,0.0014425692972659472,0.026286336466949462,6.115926342205713E-4,0.001324252571103187,0.0022132528184447757,0.002205248340420637,0.0019513412119425192,0.017084019797591995,0.0026847274204735423,1.0,0.006438920258359418,0.0023942184924287298,0.007455834863906012,0.002287509142646811,0.002096246233965552,0.002099906076005976,0.002726506772646857,0.012555043915215804,0.002239330077178756,0.004476862696487049,0.0018968257378076398,2.2272386908215892E-4,8.428336119324125E-4,0.0020094359297197716,0.0033428361391068346,0.002245603505259251,0.0011031278795032222,0.0021538543428004007,2.4438321551994296E-4,0.0012601023674324154,0.002696461943586221,0.0028430996230869336,0.0019437538802651057,0.0020083339367731046,0.0014657346510111792,5.237320697120319E-4,9.015649883770416E-4,1.788305966697171E-4,0.0028381868310896627,0.0016124068804270815,9.615792606021221E-4,0.0015594888669214265,0.0025292973178596195,0.0021585630491559463,0.0023833842094351113,0.0022306742579947117,0.0025601708958432287],[0.0010329528937266315,0.011851650125169892,0.006529062365998474,0.009762189556369224,0.005058052360657832,0.003965501401258655,0.014951550770835213,0.005462759072193676,0.017849774887903454,0.0022769317163037197,0.003567104464220798,9.343060483494537E-4,0.012701934487746138,0.015693557547615384,0.018892562097780688,0.00929813841036259,0.006438920258359418,1.0,0.00258584862650554,0.022231661078969286,0.014071827889892061,0.0046468592770965095,0.0059832861978214935,0.01312107796546551,0.018805828892168978,0.007271055387438892,0.014168491083368573,0.016003068335850103,0.002256550368203475,0.007430934919269396,0.003218820534857466,0.015107981364128248,0.016332641783354317,0.005480922436799267,0.007127174535397673,0.00300830953941928,0.004582259905764239,0.012347024159189406,0.001558791144144207,0.0029117236733519868,0.005485128987534802,7.870459838942646E-4,0.0030281134624487983,0.01594807455340143,0.015395197019323221,0.005561148094319937,3.6508189574915536E-4,0.011714903133945308,0.004341347975068563,0.01185349629222973,0.00643809947524377,0.01584181819439263,0.0032603946681082673,0.009979181796727164],[8.845142005295197E-5,9.734587331244087E-5,0.0022777762749379704,1.3690665026061495E-4,8.242315378554697E-5,1.703321567969779E-4,1.3519842220246055E-4,4.2776121951033526E-5,0.015575193576818155,4.729997149360257E-5,7.229253206090272E-5,6.259453406650942E-5,0.0018648718125856482,8.820271836993788E-5,0.002222471009374634,6.172465666467344E-4,0.0023942184924287298,0.00258584862650554,1.0,0.005892131844316437,3.627222960237317E-5,2.8786065347733206E-4,0.0012036031791198794,0.0011462216906974626,0.004096584540444383,2.530370624633827E-4,0.0016656902906633817,2.3943854322426304E-5,8.60594977155349E-5,4.659279278558715E-5,0.0011315982106091683,0.0016783014544146109,0.0012753341185841528,8.929166336504215E-5,4.4676289949741846E-5,9.411588531568069E-5,1.746526567998216E-4,0.0012353344450070063,6.191134343186132E-4,1.4911826240713324E-4,3.712611055417682E-4,7.405606192500015E-5,5.8964328035002854E-5,4.536251421738542E-4,9.164267512139796E-5,0.0013519119311908062,1.3715418577391175E-4,2.5631053265684776E-5,4.7852941007812804E-5,8.922635069676292E-5,1.0304444861719921E-4,1.4279793783641495E-4,2.4496718642214703E-5,0.0018252759953019252],[0.03328274348440941,0.023310251423709526,0.028300135936053537,0.043267921644768836,0.031809386787855304,0.0016614301406522175,0.002526921466718247,0.012330096505555053,0.029589742599591226,0.019916172765759944,0.013630833761137443,0.02957837624816561,0.007343785772914802,0.008313861031365121,0.038935011064609865,0.03354844391985834,0.007455834863906012,0.022231661078969286,0.005892131844316437,1.0,0.011293740432518455,0.005940547333004541,0.04473148765957031,0.004601308804155362,0.04889079595033612,0.025279966237874537,0.021313234656096115,0.012384465592446485,0.011833860906333236,0.03593290291284779,0.03661475809952956,0.043319121057208004,0.03918283724444582,0.02564714149626621,0.0265594408660751,0.029550621881687993,0.04489801291711397,0.009101421400716223,0.024206870733755673,0.002868722934654616,0.014201697685303466,0.03745714142367155,0.013706221638582773,0.041939502791541364,0.01961919458509457,0.006980410586682268,0.0019313624896658036,0.03497878406252292,0.03935106932064067,0.04181988616289931,0.031034848538990436,0.03081746772674356,0.04052537322842527,0.014833469107428783],[9.275824003033649E-5,4.9277521574616785E-5,0.0010614790351528684,1.9303858486548675E-4,8.689408238279529E-5,4.547748123000286E-4,1.1188465944214437E-4,3.081728058692136E-5,0.016231706560104565,2.475691738259169E-5,6.522995288817968E-5,4.574899827954042E-5,6.187425483673441E-4,3.9540793518721195E-5,0.02284327278547055,7.858605365074667E-4,0.002287509142646811,0.014071827889892061,3.627222960237317E-5,0.011293740432518455,1.0,1.6338117089156098E-4,4.952063404116779E-4,6.65280481801143E-5,0.006126961134370706,6.726700661198359E-5,0.0026175198098952845,1.8470732705908673E-5,6.716679586381172E-5,2.5583274822960113E-5,5.377171977211404E-4,0.0015851074267733505,4.3670461045438257E-4,4.944287357812556E-5,2.0578744459055564E-5,7.87775002205925E-5,1.1583560709877422E-4,9.056622261809054E-4,1.6252725479766088E-5,1.864017564983452E-4,5.639819250344325E-4,6.028170984761778E-5,3.3731489904113336E-5,2.498652902298378E-4,1.1582910379281435E-4,0.002231236240521174,2.3504895468774012E-5,1.1938385827324477E-5,2.3619418349912965E-5,1.9754307169206169E-4,3.2326673299064494E-5,9.385407758672102E-4,1.354423225591819E-5,0.0013441540744124371],[1.1127777168181513E-4,1.9090557283008442E-4,0.004729315106943157,4.4227427179699424E-4,3.6469274743433633E-4,7.39132980703449E-4,0.0014271567059081433,2.525724497232559E-4,0.01541420201317537,2.1794130336216282E-4,2.066691139075702E-4,2.84740422067974E-4,5.865243142166218E-4,1.2830112522536091E-4,0.004697283724154889,9.072760831320643E-4,0.002096246233965552,0.0046468592770965095,2.8786065347733206E-4,0.005940547333004541,1.6338117089156098E-4,1.0,0.001161734624343759,6.299392117676333E-4,0.03260614982613175,0.0012018155595663583,0.002534033315760719,3.197450146337787E-4,1.5802863652165054E-4,2.1597599204871803E-4,7.801012035147184E-4,8.970550711089552E-4,8.852285792978443E-4,3.674592788629644E-4,1.1844941343512079E-4,3.350087886830882E-4,3.4647270177186015E-4,6.585363548992456E-4,5.281451976495893E-4,4.3338499671141944E-4,4.899232817438238E-4,2.870194907897548E-4,1.1492063511209209E-4,4.896362154273523E-4,3.768571158757216E-4,0.0027829631487683083,4.0227974123807565E-4,2.440587825982441E-4,1.745314900471784E-4,5.622506202805942E-4,2.604359517374962E-4,0.0011651044947376715,2.1235100658333005E-4,0.0013658913953651292],[0.0014006183161391422,4.837460085864385E-4,0.0019447602539082631,5.480359359828196E-4,4.2461297626906146E-4,0.0014193349796986867,0.0014659163962934816,0.0012583460869016706,0.006372047019176762,5.95938132800507E-4,0.0010208743399354972,0.0013357770434176833,0.002068418351184372,5.981494102901244E-4,0.02420270866619504,0.0011271726348586588,0.002099906076005976,0.0059832861978214935,0.0012036031791198794,0.04473148765957031,4.952063404116779E-4,0.001161734624343759,1.0,0.001589224829528653,0.01592967232643029,0.0014191465474480234,0.00826794720733698,7.05657666712072E-4,0.0010683957657821777,0.001102889886579869,0.0015364975538347293,0.004270852995900658,0.0014249475483489795,8.913650860293455E-4,0.0012435065709307201,9.991355315586879E-4,2.0601993126640578E-4,0.0015241029733009152,0.0014642593852439458,0.0012314137576379825,0.0010330414566287935,7.288479163859561E-4,4.7664735811818687E-4,7.824324251940188E-4,7.160519613301575E-4,0.002823574519442634,9.787535174479703E-4,4.424107451717515E-4,6.091718904452077E-4,0.001201914240182186,6.659346756635457E-4,0.0014070901536376024,1.478014296898956E-4,0.001526669825046013],[0.001617172532048502,7.088798976790063E-4,0.0038346050405201927,0.0010961108531295349,0.001019220213972037,0.0012735083935186972,0.0015893120413846065,0.0015369394400604594,0.019008426839189872,1.0022965354913322E-4,0.0011653767757316058,0.0011502501722106232,0.0017216666328339029,0.0015348723310241157,0.01864969362671777,0.0015479954702365068,0.002726506772646857,0.01312107796546551,0.0011462216906974626,0.004601308804155362,6.65280481801143E-5,6.299392117676333E-4,0.001589224829528653,1.0,0.02356358674512858,0.0015921494073977875,0.007162060559713145,7.698426275890673E-4,0.0014788707056304575,0.0014051562201527347,0.0015831227648776887,0.003667232964861118,0.0014361707961799974,4.2403165789524767E-4,0.0014737329107916174,0.0014520329679631717,0.0015656517036625464,0.0016200273658539344,0.0015541485053497549,0.0013154940883648748,0.0016114015242752187,4.14737518370972E-4,4.0835789118232106E-4,0.0012985587355002803,0.0013777588795503702,0.0019678858921147848,2.440330530865777E-4,2.082669512739838E-4,1.89638332345773E-4,0.0016039418620600325,6.918215819379609E-4,0.0014926178750162384,0.0010330947155588871,0.0020635924750484974],[0.03921975596625587,0.04644136162759958,0.024398711085855077,0.0030669220093487728,0.029632377601057282,0.021918750345900552,0.002458422611720662,0.007959312569417282,0.042926280995150605,0.03047223003481389,0.04579537105090206,0.007731098735332603,0.020568353425702166,0.0028750704668087943,0.037586086465542214,0.017337862639571103,0.012555043915215804,0.018805828892168978,0.004096584540444383,0.04889079595033612,0.006126961134370706,0.03260614982613175,0.01592967232643029,0.02356358674512858,1.0,0.03336295558738139,0.03211060125040713,0.02973823360306204,0.036721322714087054,0.052240673561488,0.04462957579652356,0.03918631566052967,0.02026443205128347,0.02710681836289021,0.04512383056518298,0.004911491002125156,0.0368878605077715,0.0034713523072778347,0.0066609291916286,0.015577720696049496,0.038466037461198366,0.0022114232645623583,0.016326937459108373,0.024039443743623115,0.02354531300128648,0.02864548565944649,0.02158374504050864,0.044329993172005824,0.028167075385422215,0.015651804377739612,0.0228714247330839,0.03419855051720293,0.037729127597685444,0.024575827091457985],[2.966568817838912E-4,7.94764736649649E-4,0.005226792214732323,0.0010634191263205067,9.113654881145454E-4,0.0013104540666541928,0.001412971696526629,3.951256708991356E-4,0.019180869291829092,5.830750534931019E-5,0.0013635002825412618,7.697490167419554E-4,0.0015516400367459548,0.0010134287885583718,0.015798724938259495,0.001326690060955924,0.002239330077178756,0.007271055387438892,2.530370624633827E-4,0.025279966237874537,6.726700661198359E-5,0.0012018155595663583,0.0014191465474480234,0.0015921494073977875,0.03336295558738139,1.0,0.005013220613446652,8.612870513649428E-4,7.711676435615588E-4,6.117617488487264E-4,0.00146028575747309,0.0018769512297016843,0.0013812723825537092,0.0013878462557324212,7.775164359286056E-5,4.03159560171203E-4,6.148374295891695E-4,0.001492692011192362,0.0014692486259166593,0.001066149296640404,0.0011270700978471525,0.001146687369445051,8.784653385098573E-4,7.812823353195071E-4,0.0011404705477772107,0.002683937951071958,0.0011409927445200487,2.423268167916252E-5,1.5772659983230718E-4,0.001227285192213071,4.829308124829105E-4,0.0014029170433257278,0.001153763613504236,0.0019036342001545106],[0.005341978845155732,0.0023945888621804924,0.008222955571725116,0.009431527714146072,0.00293100598225338,0.0036818719923905298,0.009174674156786619,0.004295754440794467,0.026749431037822527,0.0037819800690645686,0.007359841658311424,0.004530470370436053,0.008238180389440275,0.004800736544049788,0.01465187668860923,0.010248179718172481,0.004476862696487049,0.014168491083368573,0.0016656902906633817,0.021313234656096115,0.0026175198098952845,0.002534033315760719,0.00826794720733698,0.007162060559713145,0.03211060125040713,0.005013220613446652,1.0,0.00975369099763149,0.010026610364574315,0.0014553191370481756,0.0058206725611236465,0.0050967515895745845,0.004543371420673762,0.009025822290228455,0.004299339290565705,0.003076783648477034,0.004724775672101138,0.006374122130266544,0.004462258399333879,0.00937213296788984,0.0035306573471095126,0.008399226439937157,0.004540247385574064,0.009500966585178605,0.003175350311342774,0.005090592579919145,0.008432640438949328,0.008094520601866016,0.005262898758578704,0.0014427608765908363,0.0025847981999701343,0.002749108208345204,0.0026586003401302726,0.010503552680844835],[9.522416059895739E-5,4.7152731028553404E-5,0.00216404373147755,2.1354204339351924E-4,5.481997369200268E-5,1.3135150524298288E-4,0.0011059026221013125,2.0080791508255047E-5,0.013480737488700168,2.6913148805420346E-5,1.0031443176691713E-4,5.067754893048049E-5,0.001957600672276742,8.043726289682351E-5,0.004417788485430578,4.6413224902617145E-4,0.0018968257378076398,0.016003068335850103,2.3943854322426304E-5,0.012384465592446485,1.8470732705908673E-5,3.197450146337787E-4,7.05657666712072E-4,7.698426275890673E-4,0.02973823360306204,8.612870513649428E-4,0.00975369099763149,1.0,9.10128069434304E-5,1.9865744620338086E-5,0.0013554797599657465,5.625615884963026E-4,0.0013409531700745076,6.990967994197865E-5,2.0191933285052065E-5,7.885465650147969E-5,1.5996675955054637E-4,0.0010842849965727527,8.429181994097036E-4,1.4293721715358615E-4,1.225461772265287E-4,5.0849817708805426E-5,4.720384903626343E-5,2.263913558447496E-4,7.444486176639915E-5,0.0017007797360899283,2.5331498671426904E-5,1.767088895203753E-5,2.4295737036048617E-5,5.180374941098375E-4,3.906679085725827E-5,0.0010813936704384259,1.6372532326086292E-5,0.001417797370885651],[1.0740485886196887E-4,1.2238827620266E-4,0.0017691219780716302,1.7095446734768666E-4,1.1821071263335954E-4,3.060450383603065E-4,0.0011993773985850915,6.745335604544876E-5,0.004604742716634016,9.047122203829802E-5,1.1424278515766826E-4,1.0625852250604648E-4,6.487878277224368E-4,1.0802171224586747E-4,0.004413503849425011,3.831409876706842E-4,2.2272386908215892E-4,0.002256550368203475,8.60594977155349E-5,0.011833860906333236,6.716679586381172E-5,1.5802863652165054E-4,0.0010683957657821777,0.0014788707056304575,0.036721322714087054,7.711676435615588E-4,0.010026610364574315,9.10128069434304E-5,1.0,1.0607461861832944E-4,9.287126664656241E-4,0.0014894749805003684,3.545912817530067E-4,1.1159598289898889E-4,7.319096824115503E-5,1.1035639031220936E-4,1.6416586815243563E-4,0.0014707947460487175,4.687774638986843E-4,2.0265311844215174E-4,6.135232068342418E-4,1.2032771703974655E-4,6.34805027793673E-5,2.4840344783867317E-4,1.1470315256677101E-4,0.0010083331902247185,2.3676690648034165E-4,5.822640651571896E-5,7.902869672302872E-5,2.7078259217936843E-4,1.067593207383632E-4,0.001034888217206978,1.6345347424224345E-5,0.002093322860643057],[5.4791863543467633E-5,1.0016524991329412E-4,0.004576992191007434,1.3061673244150888E-4,6.739217857128858E-5,1.4497013987667615E-4,3.1141707514493306E-4,4.018147616167216E-5,0.02497835675481975,3.667611364338734E-5,6.450439226851073E-5,9.91154515069077E-5,0.002101756593705361,1.0501091842398503E-4,0.0035891505644839905,5.334242834613588E-4,8.428336119324125E-4,0.007430934919269396,4.659279278558715E-5,0.03593290291284779,2.5583274822960113E-5,2.1597599204871803E-4,0.001102889886579869,0.0014051562201527347,0.052240673561488,6.117617488487264E-4,0.0014553191370481756,1.9865744620338086E-5,1.0607461861832944E-4,1.0,0.0011893971324599848,0.0022248454621863487,9.384510970514844E-4,4.1561853367934033E-5,3.0815278215298E-5,7.959999134440006E-5,9.852950458438627E-5,3.496140969281565E-4,0.00147627880890626,1.3803064370278902E-4,4.2130298578002827E-4,8.264624996226864E-5,5.773448430796361E-5,4.1269974548234853E-4,1.1678424827567968E-4,6.416643275822062E-4,1.9783623319492976E-4,1.9059358550785648E-5,2.9572575525971885E-5,4.977721669886105E-4,1.0424922084639558E-4,9.368121424419321E-4,2.8411322023924263E-5,3.743728727531241E-4],[8.725359152474101E-4,1.4947350544078968E-4,0.005131173022323275,0.0011589356626619848,6.187702923764886E-4,0.0014183917469208225,0.0015679056344285096,4.2067059331625056E-4,0.0022592695263236894,5.37242841082588E-4,0.0011475623889490962,7.983764975588559E-4,0.0018846758982978377,9.099512758301103E-4,0.005710211963347575,0.0014732324720130832,0.0020094359297197716,0.003218820534857466,0.0011315982106091683,0.03661475809952956,5.377171977211404E-4,7.801012035147184E-4,0.0015364975538347293,0.0015831227648776887,0.04462957579652356,0.00146028575747309,0.0058206725611236465,0.0013554797599657465,9.287126664656241E-4,0.0011893971324599848,1.0,0.0021119948549232544,0.0013837195974547945,0.001086882808091931,2.2308904049126802E-4,2.762615147489957E-4,3.543569790587154E-4,0.0015453144535515393,0.0015136774592965638,0.001212402165763439,0.0015274200458135774,0.0015092663016033868,5.049128822812554E-4,6.803956308352137E-4,1.5477752784713299E-4,0.002063345650574172,0.0013896630997426306,2.05117165453427E-4,0.001094032282624003,0.0013013779622019009,0.0010246835729123527,0.0015322186789828059,1.0858320626313533E-4,0.0021749224285764904],[4.6565510102967273E-4,0.003818537404636043,0.004863396895065794,0.0034738579460617414,0.0018575686839272126,0.0033298722441490484,0.004411406355124029,0.0017315462743461981,0.02730179353347563,0.00152306443327886,0.0026558590991844163,0.0010605298277194164,0.002235712230285348,0.003708998240021278,0.007785706709812917,0.0014176377371618479,0.0033428361391068346,0.015107981364128248,0.0016783014544146109,0.043319121057208004,0.0015851074267733505,8.970550711089552E-4,0.004270852995900658,0.003667232964861118,0.03918631566052967,0.0018769512297016843,0.0050967515895745845,5.625615884963026E-4,0.0014894749805003684,0.0022248454621863487,0.0021119948549232544,1.0,0.002612077405923806,0.0012416490170642114,0.00433933770236371,0.002380611878499925,0.003925127886400616,0.002678017381179372,0.0015178661330892376,0.002576540338925769,0.0010865973121320183,0.003887306488762555,0.0010398421036262697,0.0044522320069208905,2.3818614984572078E-4,0.004419095116628857,0.002956238279421175,0.002070432914934031,0.0035530542511882294,0.0023176685520159496,0.004090990817174047,0.0020432835709120497,0.004269856058259359,0.00365272019052393],[6.032000978055983E-4,0.0011896671258093776,0.001890840932925195,4.119601098205642E-4,0.0013300100260621602,0.0012772631861889924,0.001571404806354756,6.185570681438093E-4,0.013405843011999024,1.9044209354104826E-4,6.421842265452815E-4,1.4636129036980675E-4,0.0021385443638408915,1.5603087116734636E-4,0.006951508951281805,0.0011458684779658767,0.002245603505259251,0.016332641783354317,0.0012753341185841528,0.03918283724444582,4.3670461045438257E-4,8.852285792978443E-4,0.0014249475483489795,0.0014361707961799974,0.02026443205128347,0.0013812723825537092,0.004543371420673762,0.0013409531700745076,3.545912817530067E-4,9.384510970514844E-4,0.0013837195974547945,0.002612077405923806,1.0,9.769675830456042E-4,5.521550434960393E-4,0.0010963913987877718,0.001241391155037676,0.0014539552678592782,0.0013963869012422409,7.990391761215111E-4,0.001220121932436527,3.4677840051486087E-4,1.7506800794292E-4,8.881249086634248E-4,7.885715272771952E-4,0.0017245827684903691,8.830699482723677E-4,5.941141275747978E-4,2.5527533964718577E-4,0.001029981303343468,9.960586706215181E-4,0.0012495054388299452,2.527598754609501E-4,0.0024112418366714836],[1.0838969941295024E-4,1.3650644770395623E-4,0.0048461603511970345,1.471589007524585E-4,1.4295112040676628E-4,6.302199571045971E-4,9.029509498805174E-4,6.906297109471317E-5,0.002065685222884748,7.903580763469318E-5,1.1523484788475531E-4,1.1220019251740203E-4,0.001538873436956114,1.087754014928018E-4,0.0040244694816970236,3.5024756012866544E-4,0.0011031278795032222,0.005480922436799267,8.929166336504215E-5,0.02564714149626621,4.944287357812556E-5,3.674592788629644E-4,8.913650860293455E-4,4.2403165789524767E-4,0.02710681836289021,0.0013878462557324212,0.009025822290228455,6.990967994197865E-5,1.1159598289898889E-4,4.1561853367934033E-5,0.001086882808091931,0.0012416490170642114,9.769675830456042E-4,1.0,9.594714612344376E-5,1.1451487819766592E-4,1.294051311399658E-4,5.663376591943681E-4,0.0010460411585248922,2.6062378860875797E-4,4.0417680762612354E-4,1.8067696112184794E-4,6.908411403883165E-5,5.314051455475425E-4,1.1981827594616591E-4,0.001422554722031093,2.3044543178066536E-4,8.127097358455244E-5,5.757931498331738E-5,2.90159373845878E-4,1.1192497425813941E-4,2.9996870594079314E-4,4.061183510219579E-5,9.548956967566974E-4],[6.307403239294109E-5,2.708655431458102E-5,0.004974037692655441,1.927246294382458E-4,7.150608009660761E-5,6.916050445169384E-4,9.218494353767347E-4,3.0222917203130574E-5,0.015225907007115617,2.8910996535973884E-5,4.9371847104637174E-5,7.467495720521957E-5,5.483620932028774E-4,4.575502105249471E-5,0.015486391863924077,7.38248757873694E-4,0.0021538543428004007,0.007127174535397673,4.4676289949741846E-5,0.0265594408660751,2.0578744459055564E-5,1.1844941343512079E-4,0.0012435065709307201,0.0014737329107916174,0.04512383056518298,7.775164359286056E-5,0.004299339290565705,2.0191933285052065E-5,7.319096824115503E-5,3.0815278215298E-5,2.2308904049126802E-4,0.00433933770236371,5.521550434960393E-4,9.594714612344376E-5,1.0,1.016716879061301E-4,1.535858814018372E-4,9.40562235851626E-4,0.0014898420611797621,3.363596310951292E-4,2.1766288312494834E-4,3.9975024804395045E-5,5.887157530606361E-5,5.12043419778364E-4,3.354474876557363E-5,0.0027537173802053803,1.222448585146953E-4,2.459274474863809E-5,2.6560319176977867E-5,2.622601435471696E-4,9.402936711222311E-5,5.690068023260151E-4,1.4755285856811387E-5,0.0022837800344852046],[1.0779264368148818E-4,1.3664016488239752E-4,0.004947703629606837,1.7128814051641775E-4,1.3913676926401692E-4,0.001195841128816388,0.0014322861145103561,9.269079623911858E-5,0.027118659283031313,6.36629787506105E-5,1.1225433261501376E-4,1.0999238914963309E-4,9.037048938187356E-4,1.088166321359