[[1.0,1.4485058644407225E-5,1.6815918793874202E-4,2.0653280665209155E-4,2.0554525356879168E-4,2.4263611230130688E-4,2.0907564889209416E-4,2.4920979146609917E-4,1.7022182743135533E-4,9.321870334572164E-5,3.4356522451754805E-4,0.005950195502796894,0.01029672775789244,1.6147944114769185E-4,0.0029713355364933,6.066079289343819E-4,1.2215570478408736E-4,8.860543740732567E-4,1.9395677366888716E-4,7.742406262171112E-4,1.868266343657795E-4,2.2478096150502146E-4,2.024081270422179E-4,0.0038847472518863113,2.0581728370526635E-4,3.003488656510085E-4,1.630380917727902E-4,1.2311732851383192E-4,7.599764277038683E-4,0.0010974840714525654,0.001948567415625739,2.9784532913117184E-4,7.157745324956333E-4,0.0027758952221520737,0.003874215196366293,1.366943337933767E-4,0.004877606620015354,1.7338172856184666E-4,2.97275423384307E-4,9.32603119997796E-4,1.4615936785565656E-4,3.0784873255685057E-4,0.0018696700886089426,0.0018937662442802465,3.191724967309504E-4,1.8307145955695763E-4,0.001549549021215849,1.4239912113369187E-4,9.090196902021115E-5,2.58351840776392E-4,0.0011081248156235004,7.136197588573744E-5,1.9847841079733732E-4,0.0011680014796855338],[1.4485058644407225E-5,1.0,3.0321772782166678E-5,3.7919507431008874E-5,4.264864892756357E-5,0.003775324185784824,8.829444218800846E-5,1.2148884518353137E-4,9.3847535987498E-5,2.554718359091724E-5,1.43349500580419E-4,0.005577368547360512,0.003320945347513291,2.7293865712077936E-5,0.0025739869622381046,5.950107127514595E-4,5.920371963650606E-5,1.0149891665244439E-4,1.3220413670885465E-5,7.096313598244875E-4,1.1631370330955713E-5,2.3198219243574067E-4,1.2383404990499167E-4,0.0017750370431850733,6.595196324284704E-5,4.3040852657751284E-5,1.3340392185755279E-5,1.6643667965227648E-5,6.234907623780425E-4,0.0018753965135283124,2.7997948356859415E-4,8.063287889181136E-4,8.971996262527631E-4,5.6734979613267E-4,0.003028885529560028,1.1257488362410982E-5,0.008184395301659816,1.637068587117391E-5,3.9491847325537517E-4,3.1929694934671317E-4,1.6151580238822903E-5,1.5453972357589392E-4,3.844540840655783E-4,0.0018261202474510172,5.836742512736157E-4,2.518691602714754E-5,0.0014244225043747618,1.3192612124647899E-5,1.0962693808939082E-5,2.925150016217893E-5,7.189332267974043E-4,1.1859584541870399E-5,1.2381583397029096E-5,0.001231446538665268],[1.6815918793874202E-4,3.0321772782166678E-5,1.0,9.816904420910965E-5,1.2929312044881287E-4,0.004329234485277028,1.2854118292757538E-4,0.0019603108333910535,1.2114927944220996E-4,1.1949198802760775E-4,3.4318253402778617E-4,0.002724689065822929,0.01149269272571966,1.1779188431093134E-4,0.0018663861950355813,3.5392194321937163E-4,1.1795084964137252E-4,5.295558040997303E-4,6.054998712312634E-5,4.4996117929163197E-4,8.991401611597691E-5,1.7656382439460566E-4,1.8996693266162888E-4,0.007083372430828602,1.5232423416934902E-4,2.4200529783526177E-4,4.252204149884356E-5,5.2203174078696446E-5,7.806817474102471E-4,0.0011736595561304252,0.002898365266563089,6.625325235830929E-4,0.0010080196408382952,0.001946057071673371,0.0031688027828503207,5.678422698325507E-5,0.010133033333691522,5.400345842021691E-5,2.3863539308531967E-4,0.0026972001572579136,5.507923240235517E-5,1.7904295189965857E-4,0.0014746164872345739,0.001701031734542556,8.045241273641093E-4,1.198034937002236E-4,0.001103327667397544,1.0047413579251581E-4,7.000384064865968E-5,1.352882978825218E-4,9.766627387800173E-4,3.650738611857876E-5,7.219710462791327E-5,0.001279488055096682],[2.0653280665209155E-4,3.7919507431008874E-5,9.816904420910965E-5,1.0,1.1586469696248153E-4,0.005367617241733007,9.25742698598863E-5,0.001070528899439694,8.001857214845117E-5,5.524596353481948E-5,1.0685368889703473E-4,0.002636433565705456,0.008833109324611453,5.4973374188301164E-5,0.0033792636206695908,7.237224009608997E-5,6.488302087724093E-5,5.689323958920094E-4,3.128662298107196E-5,5.027266598677316E-4,4.358430757181079E-5,1.1481967547828366E-4,1.153501669120631E-4,0.006620171983626234,1.1887514423441333E-4,1.1607905619844745E-4,1.8652925402080307E-5,4.069974109949573E-5,5.825486770712232E-4,3.626516702953371E-4,6.836199471344074E-5,0.0011418387669633087,4.324239388064031E-4,0.002741953859233309,0.00289784295819723,1.6090493245651622E-5,0.007124020651353917,3.0783688650813295E-5,3.387342593207601E-4,0.0027355543572452003,4.0765160617025654E-5,4.7333412766172283E-4,0.001439213436622053,0.0011835357867684025,8.204904395656079E-4,9.286027021127884E-5,6.716134935678528E-4,2.6250345950795586E-5,2.2227886687728465E-5,2.4387132670836877E-4,4.5129818281231085E-4,2.6274973025244165E-5,3.7482676736813795E-5,0.0012866374329092002],[2.0554525356879168E-4,4.264864892756357E-5,1.2929312044881287E-4,1.1586469696248153E-4,1.0,0.0026817101976337704,1.4601254979577864E-4,0.0010916230631477946,1.3458849696152406E-4,1.3919694103430857E-4,2.8997273438633044E-4,0.002265701485054948,0.009368092715210954,1.4306928917518877E-4,0.002062630099826505,0.0010018425600021653,1.4148945966816466E-4,3.2050842257412104E-4,1.3691813947002497E-4,1.9425165006864686E-4,1.5208117191641647E-4,1.5960845416386488E-4,1.7258195311385842E-4,0.00500196992192601,1.6221497665723484E-4,2.651079443589927E-4,1.4361896912233775E-4,6.739590638797757E-5,4.156112052944311E-4,0.0015498954053728231,0.0026396535723442888,7.077995054327165E-4,0.0010176801994848097,7.76351983132833E-4,0.0019282835426032065,1.5515280328685073E-4,0.006538694058986878,9.986741542218704E-5,1.8793461409343442E-4,0.0024511845933871926,2.4216510018170688E-5,2.63646936348254E-4,9.237459249658344E-4,3.087795194450496E-4,8.551023047094767E-4,1.3670155943139794E-4,0.001559180789396112,9.349672519530138E-5,1.1101322027600213E-4,2.348863219930646E-4,0.0015735173587596509,9.595934427731112E-5,3.5266778838809395E-5,0.0014017856817066454],[2.4263611230130688E-4,0.003775324185784824,0.004329234485277028,0.005367617241733007,0.0026817101976337704,1.0,0.006366317100152361,0.006416397669143894,0.0029914990120483553,0.005708856177206964,0.006133588960136884,0.007673668855673652,0.007520661889653134,0.004671251692458397,0.004561467343806246,0.005756748766131827,0.005236502923638677,0.00619438101427966,0.003930188610785277,0.002400420166970118,0.005619076215771894,0.006093203220171232,0.004951864855913599,0.0077678793482721395,0.0022511413437539267,0.0011849140760544646,0.0010157289734463483,0.004923323774804667,0.004373859712822776,0.0022250470346885237,0.004907283217410554,0.006389180798817382,0.0012262793185966682,0.003120181675218772,0.0068146140579400305,0.0018163120805863658,0.008901499535624906,0.00223041799814208,0.005746000815184498,0.006144914082836638,0.006605107335331293,0.004227417957533613,0.00612760139688652,0.006248517101795822,0.0026931413819870935,0.0013644372826482124,0.006531450884241962,0.0059580231750225345,2.160018811817181E-4,0.001952097922611111,0.004068191722873194,0.004498262114234661,0.0030530307690447094,0.005059001815662271],[2.0907564889209416E-4,8.829444218800846E-5,1.2854118292757538E-4,9.25742698598863E-5,1.4601254979577864E-4,0.006366317100152361,1.0,0.0013998494070449209,1.2620395235336186E-4,1.2188154102056156E-4,1.8438551042275736E-4,0.006002899738067183,0.009406549989533282,1.2441528878437205E-4,0.002324274019643013,9.657138990175504E-4,1.22323875777948E-4,0.0010269488738110194,6.149887320253286E-5,6.086819800139619E-4,3.693071444147696E-5,2.268986357151723E-4,1.794490859848588E-4,0.002278933242847415,1.844125432315978E-4,2.1067286137743858E-4,3.4820993085958555E-5,1.191791269510297E-4,7.139982564298744E-4,2.798836335010283E-4,9.66485936619002E-4,2.373931951986647E-4,0.0010700709002820484,0.0017899680912580667,4.118534312611818E-4,9.67777807893643E-5,0.00886784229649932,7.113030295650581E-5,2.5950286134701346E-4,0.003538419052197455,1.1748129222275834E-4,2.711532329522624E-4,3.5223814808583857E-4,0.0014366295091346576,0.0011135721920438294,1.2831847755616346E-4,0.00171405658095967,4.307265835353153E-5,4.851541759232181E-5,2.0380395262434135E-4,0.002006046441282298,2.2994364368654847E-5,5.737684437648702E-5,4.470612895425913E-4],[2.4920979146609917E-4,1.2148884518353137E-4,0.0019603108333910535,0.001070528899439694,0.0010916230631477946,0.006416397669143894,0.0013998494070449209,1.0,0.0014405800032639207,0.0020134242024704985,8.131339249562316E-4,0.006637280494437297,0.009197989722769225,4.7428554975268507E-4,0.003585157167112464,0.001682871679285897,0.001679764092230303,0.00115670645718393,0.0013476937572363316,0.0016202023941539177,1.2783172017661175E-4,0.0013784939475395466,0.002087258419442989,0.00721307949993857,0.0014676181662258328,0.0010733838327814998,0.001241237973715712,8.934819913361617E-4,0.00197413914342961,0.002142723781717793,0.002752454501348,0.0013046903615325338,0.001426507089493049,0.002487697388457201,0.00602756080019746,3.776723363097949E-5,0.0023880378147075167,6.080745838338653E-4,8.969301051713911E-4,0.0023781247601508556,9.778983499103486E-4,0.0019978847182297926,0.00225965620028224,0.0020665341323021697,0.0015480192740086544,0.0010717290228049745,0.002164839070127573,0.0019250668066282046,0.0014466028115554955,0.002035083523706917,0.00215715572659719,0.0014250793182226335,0.0016228057668572979,0.0020800568132562256],[1.7022182743135533E-4,9.3847535987498E-5,1.2114927944220996E-4,8.001857214845117E-5,1.3458849696152406E-4,0.0029914990120483553,1.2620395235336186E-4,0.0014405800032639207,1.0,1.1711539536610267E-4,1.772683787776818E-4,0.001734167392001967,0.0037414382968886817,1.1645410512004145E-4,0.0035196263292404393,5.09141898773043E-4,1.1757150688504563E-4,1.9883634073528537E-4,8.700144768294696E-5,4.433577635635702E-4,2.112194360602035E-5,1.915300214435779E-4,1.4199575989794804E-4,2.1074266262818353E-4,1.8859278747174893E-4,2.405437188394086E-4,5.748466436984376E-5,5.553175877119873E-5,9.001501317095693E-4,0.001656427627922771,7.145378219438957E-4,6.968207425884352E-4,0.0010882485024775357,0.00217572286692595,0.004026081083105877,9.189783682005492E-5,0.004878487397328276,3.1286548435536085E-5,2.629934641068257E-4,4.953700195425673E-4,2.1370378365049494E-5,4.917307283670046E-4,0.001659700125240341,0.002030802798510972,1.2163943721404526E-4,1.1865453048578076E-4,0.002134448190698677,1.0491445450998328E-4,4.347660568237352E-5,1.6249435129054505E-4,0.0014955559678550977,2.872615553193238E-5,7.484198391366854E-5,0.0011474245778296526],[9.321870334572164E-5,2.554718359091724E-5,1.1949198802760775E-4,5.524596353481948E-5,1.3919694103430857E-4,0.005708856177206964,1.2188154102056156E-4,0.0020134242024704985,1.1711539536610267E-4,1.0,6.548461680043046E-5,0.005674851585119761,0.0011429657572660122,9.070147572624881E-5,4.5265580235123823E-4,8.168672602018806E-5,6.50524687302202E-5,0.0010946801167451446,5.464848030986045E-5,1.9664897984611603E-4,5.363255750443321E-5,1.474503449888606E-4,1.096514594140768E-4,0.002820567255879392,1.6256198110171406E-4,7.072005674438027E-5,4.8424525903858814E-5,5.092706000115817E-5,2.55565258433484E-4,0.0016491389560712663,8.128981500360996E-4,2.0171309826800448E-4,0.0011418815725552328,0.001526011818046009,0.004770182417266155,2.270671270001977E-5,0.009693917921647805,2.1580316403096665E-5,4.1484389053508776E-4,0.0024333878861453654,1.6843369629899176E-5,2.3550523073736647E-4,0.001520456357035614,7.430133616341093E-4,9.512015165474517E-4,9.761890793617382E-5,0.001760580830930711,4.1122096768931305E-5,2.5171441704298764E-5,2.4806756929011536E-4,0.001178694591326916,1.3561079007832502E-5,5.028938173252761E-5,7.216846253335068E-4],[3.4356522451754805E-4,1.43349500580419E-4,3.4318253402778617E-4,1.0685368889703473E-4,2.8997273438633044E-4,0.006133588960136884,1.8438551042275736E-4,8.131339249562316E-4,1.772683787776818E-4,6.548461680043046E-5,1.0,0.007167391832878728,0.006207625289331919,1.5262385673840885E-4,0.003553750551614733,9.486767962790481E-4,1.5628874483556267E-4,8.221347609747329E-4,8.651801574179705E-5,4.2279442065133385E-4,1.2173300201096217E-4,2.9490701846171725E-4,3.058978274626487E-4,0.0015909594687539166,2.627358883764438E-4,3.5640811188975935E-4,2.1800880009898693E-4,8.243284252931385E-5,6.015157978508631E-4,0.0010021633569006275,0.0030367857741197104,9.159794197459609E-4,6.05224969472304E-4,8.031928924574282E-4,0.005745063614419869,5.758924324703276E-5,0.0119925478644552,1.2384592021166468E-4,5.05637141061735E-4,7.692284834553528E-4,1.2856825312360136E-4,5.260534353478986E-4,7.431957570441497E-4,4.5684435211671066E-4,5.308959619468983E-4,1.600702788297596E-4,4.962804878407781E-4,2.968916445359624E-4,2.4691440844287874E-4,3.547611508071941E-4,7.063522593608559E-4,2.2231386751662987E-4,3.176832739343275E-4,0.0014171327040874786],[0.005950195502796894,0.005577368547360512,0.002724689065822929,0.002636433565705456,0.002265701485054948,0.007673668855673652,0.006002899738067183,0.006637280494437297,0.001734167392001967,0.005674851585119761,0.007167391832878728,1.0,0.009343752627641977,0.0010918560464720486,0.004270763722726287,0.0035074773056639505,9.686708630986957E-4,0.004740015437477547,0.0033525345803025637,0.0038613848391388273,0.007637208585962244,0.0037278400131586934,0.00474651265179485,0.008078084353814281,5.876888601346155E-4,0.0060928107678183945,0.004250884914606954,8.011311301297721E-4,0.004999085660150556,0.007257149371456707,0.004647373406806979,0.0036020553435038042,0.004119609131888296,0.004400745523504304,0.0070877139790396695,0.00555617041798971,0.011800880599239675,0.003981827960599095,0.007425188699777237,0.005293490842629698,0.00598090878863536,0.007968450130256313,0.00691614962322678,0.0028688516793567553,0.007999436863611339,0.006914672552672625,0.00593598694618686,0.004092904527293026,0.004145837393433012,0.0013264823961047917,0.0077709121885830455,0.007737136868795659,0.002809798844369464,0.0050806187334069206],[0.01029672775789244,0.003320945347513291,0.01149269272571966,0.008833109324611453,0.009368092715210954,0.007520661889653134,0.009406549989533282,0.009197989722769225,0.0037414382968886817,0.0011429657572660122,0.006207625289331919,0.009343752627641977,1.0,0.011638453559893076,0.0046542725743960334,0.009388289639065517,0.003828865170594945,0.0028374398833515375,0.003756986200225778,0.00518488850917364,0.0024478095918334195,0.006598415021344181,0.0072007399748545645,0.0084344624895723,0.005439391125702062,0.0012557865723204294,0.010868113527885831,0.005611650465521631,0.006437226066280331,0.002574451751706961,0.008107624365296183,0.009072511304119154,0.008851356399049359,0.004014906717003157,0.01050082468258779,0.011742982286998912,0.011973393404562561,0.0017577677807179633,0.005008682238990743,0.0061620239214649816,0.0060727119857948665,0.0015183298931107313,0.011009322358423067,0.009330926355133565,0.009140106336260159,0.003378303898829192,0.004755675215022963,5.920303281389545E-4,2.914759220785081E-4,4.635613731666979E-4,0.0021312404695883265,0.004386826794889199,0.0021742735584489854,0.011833276933330725],[1.6147944114769185E-4,2.7293865712077936E-5,1.1779188431093134E-4,5.4973374188301164E-5,1.4306928917518877E-4,0.004671251692458397,1.2441528878437205E-4,4.7428554975268507E-4,1.1645410512004145E-4,9.070147572624881E-5,1.5262385673840885E-4,0.0010918560464720486,0.011638453559893076,1.0,7.227849514486422E-4,0.0010482534438225224,1.1658123126851932E-4,8.344232696063761E-4,7.747635306281641E-5,8.742869507513101E-4,2.9698352834880093E-5,1.5597064385651093E-4,1.4147381439113843E-4,0.0014873473042284944,1.1837366952749429E-4,2.7832363967617745E-4,4.635167452649612E-5,5.589487363125267E-5,5.6124958645425E-4,0.0019017133129148722,0.0020536617405224056,0.0011487612466250365,0.001102399669492483,0.0023386556256729312,4.3395513709323593E-4,6.15944073550191E-5,0.00941984692862578,8.543493838823225E-5,4.8816207632653325E-4,0.003168677353907745,1.9668687014376932E-5,1.5110235426292858E-4,0.0014165911978639154,0.0019099391067282307,1.2254676609480615E-4,1.1561148469834708E-4,9.426469522737138E-4,6.58176861782428E-5,4.476746160087357E-5,1.5876898716362073E-4,0.0017010106800676727,6.12613281357991E-5,3.4193383536863865E-5,6.802027476809741E-4],[0.0029713355364933,0.0025739869622381046,0.0018663861950355813,0.0033792636206695908,0.002062630099826505,0.004561467343806246,0.002324274019643013,0.003585157167112464,0.0035196263292404393,4.5265580235123823E-4,0.003553750551614733,0.004270763722726287,0.0046542725743960334,7.227849514486422E-4,1.0,0.002467446482130438,6.057526992851066E-4,0.002448430297573559,2.3964059576288465E-5,0.002091884249935723,0.003337806058104934,0.002681539257210694,0.0022496302138706585,0.007702671736262644,0.002887469717564152,6.348899343700346E-4,0.001483104242731235,6.250690723945333E-4,0.0013724664945069598,0.0021011323342429796,0.0034527445766660532,0.001841627803002521,0.003125763292989164,0.0031412726852040338,0.004485474735095491,4.841129833154461E-4,0.009982859559109962,5.677617078755768E-5,0.0032356596662847124,0.003701152181694786,0.0016689133867506102,0.0016382148675264004,0.002729785696656986,0.002706366179907336,0.0019284956058424367,4.761879117148849E-4,0.0027869847065645653,0.0022733207572145403,7.609239894811868E-4,0.0011098237772722676,0.0023016037958270195,2.967015268950892E-4,0.0035764201421378105,0.0031326362072683755],[6.066079289343819E-4,5.950107127514595E-4,3.5392194321937163E-4,7.237224009608997E-5,0.0010018425600021653,0.005756748766131827,9.657138990175504E-4,0.001682871679285897,5.09141898773043E-4,8.168672602018806E-5,9.486767962790481E-4,0.0035074773056639505,0.009388289639065517,0.0010482534438225224,0.002467446482130438,1.0,1.4761549070797062E-4,0.0011238106786845587,9.713516077572524E-4,9.872923379544356E-4,1.6895599324280296E-4,7.128986814631692E-4,5.503419854868633E-4,0.0077622662251235555,7.866005387649284E-4,3.7984098193086555E-4,6.697160196918985E-4,2.3384373823051997E-4,0.0010448430158249214,0.0017712502847033716,0.0031830040886112122,0.0012092657595015562,0.00112475468800298,0.0027658293118482617,0.004040956522688401,2.0454354332099493E-5,0.011027185010736924,6.571053963200582E-4,6.244929767444565E-4,0.0025360247988679614,0.0010919935450410191,7.098234908511755E-4,0.0012298506024691711,0.0018730347609459581,0.001128295788901449,2.0773722989721037E-4,0.0013911925221434646,0.0010135083127071419,6.643273886561172E-4,5.19041926977231E-4,0.0011537863350523246,6.073153772828006E-5,3.500223886376923E-4,0.0013267913797170377],[1.2215570478408736E-4,5.920371963650606E-5,1.1795084964137252E-4,6.488302087724093E-5,1.4148945966816466E-4,0.005236502923638677,1.22323875777948E-4,0.001679764092230303,1.1757150688504563E-4,6.50524687302202E-5,1.5628874483556267E-4,9.686708630986957E-4,0.003828865170594945,1.1658123126851932E-4,6.057526992851066E-4,1.4761549070797062E-4,1.0,7.712123673178713E-4,9.83620956714843E-5,7.237366876915866E-4,7.113829391792729E-5,2.1659166509987375E-4,1.795161138276987E-4,0.007702778058774205,1.6723660139037144E-4,3.0313343005289604E-4,6.190698553193515E-5,6.462255765783378E-5,2.0013333212863375E-4,0.0011599074898513248,0.0031013767727164744,3.122685990278453E-4,6.610631382377701E-4,0.0014823383405654174,0.0024806579611577075,7.092493536693887E-5,0.010914936532776543,6.825286676763092E-5,1.3879199397235715E-4,0.0010670842852018338,3.774608307385963E-5,2.1447493201756955E-4,5.503574964880454E-4,0.0016171717860432042,8.928408001119812E-4,1.144803101455869E-4,0.0013274653164810737,5.022006783577413E-5,1.1051870775027055E-4,2.3544313292961125E-4,0.0013867430295739862,1.0792592020828408E-4,8.562234804418894E-5,8.885159169665801E-4],[8.860543740732567E-4,1.0149891665244439E-4,5.295558040997303E-4,5.689323958920094E-4,3.2050842257412104E-4,0.00619438101427966,0.0010269488738110194,0.00115670645718393,1.9883634073528537E-4,0.0010946801167451446,8.221347609747329E-4,0.004740015437477547,0.0028374398833515375,8.344232696063761E-4,0.002448430297573559,0.0011238106786845587,7.712123673178713E-4,1.0,5.223859389002292E-4,0.001029740255807457,7.818871235830905E-4,5.229391040743875E-4,6.792305254161427E-4,0.004688620549874651,4.763636118889629E-4,7.934651824299736E-4,7.703248396097121E-4,0.0010935518083450171,0.0010479358801061985,0.001194168147827663,0.002075968127042878,0.0011638441855545876,0.0011627222188650118,0.001635549775443818,0.004114179978187562,1.8991679358582584E-4,0.00231451007205962,0.00106657274474633,8.221533146353249E-4,0.0025717683712916453,5.676394808258765E-4,8.542837950157645E-4,0.0020940922088076496,0.0014401206664871225,0.0011407808986862414,7.41440178370121E-4,0.0012741829599473677,6.708016546153446E-4,4.412343388190629E-4,5.586123515960166E-4,0.0015058115023446682,0.0011412518781565531,9.345440944942958E-4,0.0012371430589491106],[1.9395677366888716E-4,1.3220413670885465E-5,6.054998712312634E-5,3.128662298107196E-5,1.3691813947002497E-4,0.003930188610785277,6.149887320253286E-5,0.0013476937572363316,8.700144768294696E-5,5.464848030986045E-5,8.651801574179705E-5,0.0033525345803025637,0.003756986200225778,7.747635306281641E-5,2.3964059576288465E-5,9.713516077572524E-4,9.83620956714843E-5,5.223859389002292E-4,1.0,4.757469199074831E-4,2.1305670954170987E-5,1.1004442465830356E-4,2.4630675440936793E-5,0.0017278145415175006,6.81166954802853E-5,2.1832782563179968E-4,1.9330007376140073E-5,2.3383023059507137E-5,1.4139185992507658E-4,3.592659722645574E-4,0.0025387307512009308,7.873279638229552E-4,0.001125679372321824,0.0022011558438125773,9.445977344533882E-4,2.2563892800336896E-5,0.003930607614885434,1.9824372157138404E-5,1.2932593985412504E-4,0.0029104751908833543,2.1003001588728527E-5,1.358827514829376E-4,6.997545202282531E-4,8.733100102398799E-4,0.0010504343063897652,1.0571061480553443E-4,0.0012551687225079945,2.0580060096071358E-5,2.0668099632139337E-5,2.2771149301768694E-4,0.0015879239722027501,1.6241104955255827E-5,2.3847630751620043E-5,7.268330771783327E-4],[7.742406262171112E-4,7.096313598244875E-4,4.4996117929163197E-4,5.027266598677316E-4,1.9425165006864686E-4,0.002400420166970118,6.086819800139619E-4,0.0016202023941539177,4.433577635635702E-4,1.9664897984611603E-4,4.2279442065133385E-4,0.0038613848391388273,0.00518488850917364,8.742869507513101E-4,0.002091884249935723,9.872923379544356E-4,7.237366876915866E-4,0.001029740255807457,4.757469199074831E-4,1.0,2.3296127764989817E-4,6.106317183619002E-4,3.454327486148905E-4,0.004435595105009005,2.486215447232326E-4,3.864950148211572E-4,2.076190312066907E-4,7.0180299932451E-4,9.071953473366261E-4,0.00179325291985269,0.0019148486533391762,9.527949859708825E-4,0.001116112593638102,0.0014562657011023992,0.003574007508674979,5.731914755044357E-4,0.010591344169441515,6.954664300762997E-4,6.756008065201825E-4,0.002745832842871082,5.888686832319419E-4,7.791991115084296E-4,0.0022387097645146835,0.0018932534926301699,0.0010813006236210384,3.7959451851768275E-4,0.0018697742800568417,3.1869822970601735E-4,3.540074481314431E-4,5.819093150468281E-4,0.0018298378060620847,3.8642431582311596E-5,6.170202172815648E-4,0.00140735016639294],[1.868266343657795E-4,1.1631370330955713E-5,8.991401611597691E-5,4.358430757181079E-5,1.5208117191641647E-4,0.005619076215771894,3.693071444147696E-5,1.2783172017661175E-4,2.112194360602035E-5,5.363255750443321E-5,1.2173300201096217E-4,0.007637208585962244,0.0024478095918334195,2.9698352834880093E-5,0.003337806058104934,1.6895599324280296E-4,7.113829391792729E-5,7.818871235830905E-4,2.1305670954170987E-5,2.3296127764989817E-4,1.0,2.2230986383604674E-4,1.8161521157812377E-4,5.147501500203106E-4,1.3898251200714732E-4,1.84951481361321E-5,1.5607451154554404E-5,3.5492825313885896E-5,2.1201558079126263E-4,8.27689916010922E-4,3.670361249694095E-5,3.8085214582115755E-4,1.509284756613871E-4,8.93581918214113E-4,0.0012468864851624547,1.121567910917343E-5,0.006901873849098149,1.2738531676650135E-5,3.4970155239780453E-4,7.911239122520076E-4,1.3475749227004699E-5,5.521355943151524E-4,0.001395917635019458,3.8382558435050487E-5,8.588444816785768E-4,6.383430894567994E-5,4.4962545915026056E-5,1.321868789539776E-5,1.1285265412504928E-5,1.2604710390400894E-4,0.0010414626171865661,1.204756643968699E-5,1.6906636566472305E-5,1.9326450176193187E-4],[2.2478096150502146E-4,2.3198219243574067E-4,1.7656382439460566E-4,1.1481967547828366E-4,1.5960845416386488E-4,0.006093203220171232,2.268986357151723E-4,0.0013784939475395466,1.915300214435779E-4,1.474503449888606E-4,2.9490701846171725E-4,0.0037278400131586934,0.006598415021344181,1.5597064385651093E-4,0.002681539257210694,7.128986814631692E-4,2.1659166509987375E-4,5.229391040743875E-4,1.1004442465830356E-4,6.106317183619002E-4,2.2230986383604674E-4,1.0,2.1169810106625337E-4,0.005019911165640218,2.3040860266806758E-4,2.9373789827833434E-4,1.7217702772119744E-4,1.36756888394366E-4,8.506844562300239E-4,8.874141710726287E-4,0.0031680731473310614,4.747041569305434E-4,6.978253789192069E-4,0.002817403702119341,0.0018415439882054948,1.6766520422257377E-5,0.006290645901784147,1.5313504239776422E-4,5.735685926933803E-4,0.0019589622141484215,1.36747591277489E-4,3.8730478745490206E-4,2.815009013414088E-4,0.0011291452396813022,8.273582655965386E-4,2.2134020119604083E-4,0.0014207595496805545,2.158838058450392E-5,2.3302841895221627E-4,2.7505143313622313E-4,4.651989338353348E-4,1.711538116723564E-4,2.1526028198386274E-4,7.178302916703021E-4],[2.024081270422179E-4,1.2383404990499167E-4,1.8996693266162888E-4,1.153501669120631E-4,1.7258195311385842E-4,0.004951864855913599,1.794490859848588E-4,0.002087258419442989,1.4199575989794804E-4,1.096514594140768E-4,3.058978274626487E-4,0.00474651265179485,0.0072007399748545645,1.4147381439113843E-4,0.0022496302138706585,5.503419854868633E-4,1.795161138276987E-4,6.792305254161427E-4,2.4630675440936793E-5,3.454327486148905E-4,1.8161521157812377E-4,2.1169810106625337E-4,1.0,0.0044167044095866845,1.91969201499843E-4,2.726612478015295E-4,4.788408119761161E-5,1.4340780454820328E-4,6.0387530186237E-4,8.396054428133634E-4,0.002342435925668429,2.7144934846457864E-4,8.949330215994229E-4,0.0017374098427951421,0.0037073558922848275,6.533099224374835E-5,2.420048782682309E-4,1.7792642552788896E-4,3.7858012784934824E-4,0.0013951785531682158,1.390980787581017E-4,3.360367389801215E-4,0.002046448906643311,0.0012268312949733691,0.001080673166591166,1.7289294617173936E-4,0.002152767999678191,3.3478847486114333E-5,1.9239747132268723E-4,2.7294182438389547E-4,3.9814627708488427E-4,1.840224948142488E-4,1.705290468081338E-4,7.667556939445403E-4],[0.0038847472518863113,0.0017750370431850733,0.007083372430828602,0.006620171983626234,0.00500196992192601,0.0077678793482721395,0.002278933242847415,0.00721307949993857,2.1074266262818353E-4,0.002820567255879392,0.0015909594687539166,0.008078084353814281,0.0084344624895723,0.0014873473042284944,0.007702671736262644,0.0077622662251235555,0.007702778058774205,0.004688620549874651,0.0017278145415175006,0.004435595105009005,5.147501500203106E-4,0.005019911165640218,0.0044167044095866845,1.0,0.0022759173718699477,0.007722359173354722,6.256087712573209E-4,0.0024770196632650635,0.00450957712085791,0.0038870350565061774,0.004568021519997219,0.004784839073651357,0.001765566726625865,0.003487530192335248,0.007049589389747298,9.825541029914227E-4,0.010160960312077428,0.0014151632521774674,0.0013905003760545343,0.004604893670034979,9.705411411017002E-4,0.006948129051024746,0.006874606032474517,0.006963797080263109,0.007561335619090454,0.0027439152449924833,0.004162381414240496,0.0051262321480626686,0.005641254364465297,0.0019227066485251968,0.006348875257753466,0.0048553405006801905,0.002554658383675909,0.007325854448529691],[2.0581728370526635E-4,6.595196324284704E-5,1.5232423416934902E-4,1.1887514423441333E-4,1.6221497665723484E-4,0.0022511413437539267,1.844125432315978E-4,0.0014676181662258328,1.8859278747174893E-4,1.6256198110171406E-4,2.627358883764438E-4,5.876888601346155E-4,0.005439391125702062,1.1837366952749429E-4,0.002887469717564152,7.866005387649284E-4,1.6723660139037144E-4,4.763636118889629E-4,6.81166954802853E-5,2.486215447232326E-4,1.3898251200714732E-4,2.3040860266806758E-4,1.91969201499843E-4,0.0022759173718699477,1.0,2.6697432054323075E-4,8.004641266793476E-5,6.867386277528288E-5,6.472914500116776E-4,0.0013756006708050656,0.0018587373086478484,2.72560212077703E-4,2.2260980482216784E-4,0.002703460730560236,0.0017538479507892399,3.0235160928321458E-5,0.010108273947323195,1.343367640209535E-4,4.899919160228324E-4,0.0015382142804856893,1.1097273215592472E-4,5.271829215239841E-4,0.0011112268082816195,0.001823724884658639,5.994158511916873E-4,1.7261092516902647E-4,5.302445576778902E-4,6.398731942533543E-5,1.2846005111767905E-4,1.9376011435162223E-4,3.7111787595330074E-4,1.1832757299157108E-4,1.1923529820885696E-4,2.777220152875388E-4],[3.003488656510085E-4,4.3040852657751284E-5,2.4200529783526177E-4,1.1607905619844745E-4,2.651079443589927E-4,0.0011849140760544646,2.1067286137743858E-4,0.0010733838327814998,2.405437188394086E-4,7.072005674438027E-5,3.5640811188975935E-4,0.0060928107678183945,0.0012557865723204294,2.7832363967617745E-4,6.348899343700346E-4,3.7984098193086555E-4,3.0313343005289604E-4,7.934651824299736E-4,2.1832782563179968E-4,3.864950148211572E-4,1.84951481361321E-5,2.9373789827833434E-4,2.726612478015295E-4,0.007722359173354722,2.6697432054323075E-4,1.0,7.714806198846957E-5,2.6857930049564705E-4,7.777568826372362E-4,3.513178611385617E-4,5.653306288839326E-4,0.001114022637590016,4.1490181486795666E-4,0.002197603802014736,0.0046870057199289075,2.3420374575553002E-4,4.5863526365913737E-4,3.2361173367000465E-4,5.786287203569742E-4,0.001143512699137138,2.5657643318107326E-4,4.8009197571284644E-4,0.0020257623241600265,0.0018544172325836578,7.012656524229709E-4,2.326672826008781E-4,0.001213003347400446,1.1032176992683651E-4,1.6445034399346182E-4,3.337843114372482E-4,0.0015246502493319603,3.023221628454545E-4,2.4260174414103157E-4,0.0012621928754837403],[1.630380917727902E-4,1.3340392185755279E-5,4.252204149884356E-5,1.8652925402080307E-5,1.4361896912233775E-4,0.0010157289734463483,3.4820993085958555E-5,0.001241237973715712,5.748466436984376E-5,4.8424525903858814E-5,2.1800880009898693E-4,0.004250884914606954,0.010868113527885831,4.635167452649612E-5,0.001483104242731235,6.697160196918985E-4,6.190698553193515E-5,7.703248396097121E-4,1.9330007376140073E-5,2.076190312066907E-4,1.5607451154554404E-5,1.7217702772119744E-4,4.788408119761161E-5,6.256087712573209E-4,8.004641266793476E-5,7.714806198846957E-5,1.0,2.1978979720863842E-5,6.929952174990495E-4,0.0015188755974976885,0.0025001980373722263,0.001062091703364202,8.41426932919367E-4,0.001205254648303389,0.005228109719851716,1.1149683000361288E-5,0.00996485165967003,1.8039924553307433E-5,5.79358152642352E-4,4.686710886907864E-4,1.6772485545664325E-5,2.0919041257394408E-4,4.7466578516907584E-4,0.001693013921339417,8.989941150750486E-4,8.174747042404056E-5,1.834910673504389E-4,1.7512362994124526E-5,1.3197375871672543E-5,1.0629325286928487E-4,0.0010365485542671575,1.5132802934295483E-5,2.4240353399647926E-5,9.060179567849624E-4],[1.2311732851383192E-4,1.6643667965227648E-5,5.2203174078696446E-5,4.069974109949573E-5,6.739590638797757E-5,0.004923323774804667,1.191791269510297E-4,8.934819913361617E-4,5.553175877119873E-5,5.092706000115817E-5,8.243284252931385E-5,8.011311301297721E-4,0.005611650465521631,5.589487363125267E-5,6.250690723945333E-4,2.3384373823051997E-4,6.462255765783378E-5,0.0010935518083450171,2.3383023059507137E-5,7.0180299932451E-4,3.5492825313885896E-5,1.36756888394366E-4,1.4340780454820328E-4,0.0024770196632650635,6.867386277528288E-5,2.6857930049564705E-4,2.1978979720863842E-5,1.0,2.6957660803508414E-4,0.001644459468064228,0.001228024162938942,6.030043199650447E-4,7.792884472223589E-4,0.0024378108614330277,0.0013320440728154465,1.2275157813284247E-5,9.744200781555694E-4,2.8276910429678284E-5,3.679449087926109E-4,0.0011089625371550965,2.679176472477103E-5,4.537179182480767E-4,7.202626015492083E-4,0.0017647227220897001,0.001034286793347597,9.094495359897789E-5,0.0012218165841405397,1.9318090668826936E-5,3.250744278963496E-5,2.742755900358767E-4,0.0012133711355056841,2.2674597442923848E-5,3.161664661460245E-5,1.1360041801624561E-4],[7.599764277038683E-4,6.234907623780425E-4,7.806817474102471E-4,5.825486770712232E-4,4.156112052944311E-4,0.004373859712822776,7.139982564298744E-4,0.00197413914342961,9.001501317095693E-4,2.55565258433484E-4,6.015157978508631E-4,0.004999085660150556,0.006437226066280331,5.6124958645425E-4,0.0013724664945069598,0.0010448430158249214,2.0013333212863375E-4,0.0010479358801061985,1.4139185992507658E-4,9.071953473366261E-4,2.1201558079126263E-4,8.506844562300239E-4,6.0387530186237E-4,0.00450957712085791,6.472914500116776E-4,7.777568826372362E-4,6.929952174990495E-4,2.6957660803508414E-4,1.0,0.0017012954805408305,0.0031265382153214927,9.200325347264163E-4,0.001057908086990404,0.002764677291719235,0.003043481700863596,5.661076176516018E-4,0.008074270118089293,5.3772532995095934E-5,6.142053980181297E-4,0.001339642841580605,4.886624979973924E-5,6.628291363471315E-4,0.0020463664852951105,0.001029595652293458,0.0010464707383554038,9.015132022923106E-4,0.0012619754352746178,3.74913720365294E-4,5.116391931045553E-4,4.584453365833462E-4,0.0013235964721801054,8.764948917727166E-4,8.983095212764429E-4,0.0010823734500689582],[0.0010974840714525654,0.0018753965135283124,0.0011736595561304252,3.626516702953371E-4,0.0015498954053728231,0.0022250470346885237,2.798836335010283E-4,0.002142723781717793,0.001656427627922771,0.0016491389560712663,0.0010021633569006275,0.007257149371456707,0.002574451751706961,0.0019017133129148722,0.0021011323342429796,0.0017712502847033716,0.0011599074898513248,0.001194168147827663,3.592659722645574E-4,0.00179325291985269,8.27689916010922E-4,8.874141710726287E-4,8.396054428133634E-4,0.0038870350565061774,0.0013756006708050656,3.513178611385617E-4,0.0015188755974976885,0.001644459468064228,0.0017012954805408305,1.0,0.002497869535032146,0.0016964052380173465,0.001474434036643804,0.0022079946581189903,0.0031789149175679484,3.76124374534444E-4,0.011392137282717544,0.0017136124882519246,8.606449877084371E-4,0.002709686114137167,0.001803190545919143,9.034214235185563E-4,0.002270576529648211,0.0019886135843160853,0.0011896595382332837,8.483376411496391E-4,0.0019474100533362025,0.0015434766229620214,7.044630330790395E-4,0.0013322424889294308,0.002051033396838178,0.0013224172204699392,2.830124321522068E-4,0.0016530848369876255],[0.001948567415625739,2.7997948356859415E-4,0.002898365266563089,6.836199471344074E-5,0.0026396535723442888,0.004907283217410554,9.66485936619002E-4,0.002752454501348,7.145378219438957E-4,8.128981500360996E-4,0.0030367857741197104,0.004647373406806979,0.008107624365296183,0.0020536617405224056,0.0034527445766660532,0.0031830040886112122,0.0031013767727164744,0.002075968127042878,0.0025387307512009308,0.0019148486533391762,3.670361249694095E-5,0.0031680731473310614,0.002342435925668429,0.004568021519997219,0.0018587373086478484,5.653306288839326E-4,0.0025001980373722263,0.001228024162938942,0.0031265382153214927,0.002497869535032146,1.0,0.002489567921413769,0.001299259467184526,0.003082964716934114,0.005838053699444453,0.0026747845993864415,0.010354865337801458,0.0027931022864590856,6.800852240031514E-4,0.0037354709196426765,5.437308965830944E-4,0.002600888942236036,0.0028785087001201724,0.0028303270439032783,0.0028167683066080106,5.596740282139863E-4,0.0025994246734205337,9.675443612627608E-4,0.0019096060204247792,0.001528193013851692,0.0030350655173460193,0.0012767781440387257,0.002364224111090206,0.0014670362227901326],[2.9784532913117184E-4,8.063287889181136E-4,6.625325235830929E-4,0.0011418387669633087,7.077995054327165E-4,0.006389180798817382,2.373931951986647E-4,0.0013046903615325338,6.968207425884352E-4,2.0171309826800448E-4,9.159794197459609E-4,0.0036020553435038042,0.009072511304119154,0.0011487612466250365,0.001841627803002521,0.0012092657595015562,3.122685990278453E-4,0.0011638441855545876,7.873279638229552E-4,9.527949859708825E-4,3.8085214582115755E-4,4.747041569305434E-4,2.7144934846457864E-4,0.004784839073651357,2.72560212077703E-4,0.001114022637590016,0.001062091703364202,6.030043199650447E-4,9.200325347264163E-4,0.0016964052380173465,0.002489567921413769,1.0,0.0012363932498205732,0.0018328515962925207,0.002212367470625118,1.3730089880970971E-5,0.011297077282132105,4.5079338755602536E-4,8.542064937491329E-4,0.002063480317121223,0.0010862729226301542,8.759985772753048E-4,0.002096431412791687,0.0018171822616526835,0.0011732788720842996,6.468352276115266E-4,0.002168907794211394,8.967720292980188E-4,3.790629946922716E-4,5.351224154348394E-4,0.002045584074525566,6.26626152928462E-4,2.4393676655464543E-4,0.0012885447895037382],[7.157745324956333E-4,8.971996262527631E-4,0.0010080196408382952,4.324239388064031E-4,0.0010176801994848097,0.0012262793185966682,0.0010700709002820484,0.001426507089493049,0.0010882485024775357,0.0011418815725552328,6.05224969472304E-4,0.004119609131888296,0.008851356399049359,0.001102399669492483,0.003125763292989164,0.00112475468800298,6.610631382377701E-4,0.0011627222188650118,0.001125679372321824,0.001116112593638102,1.509284756613871E-4,6.978253789192069E-4,8.949330215994229E-4,0.001765566726625865,2.2260980482216784E-4,4.1490181486795666E-4,8.41426932919367E-4,7.792884472223589E-4,0.001057908086990404,0.001474434036643804,0.001299259467184526,0.0012363932498205732,1.0,0.0025359228348841214,0.006301202556404062,5.09264882636381E-4,0.011678620205640696,6.015928592512634E-4,0.0010414825545804088,0.001789203452488875,5.078732357247234E-4,5.718743168215997E-4,0.0015374225357507223,0.0013128276045870652,0.0012013502672382898,4.530630041269484E-4,0.0019257780631603924,4.4608022608275756E-4,8.461827866280196E-4,0.0010804511116595712,0.001712673480207737,2.4552742711198683E-4,0.001049148929479166,0.001225551562995965],[0.0027758952221520737,5.6734979613267E-4,0.001946057071673371,0.002741953859233309,7.76351983132833E-4,0.003120181675218772,0.0017899680912580667,0.002487697388457201,0.00217572286692595,0.001526011818046009,8.031928924574282E-4,0.004400745523504304,0.004014906717003157,0.0023386556256729312,0.0031412726852040338,0.0027658293118482617,0.0014823383405654174,0.001635549775443818,0.0022011558438125773,0.0014562657011023992,8.93581918214113E-4,0.002817403702119341,0.0017374098427951421,0.003487530192335248,0.002703460730560236,0.002197603802014736,0.001205254648303389,0.0024378108614330277,0.002764677291719235,0.0022079946581189903,0.003082964716934114,0.0018328515962925207,0.0025359228348841214,1.0,0.0052002887776853735,0.0011609962343818872,0.008452831239621447,0.0020706620138970034,0.0015668681564079885,0.004069205740326071,5.0965627284639634E-5,0.0026401631980265193,0.002458250026330516,0.002056250719036374,0.0017275343677488598,8.047904950299652E-4,0.0027463906080131034,3.3521164938659444E-5,0.0014125139685076413,0.002105536295255486,0.0022007213244315915,0.002810828968060722,0.001500221156722614,0.002719313952469503],[0.003874215196366293,0.003028885529560028,0.0031688027828503207,0.00289784295819723,0.0019282835426032065,0.0068146140579400305,4.118534312611818E-4,0.00602756080019746,0.004026081083105877,0.004770182417266155,0.005745063614419869,0.0070877139790396695,0.01050082468258779,4.3395513709323593E-4,0.004485474735095491,0.004040956522688401,0.0024806579611577075,0.004114179978187562,9.445977344533882E-4,0.003574007508674979,0.0012468864851624547,0.0018415439882054948,0.0037073558922848275,0.007049589389747298,0.0017538479507892399,0.0046870057199289075,0.005228109719851716,0.0013320440728154465,0.003043481700863596,0.0031789149175679484,0.005838053699444453,0.002212367470625118,0.006301202556404062,0.0052002887776853735,1.0,2.681956549087116E-4,0.009602859009500512,0.0012961679313483172,0.004441736766317562,0.0051513117804145685,4.0701722242099224E-4,0.006362256222378784,0.0031817379799285407,0.003653495761298581,0.006737428442521706,0.0012749246295532754,0.005331775831321394,0.005599134514935839,0.004203368396192676,0.004061613699977356,0.0021867181522137466,0.006638016854872736,0.0033296700084188505,0.004485311483786879],[1.366943337933767E-4,1.1257488362410982E-5,5.678422698325507E-5,1.6090493245651622E-5,1.5515280328685073E-4,0.0018163120805863658,9.67777807893643E-5,3.