[[1.0,9.180436696317084E-4,8.205057711988124E-5,3.947978487492966E-5,2.825251170860254E-5,9.037728767640053E-4,2.068983462196247E-5,0.0010091977755469672,1.2303226255587742E-5,2.6793475082865375E-4,9.089580299879583E-4,1.3274217548906397E-4,2.101265349169774E-4,0.0012185844741784508,1.1545715968187894E-4,6.096220269749969E-5,6.469177802050607E-4,1.3835539476304436E-5,0.001227769388137696,2.2931817940077955E-4,2.288075043834407E-4,6.42962040099595E-4,0.00692697281430584,6.826329037686407E-5,4.0865204583264764E-4,1.3592429299243476E-5,1.3901960053637602E-4,2.2197004997665787E-4,9.028194355662189E-5,0.0015618927054495979,1.1287472745410801E-4,1.5716762346332413E-5,1.2406728547281864E-5,2.8437066936308288E-5,9.15715443597615E-5,6.55199377344068E-4,0.0028289597481268775,2.2294970452623649E-4,4.440500968198771E-4,1.2903661316666826E-5,1.970407495463313E-4,1.2613026652084866E-5,2.5683452132854045E-4,1.2449833460158986E-5,4.480127423427389E-5,2.1267877769181082E-5,1.1034035966289471E-4,0.008901531271529605,2.6895053424773864E-5],[9.180436696317084E-4,1.0,0.0013286540139934213,1.4858415688695856E-4,0.001762174668393042,0.0021019417673604664,0.001980042706573951,0.005317122370347528,5.666371561957593E-4,0.0015674902936733612,0.0023870642431676886,9.441839812107489E-4,0.0010298609773451482,0.0014781603231565263,4.1313927025749496E-4,0.0016312675247570326,0.0013632203022398484,2.2746172083486677E-4,0.0016683106263094033,0.0018730255358431268,0.0010447818174374153,0.002801554705212703,0.009120068240774966,0.0010591414278375967,0.0020587314813714152,0.0016470915654248316,3.371629040188559E-4,0.001408731865089426,8.890378666490604E-4,0.0020871504572036246,0.0020169040279075083,0.0018688935969490294,7.742277511970346E-4,0.0011936915407862554,0.002039206862273416,0.0013802988313316022,0.003203005280923878,0.0019702830709080518,0.0017492791371996686,9.421226409506285E-4,0.0012021641606871766,3.8272413777089883E-4,0.0010121797101602186,5.021302085612583E-4,3.547367421733202E-4,0.0014445483156179367,0.0018351452858466795,0.00898790581150687,0.002001149376093208],[8.205057711988124E-5,0.0013286540139934213,1.0,1.3196726201998124E-4,1.45792187773042E-4,4.921846736210467E-4,7.046887174020795E-5,0.00425223100620943,7.236202792308489E-5,2.2072273386067244E-4,0.004463111524005288,1.8517063130072157E-4,2.3118671840857742E-4,4.84934085195206E-4,1.8123592905114517E-4,2.376624220420826E-4,5.265574694243793E-4,1.5829083069485527E-4,0.001120977931600179,2.378401661927914E-4,3.5720541906641913E-4,0.004494296279998799,0.0070077038996166074,1.4251506546506874E-4,2.5300068016103326E-4,1.6206496371073956E-4,1.8362712616459744E-4,2.753472286947912E-4,1.2539260506940376E-4,0.0015531151649281463,1.971748485788862E-4,1.1530894418342327E-4,1.7296736293881762E-4,9.228885600612576E-5,6.197052150170451E-4,3.923803626791859E-4,2.459739249308549E-4,2.3648591417373317E-4,7.65158352601569E-4,1.9005633800772622E-4,2.0161351808092165E-4,7.317203066144545E-5,2.1444059688873076E-4,1.859836678455139E-4,2.467448002668523E-4,2.736064615428948E-5,0.0015153027615875784,0.01926201140220313,2.0846286893546302E-4],[3.947978487492966E-5,1.4858415688695856E-4,1.3196726201998124E-4,1.0,1.267717310059787E-4,0.0018976534774370446,7.702499557373736E-5,0.005486609394142139,1.4382134418587327E-5,1.7443996695067331E-4,0.004339145130093344,1.688557700894367E-4,1.804440356043493E-4,5.180586662502116E-4,1.4930688673106006E-4,1.43319774566803E-4,3.9682012128646783E-4,4.9139331358409995E-5,3.5413673366092803E-4,2.1554416756843623E-4,3.6806856173055816E-4,0.0054496255305349454,0.009868051530547994,1.1004356064800831E-4,3.441425913253528E-4,2.1432191270822407E-5,1.7560280347901587E-4,1.7603615254559168E-4,1.0992035398198765E-4,0.0015190497329404492,1.2040398304704187E-4,1.101679632019265E-4,8.901811495682578E-5,6.635301622958086E-5,3.4218451143647974E-4,3.350718137690751E-4,0.0025522972536392435,2.772630831847718E-4,8.118876342372217E-4,8.781585392815156E-5,1.5670269930156305E-4,6.772880953930122E-5,2.480523326764203E-4,1.907068721226936E-5,1.828286580177032E-4,9.479666477357402E-5,0.001013299301722739,0.00752487283159027,1.5460421890350359E-4],[2.825251170860254E-5,0.001762174668393042,1.45792187773042E-4,1.267717310059787E-4,1.0,0.0010325474081672758,3.729280218825098E-5,3.925623681609613E-4,2.1909432103956443E-5,3.881078519998417E-4,0.0033710858861817766,1.648508211741129E-4,1.4767786970107627E-4,4.4996151122092987E-4,1.4243086342867413E-4,3.5655559334267603E-4,3.4993164035185167E-4,9.775424959563805E-5,0.0014427702497535745,1.3624258836722198E-4,4.868101064344683E-4,0.0065968802647613034,0.0029781224136513165,1.2072159300883407E-4,2.982854945364817E-4,1.6562432585166308E-5,1.551261392937769E-4,2.3590073994238258E-4,1.161787854763239E-4,4.3295835642774224E-4,1.4157448902070964E-4,1.1292102656418111E-4,6.8310504621164E-5,9.582740829974254E-5,5.857967398941284E-4,8.133503751722101E-4,0.002267689619135078,2.2994979202337968E-4,1.5424222248265772E-4,9.182345607548374E-5,1.4046648256570724E-4,1.87736491846138E-5,1.6910393698804717E-4,6.51287915111709E-5,2.0941840623911798E-4,7.28840156318826E-5,1.2912159059765149E-4,0.015606916060655921,2.2757785598864056E-4],[9.037728767640053E-4,0.0021019417673604664,4.921846736210467E-4,0.0018976534774370446,0.0010325474081672758,1.0,0.002083388221666909,0.006013674681268332,0.0021135418602805786,0.001315135096333659,0.003186920301025147,2.0653679743953135E-4,8.061447044696544E-4,0.0017046317452847847,0.0016583242027402509,0.001841612932570568,0.0018199167628497651,0.0016483248127011649,0.0020063246355098044,0.0018540007216396508,6.463983128410587E-4,0.01168959134525332,0.0033455667490723076,0.0016066464972288347,0.0011594221532034489,0.0021011346832798972,0.0011307735361945272,6.110129376105278E-4,3.8361788786894785E-4,0.0021374407434011874,9.90194651721937E-4,0.0013335479928702838,0.0019060231090379108,0.0013883051313397833,9.375171101228564E-4,0.002094414591571413,0.0028866898403273095,0.0017010769604128575,0.0017626372905655526,5.829333646086245E-4,6.068200020021804E-4,8.661760765264358E-4,4.095375600094825E-4,1.1928035306589917E-4,0.0012102775587407176,0.002067598086551411,0.0019859123673624337,0.012395202942200213,0.0015099828881340214],[2.068983462196247E-5,0.001980042706573951,7.046887174020795E-5,7.702499557373736E-5,3.729280218825098E-5,0.002083388221666909,1.0,0.0033258741790576285,1.2596377731342317E-5,1.8561112562808478E-4,0.004170071990867161,8.96127905028838E-5,3.67745510342757E-5,3.298536482987184E-4,6.521202192693448E-5,2.1300430897089128E-4,4.614292522633386E-4,2.3238576737229978E-5,1.2551069628342974E-4,1.378242428074645E-4,3.465100296214451E-4,0.007162250027216942,0.0045890134784791516,3.496305869679104E-5,2.786397948037792E-4,1.8604643909060762E-5,9.619009852452265E-5,1.7087415396198458E-4,1.0081333003232392E-4,0.0018547825768981021,1.2092232607283536E-4,7.55107294641656E-5,1.2113245422299742E-5,3.63215248906459E-5,4.3136229363939884E-4,3.8923091450050637E-4,0.0037344636282223773,4.5308945023389384E-5,0.0014160808304748262,2.2390817170498007E-5,4.193441797782628E-5,1.6057363731017743E-5,1.4797584509328716E-4,2.296107140924827E-5,2.1815863756695153E-4,2.6353066838722704E-5,3.592729858837293E-4,0.017488955005079108,1.6317433199187166E-4],[0.0010091977755469672,0.005317122370347528,0.00425223100620943,0.005486609394142139,3.925623681609613E-4,0.006013674681268332,0.0033258741790576285,1.0,6.205664775837477E-4,0.004442095587252648,0.005442518620911094,6.066807598308728E-4,0.004467706426137922,0.004128364617884675,4.5505449786168285E-4,0.004822667988950843,0.004382411467117992,8.782919206408204E-4,0.005468492043915606,0.004014443551160441,0.005092819936262513,0.006568155027706144,0.008055888542889711,0.0012158156559046816,0.0024198756667190378,0.0017800029480502472,0.0014140271170631918,0.0033911681117847377,2.1729469919931006E-4,0.005554386666529593,0.00261360766426007,0.004458142307224254,4.018994817523153E-4,0.00370175730137977,0.0029245556167425872,0.006062420077446062,0.0058137783088121455,0.0021492223961427025,0.004372408922875569,0.0023617746221699094,0.0028168953817396545,0.001453645522155661,0.0038931063675562098,0.002257002455166176,0.002528650800568037,0.004185977060454588,0.003747873909002152,0.015941093483610377,0.0055872567849518705],[1.2303226255587742E-5,5.666371561957593E-4,7.236202792308489E-5,1.4382134418587327E-5,2.1909432103956443E-5,0.0021135418602805786,1.2596377731342317E-5,6.205664775837477E-4,1.0,7.519894450975436E-5,0.0014960497508175097,1.1715718649746384E-4,1.5186156793034746E-4,1.1955407088866001E-4,1.5631163075575398E-4,1.3387892570469834E-4,1.8597420531827794E-4,1.6209336561386657E-5,9.230811572476563E-4,1.7181642771211451E-4,5.228391520528873E-4,0.011902073090401215,0.0030947081228862635,6.871699200857759E-5,2.67679153161361E-4,1.3017407420699375E-5,1.2161301032656072E-4,2.975574178651605E-4,3.831416972489058E-5,4.658941686709199E-4,3.5251152696426363E-5,8.275638470112685E-5,1.1260990789445166E-5,3.700040322709961E-5,5.564005992287352E-4,6.552321371033322E-5,0.004240373149743429,5.597836971833494E-5,3.1895993848732437E-4,1.1116783626725351E-5,1.5068564208351227E-4,1.1606920053970992E-5,2.6113529687879698E-5,1.1119241937675536E-5,7.277656931204255E-5,1.528075128420865E-5,0.001377474779205172,0.008873768510319624,1.5353334420807315E-4],[2.6793475082865375E-4,0.0015674902936733612,2.2072273386067244E-4,1.7443996695067331E-4,3.881078519998417E-4,0.001315135096333659,1.8561112562808478E-4,0.004442095587252648,7.519894450975436E-5,1.0,0.0014536516023433321,2.1045147124653844E-4,3.404119255924617E-4,5.230287272604034E-4,2.516704395383293E-4,4.282130993960106E-4,9.536219875009011E-4,1.4976214800836637E-4,0.0010398597205909764,3.2794306303377875E-4,4.956433360655685E-4,0.004250762725922884,5.702663233202153E-4,3.459519128011972E-4,4.361270068265974E-4,2.92454696640883E-4,2.781969472870275E-4,3.9970005107658574E-4,3.7297620200511995E-4,6.218367057216928E-4,3.688713042491246E-4,1.9125778842810862E-4,3.1424221121190946E-4,3.130007657850234E-4,4.835308917118691E-4,9.189257852172845E-4,0.002978886015725934,4.235764756936553E-4,0.001340180604964592,2.870226125500421E-4,2.3492730753700512E-4,2.133277057975237E-4,4.0730340061591113E-4,2.715768783906376E-4,3.1417066434532095E-4,8.160946034989469E-5,0.0013562799532933984,0.020195385243188573,2.812669868251972E-4],[9.089580299879583E-4,0.0023870642431676886,0.004463111524005288,0.004339145130093344,0.0033710858861817766,0.003186920301025147,0.004170071990867161,0.005442518620911094,0.0014960497508175097,0.0014536516023433321,1.0,0.002051706643868955,0.0034071095592908512,0.002495770446756482,0.0024013241572224315,0.003018961922854678,0.0015612409753132661,5.301072180943938E-4,0.0020334829490383072,0.003585916738405514,0.004435703443258229,0.009160860722344233,0.00784082835230612,0.0026189467429569434,0.004265410938652959,0.0017041524224215775,2.4838777907450595E-4,7.534512219255229E-4,0.0031490565160637697,0.004554903110344745,0.0018683587249401301,6.70584184384083E-4,0.0024516840162526173,7.748042179177027E-4,0.0014369751113795272,0.001028309808560138,0.0046659946678498,0.0012687939987040236,0.002857320212417852,0.0037483522941604702,0.0018821679593002687,0.0034559422097042714,0.0031418122753946393,0.0014395523483646277,9.921849345490546E-4,0.001110244974962047,0.002078811375292655,0.006141337940514939,0.0023448837067508894],[1.3274217548906397E-4,9.441839812107489E-4,1.8517063130072157E-4,1.688557700894367E-4,1.648508211741129E-4,2.0653679743953135E-4,8.96127905028838E-5,6.066807598308728E-4,1.1715718649746384E-4,2.1045147124653844E-4,0.002051706643868955,1.0,1.7863419490415935E-4,0.0013785219384801557,1.6256474281455655E-4,2.2840907399920198E-4,7.817519621177134E-4,1.6951786132743458E-4,0.0015566657974080385,2.2982405120820508E-4,4.143373302897385E-4,0.010539602256748314,0.007414565362841926,1.2383363399575353E-4,4.309701372677461E-4,4.844402881851173E-5,1.7519582750778558E-4,1.9362708795812752E-4,1.6556843108404663E-4,9.878919730308088E-4,1.6874348359274667E-4,1.2185996664763948E-4,1.2412778217749516E-4,1.2370342939998236E-4,2.6997352890563913E-4,9.150984360121344E-4,9.110774065690904E-4,2.6299553597236466E-4,0.0013971523091835278,5.818544879368884E-5,1.817214827711776E-4,1.0993744166702189E-4,2.232461726558351E-4,5.134627847932476E-5,2.2480717273622763E-4,1.0533650167645855E-4,0.0013417114621940916,0.003812201254086601,2.038227480605984E-4],[2.101265349169774E-4,0.0010298609773451482,2.3118671840857742E-4,1.804440356043493E-4,1.4767786970107627E-4,8.061447044696544E-4,3.67745510342757E-5,0.004467706426137922,1.5186156793034746E-4,3.404119255924617E-4,0.0034071095592908512,1.7863419490415935E-4,1.0,8.885216401266888E-4,2.169785881391681E-4,3.018435369667113E-4,0.0011487079197866684,1.3626228652547243E-4,4.5523591327522824E-4,2.409547389153064E-4,4.218911855562036E-4,0.00897799854577633,0.007010354698050822,1.2689236559610233E-4,3.1359942329644576E-4,2.0091716254335963E-4,2.338826146031175E-4,2.613632754190412E-4,1.4827366610756085E-4,0.0018656129262074272,2.1059382275731212E-4,1.3988405292516908E-4,1.3546236756236277E-4,1.2730391528759192E-4,5.57025569064974E-4,7.228447816290207E-4,0.004287122440194996,2.8582235849223294E-4,9.693934747207064E-4,7.594127937860712E-5,2.4376977933734885E-4,2.2440389768545104E-4,2.925151401215213E-4,8.704151868849767E-5,2.5573577269833136E-4,8.074139003002797E-5,0.001215272212557985,0.0017961716115570503,2.524650850347147E-4],[0.0012185844741784508,0.0014781603231565263,4.84934085195206E-4,5.180586662502116E-4,4.4996151122092987E-4,0.0017046317452847847,3.298536482987184E-4,0.004128364617884675,1.1955407088866001E-4,5.230287272604034E-4,0.002495770446756482,0.0013785219384801557,8.885216401266888E-4,1.0,5.769882267968958E-4,5.592370268308236E-4,0.0012696667205512216,2.395099348614093E-4,0.0014917861436811964,8.161781789945317E-4,0.0010526452389135166,0.003910955341879705,0.00966158167173679,0.0012256346014995357,5.7929144737927E-4,2.847096965634715E-4,0.0011885178552151628,5.530503145596017E-4,9.82442660972045E-4,0.001891845367709131,5.351662455255795E-4,9.944446350472907E-4,7.308090026252833E-4,7.135676169518194E-4,9.0035034044592E-4,0.0012275048156751387,0.0022921051859274063,0.001435444614440071,0.0014494720856467567,1.4329213017798834E-5,0.001155743188482081,5.500842586503768E-4,4.277340127692644E-4,4.788530300169102E-5,8.54908563591463E-4,3.586274289850478E-4,0.0014658440090799317,0.00790533954518102,3.639170389348247E-4],[1.1545715968187894E-4,4.1313927025749496E-4,1.8123592905114517E-4,1.4930688673106006E-4,1.4243086342867413E-4,0.0016583242027402509,6.521202192693448E-5,4.5505449786168285E-4,1.5631163075575398E-4,2.516704395383293E-4,0.0024013241572224315,1.6256474281455655E-4,2.169785881391681E-4,5.769882267968958E-4,1.0,1.9059249275122107E-4,2.4003226122946893E-4,3.704832032767199E-5,3.71340801444058E-4,1.77247466800329E-4,3.112344157282184E-4,0.0043593626750159644,5.349560914385075E-4,1.2189444884922737E-4,4.04451364359681E-4,1.4433393101010684E-5,1.710929360067778E-4,1.7450378120672301E-4,1.4081692926054236E-4,6.065871780532778E-4,1.6649230100937058E-4,1.4900494696412379E-4,8.091282437735697E-5,1.2202461364018242E-4,6.083790072603566E-4,4.253668590074749E-4,0.0042790304549579945,2.132473892962214E-4,0.001237012832679971,6.348217844732098E-5,1.8170081179536885E-4,8.299129475683493E-5,1.860957761445905E-4,1.3745160511493182E-4,1.824366132716997E-4,1.5312934867832474E-4,0.0010964113252377508,0.018750135518698557,1.989746051064054E-4],[6.096220269749969E-5,0.0016312675247570326,2.376624220420826E-4,1.43319774566803E-4,3.5655559334267603E-4,0.001841612932570568,2.1300430897089128E-4,0.004822667988950843,1.3387892570469834E-4,4.282130993960106E-4,0.003018961922854678,2.2840907399920198E-4,3.018435369667113E-4,5.592370268308236E-4,1.9059249275122107E-4,1.0,0.001204937063355678,2.2401486364817126E-4,9.937950406717028E-4,2.7586494945697215E-4,4.922763957394499E-4,0.004367714788296271,0.005880173662592846,1.9397333853447347E-4,4.3164825446263133E-4,4.0541182371250657E-4,2.550835362741716E-4,4.176624713257723E-4,2.455936460629864E-4,0.002008497485446905,1.961766810521121E-4,2.1906247370470893E-4,1.2472897331411914E-4,2.450387667939307E-4,6.233738877926834E-4,5.44121676188996E-4,0.002424354840092063,4.0290472391444216E-4,8.561354201734653E-4,1.1713568129571687E-4,3.9415703253221495E-4,7.065914175375332E-5,3.53696345526937E-4,1.4478291142415065E-4,3.2158972575584285E-4,3.297481389027475E-4,0.0014382134165308738,8.927318621194291E-4,3.0632181399703104E-4],[6.469177802050607E-4,0.0013632203022398484,5.265574694243793E-4,3.9682012128646783E-4,3.4993164035185167E-4,0.0018199167628497651,4.614292522633386E-4,0.004382411467117992,1.8597420531827794E-4,9.536219875009011E-4,0.0015612409753132661,7.817519621177134E-4,0.0011487079197866684,0.0012696667205512216,2.4003226122946893E-4,0.001204937063355678,1.0,0.0011031263885446,0.0012545711383513405,4.517091496920812E-4,0.0010558523840123587,0.004570031578130712,0.00967512261411428,6.120402761964522E-4,0.0011053329866342833,1.4203487905680793E-4,8.037493926696036E-4,5.236688734534007E-4,4.1021337334709097E-4,0.0019542671991745024,4.68161264366991E-4,4.681672928088878E-4,7.997361236983553E-4,6.910248580484093E-4,7.663214760052446E-4,0.001173123186575322,0.0017318852906314662,0.0011701712382790734,0.0013529664249918878,2.7997071611973837E-4,7.495529958927693E-4,2.6110414190879662E-5,3.28886550264025E-4,0.0011498620612939356,2.643145668003174E-4,8.211633024647792E-4,0.0014875333383998132,0.0026861474484655267,3.894267744444528E-4],[1.3835539476304436E-5,2.2746172083486677E-4,1.5829083069485527E-4,4.9139331358409995E-5,9.775424959563805E-5,0.0016483248127011649,2.3238576737229978E-5,8.782919206408204E-4,1.6209336561386657E-5,1.4976214800836637E-4,5.301072180943938E-4,1.6951786132743458E-4,1.3626228652547243E-4,2.395099348614093E-4,3.704832032767199E-5,2.2401486364817126E-4,0.0011031263885446,1.0,1.381732915222339E-4,3.53388361637451E-5,3.7830879114046725E-5,4.900439998517086E-4,1.9512261037853924E-4,1.0493244419512619E-4,3.014500104098908E-4,1.722155112384842E-5,1.1798002932543428E-4,2.806490636130771E-4,7.502075834755975E-5,0.0019082520827242914,2.5387963209360704E-5,4.038968889271915E-5,1.903237494806861E-5,3.332285121845498E-5,4.78856703229767E-4,6.687902225453713E-5,2.1776899041587967E-4,2.771727570735675E-4,0.0010456367284860997,1.5954195990516883E-5,1.995799624096761E-4,1.8183601163452276E-5,2.1126089687806732E-4,1.199423359155868E-5,2.030613267706899E-4,2.2082466905244935E-5,0.0015086603654807995,0.00132319210078382,2.2332300013158948E-5],[0.001227769388137696,0.0016683106263094033,0.001120977931600179,3.5413673366092803E-4,0.0014427702497535745,0.0020063246355098044,1.2551069628342974E-4,0.005468492043915606,9.230811572476563E-4,0.0010398597205909764,0.0020334829490383072,0.0015566657974080385,4.5523591327522824E-4,0.0014917861436811964,3.71340801444058E-4,9.937950406717028E-4,0.0012545711383513405,1.381732915222339E-4,1.0,0.0010209202057504928,8.94193214118497E-4,0.005568927067074771,0.005213151427518374,0.0013865447957701628,0.0013385662227470869,0.001378919457017245,4.927306192805633E-4,0.0013293319584407155,5.30714106605065E-4,0.0018597663757293865,2.2878921445995725E-4,0.0014764572729671164,1.0809437337727971E-4,9.108578080918563E-4,0.001055090364930109,0.0013474684291956522,0.002566138720020232,0.0013923136880665057,0.001613306923965101,3.698883869646072E-4,7.557946092324706E-4,6.454775121997918E-4,5.785416906487166E-4,0.001443459089660637,2.6490365628869394E-4,2.975469731404958E-4,0.0016458719687790992,0.007163751487231177,0.0010612538102820286],[2.2931817940077955E-4,0.0018730255358431268,2.378401661927914E-4,2.1554416756843623E-4,1.3624258836722198E-4,0.0018540007216396508,1.378242428074645E-4,0.004014443551160441,1.7181642771211451E-4,3.2794306303377875E-4,0.003585916738405514,2.2982405120820508E-4,2.409547389153064E-4,8.161781789945317E-4,1.77247466800329E-4,2.7586494945697215E-4,4.517091496920812E-4,3.53388361637451E-5,0.0010209202057504928,1.0,5.351080407793913E-4,0.00711175228160216,5.217913350859852E-4,2.2540950720171258E-4,2.8418467921662965E-4,3.152595347046538E-5,1.8683517649904362E-4,3.120784888590279E-4,1.3466441380650712E-4,2.721382694734098E-4,1.8330816185292543E-4,1.1921385340774988E-4,8.630574694570137E-5,2.0170505356623225E-4,5.337385744670646E-4,7.127162638798937E-4,0.002582938953226553,2.751006320730363E-4,4.578438882353585E-4,1.040894405979436E-4,2.3722054684704067E-4,3.9050924475866235E-5,2.981839587716953E-4,1.7215530759845754E-4,2.535442294612376E-4,1.0628044164050666E-4,3.9388680662693704E-4,0.019757405225373285,2.4158237987817146E-4],[2.288075043834407E-4,0.0010447818174374153,3.5720541906641913E-4,3.6806856173055816E-4,4.868101064344683E-4,6.463983128410587E-4,3.465100296214451E-4,0.005092819936262513,5.228391520528873E-4,4.956433360655685E-4,0.004435703443258229,4.143373302897385E-4,4.218911855562036E-4,0.0010526452389135166,3.112344157282184E-4,4.922763957394499E-4,0.0010558523840123587,3.7830879114046725E-5,8.94193214118497E-4,5.351080407793913E-4,1.0,0.0028411655794270494,0.00998506571873107,1.7130021616365478E-4,4.810701987627744E-4,1.4838045200209446E-4,2.484261344346195E-4,4.545325478872075E-4,3.997831096726783E-4,6.941479170314032E-4,3.609088167339702E-4,3.5775633594026306E-4,5.900981783530527E-5,3.760287984664202E-4,6.129393428773083E-4,7.295581129899791E-4,0.004602609648354659,3.6500782970758723E-4,0.001174649119402142,8.093932637887197E-5,2.9907014400599557E-4,4.707548196947677E-4,3.8455686703275395E-4,4.98911656213314E-4,4.1386074914884625E-4,4.135826863894991E-4,7.922155683078222E-4,0.02058176792112695,4.710265393497354E-4],[6.42962040099595E-4,0.002801554705212703,0.004494296279998799,0.0054496255305349454,0.0065968802647613034,0.01168959134525332,0.007162250027216942,0.006568155027706144,0.011902073090401215,0.004250762725922884,0.009160860722344233,0.010539602256748314,0.00897799854577633,0.003910955341879705,0.0043593626750159644,0.004367714788296271,0.004570031578130712,4.900439998517086E-4,0.005568927067074771,0.00711175228160216,0.0028411655794270494,1.0,0.011863598082094633,0.004710852600295909,0.009578816058880606,0.0016787027192310914,0.006908424476762666,0.0038176346301006183,0.006574033979730192,0.005995566580617229,0.008662402138459908,0.009445217327258273,0.00613142356668339,0.006145703213079455,8.695143218991249E-4,0.00896024893723945,0.007429144068062384,0.006265080489911782,0.007127904891629872,0.0031485206799759208,0.007611668045100081,0.00731023260481869,0.010646305968712378,0.01005083939493526,0.0053039583593583964,0.002667605791941364,0.011230662543003906,0.020510110459266012,0.005088252946315783],[0.00692697281430584,0.009120068240774966,0.0070077038996166074,0.009868051530547994,0.0029781224136513165,0.0033455667490723076,0.0045890134784791516,0.008055888542889711,0.0030947081228862635,5.702663233202153E-4,0.00784082835230612,0.007414565362841926,0.007010354698050822,0.00966158167173679,5.349560914385075E-4,0.005880173662592846,0.00967512261411428,1.9512261037853924E-4,0.005213151427518374,5.217913350859852E-4,0.00998506571873107,0.011863598082094633,1.0,0.006860790040265576,0.005907983799779275,0.010473383544999939,0.0039611721919097795,0.0097925153600378,0.0062360887436695295,0.005925864097299688,0.00821892793054598,0.005428884578239298,0.006053603387459111,0.007913384862368162,0.008810104010834895,0.003950662480074432,0.009760756099660484,0.00874421082098937,0.006073915543563442,0.0032148315598096813,0.0065179319437766075,0.0024193065505746045,0.0013144473192172879,0.010228500323579217,0.0019257468340451015,0.0044639218537876665,0.006498775886314676,0.01418868245237001,0.002602390673682347],[6.826329037686407E-5,0.0010591414278375967,1.4251506546506874E-4,1.1004356064800831E-4,1.2072159300883407E-4,0.0016066464972288347,3.496305869679104E-5,0.0012158156559046816,6.871699200857759E-5,3.459519128011972E-4,0.0026189467429569434,1.2383363399575353E-4,1.2689236559610233E-4,0.0012256346014995357,1.2189444884922737E-4,1.9397333853447347E-4,6.120402761964522E-4,1.0493244419512619E-4,0.0013865447957701628,2.2540950720171258E-4,1.7130021616365478E-4,0.004710852600295909,0.006860790040265576,1.0,2.0421241485472447E-4,8.334715427010388E-5,1.5338639258049707E-4,3.451683078643582E-4,1.1108353589869606E-4,7.749869670132194E-4,1.6355982735921973E-4,1.1241201207540641E-4,7.033093154075622E-5,5.9164761922211905E-5,3.3011111946227526E-4,6.162515745549062E-4,0.0010823943834438181,2.4352183231017422E-4,4.8157342037451634E-4,9.996483771503156E-5,1.3857287566384948E-4,1.8538727332109052E-5,1.2249969331952246E-4,7.058403092831601E-5,2.513632942342995E-4,2.9655724711351727E-5,0.0011433947066294859,0.013370339288200778,1.8655650435417425E-4],[4.0865204583264764E-4,0.0020587314813714152,2.5300068016103326E-4,3.441425913253528E-4,2.982854945364817E-4,0.0011594221532034489,2.786397948037792E-4,0.0024198756667190378,2.67679153161361E-4,4.361270068265974E-4,0.004265410938652959,4.309701372677461E-4,3.1359942329644576E-4,5.7929144737927E-4,4.04451364359681E-4,4.3164825446263133E-4,0.0011053329866342833,3.014500104098908E-4,0.0013385662227470869,2.8418467921662965E-4,4.810701987627744E-4,0.009578816058880606,0.005907983799779275,2.0421241485472447E-4,1.0,3.1920316529707713E-4,2.334988830355845E-4,4.242991908780702E-4,3.331827892814379E-4,0.0010299918514654427,2.89528699893964E-4,2.7826283930193555E-4,3.338431404199819E-4,3.118704620372302E-4,5.926894747802985E-4,8.421053549379558E-4,0.0016163142172156157,3.704562402357164E-4,0.0011360917295024004,4.0413361823708413E-4,2.133481519283914E-4,8.073603360764195E-5,3.6809841430635157E-4,3.520877141894548E-4,3.5046357308368795E-4,1.5987034682259733E-4,6.228516200104983E-4,0.020092953072518543,3.5797045800461204E-4],[1.3592429299243476E-5,0.0016470915654248316,1.6206496371073956E-4,2.1432191270822407E-5,1.6562432585166308E-5,0.0021011346832798972,1.8604643909060762E-5,0.0017800029480502472,1.3017407420699375E-5,2.92454696640883E-4,0.0017041524224215775,4.844402881851173E-5,2.0091716254335963E-4,2.847096965634715E-4,1.4433393101010684E-5,4.0541182371250657E-4,1.4203487905680793E-4,1.722155112384842E-5,0.001378919457017245,3.152595347046538E-5,1.4838045200209446E-4,0.0016787027192310914,0.010473383544999939,8.334715427010388E-5,3.1920316529707713E-4,1.0,1.8972547037491498E-5,3.4680132191730807E-4,7.314216543379215E-5,8.559692981755267E-4,6.355211121213579E-5,2.8465366979200445E-5,1.184825807889289E-5,4.146118678121267E-5,6.841775290987886E-5,7.114601293345279E-4,0.004018178692955624,1.3003390703172698E-4,0.0014207040319995097,1.1947964240488757E-5,7.961161850132305E-5,1.301850156198739E-5,5.8957579446550486E-5,1.3888388206520349E-5,2.0039695936519576E-5,2.1431591457014613E-5,9.974709522028687E-5,0.003936806370406324,1.8370827534254996E-4],[1.3901960053637602E-4,3.371629040188559E-4,1.8362712616459744E-4,1.7560280347901587E-4,1.551261392937769E-4,0.0011307735361945272,9.619009852452265E-5,0.0014140271170631918,1.2161301032656072E-4,2.781969472870275E-4,2.4838777907450595E-4,1.7519582750778558E-4,2.338826146031175E-4,0.0011885178552151628,1.710929360067778E-4,2.550835362741716E-4,8.037493926696036E-4,1.1798002932543428E-4,4.927306192805633E-4,1.8683517649904362E-4,2.484261344346195E-4,0.006908424476762666,0.0039611721919097795,1.5338639258049707E-4,2.334988830355845E-4,1.8972547037491498E-5,1.0,2.795519693655213E-4,1.6046639762142543E-4,0.0011195962929479732,1.7338305510559851E-4,1.7162638486445148E-4,6.176845721530894E-5,6.410505111997668E-5,5.322374217324201E-4,6.364738270715186E-4,0.002257156230757095,1.9215423631693154E-4,0.0010122270418583164,1.216792097436882E-4,1.9328098787161073E-4,1.0247839756311919E-4,2.7966298262780613E-4,1.1935111620341195E-4,2.534043580507707E-4,1.1167418851794526E-4,2.63606661527741E-4,0.013453314743603558,2.0091853075771666E-4],[2.2197004997665787E-4,0.001408731865089426,2.753472286947912E-4,1.7603615254559168E-4,2.3590073994238258E-4,6.110129376105278E-4,1.7087415396198458E-4,0.0033911681117847377,2.975574178651605E-4,3.9970005107658574E-4,7.534512219255229E-4,1.9362708795812752E-4,2.613632754190412E-4,5.530503145596017E-4,1.7450378120672301E-4,4.176624713257723E-4,5.236688734534007E-4,2.806490636130771E-4,0.0013293319584407155,3.120784888590279E-4,4.545325478872075E-4,0.0038176346301006183,0.0097925153600378,3.451683078643582E-4,4.242991908780702E-4,3.4680132191730807E-4,2.795519693655213E-4,1.0,2.66057930351769E-4,0.0013263271420869906,3.279277390724857E-4,2.523842449296384E-4,2.1791503169740542E-4,2.0256053405545268E-4,4.047180319944401E-4,0.0010011795749831761,0.00378589748272694,3.32025716058936E-4,0.0011761227324141729,2.650848833576142E-5,2.5529913677151253E-4,1.7936847508457187E-4,3.4631063274127594E-4,3.2984480839326057E-4,3.1552713533493804E-4,2.867798842729084E-4,0.0012723920516595592,0.0011366160320573253,3.4257117514511647E-4],[9.028194355662189E-5,8.890378666490604E-4,1.2539260506940376E-4,1.0992035398198765E-4,1.161787854763239E-4,3.8361788786894785E-4,1.0081333003232392E-4,2.1729469919931006E-4,3.831416972489058E-5,3.7297620200511995E-4,0.0031490565160637697,1.6556843108404663E-4,1.4827366610756085E-4,9.82442660972045E-4,1.4081692926054236E-4,2.455936460629864E-4,4.1021337334709097E-4,7.502075834755975E-5,5.30714106605065E-4,1.3466441380650712E-4,3.997831096726783E-4,0.006574033979730192,0.0062360887436695295,1.1108353589869606E-4,3.331827892814379E-4,7.314216543379215E-5,1.6046639762142543E-4,2.66057930351769E-4,1.0,0.0010166398017273654,1.5831533167277273E-4,1.1003609303103363E-4,6.123959026639506E-5,6.302944644019672E-5,5.059254077711082E-4,4.726997164107966E-4,0.0025085373169114883,2.673991485821839E-4,7.671262671674978E-4,1.0879761645824991E-4,1.7176757182609578E-4,5.2900832995277754E-5,1.8625254686124138E-4,2.3322603081265643E-5,2.581755566179845E-4,7.261014304145089E-5,1.671627818708549E-4,0.017519755206525784,1.2683106653118038E-4],[0.0015618927054495979,0.0020871504572036246,0.0015531151649281463,0.0015190497329404492,4.3295835642774224E-4,0.0021374407434011874,0.0018547825768981021,0.005554386666529593,4.658941686709199E-4,6.218367057216928E-4,0.004554903110344745,9.878919730308088E-4,0.0018656129262074272,0.001891845367709131,6.065871780532778E-4,0.002008497485446905,0.0019542671991745024,0.0019082520827242914,0.0018597663757293865,2.721382694734098E-4,6.941479170314032E-4,0.005995566580617229,0.005925864097299688,7.749869670132194E-4,0.0010299918514654427,8.559692981755267E-4,0.0011195962929479732,0.0013263271420869906,0.0010166398017273654,1.0,6.273844557264975E-4,0.0018501870511182582,0.0018988253739497952,9.495826702317615E-4,0.0017285934705281777,0.0020206646815138394,0.004415730224059266,0.0010490878243096405,0.0017686286740365357,0.0014484388651279524,0.001056700404562448,0.0014366363524171302,0.0018135820425140402,9.354681751568559E-5,3.919231554802622E-4,0.0011877895278425055,0.00185778067628177,0.017970684347609903,0.0013601026156753377],[1.1287472745410801E-4,0.0020169040279075083,1.971748485788862E-4,1.2040398304704187E-4,1.4157448902070964E-4,9.90194651721937E-4,1.2092232607283536E-4,0.00261360766426007,3.5251152696426363E-5,3.688713042491246E-4,0.0018683587249401301,1.6874348359274667E-4,2.1059382275731212E-4,5.351662455255795E-4,1.6649230100937058E-4,1.961766810521121E-4,4.68161264366991E-4,2.5387963209360704E-5,2.2878921445995725E-4,1.8330816185292543E-4,3.609088167339702E-4,0.008662402138459908,0.00821892793054598,1.6355982735921973E-4,2.89528699893964E-4,6.355211121213579E-5,1.7338305510559851E-4,3.279277390724857E-4,1.5831533167277273E-4,6.273844557264975E-4,1.0,1.423429837332882E-4,8.770963993853022E-5,1.1681768749870277E-4,2.888240652909934E-4,7.09798387488491E-4,7.477561320412821E-4,2.4839643995560354E-4,0.0012052808468191794,1.6500614672696884E-5,1.8592850282484274E-4,1.2226083227276458E-4,2.939377854155096E-4,9.582912058453318E-5,2.1209259792223285E-4,1.043300266969649E-4,0.0013936333066417081,0.009676849742545315,1.8235489145317462E-4],[1.5716762346332413E-5,0.0018688935969490294,1.1530894418342327E-4,1.101679632019265E-4,1.1292102656418111E-4,0.0013335479928702838,7.55107294641656E-5,0.004458142307224254,8.275638470112685E-5,1.9125778842810862E-4,6.70584184384083E-4,1.2185996664763948E-4,1.3988405292516908E-4,9.944446350472907E-4,1.4900494696412379E-4,2.1906247370470893E-4,4.681672928088878E-4,4.038968889271915E-5,0.0014764572729671164,1.1921385340774988E-4,3.5775633594026306E-4,0.009445217327258273,0.005428884578239298,1.1241201207540641E-4,2.7826283930193555E-4,2.8465366979200445E-5,1.7162638486445148E-4,2.523842449296384E-4,1.1003609303103363E-4,0.0018501870511182582,1.423429837332882E-4,1.0,8.427177146618943E-5,6.368401546524804E-5,4.8776750232377145E-4,7.285500827322504E-4,0.002374174481607966,2.3875553555876536E-4,3.056282747398704E-4,1.8159987187156063E-5,1.1713691394137681E-4,1.0647086024920373E-4,2.678650151756284E-4,6.562907141639994E-5,2.3168872014818614E-4,6.805547982382851E-5,3.1745079972875007E-4,0.0034087326899153556,2.4058250468470173E-4],[1.2406728547281864E-5,7.742277511970346E-4,1.7296736293881762E-4,8.901811495682578E-5,6.8310504621164E-5,0.0019060231090379108,1.2113245422299742E-5,4.018994817523153E-4,1.1260990789445166E-5,3.1424221121190946E-4,0.0024516840162526173,1.2412778217749516E-4,1.3546236756236277E-4,7.308090026252833E-4,8.091282437735697E-5,1.2472897331411914E-4,7.997361236983553E-4,1.903237494806861E-5,1.0809437337727971E-4,8.630574694570137E-5,5.900981783530527E-5,0.00613142356668339,0.006053603387459111,7.033093154075622E-5,3.338431404199819E-4,1.184825807889289E-5,6.176845721530894E-5,2.1791503169740542E-4,6.123959026639506E-5,0.0018988253739497952,8.770963993853022E-5,8.427177146618943E-5,1.0,1.71706906227445E-5,5.515347079224182E-4,4.573075664466964E-4,0.0011574098333382967,1.6199115078440116E-5,2.050876932702437E-5,1.1269916669404083E-5,4.872269669054355E-5,1.1402388717162573E-5,2.668044974464458E-4,1.1610860666031798E-5,1.7022953470838237E-4,1.3660193046439185E-5,0.0011832537616281163,0.014456545597134687,1.528412224271193E-4],[2.8437066936308288E-5,0.0011936915407862554,9.228885600612576E-5,6.635301622958086E-5,9.582740829974254E-5,0.0013883051313397833,3.63215248906459E-5,0.00370175730137977,3.700040322709961E-5,3.130007657850234E-4,7.748042179177027E-4,1.2370342939998236E-4,1.2730391528759192E-4,7.135676169518194E-4,1.2202461364018242E-4,2.450387667939307E-4,6.910248580484093E-4,3.332285121845498E-5,9.108578080918563E-4,2.0170505356623225E-4,3.760287984664202E-4,0.006145703213079455,0.007913384862368162,5.9164761922211905E-5,3.118704620372302E-4,4.146118678121267E-5,6.410505111997668E-5,2.0256053405545268E-4,6.302944644019672E-5,9.495826702317615E-4,1.1681768749870277E-4,6.368401546524804E-5,1.71706906227445E-5,1.0,7.09640354136443E-5,4.956527921095992E-4,0.0026842037211007312,2.6544836238156946E-4,9.804184684415805E-4,2.269208195911835E-5,1.1428978410323178E-4,2.2999896147234376E-5,5.8358290438008895E-5,3.540212267794554E-5,2.502005528807979E-4,3.683546670397517E-5,2.554200885161223E-4,0.012582899513354149,5.153717335849832E-5],[9.15715443597615E-5,0.002039206862273416,6.197052150170451E-4,3.4218451143647974E-4,5.857967398941284E-4,9.375171101228564E-4,4.3136229363939884E-4,0.0029245556167425872,5.564005992287352E-4,4.835308917118691E-4,0.0014369751113795272,2.6997352890563913E-4,5.57025569064974E-4,9.0035034044592E-4,6.083790072603566E-4,6.233738877926834E-4,7.663214760052446E-4,4.78856703229767E-4,0.001055090364930109,5.337385744670646E-4,6.129393428773083E-4,8.695143218991249E-4,0.008810104010834895,3.3011111946227526E-4,5.926894747802985E-4,6.841775290987886E-5,5.322374217324201E-4,4.047180319944401E-4,5.059254077711082E-4,0.0017285934705281777,2.888240652909934E-4,4.8776750232377145E-4,5.515347079224182E-4,7.09640354136443E-5,1.0,8.790134386749338E-4,9.874740995402156E-4,4.687604775910377E-4,0.0011791363863246874,1.5233545452029418E-5,2.649818210096231E-4,5.959121337472604E-4,5.589622894114351E-4,1.5301068605770232E-4,6.390287482677252E-4,2.2341846765364958E-4,7.818477726319043E-4,0.004605506014712636,2.6023805214730734E-4],[6.55199377344068E-4,0.0013802988313316022,3.923803626791859E-4,3.350718137690751E-4,8.133503751722101E-4,0.002094414591571413,3.8923091450050637E-4,0.006062420077446062,6.552321371033322E-5,9.189257852172845E-4,0.001028309808560138,9.150984360121344E-4,7.228447816290207E-4,0.0012275048156751387,4.253668590074749E-4,5.44121676188996E-4,0.001173123186575322,6.687902225453713E-5,0.0013474684291956522,7.127162638798937E-4,7.295581129899791E-4,0.00896024893723945,0.003950662480074432,6.162515745549062E-4,8.421053549379558E-4,7.114601293345279E-4,6.364738270715186E-4,0.0010011795749831761,4.726997164107966E-4,0.0020206646815138394,7.09798387488491E-4,7.285500827322504E-4,4.573075664466964E-4,4.956527921095992E-4,8.790134386749338E-4,1.0,0.0037834918358876477,7.472580512844564E-4,0.0013278730451969593,2.824973421298984E-4,7.159904742213764E-4,5.9112676097614E-4,4.937973799580275E-4,3.245909688992426E-5,5.884265241715429E-4,1.7574213889620937E-4,0.0011618754774232736,0.006033619599467622,5.643896432581808E-4],[0.0028289597481268775,0.003203005280923878,2.459739249308549E-4,0.0025522972536392435,0.002267689619135078,0.0028866898403273095,0.0037344636282223773,0.0058137783088121455,0.004240373149743429,0.002978886015725934,0.0046659946678498,9.110774065690904E-4,0.004287122440194996,0.0022921051859274063,0.0042790304549579945,0.002424354840092063,0.0017318852906314662,2.1776899041587967E-4,0.002566138720020232,0.002582938953226553,0.004602609648354659,0.007429144068062384,0.009760756099660484,0.0010823943834438181,0.0016163142172156157,0.004018178692955624,0.002257156230757095,0.00378589748272694,0.0025085373169114883,0.004415730224059266,7.477561320412821E-4,0.002374174481607966,0.0011574098333382967,0.0026842037211007312,9.874740995402156E-4,0.0037834918358876477,1.0,0.0031116882797577795,0.004564349768546715,0.004453151404309677,0.0033292340205764784,0.00362846931807097,0.0031883394284435017,7.19160581591188E-4,0.003893263640637959,0.0036403709154669357,0.0018597257639995017,0.014110619261270857,0.0010938657485982032],[2.2294970452623649E-4,0.0019702830709080518,2.3648591417373317E-4,2.772630831847718E-4,2.2994979202337968E-4,0.0017010769604128575,4.5308945023389384E-5,0.0021492223961427025,5.597836971833494E-5,4.235764756936553E-4,0.0012687939987040236,2.6299553597236466E-4,2.8582235849223294E-4,0.001435444614440071,2.132473892962214E-4,4.0290472391444216E-4,0.0011701712382790734,2.771727570735675E-4,0.0013923136880665057,2.751006320730363E-4,3.6500782970758723E-4,0.006265080489911782,0.00874421082098937,2.4352183231017422E-4,3.704562402357164E-4,1.3003390703172698E-4,1.9215423631693154E-4,3.32025716058936E-4,2.673991485821839E-4,0.0010490878243096405,2.4839643995560354E-4,2.3875553555876536E-4,1.6199115078440116E-5,2.6544836238156946E-4,4.687604775910377E-4,7.472580512844564E-4,0.0031116882797577795,1.0,3.876703390201801E-4,1.7189016206911766E-4,2.681266360700769E-4,2.1883195246838146E-4,3.016788916928647E-4,2.79991294742565E-4,2.9441168657498947E-4,2.259555023294117E-4,7.158901285484259E-4,0.014137574457636056,2.635668566939614E-4],[4.440500968198771E-4,0.0017492791371996686,7.65158352601569E-4,8.118876342372217E-4,1.5424222248265772E-4,0.0017626372905655526,0.0014160808304748262,0.004372408922875569,3.1895993848732437E-4,0.001340180604964592,0.002857320212417852,0.0013971523091835278,9.693934747207064E-4,0.0014494720856467567,0.001237012832679971,8.561354201734653E-4,0.0013529664249918878,0.0010456367284860997,0.001613306923965101,4.578438882353585E-4,0.001174649119402142,0.007127904891629872,0.006073915543563442,4.8157342037451634E-4,0.0011360917295024004,0.0014207040319995097,0.0010122270418583164,0.0011761227324141729,7.671262671674978E-4,0.0017686286740365357,0.0012052808468191794,3.056282747398704E-4,2.050876932702437E-5,9.804184684415805E-4,0.0011791363863246874,0.001327873045