[[1.0, 0.863950782141956, 0.02257205588802058, 0.0037918342589884357, 0.9865120920562418, 0.303939317234344, 0.19982687676545774, 0.6231128866788648, 0.8077415173865738, 0.22327530119609085, 0.6618093119983777, 0.03436433400517902, 0.49637076947992376, 0.34156811508612295, 0.646497276993957, 0.33345297445571265, 0.34830177211014635, 0.23372595056259193, 0.42952345892693944, 0.47625301736156, 0.638374153264456, 0.9714077378296206, 0.47400631163669915, 0.5898134114613095, 0.396923244639917, 0.5113546606047876, 0.0003887265356066205, 0.3881870919665925, 0.9151156682361489, 0.1587479101517012, 0.011410727662842235, 0.03337186401801129, 0.776319299555367, 0.5566630678830535, 0.8732431656921366], [0.863950782141956, 1.0, 0.592733525362536, 0.2004985728487284, 0.7877118306665056, 0.17699654238493545, 0.1874799112914678, 0.44353776004715517, 0.7444731563765037, 0.6181625724654075, 0.03941506040843523, 0.9189037381887522, 0.5804106275279813, 0.3909742996772687, 0.6381429231357036, 0.575496815012412, 0.8641348573644466, 0.48038897325342966, 0.5714700204532133, 0.5683340920593267, 0.693644907586401, 0.49809064926515756, 0.1501932987806336, 0.46431358505916664, 0.11677909874040837, 0.04455922548483071, 0.8813360325993178, 0.7422440378110563, 0.8403961871305284, 0.3410098714430232, 0.7842886256073229, 0.5454365479308388, 0.5250807850638525, 0.9299575515717343, 0.8221686155314502], [0.02257205588802058, 0.592733525362536, 1.0, 0.12129835370910114, 0.6776575199715436, 0.6735317816023221, 0.6275763340227193, 0.8755475495774506, 0.8413718717506735, 0.4244845086306963, 0.7442343129618015, 0.16831786369105495, 0.36183279629637966, 0.2255169281652486, 0.006719368817262428, 0.7364001895969349, 0.08473824751294268, 0.4631423941205308, 0.30386230232726275, 0.18234089467157033, 0.1472217989317498, 0.5397589806977184, 0.16671156140154775, 0.4568528376259484, 0.8211812838946588, 0.84191605946391, 0.8391114519795142, 0.5657082762271016, 0.22953062456162698, 0.6770920220590811, 0.9163085880234758, 0.0549245032306086, 0.598211219659629, 0.0729942728956321, 0.6939937146416642], [0.0037918342589884357, 0.2004985728487284, 0.12129835370910114, 1.0, 0.9723086405445576, 0.5769684766924276, 0.7858460260517223, 0.8230055993929363, 0.231413104881935, 0.2440988662407757, 0.44362780340966057, 0.38535268086437113, 0.010139467484234221, 0.2660158020270674, 0.7855084189068093, 0.4440841845922787, 0.5462025045194396, 0.8360068757418663, 0.22634275238612744, 0.7421754076601377, 0.2579642741411984, 0.5784492063680607, 0.5832944932982556, 0.40265995673959754, 0.36720285557424526, 0.049400202023805795, 0.501607085670999, 0.6776663134108596, 0.14718014612205654, 0.07258945598381483, 0.1414838236204865, 0.7846019783508777, 0.739371745630004, 0.6268114127465276, 0.43348969847971874], [0.9865120920562418, 0.7877118306665056, 0.6776575199715436, 0.9723086405445576, 1.0, 0.5506818575299718, 0.6244007101288933, 0.6297925253900358, 0.5789695807420594, 0.9217519001254164, 0.41764629325911073, 0.45509247195646474, 0.7056848346672885, 0.8487001503447267, 0.20761732402801525, 0.6923377882368048, 0.22811988666920802, 0.47076519258396843, 0.3166532495679598, 0.9382551794846661, 0.6310338339912964, 0.2289834374885803, 0.003068792377434182, 0.7892634674111759, 0.7982571157815094, 0.43584305312513216, 0.08573443019555149, 0.6280212590463401, 0.10608417040794127, 0.22278173166182458, 0.27906914712756736, 0.5190708839338939, 0.5009945554617895, 0.38376670487367326, 0.6265491026031001], [0.303939317234344, 0.17699654238493545, 0.6735317816023221, 0.5769684766924276, 0.5506818575299718, 1.0, 0.3762624343511558, 0.5607409611793446, 0.28146954263654267, 0.17945696033759084, 0.5302281230358435, 0.12543235915066564, 0.0802136412311999, 0.7133985525829545, 0.10692266380179649, 0.7402087288315675, 0.03986066493813223, 0.3017423475501002, 0.38082068001341884, 0.23800465382073643, 0.5541488412489268, 0.7013358982007647, 0.25953168964722395, 0.3003000120115771, 0.07698687280417182, 0.5089988247426716, 0.4254088922611857, 0.8451779318232164, 0.2615811973218456, 0.3598527889497837, 0.795257074085845, 0.7804506970071093, 0.12203133286766632, 0.33925419411176416, 0.7983720714137518], [0.19982687676545774, 0.1874799112914678, 0.6275763340227193, 0.7858460260517223, 0.6244007101288933, 0.3762624343511558, 1.0, 0.31616662262319306, 0.0939262871313793, 0.8256827735560957, 0.725278015108172, 0.6787128361226737, 0.26302931766396964, 0.38803190195904513, 0.726664455897926, 0.46334801091799327, 0.12144791728966498, 0.6369148902337822, 0.7264122098322415, 0.8962028313173054, 0.0871723811943882, 0.8889784126787736, 0.6726432563747908, 0.8394237449673825, 0.683016798261693, 0.7733442092538397, 0.760027967143607, 0.4391220958530295, 0.5110601628625328, 0.3709841210831931, 0.19629673920560298, 0.999613801080238, 0.7183981967796538, 0.3470139382373182, 0.3952977416599115], [0.6231128866788648, 0.44353776004715517, 0.8755475495774506, 0.8230055993929363, 0.6297925253900358, 0.5607409611793446, 0.31616662262319306, 1.0, 0.6982400122694458, 0.7946709000390488, 0.9481651185215919, 0.9270645524335425, 0.8590957127475567, 0.10691340058565924, 0.9482600962097018, 0.3578818689470056, 0.7979456640698688, 0.789182568811716, 0.09291118971062506, 0.4177753329053594, 0.9585767475775699, 0.9991616429051886, 0.10261675772256484, 0.2014121769178947, 0.04820932433022329, 0.9960099204414232, 0.4650522954478883, 0.08436393168071632, 0.8093521378277485, 0.7762228198520008, 0.2175706270084775, 0.3542756854525204, 0.16335925899614956, 0.31014714810625443, 0.48827230948543243], [0.8077415173865738, 0.7444731563765037, 0.8413718717506735, 0.231413104881935, 0.5789695807420594, 0.28146954263654267, 0.0939262871313793, 0.6982400122694458, 1.0, 0.9062480876743471, 0.477331952920249, 0.11893751645275863, 0.6657493599060338, 0.26046989496634554, 0.6167377747321751, 0.6225771537490727, 0.652294658352111, 0.0997845745242435, 0.6520291665434341, 0.7226727948197774, 0.6401281714542739, 0.17374155940676073, 0.9506502379974814, 0.5525238103342515, 0.8077534284615695, 0.4052770069389904, 0.7816665365897703, 0.598770228454594, 0.6833268745556254, 0.7801394261806238, 0.33655859092199825, 0.6699263973201239, 0.846151225805859, 0.6310215710567868, 0.8003749927148759], [0.22327530119609085, 0.6181625724654075, 0.4244845086306963, 0.2440988662407757, 0.9217519001254164, 0.17945696033759084, 0.8256827735560957, 0.7946709000390488, 0.9062480876743471, 1.0, 0.28110563339590444, 0.2514537968647337, 0.6530406977847338, 0.26819326048473724, 0.4113364556944139, 0.5214470152619659, 0.46119305488808104, 0.15628334499130958, 0.3251843810515729, 0.13377843344298346, 0.5863856807720361, 0.11139401867526044, 0.4925281467210154, 0.020727811318770217, 0.7166569817274199, 0.6963337183016767, 0.7381096458473967, 0.290638196406807, 0.16512903918539878, 0.6184262251019974, 0.5372180995069389, 0.050654027857917505, 0.15743769388747386, 0.4688504411223525, 0.8812491105138563], [0.6618093119983777, 0.03941506040843523, 0.7442343129618015, 0.44362780340966057, 0.41764629325911073, 0.5302281230358435, 0.725278015108172, 0.9481651185215919, 0.477331952920249, 0.28110563339590444, 1.0, 0.4851080598840698, 0.1129759059399097, 0.7364138768040672, 0.07443437347098225, 0.9171660532547166, 0.337917078359109, 0.8687580004554212, 0.8140037831029975, 0.3910112696056377, 0.08990075771114947, 0.7775453407670897, 0.8776081016076768, 0.46648482067888764, 0.7300972084576061, 0.4179307645905047, 0.54867627007726, 0.8606195288402466, 0.7424944208973887, 0.800441431871081, 0.2235139309250116, 0.5331175841054804, 0.87089138408088, 0.9106432323324481, 0.8734803995348969], [0.03436433400517902, 0.9189037381887522, 0.16831786369105495, 0.38535268086437113, 0.45509247195646474, 0.12543235915066564, 0.6787128361226737, 0.9270645524335425, 0.11893751645275863, 0.2514537968647337, 0.4851080598840698, 1.0, 0.22361566700022306, 0.09936088254341846, 0.34258044197753235, 0.9217047465416172, 0.1664916704352023, 0.8874620369395072, 0.5233282447455515, 0.7324951033425222, 0.6642398655130514, 0.013239490736472903, 0.6377864984619221, 0.24930639085240802, 0.4104110848262458, 0.2871264459640924, 0.13844777135431963, 0.777483577339149, 0.05331349877803049, 0.2592772607722451, 0.9758773318019387, 0.2116124802928282, 0.8344251519023019, 0.23100092262584515, 0.9801876175772616], [0.49637076947992376, 0.5804106275279813, 0.36183279629637966, 0.010139467484234221, 0.7056848346672885, 0.0802136412311999, 0.26302931766396964, 0.8590957127475567, 0.6657493599060338, 0.6530406977847338, 0.1129759059399097, 0.22361566700022306, 1.0, 0.502107185640995, 0.3950016651006022, 0.5421983974827795, 0.861909167016581, 0.8615072689676824, 0.6305271030741344, 0.15491936324557043, 0.13392170160991834, 0.5279408929472379, 0.07650422795315859, 0.09773452955261641, 0.1899135665628966, 0.8427556405414852, 0.3366104107353225, 0.03456315399995946, 0.9331440900793799, 0.11955910416421256, 0.349258306700599, 0.8873891267763386, 0.653854950570538, 0.06073781153725655, 0.34519012645107094], [0.34156811508612295, 0.3909742996772687, 0.2255169281652486, 0.2660158020270674, 0.8487001503447267, 0.7133985525829545, 0.38803190195904513, 0.10691340058565924, 0.26046989496634554, 0.26819326048473724, 0.7364138768040672, 0.09936088254341846, 0.502107185640995, 1.0, 0.270845852781574, 0.13256267451278492, 0.3757879044043365, 0.28196032340102184, 0.08591611018084766, 0.6019980743109173, 0.6053189583448488, 0.2426566811062396, 0.8117115449668618, 0.25644739064821587, 0.27100295531117136, 0.16817424480561294, 0.9983187131897253, 0.9656269654978952, 0.1689025885099512, 0.27966939677325575, 0.7024198356522646, 0.7081143714481827, 0.047170543259484665, 0.20854835426499618, 0.6064295479614698], [0.646497276993957, 0.6381429231357036, 0.006719368817262428, 0.7855084189068093, 0.20761732402801525, 0.10692266380179649, 0.726664455897926, 0.9482600962097018, 0.6167377747321751, 0.4113364556944139, 0.07443437347098225, 0.34258044197753235, 0.3950016651006022, 0.270845852781574, 1.0, 0.5702007808493299, 0.818320626099793, 0.30128999978394444, 0.5480393435059486, 0.602554911034947, 0.5731251634687738, 0.9634113821324338, 0.974789226875424, 0.10638733788133126, 0.4857368483486374, 0.07561321044825375, 0.2862424797374453, 0.1137373208477267, 0.9302695001338906, 0.264429509168599, 0.966338118902665, 0.4677512715080224, 0.8448194776463573, 0.06770849762762166, 0.8678480585996922], [0.33345297445571265, 0.575496815012412, 0.7364001895969349, 0.4440841845922787, 0.6923377882368048, 0.7402087288315675, 0.46334801091799327, 0.3578818689470056, 0.6225771537490727, 0.5214470152619659, 0.9171660532547166, 0.9217047465416172, 0.5421983974827795, 0.13256267451278492, 0.5702007808493299, 1.0, 0.2479662882453727, 0.9514222368774478, 0.6139872101678385, 0.28097046255015856, 0.1660216708781862, 0.19628010931558493, 0.6931173939624474, 0.6959110659949149, 0.5729979290511699, 0.26167689790128035, 0.36781153522748955, 0.02603237504625877, 0.25977923130701475, 0.6264435382554016, 0.8878935665916837, 0.7809548777631921, 0.493613960411435, 0.541537794497099, 0.11834848779872897], [0.34830177211014635, 0.8641348573644466, 0.08473824751294268, 0.5462025045194396, 0.22811988666920802, 0.03986066493813223, 0.12144791728966498, 0.7979456640698688, 0.652294658352111, 0.46119305488808104, 0.337917078359109, 0.1664916704352023, 0.861909167016581, 0.3757879044043365, 0.818320626099793, 0.2479662882453727, 1.0, 0.16065239902130102, 0.11250624055271607, 0.2611424544793791, 0.34196314201537237, 0.9318957559094265, 0.2450113874496127, 0.5843181499839689, 0.9919669900021998, 0.6134387215727707, 0.5298776981340815, 0.8464885759689726, 0.7571339914106479, 0.8995423699218074, 0.9475180708502101, 0.07312158219594478, 0.7776214876164818, 0.47218321621929626, 0.9072926559894549], [0.23372595056259193, 0.48038897325342966, 0.4631423941205308, 0.8360068757418663, 0.47076519258396843, 0.3017423475501002, 0.6369148902337822, 0.789182568811716, 0.0997845745242435, 0.15628334499130958, 0.8687580004554212, 0.8874620369395072, 0.8615072689676824, 0.28196032340102184, 0.30128999978394444, 0.9514222368774478, 0.16065239902130102, 1.0, 0.3370848779889689, 0.37991347206410575, 0.8952952542940713, 0.8919516687342127, 0.6576837918124748, 0.15154242651055305, 0.3866993136178474, 0.6365530831917271, 0.6764036455411325, 0.4173992332463783, 0.004499090039873921, 0.7403837138106936, 0.8009184603752331, 0.10862868969343398, 0.6149244666631457, 0.9226050816552285, 0.9303744487662975], [0.42952345892693944, 0.5714700204532133, 0.30386230232726275, 0.22634275238612744, 0.3166532495679598, 0.38082068001341884, 0.7264122098322415, 0.09291118971062506, 0.6520291665434341, 0.3251843810515729, 0.8140037831029975, 0.5233282447455515, 0.6305271030741344, 0.08591611018084766, 0.5480393435059486, 0.6139872101678385, 0.11250624055271607, 0.3370848779889689, 1.0, 0.7663334783528023, 0.7065218130066987, 0.2684575529952238, 0.26421478034922574, 0.2582359725428417, 0.34461049695454715, 0.3217420475718067, 0.9041787213232455, 0.03532511886151379, 0.15004981287016506, 0.2670011853086217, 0.99693049183668, 0.21054088354923173, 0.9134376280766394, 0.8152870029644773, 0.06901391848590366], [0.47625301736156, 0.5683340920593267, 0.18234089467157033, 0.7421754076601377, 0.9382551794846661, 0.23800465382073643, 0.8962028313173054, 0.4177753329053594, 0.7226727948197774, 0.13377843344298346, 0.3910112696056377, 0.7324951033425222, 0.15491936324557043, 0.6019980743109173, 0.602554911034947, 0.28097046255015856, 0.2611424544793791, 0.37991347206410575, 0.7663334783528023, 1.0, 0.9594994022071663, 0.9333991062301026, 0.2670216596017825, 0.29948163686437634, 0.1053171558900311, 0.2890809310013689, 0.732163741817807, 0.7101338346271405, 0.2947723248070807, 0.9649974337824686, 0.9780226660795172, 0.9101890082682412, 0.2850963711568463, 0.09442554898680644, 0.3490931231982656], [0.638374153264456, 0.693644907586401, 0.1472217989317498, 0.2579642741411984, 0.6310338339912964, 0.5541488412489268, 0.0871723811943882, 0.9585767475775699, 0.6401281714542739, 0.5863856807720361, 0.08990075771114947, 0.6642398655130514, 0.13392170160991834, 0.6053189583448488, 0.5731251634687738, 0.1660216708781862, 0.34196314201537237, 0.8952952542940713, 0.7065218130066987, 0.9594994022071663, 1.0, 0.6408344979676022, 0.36834635555200357, 0.09749719243514643, 0.2584485955140402, 0.024872207472267815, 0.5455328220975991, 0.2636411707692896, 0.6410843901198687, 0.5255528470664204, 0.22030839774040878, 0.4765537441825367, 0.31890781182652794, 0.1175765817506399, 0.7464439987708419], [0.9714077378296206, 0.49809064926515756, 0.5397589806977184, 0.5784492063680607, 0.2289834374885803, 0.7013358982007647, 0.8889784126787736, 0.9991616429051886, 0.17374155940676073, 0.11139401867526044, 0.7775453407670897, 0.013239490736472903, 0.5279408929472379, 0.2426566811062396, 0.9634113821324338, 0.19628010931558493, 0.9318957559094265, 0.8919516687342127, 0.2684575529952238, 0.9333991062301026, 0.6408344979676022, 1.0, 0.8631222876499792, 0.7593215612144734, 0.7358589247781191, 0.17348877808344842, 0.3546871035993716, 0.5098361787183371, 0.8449500995676957, 0.6349874157307376, 0.5017123914574418, 0.9778089636152333, 0.6675846369371746, 0.43197306501122235, 0.6592193720882121], [0.47400631163669915, 0.1501932987806336, 0.16671156140154775, 0.5832944932982556, 0.003068792377434182, 0.25953168964722395, 0.6726432563747908, 0.10261675772256484, 0.9506502379974814, 0.4925281467210154, 0.8776081016076768, 0.6377864984619221, 0.07650422795315859, 0.8117115449668618, 0.974789226875424, 0.6931173939624474, 0.2450113874496127, 0.6576837918124748, 0.26421478034922574, 0.2670216596017825, 0.36834635555200357, 0.8631222876499792, 1.0, 0.6765956181807293, 0.6234657378824959, 0.06024201823257591, 0.947126166425671, 0.2844761792558811, 0.7510096943534924, 0.3542730470204766, 0.6090479823811882, 0.5328926600758003, 0.7731736262593032, 0.19171763840206368, 0.5173241849994956], [0.5898134114613095, 0.46431358505916664, 0.4568528376259484, 0.40265995673959754, 0.7892634674111759, 0.3003000120115771, 0.8394237449673825, 0.2014121769178947, 0.5525238103342515, 0.020727811318770217, 0.46648482067888764, 0.24930639085240802, 0.09773452955261641, 0.25644739064821587, 0.10638733788133126, 0.6959110659949149, 0.5843181499839689, 0.15154242651055305, 0.2582359725428417, 0.29948163686437634, 0.09749719243514643, 0.7593215612144734, 0.6765956181807293, 1.0, 0.660121221374051, 0.9859758477599241, 0.24752952231656056, 0.8620246217881021, 0.4619933807845975, 0.7992937188981942, 0.6621561303412234, 0.2489004028845343, 0.30424072934496116, 0.03406470748079027, 0.7821636142968579], [0.396923244639917, 0.11677909874040837, 0.8211812838946588, 0.36720285557424526, 0.7982571157815094, 0.07698687280417182, 0.683016798261693, 0.04820932433022329, 0.8077534284615695, 0.7166569817274199, 0.7300972084576061, 0.4104110848262458, 0.1899135665628966, 0.27100295531117136, 0.4857368483486374, 0.5729979290511699, 0.9919669900021998, 0.3866993136178474, 0.34461049695454715, 0.1053171558900311, 0.2584485955140402, 0.7358589247781191, 0.6234657378824959, 0.660121221374051, 1.0, 0.6402516893276141, 0.10799501202932338, 0.43964203635674703, 0.664656645930592, 0.5764628448849236, 0.4034864063610325, 0.12417316575094084, 0.6360888411354623, 0.8981857388034127, 0.5170050633732862], [0.5113546606047876, 0.04455922548483071, 0.84191605946391, 0.049400202023805795, 0.43584305312513216, 0.5089988247426716, 0.7733442092538397, 0.9960099204414232, 0.4052770069389904, 0.6963337183016767, 0.4179307645905047, 0.2871264459640924, 0.8427556405414852, 0.16817424480561294, 0.07561321044825375, 0.26167689790128035, 0.6134387215727707, 0.6365530831917271, 0.3217420475718067, 0.2890809310013689, 0.024872207472267815, 0.17348877808344842, 0.06024201823257591, 0.9859758477599241, 0.6402516893276141, 1.0, 0.2518131158172051, 0.5583294309404075, 0.7099296777082112, 0.04707271099687327, 0.9294275680573958, 0.5769655468064004, 0.4768325833408975, 0.14154486132074873, 0.5735734820216828], [0.0003887265356066205, 0.8813360325993178, 0.8391114519795142, 0.501607085670999, 0.08573443019555149, 0.4254088922611857, 0.760027967143607, 0.4650522954478883, 0.7816665365897703, 0.7381096458473967, 0.54867627007726, 0.13844777135431963, 0.3366104107353225, 0.9983187131897253, 0.2862424797374453, 0.36781153522748955, 0.5298776981340815, 0.6764036455411325, 0.9041787213232455, 0.732163741817807, 0.5455328220975991, 0.3546871035993716, 0.947126166425671, 0.24752952231656056, 0.10799501202932338, 0.2518131158172051, 1.0, 0.830906375253706, 0.42727836027695365, 0.033366369663994866, 0.31240888701893654, 0.0162727300538571, 0.22536801880320856, 0.7202780085231061, 0.384626488404739], [0.3881870919665925, 0.7422440378110563, 0.5657082762271016, 0.6776663134108596, 0.6280212590463401, 0.8451779318232164, 0.4391220958530295, 0.08436393168071632, 0.598770228454594, 0.290638196406807, 0.8606195288402466, 0.777483577339149, 0.03456315399995946, 0.9656269654978952, 0.1137373208477267, 0.02603237504625877, 0.8464885759689726, 0.4173992332463783, 0.03532511886151379, 0.7101338346271405, 0.2636411707692896, 0.5098361787183371, 0.2844761792558811, 0.8620246217881021, 0.43964203635674703, 0.5583294309404075, 0.830906375253706, 1.0, 0.054244552063982154, 0.16850503923208515, 0.512333953361608, 0.3640836548801497, 0.6731019711170466, 0.38657365576762803, 0.20357226401205175], [0.9151156682361489, 0.8403961871305284, 0.22953062456162698, 0.14718014612205654, 0.10608417040794127, 0.2615811973218456, 0.5110601628625328, 0.8093521378277485, 0.6833268745556254, 0.16512903918539878, 0.7424944208973887, 0.05331349877803049, 0.9331440900793799, 0.1689025885099512, 0.9302695001338906, 0.25977923130701475, 0.7571339914106479, 0.004499090039873921, 0.15004981287016506, 0.2947723248070807, 0.6410843901198687, 0.8449500995676957, 0.7510096943534924, 0.4619933807845975, 0.664656645930592, 0.7099296777082112, 0.42727836027695365, 0.054244552063982154, 1.0, 0.011634074782064907, 0.8883656063539943, 0.015864011404110312, 0.8528865759123018, 0.5295972217414037, 0.8323937922621575], [0.1587479101517012, 0.3410098714430232, 0.6770920220590811, 0.07258945598381483, 0.22278173166182458, 0.3598527889497837, 0.3709841210831931, 0.7762228198520008, 0.7801394261806238, 0.6184262251019974, 0.800441431871081, 0.2592772607722451, 0.11955910416421256, 0.27966939677325575, 0.264429509168599, 0.6264435382554016, 0.8995423699218074, 0.7403837138106936, 0.2670011853086217, 0.9649974337824686, 0.5255528470664204, 0.6349874157307376, 0.3542730470204766, 0.7992937188981942, 0.5764628448849236, 0.04707271099687327, 0.033366369663994866, 0.16850503923208515, 0.011634074782064907, 1.0, 0.08462869718496402, 0.7131725114584317, 0.9513118772991197, 0.7165118272110137, 0.04851774628870675], [0.011410727662842235, 0.7842886256073229, 0.9163085880234758, 0.1414838236204865, 0.27906914712756736, 0.795257074085845, 0.19629673920560298, 0.2175706270084775, 0.33655859092199825, 0.5372180995069389, 0.2235139309250116, 0.9758773318019387, 0.349258306700599, 0.7024198356522646, 0.966338118902665, 0.8878935665916837, 0.9475180708502101, 0.8009184603752331, 0.99693049183668, 0.9780226660795172, 0.22030839774040878, 0.5017123914574418, 0.6090479823811882, 0.6621561303412234, 0.4034864063610325, 0.9294275680573958, 0.31240888701893654, 0.512333953361608, 0.8883656063539943, 0.08462869718496402, 1.0, 0.21753020568796855, 0.34496605198018104, 0.6948617397768646, 0.3941162955925994], [0.03337186401801129, 0.5454365479308388, 0.0549245032306086, 0.7846019783508777, 0.5190708839338939, 0.7804506970071093, 0.999613801080238, 0.3542756854525204, 0.6699263973201239, 0.050654027857917505, 0.5331175841054804, 0.2116124802928282, 0.8873891267763386, 0.7081143714481827, 0.4677512715080224, 0.7809548777631921, 0.07312158219594478, 0.10862868969343398, 0.21054088354923173, 0.9101890082682412, 0.4765537441825367, 0.9778089636152333, 0.5328926600758003, 0.2489004028845343, 0.12417316575094084, 0.5769655468064004, 0.0162727300538571, 0.3640836548801497, 0.015864011404110312, 0.7131725114584317, 0.21753020568796855, 1.0, 0.8039387527646407, 0.682404777766204, 0.8852728862040898], [0.776319299555367, 0.5250807850638525, 0.598211219659629, 0.739371745630004, 0.5009945554617895, 0.12203133286766632, 0.7183981967796538, 0.16335925899614956, 0.846151225805859, 0.15743769388747386, 0.87089138408088, 0.8344251519023019, 0.653854950570538, 0.047170543259484665, 0.8448194776463573, 0.493613960411435, 0.7776214876164818, 0.6149244666631457, 0.9134376280766394, 0.2850963711568463, 0.31890781182652794, 0.6675846369371746, 0.7731736262593032, 0.30424072934496116, 0.6360888411354623, 0.4768325833408975, 0.22536801880320856, 0.6731019711170466, 0.8528865759123018, 0.9513118772991197, 0.34496605198018104, 0.8039387527646407, 1.0, 0.4686991809003086, 0.9280046071694527], [0.5566630678830535, 0.9299575515717343, 0.0729942728956321, 0.6268114127465276, 0.38376670487367326, 0.33925419411176416, 0.3470139382373182, 0.31014714810625443, 0.6310215710567868, 0.4688504411223525, 0.9106432323324481, 0.23100092262584515, 0.06073781153725655, 0.20854835426499618, 0.06770849762762166, 0.541537794497099, 0.47218321621929626, 0.9226050816552285, 0.8152870029644773, 0.09442554898680644, 0.1175765817506399, 0.43197306501122235, 0.19171763840206368, 0.03406470748079027, 0.8981857388034127, 0.14154486132074873, 0.7202780085231061, 0.38657365576762803, 0.5295972217414037, 0.7165118272110137, 0.6948617397768646, 0.682404777766204, 0.4686991809003086, 1.0, 0.04606201506229113], [0.8732431656921366, 0.8221686155314502, 0.6939937146416642, 0.43348969847971874, 0.6265491026031001, 0.7983720714137518, 0.3952977416599115, 0.48827230948543243, 0.8003749927148759, 0.8812491105138563, 0.8734803995348969, 0.9801876175772616, 0.34519012645107094, 0.6064295479614698, 0.8678480585996922, 0.11834848779872897, 0.9072926559894549, 0.9303744487662975, 0.06901391848590366, 0.3490931231982656, 0.7464439987708419, 0.6592193720882121, 0.5173241849994956, 0.7821636142968579, 0.5170050633732862, 0.5735734820216828, 0.384626488404739, 0.20357226401205175, 0.8323937922621575, 0.04851774628870675, 0.3941162955925994, 0.8852728862040898, 0.9280046071694527, 0.04606201506229113, 1.0]]