[[1.0,0.005921032593828902,0.017522759122842447,0.022911263455594688,0.013484836521046529,0.0017548568742591182,0.012056706320258544,0.02449605766506243,0.011783394737989328,0.015918214372045075,0.01406074935958219,0.00910748108726756,0.011636044983878064,0.010053124290379023,0.021420203095661068,0.017536822663666882,0.0012744705157533378,0.01837458185483491,0.014041060286248741,0.05305026916234985,0.017516649934756035,0.019705154564746294,0.016466948015188193,0.019710423654985057,0.0017467062526454523,0.001976630504490746,0.011096700532680895,9.176032232826061E-4,0.014596120392330297,0.01860185451371223,0.005789766137306921,0.015792466514801866,0.00556547284324148,0.02074074099058133,0.0047282381418671865,0.02000376813506242,0.01852360438675583,0.004256397294189242,0.022572227615100558,0.009025969349386358,0.013784197281172089,0.007044999296627747,0.0027979143082660003,0.010857478341556764],[0.005921032593828902,1.0,0.012471850124813463,5.857807550097184E-4,0.0036214453750337914,2.8772768054791527E-4,2.613216731438397E-4,0.006963557038967478,0.004083336065911556,0.013160390060320036,5.373859377109734E-4,6.696479249614052E-4,0.0012294978348667837,2.229310246575847E-4,2.0311249512246598E-4,0.0012601721656079739,5.130631542709082E-4,0.004982302579004641,3.0298800259396196E-4,0.04571702306336628,4.1655735918511195E-4,0.007927109566720273,1.2029719031923417E-4,0.001615022944092593,4.6132465525707586E-4,9.17059697741018E-4,3.9064260843174386E-4,5.123757850054009E-4,3.603459961752551E-4,6.480187834676607E-5,0.001618237680548342,5.879399222721845E-4,0.002019143035015061,4.621326608601558E-4,3.4608364803987297E-4,1.9474907446388647E-4,5.372131663627938E-4,7.558768522954512E-4,5.203526343446495E-4,4.033262581644631E-4,0.0033171809895863385,4.1600540836034315E-4,4.7527928374758955E-4,4.975371893742314E-4],[0.017522759122842447,0.012471850124813463,1.0,0.003209186697670641,0.010354724463771805,0.00430315913033929,0.003979787471885003,0.01785944964120137,0.010312304227601156,0.01376906613317302,0.0022222536779406424,0.0057447292749412,0.0076130636834720435,0.003007481480682086,0.005498615989907895,0.0065610642036472155,0.011413225915921135,0.013670333450112246,0.008925259912287839,0.028875399230233755,0.004609313196655858,0.013364559649218012,0.009733527610847094,0.012106202464874524,0.007703992796774358,0.0053293187524549816,0.0042863414198128415,0.002758270872688116,3.0474234504491245E-4,0.0057608721105609495,0.011854803198537982,0.01177701669698173,0.010832818295305585,0.0091371522236754,0.013422450707344727,0.0062006646339315685,0.003946541701548456,0.007669303003036964,0.004744179670860075,5.039356779269325E-4,0.012929747318084838,0.009437539884643773,0.012702034530292438,0.012156635979224725],[0.022911263455594688,5.857807550097184E-4,0.003209186697670641,1.0,0.003371099975749665,3.8982013591459645E-4,6.043350838507733E-4,0.00892275392321093,0.006126664798645742,0.008757839554799356,3.395896722751499E-4,0.004246588563104844,0.0014550459430778566,5.818857592610676E-4,4.866744703504656E-4,0.0014667342114700055,5.699864465778103E-4,0.009771906492673654,0.0013149896172447856,0.024525004688663726,3.462987885545246E-4,0.004844753283816208,1.5427600725461738E-4,0.0014585379781986824,0.001440260797661691,0.0012616768292528734,0.0012750339195158418,0.001441287082756844,9.600382967667256E-4,9.404210980740852E-4,0.001729672521328966,0.0014521398099249874,0.0014813834420003464,5.824494462297008E-4,0.0012635314662424772,4.646926320280348E-4,0.0012671104193963671,0.0024929213694845583,0.0012093245508864692,4.4261918593093005E-4,0.009857420384021275,2.7190601916016915E-4,2.919895809042173E-4,3.15419939998683E-4],[0.013484836521046529,0.0036214453750337914,0.010354724463771805,0.003371099975749665,1.0,0.0016896529284959236,0.0018023032446941479,0.01293050835247661,0.004477462975363605,0.007645013837592244,8.799913640998991E-4,0.003688932411633209,0.002708668368557237,0.0015998740280205117,0.0010011295512924359,0.0029163651829458874,0.0013838120031946914,0.01100988891072954,0.0017456840416323674,0.04563385320114796,0.001983492612643006,0.005217284641476724,0.002037538067722086,0.003311523617632528,8.314142137023109E-4,0.0019769757040153718,0.0010629127289538795,0.0016281627483335061,0.0017421303104871268,0.0022856947693621404,0.0024314178678382686,0.0024585068265666377,0.003441031052030297,0.0031354186542161123,0.003088854780197937,0.0034039323183926284,0.0016307421142303955,0.0036209922875544472,0.001927109966576816,0.0020218858947081294,0.008115725853368592,0.0016579871415095665,0.0013846131672769898,0.0025286780405166004],[0.0017548568742591182,2.8772768054791527E-4,0.00430315913033929,3.8982013591459645E-4,0.0016896529284959236,1.0,3.096506753563395E-5,0.02033773287009282,0.0035319520858250117,8.298410001339845E-4,8.802980652813571E-5,0.004846907286754443,0.0010996419772409526,2.180742199953862E-5,1.3686398524093862E-4,0.001063028920972422,4.5066358269533997E-4,0.009585859592228145,1.0870599475973331E-4,0.05784723829593414,1.5661079860764145E-4,0.0032563672442189142,3.849608332704666E-5,0.0010657797679968209,5.893591166984243E-5,6.703991988252179E-4,9.41793184798364E-5,1.2945764999394402E-5,1.7764732011637444E-5,2.53661131048628E-5,0.0011798463942699156,6.0626383379742E-4,3.143403110921582E-4,6.770306667858596E-5,8.336706292775738E-5,1.0372033777638616E-4,5.00139843067647E-5,4.16419420564754E-4,2.849313131592411E-4,1.8154627706236025E-5,0.002084643461358749,1.5286338407435594E-4,6.27853074531934E-5,3.945310313846158E-5],[0.012056706320258544,2.613216731438397E-4,0.003979787471885003,6.043350838507733E-4,0.0018023032446941479,3.096506753563395E-5,1.0,0.013498446299289086,2.709221984970006E-4,5.999755710796821E-4,1.172882946281961E-4,0.0031336498197616,5.00440990827793E-4,7.86169233607205E-5,1.1894812142791994E-4,3.9858431845481135E-4,2.522195891409856E-4,0.006413127256134838,1.446874256638928E-4,0.03767506847368088,1.7807726152310895E-4,0.009000458291627645,1.0948587775845895E-4,0.0017297551240479643,1.269707652144576E-4,5.985328062295044E-4,1.4900556330423547E-4,8.629059204836948E-5,1.0608929805408801E-4,7.797916637682157E-5,5.093980498401148E-4,6.48270245418778E-4,0.0020214396405402618,1.7696865405818332E-4,1.1578272282963652E-4,1.3072824627428426E-4,1.1457479590233861E-4,0.001569802417657007,2.493485706253171E-4,1.2996001744285072E-4,0.010042166919317549,1.6252007820855867E-4,1.2049463274414922E-4,1.1533174299205607E-4],[0.02449605766506243,0.006963557038967478,0.01785944964120137,0.00892275392321093,0.01293050835247661,0.02033773287009282,0.013498446299289086,1.0,0.009287686721159562,0.013969282845191224,0.02231529148110296,0.0138872485495708,0.01056025179001598,0.010855595534336389,0.003683728341450689,0.020912122367873476,0.0027150515147504493,0.018059336220516906,0.006362720682148451,0.028936868493661765,0.01057773858161932,0.018532167001661243,0.0018175610309695423,0.010935105034609248,0.019862114837744898,0.0038843294417377993,5.325257178882821E-4,0.011894080111652069,0.001427577408653521,0.016986429025320108,0.012896770633113161,0.0035079360715658276,0.01601645577611486,0.019638287281254396,0.013308667336703528,0.00168821223236043,0.00318082049851637,0.008992936657584088,5.350881140585937E-4,0.020215933116907673,0.022357450801879675,0.009293585315330416,0.005879558632567772,0.007038520957937699],[0.011783394737989328,0.004083336065911556,0.010312304227601156,0.006126664798645742,0.004477462975363605,0.0035319520858250117,2.709221984970006E-4,0.009287686721159562,1.0,0.009267639462506732,0.006160810516222403,0.00750109590314387,0.0028712017728588896,0.008763160087100605,0.0033833419015721323,0.004007007925392307,0.001187891200602297,0.013753860154688059,0.004138096730791633,0.03335643950534749,0.003243466440765594,0.009952916447416223,0.0043701551248908985,0.007627267159502612,0.0017746167141335935,0.005235341770332393,0.00112317434261341,0.004525772394059329,0.0010247396605993881,0.008716529760844999,0.005308429932956042,0.006703458104219899,0.0035094322335298823,0.0017257330646092742,0.0045255220180436765,0.0019089310480152968,0.003932765044831808,0.007889250565378796,0.008209935360385449,0.005929863427890036,0.011930012857541163,0.007957322300634508,0.006693878265247087,0.006419232648588599],[0.015918214372045075,0.013160390060320036,0.01376906613317302,0.008757839554799356,0.007645013837592244,8.298410001339845E-4,5.999755710796821E-4,0.013969282845191224,0.009267639462506732,1.0,0.012285161005111107,0.012209879158805375,0.00766798965877512,0.01261478568656412,0.003346433603974696,0.003203513648302814,0.012069192497786216,0.014221090719374321,0.007770551202557346,0.028611061471027224,0.013732056196916384,0.013544010214194411,0.013263411770324963,0.006128236276338077,0.009971843585214414,0.013476235783764343,0.011161498429230086,0.004017026927664968,0.006247197322757047,0.009501123927713571,0.009929410563166916,0.012517925023017448,0.009747996196401001,0.002891964317395319,0.009788312168397663,0.012910775611338474,0.004311170056360209,0.0038376154406577607,0.004439614427283861,0.007624407905942563,0.013761120882855117,0.00879989244960452,0.0018064230744207804,0.00714386329140545],[0.01406074935958219,5.373859377109734E-4,0.0022222536779406424,3.395896722751499E-4,8.799913640998991E-4,8.802980652813571E-5,1.172882946281961E-4,0.02231529148110296,0.006160810516222403,0.012285161005111107,1.0,0.004997701848897727,9.702151975692853E-4,2.677942185725022E-5,1.4390507603381976E-4,8.831994287955795E-4,4.268818999553476E-4,0.010224735079633887,1.7544480337899462E-4,0.024198087087211922,1.616778382558195E-4,0.012181020566532046,1.1707197999253396E-4,0.0014960358885837174,1.2494912899824033E-4,2.3225148768538616E-4,1.358967165287154E-4,2.7008860672892513E-5,1.13414027398396E-4,6.92022368723535E-5,0.001234423601388393,2.0365293284187942E-4,8.891220411594018E-4,1.7357350043893148E-4,1.1649973920021949E-4,1.2902605004417878E-4,1.143062990743021E-4,0.0016980714685880395,3.3637427478444716E-4,1.1750404557695312E-4,0.008095486880719937,2.0232570827194077E-4,1.348131926222453E-4,7.525913407718609E-5],[0.00910748108726756,6.696479249614052E-4,0.0057447292749412,0.004246588563104844,0.003688932411633209,0.004846907286754443,0.0031336498197616,0.0138872485495708,0.00750109590314387,0.012209879158805375,0.004997701848897727,1.0,0.0023527702547446088,5.24819791006774E-4,2.0522894960305096E-4,0.005044511899061816,0.0034917334392981655,0.006611809224328584,0.0028501944336076484,0.04842316674516729,0.0011069921705754695,0.006775313194063735,0.003611336402795651,0.0038067854306427142,0.003775638512481183,0.004425606592285646,0.0043208989794561,0.002558370972517973,0.004632813292287527,0.004908059526419238,0.0029577475344793715,0.003935865658222446,0.003994144513362307,0.004861926772794349,0.00493366043419201,0.004881985438905301,0.002877873167051674,0.004135783667871724,0.004154804402963736,0.00289266217643538,0.006972619329693991,0.0016685180171151744,5.57352392742628E-4,0.0027360487835800234],[0.011636044983878064,0.0012294978348667837,0.0076130636834720435,0.0014550459430778566,0.002708668368557237,0.0010996419772409526,5.00440990827793E-4,0.01056025179001598,0.0028712017728588896,0.00766798965877512,9.702151975692853E-4,0.0023527702547446088,1.0,0.0013863104676130017,3.531856123384057E-4,0.0015434253151613525,9.543690783377321E-4,0.011140788557500753,0.0010236143869482882,0.04954350112672524,0.0014430124109890228,0.006076941896112486,0.0010162800667299814,0.0017324201891841346,3.4304273817036685E-4,0.0011799717968766562,8.71581040850328E-4,2.0397911282984873E-4,0.0013193998993489533,4.870328415238484E-4,0.0015591746231318675,0.0018129089489014524,0.0018936945838932619,0.0012573186483543462,3.002687839941445E-4,0.0012069717560857717,3.536860584164301E-4,0.0024793907604763058,4.694242234505019E-4,0.001174150622711713,0.011607361338218467,0.001041288608562431,0.0010184310480696253,0.001016351991795153],[0.010053124290379023,2.229310246575847E-4,0.003007481480682086,5.818857592610676E-4,0.0015998740280205117,2.180742199953862E-5,7.86169233607205E-5,0.010855595534336389,0.008763160087100605,0.01261478568656412,2.677942185725022E-5,5.24819791006774E-4,0.0013863104676130017,1.0,7.200802279782074E-5,0.0011627281434050875,2.353801334847803E-4,0.007291703915429404,1.1098221873977089E-4,0.04094434107302211,1.5840372060628175E-4,0.009840910187623448,2.5576192165278285E-5,2.510092454721009E-4,1.0627936263928034E-4,5.664905615533919E-4,2.382382858916877E-5,1.3607452543503195E-5,7.739175438949143E-5,2.679757712706291E-5,4.991228036231576E-4,0.001927802558895349,1.9811413381486226E-4,1.1369165566970782E-4,1.1529189768130535E-4,8.434456058595361E-5,7.299830400351962E-5,6.270024621399215E-4,2.6070637501385117E-4,7.321549101852897E-5,0.0071613242457927205,5.451688732382606E-5,1.4885140434742008E-4,3.0761558119608E-5],[0.021420203095661068,2.0311249512246598E-4,0.005498615989907895,4.866744703504656E-4,0.0010011295512924359,1.3686398524093862E-4,1.1894812142791994E-4,0.003683728341450689,0.0033833419015721323,0.003346433603974696,1.4390507603381976E-4,2.0522894960305096E-4,3.531856123384057E-4,7.200802279782074E-5,1.0,0.0013152246236106991,2.88357319458821E-4,0.007859673422209664,1.594681170428765E-4,0.03352038075040052,1.5782187633733955E-4,0.012913653137284424,1.2702440050430252E-4,6.659413452996599E-4,1.5540898520757535E-4,6.152707902670435E-4,2.4241800283909842E-4,9.917548979934306E-5,1.2803549393569094E-4,1.4257559334415878E-4,8.556486595875561E-4,7.002773691986617E-4,0.00149407721150993,1.7575916044743512E-4,1.418503088259947E-4,1.4424882527130966E-4,1.0850474707306441E-4,0.0011875750192601973,2.0883067827786466E-4,1.5105896524821366E-4,0.008186004827612278,1.8017184707108376E-4,1.5714770500881088E-4,5.79571517903919E-5],[0.017536822663666882,0.0012601721656079739,0.0065610642036472155,0.0014667342114700055,0.0029163651829458874,0.001063028920972422,3.9858431845481135E-4,0.020912122367873476,0.004007007925392307,0.003203513648302814,8.831994287955795E-4,0.005044511899061816,0.0015434253151613525,0.0011627281434050875,0.0013152246236106991,1.0,5.734120555347192E-4,0.013476760801670273,3.584909884227701E-4,0.005643462242881224,0.0013725572446265575,0.01055321688335694,0.001658081890425152,0.0017427521833221125,9.963512705284114E-4,0.0015548480996312314,0.0013837595340597272,0.0013827883390035518,0.00136636501844878,3.2127016746887776E-4,0.0017655652389484038,0.002066012828672768,0.0028920107344628816,7.753864086820703E-4,2.0664614494109005E-4,7.699598954540472E-4,0.0011339865229968453,0.002046521202234702,0.0011933269973997218,3.1978925676987187E-4,0.006288098511666385,0.001368412073137195,1.6926123854746117E-4,0.001671041962640684],[0.0012744705157533378,5.130631542709082E-4,0.011413225915921135,5.699864465778103E-4,0.0013838120031946914,4.5066358269533997E-4,2.522195891409856E-4,0.0027150515147504493,0.001187891200602297,0.012069192497786216,4.268818999553476E-4,0.0034917334392981655,9.543690783377321E-4,2.353801334847803E-4,2.88357319458821E-4,5.734120555347192E-4,1.0,0.0012633210131623046,2.4000228908428517E-4,0.05645200756672808,3.0071256465348534E-4,0.003866013945991627,1.90133550623302E-4,5.861029715892691E-4,2.419028826691689E-4,0.0010743949820009573,4.4634752344865686E-4,9.579535449234833E-5,4.3330700556845744E-4,1.3564924187578102E-4,8.069320254674168E-4,6.995933466854533E-4,0.0018661362261548787,2.93292386140858E-4,3.9846210122103734E-4,4.00425565993638E-4,2.513845648122382E-4,0.0018453043250184408,4.5545314229736587E-4,3.5957336278246864E-4,0.003944355249151233,2.3917945845298603E-4,3.6938568670980964E-4,1.3248621900663395E-4],[0.01837458185483491,0.004982302579004641,0.013670333450112246,0.009771906492673654,0.01100988891072954,0.009585859592228145,0.006413127256134838,0.018059336220516906,0.013753860154688059,0.014221090719374321,0.010224735079633887,0.006611809224328584,0.011140788557500753,0.007291703915429404,0.007859673422209664,0.013476760801670273,0.0012633210131623046,1.0,0.013058757486727196,0.040454254786370186,0.0029608607870281072,0.014146517021856559,0.01039585718514605,0.012624326591320437,0.006950392203590627,0.003453235589238008,0.004214997949409504,0.0030661834507926377,0.00427515038154942,0.0049653466299022,0.010843952192946513,0.010500407910896688,0.015098376464066695,0.006418553987683624,0.01295237507298856,0.00981543935238651,0.0012214005082774285,0.009987128640244881,0.008969138857551594,0.014503002382259865,0.014388914376532985,0.0016166465859501907,0.011634978183570448,0.011796267244373063],[0.014041060286248741,3.0298800259396196E-4,0.008925259912287839,0.0013149896172447856,0.0017456840416323674,1.0870599475973331E-4,1.446874256638928E-4,0.006362720682148451,0.004138096730791633,0.007770551202557346,1.7544480337899462E-4,0.0028501944336076484,0.0010236143869482882,1.1098221873977089E-4,1.594681170428765E-4,3.584909884227701E-4,2.4000228908428517E-4,0.013058757486727196,1.0,0.010526970339624443,2.1029396231718448E-4,0.004915101301492179,1.5112921077285594E-4,0.0011643906589249174,1.905904165644081E-4,0.0010521293818485326,2.2007347788815753E-4,5.667327461497988E-5,1.6264890075166747E-4,1.6766589110716928E-4,0.001192921468686155,0.001183178320495401,0.002321922982950246,2.0379758375391692E-4,1.8843085427475945E-4,1.6832213050886185E-4,1.2888567611789227E-4,3.1261329145990645E-4,2.8451946536644075E-4,1.5837183947358172E-4,0.0035396130788613845,2.2146667977819982E-4,2.0480432610168995E-4,1.1317664511983005E-4],[0.05305026916234985,0.04571702306336628,0.028875399230233755,0.024525004688663726,0.04563385320114796,0.05784723829593414,0.03767506847368088,0.028936868493661765,0.03335643950534749,0.028611061471027224,0.024198087087211922,0.04842316674516729,0.04954350112672524,0.04094434107302211,0.03352038075040052,0.005643462242881224,0.05645200756672808,0.040454254786370186,0.010526970339624443,1.0,0.04993357050787435,0.019941333967925644,0.00983637788255318,0.025891711521722472,0.0017268308532158052,0.049563579376723246,0.014561878479059523,0.004311342420562147,0.057352604034493875,0.05018423748201844,0.025045769897457902,0.021229761911888145,0.022905522658323615,0.04939074033565814,0.028145968910225094,0.028002163654647572,0.05658413430878279,0.03842594765656138,0.04437112477747235,0.007794014541269239,0.058339078083975454,0.04999925187135439,0.00567607372892462,0.02175095125637882],[0.017516649934756035,4.1655735918511195E-4,0.004609313196655858,3.462987885545246E-4,0.001983492612643006,1.5661079860764145E-4,1.7807726152310895E-4,0.01057773858161932,0.003243466440765594,0.013732056196916384,1.616778382558195E-4,0.0011069921705754695,0.0014430124109890228,1.5840372060628175E-4,1.5782187633733955E-4,0.0013725572446265575,3.0071256465348534E-4,0.0029608607870281072,2.1029396231718448E-4,0.04993357050787435,1.0,0.011317796110728836,1.916053517435313E-4,7.375976989414932E-4,1.95297408794992E-4,3.1788503905905147E-4,2.484990791700554E-4,8.246381609823059E-5,1.4949335450911575E-4,9.667785035566637E-5,5.305335026950639E-4,0.0012959313342082522,9.308810557951318E-4,1.8616870275986526E-4,1.3024766632011695E-4,1.4453903336590296E-4,1.9121594745335108E-4,0.0026385430974266277,3.3287303107170697E-4,2.077135531056156E-4,0.004126231243169903,2.400558309537535E-4,1.8477618772973727E-4,5.663237872206848E-5],[0.019705154564746294,0.007927109566720273,0.013364559649218012,0.004844753283816208,0.005217284641476724,0.0032563672442189142,0.009000458291627645,0.018532167001661243,0.009952916447416223,0.013544010214194411,0.012181020566532046,0.006775313194063735,0.006076941896112486,0.009840910187623448,0.012913653137284424,0.01055321688335694,0.003866013945991627,0.014146517021856559,0.004915101301492179,0.019941333967925644,0.011317796110728836,1.0,0.011501400953468837,0.011874288751207314,0.009899095606272976,0.008505757618749034,0.0037510323373956597,0.0012977643439065197,0.004022812167610659,0.0037863593464462003,0.009053997891745125,0.007824831682597164,0.011427163927675104,0.006822057871957034,0.012592190970336342,0.002427680500634067,0.0035907850759505345,0.0030955183110811892,0.004579383273226167,0.008986280980631402,0.012671127359062619,0.013326324462508482,0.003941617754417508,0.011881133698532217],[0.016466948015188193,1.2029719031923417E-4,0.009733527610847094,1.5427600725461738E-4,0.002037538067722086,3.849608332704666E-5,1.0948587775845895E-4,0.0018175610309695423,0.0043701551248908985,0.013263411770324963,1.1707197999253396E-4,0.003611336402795651,0.0010162800667299814,2.5576192165278285E-5,1.2702440050430252E-4,0.001658081890425152,1.90133550623302E-4,0.01039585718514605,1.5112921077285594E-4,0.00983637788255318,1.916053517435313E-4,0.011501400953468837,1.0,3.199016694426081E-4,1.295346449404451E-4,8.318404611118071E-4,2.3896987091430753E-4,3.045437681626441E-5,1.0577424452920229E-4,6.936191312901405E-5,8.329115688757846E-4,0.0014349444925451597,0.0012813016220202204,1.416237564422821E-4,1.1087424221956427E-4,1.2708403099433808E-4,1.0167577981219322E-4,9.268632254746096E-4,4.1026130144703333E-4,1.2146439594923914E-4,0.012595003019344374,1.4750949817793102E-4,1.4086943207176902E-4,5.6473453865646766E-5],[0.019710423654985057,0.001615022944092593,0.012106202464874524,0.0014585379781986824,0.003311523617632528,0.0010657797679968209,0.0017297551240479643,0.010935105034609248,0.007627267159502612,0.006128236276338077,0.0014960358885837174,0.0038067854306427142,0.0017324201891841346,2.510092454721009E-4,6.659413452996599E-4,0.0017427521833221125,5.861029715892691E-4,0.012624326591320437,0.0011643906589249174,0.025891711521722472,7.375976989414932E-4,0.011874288751207314,3.199016694426081E-4,1.0,1.4402004120546154E-4,0.001742807436565818,5.938939693436074E-4,0.0010014478210098841,1.917159837513188E-4,5.864480492249131E-4,0.0017885713758193501,0.0021842058167236356,0.0029758131160112157,8.704504272967058E-4,0.0013535505515138266,8.072886017883341E-4,2.6717687301340873E-4,0.0018082110407271835,0.0012138143278738653,0.001438051247622798,0.00803663580938221,0.001745267515193616,0.0013241066382177126,0.0015400021873613896],[0.0017467062526454523,4.6132465525707586E-4,0.007703992796774358,0.001440260797661691,8.314142137023109E-4,5.893591166984243E-5,1.269707652144576E-4,0.019862114837744898,0.0017746167141335935,0.009971843585214414,1.2494912899824033E-4,0.003775638512481183,3.4304273817036685E-4,1.0627936263928034E-4,1.5540898520757535E-4,9.963512705284114E-4,2.419028826691689E-4,0.006950392203590627,1.905904165644081E-4,0.0017268308532158052,1.95297408794992E-4,0.009899095606272976,1.295346449404451E-4,1.4402004120546154E-4,1.0,6.863483554330852E-4,2.0073443180025088E-4,1.0146254830113899E-4,1.240951684356629E-4,6.751101748065853E-5,0.0017655362073968654,0.0017446680730700149,0.0019391677864750976,1.742226016939542E-4,1.3082699976888984E-4,1.3706224246757455E-4,1.332797141864097E-4,0.001000392741991148,2.7242228364603296E-4,1.3102785228781498E-4,0.005478077512405142,1.7470771956650154E-4,1.5034953093360183E-4,6.131774258232325E-5],[0.001976630504490746,9.17059697741018E-4,0.0053293187524549816,0.0012616768292528734,0.0019769757040153718,6.703991988252179E-4,5.985328062295044E-4,0.0038843294417377993,0.005235341770332393,0.013476235783764343,2.3225148768538616E-4,0.004425606592285646,0.0011799717968766562,5.664905615533919E-4,6.152707902670435E-4,0.0015548480996312314,0.0010743949820009573,0.003453235589238008,0.0010521293818485326,0.049563579376723246,3.1788503905905147E-4,0.008505757618749034,8.318404611118071E-4,0.001742807436565818,6.863483554330852E-4,1.0,3.638072419651915E-4,5.756324125760482E-4,1.472839698721586E-4,5.013423662687965E-4,0.0015820625403415692,0.0018139674669321476,0.0012096129926654675,3.564385523547531E-4,1.3081438134598302E-4,1.480286916251078E-4,7.518283052954164E-4,0.0013059278507665372,0.0010538532478735136,4.141397288188961E-4,0.009595143779592703,8.200298894429431E-4,2.486367912231789E-4,9.238468196730812E-4],[0.011096700532680895,3.9064260843174386E-4,0.0042863414198128415,0.0012750339195158418,0.0010629127289538795,9.41793184798364E-5,1.4900556330423547E-4,5.325257178882821E-4,0.00112317434261341,0.011161498429230086,1.358967165287154E-4,0.0043208989794561,8.71581040850328E-4,2.382382858916877E-5,2.4241800283909842E-4,0.0013837595340597272,4.4634752344865686E-4,0.004214997949409504,2.2007347788815753E-4,0.014561878479059523,2.484990791700554E-4,0.0037510323373956597,2.3896987091430753E-4,5.938939693436074E-4,2.0073443180025088E-4,3.638072419651915E-4,1.0,8.458581983835755E-5,1.890686803070427E-4,1.3307076608034684E-4,4.5528861480348865E-4,0.001011285573595165,0.002502479912218895,1.8941367662177197E-4,2.0286249602465638E-4,1.3479529949488676E-4,1.6980053882754436E-4,0.0011892081724266372,2.730342634569969E-4,2.1114502167045106E-4,0.008755688800240684,2.4296432982203646E-4,2.121851166586706E-4,7.877556940852881E-5],[9.176032232826061E-4,5.123757850054009E-4,0.002758270872688116,0.001441287082756844,0.0016281627483335061,1.2945764999394402E-5,8.629059204836948E-5,0.011894080111652069,0.004525772394059329,0.004017026927664968,2.7008860672892513E-5,0.002558370972517973,2.0397911282984873E-4,1.3607452543503195E-5,9.917548979934306E-5,0.0013827883390035518,9.579535449234833E-5,0.0030661834507926377,5.667327461497988E-5,0.004311342420562147,8.246381609823059E-5,0.0012977643439065197,3.045437681626441E-5,0.0010014478210098841,1.0146254830113899E-4,5.756324125760482E-4,8.458581983835755E-5,1.0,1.738355821298234E-5,2.004417984733456E-5,0.0016121798533853822,0.0013980324092050026,0.0020245995017361554,6.948548712046646E-5,1.9726905603502365E-5,8.754294868796415E-5,5.507159711278453E-5,6.364054598233507E-4,3.129937831463868E-4,7.647018557426081E-5,0.0025312640022209236,1.9189819092290024E-4,4.4441977671553195E-5,4.622427214937005E-5],[0.014596120392330297,3.603459961752551E-4,3.0474234504491245E-4,9.600382967667256E-4,0.0017421303104871268,1.7764732011637444E-5,1.0608929805408801E-4,0.001427577408653521,0.0010247396605993881,0.006247197322757047,1.13414027398396E-4,0.004632813292287527,0.0013193998993489533,7.739175438949143E-5,1.2803549393569094E-4,0.00136636501844878,4.3330700556845744E-4,0.00427515038154942,1.6264890075166747E-4,0.057352604034493875,1.4949335450911575E-4,0.004022812167610659,1.0577424452920229E-4,1.917159837513188E-4,1.240951684356629E-4,1.472839698721586E-4,1.890686803070427E-4,1.738355821298234E-5,1.0,9.053406897760589E-5,9.9761922401564E-4,0.002169456424711589,0.0014054822331047941,1.536607627821799E-4,1.0814713872234219E-4,1.1598099460894684E-4,1.0079666635245955E-4,0.0016205508174098597,4.316064250117084E-4,1.1183700173781365E-4,8.480742227097847E-4,1.741959811728907E-4,1.2132161335623146E-4,9.820588505690732E-5],[0.01860185451371223,6.480187834676607E-5,0.0057608721105609495,9.404210980740852E-4,0.0022856947693621404,2.53661131048628E-5,7.797916637682157E-5,0.016986429025320108,0.008716529760844999,0.009501123927713571,6.92022368723535E-5,0.004908059526419238,4.870328415238484E-4,2.679757712706291E-5,1.4257559334415878E-4,3.2127016746887776E-4,1.3564924187578102E-4,0.0049653466299022,1.6766589110716928E-4,0.05018423748201844,9.667785035566637E-5,0.0037863593464462003,6.936191312901405E-5,5.864480492249131E-4,6.751101748065853E-5,5.013423662687965E-4,1.3307076608034684E-4,2.004417984733456E-5,9.053406897760589E-5,1.0,0.0017404551337164937,0.001259406793660511,0.00150982600017177,1.553759711441707E-4,8.98054129163699E-5,1.0730420585564614E-4,6.154537161662391E-5,0.0018523409752069558,4.4201150358730106E-4,1.1069779959863549E-4,0.0033045938848662777,1.5905241644618463E-4,7.667331776972137E-5,6.0793152896046774E-5],[0.005789766137306921,0.001618237680548342,0.011854803198537982,0.001729672521328966,0.0024314178678382686,0.0011798463942699156,5.093980498401148E-4,0.012896770633113161,0.005308429932956042,0.009929410563166916,0.001234423601388393,0.0029577475344793715,0.0015591746231318675,4.991228036231576E-4,8.556486595875561E-4,0.0017655652389484038,8.069320254674168E-4,0.010843952192946513,0.001192921468686155,0.025045769897457902,5.305335026950639E-4,0.009053997891745125,8.329115688757846E-4,0.0017885713758193501,0.0017655362073968654,0.0015820625403415692,4.5528861480348865E-4,0.0016121798533853822,9.9761922401564E-4,0.0017404551337164937,1.0,0.0018707523860425886,0.0021871494570036886,0.0015548061995104522,6.24489172274938E-4,7.396299156566166E-4,9.830386807039928E-4,0.0024357984722800444,0.0015647324690337436,9.227416129105737E-4,0.011292118030842006,9.918264936729106E-4,3.417079599843301E-4,1.5547982175137976E-4],[0.015792466514801866,5.879399222721845E-4,0.01177701669698173,0.0014521398099249874,0.0024585068265666377,6.0626383379742E-4,6.48270245418778E-4,0.0035079360715658276,0.006703458104219899,0.012517925023017448,2.0365293284187942E-4,0.003935865658222446,0.0018129089489014524,0.001927802558895349,7.002773691986617E-4,0.002066012828672768,6.995933466854533E-4,0.010500407910896688,0.001183178320495401,0.021229761911888145,0.0012959313342082522,0.007824831682597164,0.0014349444925451597,0.0021842058167236356,0.0017446680730700149,0.0018139674669321476,0.001011285573595165,0.0013980324092050026,0.002169456424711589,0.001259406793660511,0.0018707523860425886,1.0,0.0024834792856442077,0.002085449749538144,0.0020151960959654937,0.001108851476012006,9.207993715108849E-4,0.002411960502885819,4.8047990719630106E-4,6.23770208281727E-4,0.0025855599001310386,0.0014461710482264036,0.0011826642640037938,4.6994678261669904E-4],[0.00556547284324148,0.002019143035015061,0.010832818295305585,0.0014813834420003464,0.003441031052030297,3.143403110921582E-4,0.0020214396405402618,0.01601645577611486,0.0035094322335298823,0.009747996196401001,8.891220411594018E-4,0.003994144513362307,0.0018936945838932619,1.9811413381486226E-4,0.00149407721150993,0.0028920107344628816,0.0018661362261548787,0.015098376464066695,0.002321922982950246,0.022905522658323615,9.308810557951318E-4,0.011427163927675104,0.0012813016220202204,0.0029758131160112157,0.0019391677864750976,0.0012096129926654675,0.002502479912218895,0.0020245995017361554,0.0014054822331047941,0.00150982600017177,0.0021871494570036886,0.0024834792856442077,1.0,0.0024296693203924736,0.0019180680800614,5.439979777490558E-4,0.0026683874492996295,0.0033205486428603717,0.00170201538112109,7.480945607503045E-4,0.0038303382278876553,5.970955642367285E-4,0.00214328576679981,0.0011754090988451843],[0.02074074099058133,4.621326608601558E-4,0.0091371522236754,5.824494462297008E-4,0.0031354186542161123,6.770306667858596E-5,1.7696865405818332E-4,0.019638287281254396,0.0017257330646092742,0.002891964317395319,1.7357350043893148E-4,0.004861926772794349,0.0012573186483543462,1.1369165566970782E-4,1.7575916044743512E-4,7.753864086820703E-4,2.93292386140858E-4,0.006418553987683624,2.0379758375391692E-4,0.04939074033565814,1.8616870275986526E-4,0.006822057871957034,1.416237564422821E-4,8.704504272967058E-4,1.742226016939542E-4,3.564385523547531E-4,1.8941367662177197E-4,6.948548712046646E-5,1.536607627821799E-4,1.553759711441707E-4,0.0015548061995104522,0.002085449749538144,0.0024296693203924736,1.0,1.3290459564404625E-4,1.5379560058368042E-4,1.706962738658924E-4,0.0018356319317763964,3.08353935605087E-4,1.6504669240993198E-4,0.005267482946499853,1.9165255989890583E-4,1.7061427680451584E-4,1.2337316396218755E-4],[0.0047282381418671865,3.4608364803987297E-4,0.013422450707344727,0.0012635314662424772,0.003088854780197937,8.336706292775738E-5,1.1578272282963652E-4,0.013308667336703528,0.0045255220180436765,0.009788312168397663,1.1649973920021949E-4,0.00493366043419201,3.002687839941445E-4,1.1529189768130535E-4,1.418503088259947E-4,2.0664614494109005E-4,3.9846210122103734E-4,0.01295237507298856,1.8843085427475945E-4,0.028145968910225094,1.3024766632011695E-4,0.012592190970336342,1.1087424221956427E-4,0.0013535505515138266,1.3082699976888984E-4,1.3081438134598302E-4,2.0286249602465638E-4,1.9726905603502365E-5,1.0814713872234219E-4,8.98054129163699E-5,6.24489172274938E-4,0.0020151960959654937,0.0019180680800614,1.3290459564404625E-4,1.0,1.3272619280668845E-4,1.0217403002196303E-4,0.002058490304985437,3.2081429641289715E-4,1.3045069648165794E-4,0.006380001762159848,1.836741677179136E-4,1.4591401563246364E-4,9.321793003736814E-5],[0.02000376813506242,1.9474907446388647E-4,0.0062006646339315685,4.646926320280348E-4,0.0034039323183926284,1.0372033777638616E-4,1.3072824627428426E-4,0.00168821223236043,0.0019089310480152968,0.012910775611338474,1.2902605004417878E-4,0.004881985438905301,0.0012069717560857717,8.434456058595361E-5,1.4424882527130966E-4,7.699598954540472E-4,4.00425565993638E-4,0.00981543935238651,1.6832213050886185E-4,0.028002163654647572,1.4453903336590296E-4,0.002427680500634067,1.2708403099433808E-4,8.072886017883341E-4,1.3706224246757455E-4,1.480286916251078E-4,1.3479529949488676E-4,8.754294868796415E-5,1.1598099460894684E-4,1.0730420585564614E-4,7.396299156566166E-4,0.001108851476012006,5.439979777490558E-4,1.5379560058368042E-4,1.3272619280668845E-4,1.0,1.2278834293504126E-4,0.00125561071944378,2.4881494884361217E-4,1.320514992501508E-4,0.005263158289617901,2.0453808372252526E-4,1.499619677408321E-4,5.468676540994094E-5],[0.01852360438675583,5.372131663627938E-4,0.003946541701548456,0.0012671104193963671,0.0016307421142303955,5.00139843067647E-5,1.1457479590233861E-4,0.00318082049851637,0.003932765044831808,0.004311170056360209,1.143062990743021E-4,0.002877873167051674,3.536860584164301E-4,7.299830400351962E-5,1.0850474707306441E-4,0.0011339865229968453,2.513845648122382E-4,0.0012214005082774285,1.2888567611789227E-4,0.05658413430878279,1.9121594745335108E-4,0.0035907850759505345,1.0167577981219322E-4,2.6717687301340873E-4,1.332797141864097E-4,7.518283052954164E-4,1.6980053882754436E-4,5.507159711278453E-5,1.0079666635245955E-4,6.154537161662391E-5,9.830386807039928E-4,9.207993715108849E-4,0.0026683874492996295,1.706962738658924E-4,1.0217403002196303E-4,1.2278834293504126E-4,1.0,0.0010586760383404603,2.2533279548029718E-4,1.1864644745610659E-4,0.0010355279133242342,1.095505844016947E-4,1.4858191390873738E-4,8.474164761517036E-5],[0.004256397294189242,7.558768522954512E-4,0.007669303003036964,0.0024929213694845583,0.0036209922875544472,4.16419420564754E-4,0.001569802417657007,0.008992936657584088,0.007889250565378796,0.0038376154406577607,0.0016980714685880395,0.004135783667871724,0.0024793907604763058,6.270024621399215E-4,0.0011875750192601973,0.002046521202234702,0.0018453043250184408,0.009987128640244881,3.1261329145990645E-4,0.03842594765656138,0.0026385430974266277,0.0030955183110811892,9.268632254746096E-4,0.0018082110407271835,0.001000392741991148,0.0013059278507665372,0.0011892081724266372,6.364054598233507E-4,0.0016205508174098597,0.0018523409752069558,0.0024357984722800444,0.002411960502885819,0.0033205486428603717,0.0018356319317763964,0.002058490304985437,0.00125561071944378,0.0010586760383404603,1.0,0.0012627344832176336,6.510239798381207E-4,0.011212137689734841,0.0019146377741732072,0.0013492556515664615,0.0011880758999821708],[0.022572227615100558,5.203526343446495E-4,0.004744179670860075,0.0012093245508864692,0.001927109966576816,2.849313131592411E-4,2.493485706253171E-4,5.350881140585937E-4,0.008209935360385449,0.004439614427283861,3.3637427478444716E-4,0.004154804402963736,4.694242234505019E-4,2.6070637501385117E-4,2.0883067827786466E-4,0.0011933269973997218,4.5545314229736587E-4,0.008969138857551594,2.8451946536644075E-4,0.04437112477747235,3.3287303107170697E-4,0.004579383273226167,4.1026130144703333E-4,0.0012138143278738653,2.7242228364603296E-4,0.0010538532478735136,2.730342634569969E-4,3.129937831463868E-4,4.316064250117084E-4,4.4201150358730106E-4,0.0015647324690337436,4.8047990719630106E-4,0.00170201538112109,3.08353935605087E-4,3.2081429641289715E-4,2.4881494884361217E-4,2.2533279548029718E-4,0.0012627344832176336,1.0,2.1146807286478124E-4,0.006188349620930523,3.423178148325335E-4,2.1864551354616312E-4,3.295631022080423E-4],[0.009025969349386358,4.033262581644631E-4,5.039356779269325E-4,4.4261918593093005E-4,0.0020218858947081294,1.8154627706236025E-5,1.2996001744285072E-4,0.020215933116907673,0.005929863427890036,0.007624407905942563,1.1750404557695312E-4,0.00289266217643538,0.001174150622711713,7.321549101852897E-5,1.5105896524821366E-4,3.1978925676987187E-4,3.5957336278246864E-4,0.014503002382259865,1.5837183947358172E-4,0.007794014541269239,2.077135531056156E-4,0.008986280980631402,1.2146439594923914E-4,0.001438051247622798,1.3102785228781498E-4,4.141397288188961E-4,2.1114502167045106E-4,7.647018557426081E-5,1.1183700173781365E-4,1.1069779959863549E-4,9.227416129105737E-4,6.23770208281727E-4,7.480945607503045E-4,1.6504669240993198E-4,1.3045069648165794E-4,1.320514992501508E-4,1.1864644745610659E-4,6.510239798381207E-4,2.1146807286478124E-4,1.0,0.009665441695564532,1.5404976603845065E-4,1.317078578799744E-4,8.448257317524474E-5],[0.013784197281172089,0.0033171809895863385,0.012929747318084838,0.009857420384021275,0.008115725853368592,0.002084643461358749,0.010042166919317549,0.022357450801879675,0.011930012857541163,0.013761120882855117,0.008095486880719937,0.006972619329693991,0.011607361338218467,0.0071613242457927205,0.008186004827612278,0.006288098511666385,0.003944355249151233,0.014388914376532985,0.0035396130788613845,0.058339078083975454,0.004126231243169903,0.012671127359062619,0.012595003019344374,0.00803663580938221,0.005478077512405142,0.009595143779592703,0.008755688800240684,0.0025312640022209236,8.480742227097847E-4,0.0033045938848662777,0.011292118030842006,0.0025855599001310386,0.0038303382278876553,0.005267482946499853,0.006380001762159848,0.005263158289617901,0.0010355279133242342,0.011212137689734841,0.006188349620930523,0.009665441695564532,1.0,0.005044307438473276,0.003727929748032359,0.011594481415652677],[0.007044999296627747,4.1600540836034315E-4,0.009437539884643773,2.7190601916016915E-4,0.0016579871415095665,1.5286338407435594E-4,1.6252007820855867E-4,0.009293585315330416,0.007957322300634508,0.00879989244960452,2.0232570827194077E-4,0.0016685180171151744,0.001041288608562431,5.451688732382606E-5,1.8017184707108376E-4,0.001368412073137195,2.3917945845298603E-4,0.0016166465859501907,2.2146667977819982E-4,0.04999925187135439,2.400558309537535E-4,0.013326324462508482,1.4750949817793102E-4,0.001745267515193616,1.7470771956650154E-4,8.200298894429431E-4,2.4296432982203646E-4,1.9189819092290024E-4,1.741959811728907E-4,1.5905241644618463E-4,9.918264936729106E-4,0.0014461710482264036,5.970955642367285E-4,1.9165255989890583E-4,1.836741677179136E-4,2.0453808372252526E-4,1.095505844016947E-4,0.0019146377741732072,3.423178148325335E-4,1.5404976603845065E-4,0.005044307438473276,1.0,1.783404032575065E-4,1.1399363366959874E-4],[0.0027979143082660003,4.7527928374758955E-4,0.012702034530292438,2.919895809042173E-4,0.0013846131672769898,6.27853074531934E-5,1.2049463274414922E-4,0.005879558632567772,0.006693878265247087,0.0018064230744207804,1.348131926222453E-4,5.57352392742628E-4,0.0010184310480696253,1.4885140434742008E-4,1.5714770500881088E-4,1.6926123854746117E-4,3.6938568670980964E-4,0.011634978183570448,2.0480432610168995E-4,0.00567607372892462,1.8477618772973727E-4,0.003941617754417508,1.4086943207176902E-4,0.0013241066382177126,1.5034953093360183E-4,2.486367912231789E-4,2.121851166586706E-4,4.4441977671553195E-5,1.2132161335623146E-4,7.667331776972137E-5,3.417079599843301E-4,0.0011826642640037938,0.00214328576679981,1.7061427680451584E-4,1.4591401563246364E-4,1.499619677408321E-4,1.4858191390873738E-4,0.0013492556515664615,2.1864551354616312E-4,1.317078578799744E-4,0.003727929748032359,1.783404032575065E-4,1.0,1.1698508210690119E-4],[0.010857478341556764,4.975371893742314E-4,0.012156635979224725,3.15419939998683E-4,0.0025286780405166004,3.945310313846158E-5,1.1533174299205607E-4,0.007038520957937699,0.006419232648588599,0.00714386329140545,7.525913407718609E-5,0.0027360487835800234,0.001016351991795153,3.0761558119608E-5,5.79571517903919E-5,0.001671041962640684,1.3248621900663395E-4,0.011796267244373063,1.1317664511983005E-4,0.02175095125