[[1.0,2.7969723588298933E-4,4.3368831638364823E-4,4.01848045053178E-5,5.6142920650528E-5,4.9383273862401084E-5,0.0063680762179643595,8.87389354935931E-5,1.6361432257850063E-5,0.010254561867044164,1.1905770639591141E-5,1.8324160234682716E-5,3.5656525274023054E-5,0.0031322450809414294,5.761875271974533E-5,0.019126548405543377,7.456944957292454E-5,1.730284591234156E-5,4.313746535600017E-5,1.160588862807988E-5,0.0027535954120870803,0.002745446396260763,1.1840567076531878E-5,1.7933654665289208E-4,2.9946755168300747E-5,0.010899958228965924,2.005948191814493E-5,5.421462852733831E-4,3.369718076081219E-5,9.703373293753781E-5,1.1743205915414641E-4,8.033396229375657E-4,1.349186191104443E-5,4.845628089401032E-5,2.28870293891376E-4,0.0013017464043940299,1.9789851127260078E-5,1.1209296010690578E-5,0.0013809785679259018,0.0012072111463651827,0.014867374712447666,0.008413368256669586,3.310130769120933E-4,1.2123991252349538E-5,4.291534717885837E-5,0.0038365272712420004,2.3054062165177275E-5,4.67753672557781E-4],[2.7969723588298933E-4,1.0,0.0025514144774415486,1.988732928874263E-4,2.2502831984698175E-4,2.1256217655198122E-4,0.007354938811913162,2.851305169125933E-4,3.3915447541656895E-4,0.004108084980231849,3.758397519145723E-4,1.4397050306965006E-4,1.043990772457368E-4,0.0014368723330186921,2.3311231785033286E-4,0.015804259333663216,2.0285189676133672E-4,2.0266561342809026E-4,2.3607825147772078E-4,2.6970689577138874E-5,4.233641013797743E-4,0.0017766259041727414,2.2989129824023906E-4,0.0070734715515306515,5.475276775992775E-5,0.0016788050595957474,2.0310544094355156E-4,9.241280195434132E-4,3.5874780197480696E-4,1.6349689323264273E-4,3.544914445731196E-4,0.002354862142983045,3.6359847935308264E-4,3.512320173978692E-4,4.142477271914174E-4,0.002024881700833459,1.3411514910411268E-4,3.0547518733022423E-4,6.636890688252858E-4,8.737521177071791E-4,0.012455301528034205,0.01153591970632655,3.9959469221041466E-4,1.2357829385700346E-4,2.4252322785830102E-4,0.009075863379995348,2.9012567459639515E-4,3.952889871433729E-4],[4.3368831638364823E-4,0.0025514144774415486,1.0,0.0036593084044661463,0.0030209616751981877,0.002949064734211773,0.0059170838884165695,3.4380329256936105E-4,0.0036454638904490563,0.008051347642190024,0.0031242692920720365,0.002327395220585569,0.00342985112498791,0.004065899651294467,0.0011931919030908915,0.014361236442997392,0.0027917720239660324,0.0024063906345001057,8.23780917367217E-4,2.3897144524567904E-4,0.0032404508549700372,0.003816793893129771,6.750730484602747E-4,0.006308762538097602,0.0018091119443418772,0.010587792824809806,6.526848433460219E-4,0.003577686000522674,0.0037614242872016437,3.4805540359309937E-4,0.0028107821051724996,0.0027963711111442294,0.002342136219112099,0.00227071141106702,0.002910547303805181,0.0023018522597978573,0.0014887204261594272,0.003706077584335155,0.0038126356978492406,0.0028065050923424587,0.008717609115977337,0.01032326208845737,0.0020615487021432392,0.0010513628535830436,0.001485985915771716,0.003849623522906456,8.373823180548052E-4,0.0018214526403790838],[4.01848045053178E-5,1.988732928874263E-4,0.0036593084044661463,1.0,1.0828963156688911E-4,1.2022504808498022E-4,0.008096634124254331,1.2241235456540248E-4,1.1399664558694166E-4,0.002142764906771014,1.275746213300216E-5,1.0249073741850193E-4,1.1591957891791266E-4,3.7215542778183154E-4,1.2327288971763424E-4,0.006581932335475188,1.0457828152810049E-4,7.877897872857454E-5,1.1696000479694343E-4,4.294623181197806E-5,0.0026165804349177705,0.0016437805618957889,6.233668760244636E-5,3.297112227725577E-4,5.3606586567646554E-5,0.015675814205116677,2.6345396300664986E-5,6.589209415199018E-4,2.481284942940773E-4,1.2804534312235E-4,1.183069233739531E-4,4.3293912807718874E-4,9.771501948674786E-5,1.709247017323212E-4,0.0016430539120971413,0.001134946016305297,7.559490827972015E-5,5.302681580157925E-5,0.002206342099102463,4.374555844612665E-4,0.0036068538329295497,0.001818265629493452,2.8242804235353706E-4,7.04577978065141E-5,1.344690614120939E-4,0.0020336456118414965,7.239450349547018E-5,1.2829822250682592E-4],[5.6142920650528E-5,2.2502831984698175E-4,0.0030209616751981877,1.0828963156688911E-4,1.0,1.2235516606143448E-4,0.002858217597134253,1.1074500145293742E-4,1.0550765850893757E-4,0.010442916743231867,3.323139247815164E-5,1.0368651528925455E-4,9.550686384905272E-5,0.0023093308627781636,1.1631461209994233E-4,0.022486176110213234,9.924681512596009E-5,9.859620553672068E-5,1.0953784152685182E-4,7.47788861959535E-5,4.638173493429713E-4,0.0025523677035407632,2.7087329600976202E-5,0.01032071131606075,5.874791888980394E-5,0.0017620713626274056,3.2052730800737475E-5,5.936304819495694E-4,2.3183673137380307E-4,1.1456596662816386E-4,1.1529358511379138E-4,0.0014656804042602872,5.269162992590921E-5,2.9625755689322226E-4,0.001185832120826948,0.001132833328356701,2.979154633009158E-5,9.370368601037749E-5,0.0017715912292710614,3.3615676110450315E-4,0.008948566747477493,0.009109817154695405,3.160513942686628E-4,7.313227058892073E-5,1.8134613746351391E-4,0.01190894585092321,9.25890115959523E-5,2.42180734195257E-4],[4.9383273862401084E-5,2.1256217655198122E-4,0.002949064734211773,1.2022504808498022E-4,1.2235516606143448E-4,1.0,0.007722250396658627,1.250295491348175E-4,1.112365192962536E-4,0.0031018901301611205,4.6439945862695995E-5,9.640735698567839E-5,4.396553280995401E-5,0.0011242705200469548,1.409214880644656E-4,0.004599532900650477,9.850273065667831E-5,9.042404970516795E-5,1.2122194903125434E-4,5.6992509428244095E-5,9.303221392444094E-4,0.0024020168543709007,1.1773971028393484E-4,0.004467807166065792,1.1444105701719526E-4,0.001100139611739739,7.752375995105887E-5,1.9876609471960186E-4,2.5064355840451804E-4,1.2584781866547238E-4,1.2133252461004625E-4,5.545850859086401E-4,1.1149759231676899E-4,1.575398666168261E-4,2.0354114832329476E-4,6.059453113938543E-4,8.721880967809636E-5,1.0294592157958474E-4,0.0024607971230337874,4.708413042572659E-4,0.004735002879701181,0.002195099831816126,2.3068012492621107E-4,8.615885525047513E-5,1.5132874044819738E-4,0.007908207618831577,4.3680415969533275E-5,4.0212784215372106E-4],[0.0063680762179643595,0.007354938811913162,0.0059170838884165695,0.008096634124254331,0.002858217597134253,0.007722250396658627,1.0,0.009065694551837528,2.0987419593712807E-4,0.011454211913586166,0.010016186792526768,0.010367768777274371,6.383912103114629E-4,0.006326509151949235,0.007652192783832838,0.0223459848882564,0.007346632204348234,0.0012081486648658278,0.006217514594377073,0.005066987811149116,0.004216434030404767,0.008848364349229596,0.00603735218863058,0.011450511509901807,0.008932539182596375,0.0127954694984556,0.009101487145676004,0.0017708155514434805,0.005564996928535195,0.0038989521304217344,0.010588389283071294,0.006754535276402692,0.005764356281472498,0.0035998158783593793,0.0032578749553640075,0.010478898865654604,0.006825971157193777,0.001986565151669531,0.008770571208796612,0.0020772084385594857,0.014567261003410426,0.011795205670641866,5.351857569545136E-4,0.007715650331291185,0.00734611154690214,0.011244269368400896,0.010696123251825026,0.005655031000616883],[8.87389354935931E-5,2.851305169125933E-4,3.4380329256936105E-4,1.2241235456540248E-4,1.1074500145293742E-4,1.250295491348175E-4,0.009065694551837528,1.0,1.1839377917428994E-4,3.693063462595638E-4,6.070132174684984E-5,1.2229012099924428E-4,1.1570180797656221E-4,6.305746946185165E-4,1.372991802966283E-4,0.01014603625195097,1.123577951738226E-4,1.1929610209437349E-4,1.1781081235008606E-4,6.899044773254165E-5,4.921068376111256E-4,0.002350199566368653,1.1231231493722608E-4,0.0032797090147630476,1.0765062408286776E-4,0.007131359292118984,5.495015103609992E-5,6.948173336537504E-4,2.463796646601002E-4,1.2668940225856089E-4,1.1852385815887694E-4,0.002489384238810633,1.0209840858070064E-4,2.1188645273304446E-4,5.544763016403748E-4,0.0018081230299126507,1.1643908976660265E-4,3.724104064550869E-5,0.0029885656325362234,4.8161400242071716E-4,0.017015450373721472,0.0030812286178615598,3.984821820418987E-4,1.03045957522597E-4,1.9404047624711524E-4,0.00103143320783683,7.879888568591999E-5,2.8416977618150006E-4],[1.6361432257850063E-5,3.3915447541656895E-4,0.0036454638904490563,1.1399664558694166E-4,1.0550765850893757E-4,1.112365192962536E-4,2.0987419593712807E-4,1.1839377917428994E-4,1.0,0.003316314426056009,7.422207061727451E-5,1.031400698424015E-4,8.343245830589064E-5,0.0015117576023966162,1.3826948462910944E-4,0.013866488985601378,1.0688365497525818E-4,6.41448505076402E-5,1.1384901790101285E-4,2.9161830433895458E-5,0.002735727660900418,0.003215024415483779,1.0038677916397898E-4,0.005648944835981773,7.860634038872694E-5,0.0013672191470899778,4.030923817702088E-5,5.755229659575376E-4,1.4440661139265588E-4,1.1812991719272942E-4,1.118028681973957E-4,3.735541869196331E-4,5.5002073337015185E-5,1.8772732777447645E-4,0.0016525437221009487,0.001973829399227855,5.373383872008111E-5,5.019497264395398E-5,8.754983780829338E-4,3.915451127860109E-4,0.008755634324272723,0.0038743911192558877,2.9152675733283307E-4,7.171417009049044E-5,1.8586816258557744E-4,0.0011350190455359736,5.518132607562988E-5,1.2304656758575037E-4],[0.010254561867044164,0.004108084980231849,0.008051347642190024,0.002142764906771014,0.010442916743231867,0.0031018901301611205,0.011454211913586166,3.693063462595638E-4,0.003316314426056009,1.0,0.004528236533559193,0.0062244536127824554,0.008258579619226662,0.009620443734915312,0.009330144022306976,0.021691226803229918,0.005785804299084642,0.00137528734711151,0.0057430494197597435,0.0036391398033883,0.005796938902383417,0.0048686414658469885,0.0012619613011358912,0.012559285405298415,7.540332143636596E-4,0.013481827825265935,0.0014221077508999053,0.00737461978812623,0.010309950212875849,0.011394855053038035,0.0032477980479032244,0.008377362429835219,0.005544344346706142,0.0032853173856272704,0.004364233231848144,0.002901619343208349,0.004834385435233119,0.0016333714429388273,0.010521380891100881,0.008101661614967254,0.014081413342675285,0.012614710752863122,0.010826467250310178,0.007619147632306634,0.005512912718758097,0.012149894608743593,0.006144245304172986,0.007266596033383643],[1.1905770639591141E-5,3.758397519145723E-4,0.0031242692920720365,1.275746213300216E-5,3.323139247815164E-5,4.6439945862695995E-5,0.010016186792526768,6.070132174684984E-5,7.422207061727451E-5,0.004528236533559193,1.0,7.36068433956614E-5,1.2662590879845634E-5,0.0016893156922657493,1.4061203559473585E-5,0.015036473449615576,3.349162946024892E-5,5.7760900469217246E-5,5.436637025743409E-5,1.158845944961152E-5,0.0018334836858190393,0.0010669989754991318,1.175804815116898E-5,0.012112762919345488,4.464301143195929E-5,0.0016150829682753808,1.6759022881706746E-5,3.2058692652143643E-4,1.7100572627101857E-4,1.2311830250411845E-5,4.1988787642205444E-5,0.0015423207948349026,2.3856455516005337E-5,2.881654283544581E-4,0.0011027275399023882,0.0013814907765304066,1.898402226362363E-5,1.1502200085204714E-5,0.0030920131589966078,4.298480626956794E-4,0.012866327749004782,0.007014415504766066,2.2506049379918616E-4,1.2372563385098183E-5,1.8387422116960547E-4,0.0081579465638782,2.676027157478848E-5,1.4628229536476262E-4],[1.8324160234682716E-5,1.4397050306965006E-4,0.002327395220585569,1.0249073741850193E-4,1.0368651528925455E-4,9.640735698567839E-5,0.010367768777274371,1.2229012099924428E-4,1.031400698424015E-4,0.0062244536127824554,7.36068433956614E-5,1.0,9.259151175491947E-5,1.0702487607279643E-4,1.3702928670272844E-4,0.021298974301196084,9.626868878484579E-5,7.452393359748767E-5,1.0806446348620436E-4,4.8757141957229664E-5,0.0017081055444961991,0.003617327670852985,3.5632214915574785E-5,0.012712089850414346,6.004314759656052E-5,0.003264572886364283,2.460978839898376E-5,3.624027974562504E-4,2.724570785575315E-4,1.1389844866897332E-4,1.0624591999181806E-4,0.0013679772100881973,6.351225409918206E-5,1.542290141946043E-4,0.0021822337322039173,0.0014753352253150786,2.9508381864456495E-5,5.4025310257423253E-5,0.002241117515857714,4.684029158446184E-4,8.366616145300893E-4,0.006030048497030506,2.249856152804036E-4,9.150711873046855E-5,1.467630313908032E-4,0.004945590775889839,4.334153757979855E-5,3.401280298490549E-4],[3.5656525274023054E-5,1.043990772457368E-4,0.00342985112498791,1.1591957891791266E-4,9.550686384905272E-5,4.396553280995401E-5,6.383912103114629E-4,1.1570180797656221E-4,8.343245830589064E-5,0.008258579619226662,1.2662590879845634E-5,9.259151175491947E-5,1.0,0.0032389638520642383,1.309370509484559E-4,0.021642672759133324,4.176328854801876E-5,5.5906863315176654E-5,6.48568425077694E-5,2.1371568410470387E-5,9.437543654026893E-4,0.0025178390705992235,3.3005949163390314E-5,0.00602595716041584,4.075571242328563E-5,0.013675130387202031,2.9709506577723755E-5,8.17783214989036E-4,1.878324514058412E-4,8.825327071292424E-5,4.360015393226154E-5,0.0018923492749881377,3.376441596927688E-5,2.749082844645574E-4,7.382256852574335E-4,0.001096054601594392,2.4020229710674985E-5,2.264579449712055E-5,5.131716423744536E-4,0.0013400163496591726,0.004195476578387152,0.011752860720915491,6.153807851076625E-5,1.8068529343469784E-5,1.8257838824112257E-4,0.008387894691455233,3.987801343310916E-5,2.531561026828737E-4],[0.0031322450809414294,0.0014368723330186921,0.004065899651294467,3.7215542778183154E-4,0.0023093308627781636,0.0011242705200469548,0.006326509151949235,6.305746946185165E-4,0.0015117576023966162,0.009620443734915312,0.0016893156922657493,1.0702487607279643E-4,0.0032389638520642383,1.0,0.003947102398363484,0.011074367892971764,0.0012297637897407416,0.002922943440847372,0.0020571783033354963,6.128321386421824E-4,0.003588245057440044,0.004029939392678491,0.0022261027949711685,0.010265418889349622,0.0044194867912036966,0.007370367471664604,0.004469444433904985,0.0019373633412972707,0.002242982779838088,1.4117232760452463E-4,0.003386114362965735,0.004044158105079078,8.215949311179732E-4,0.0032825952001585266,0.0036641249478650472,0.003990660196149404,0.002095728512463934,5.952950679104175E-4,0.0044590988690833165,0.0038630677625346947,0.015935799902566203,0.0062150154559606876,0.0028471126667771766,9.520876354164497E-4,0.001204696670001773,0.00861274933466279,0.0023329595630450354,0.0015111290117743319],[5.761875271974533E-5,2.3311231785033286E-4,0.0011931919030908915,1.2327288971763424E-4,1.1631461209994233E-4,1.409214880644656E-4,0.007652192783832838,1.372991802966283E-4,1.3826948462910944E-4,0.009330144022306976,1.4061203559473585E-5,1.3702928670272844E-4,1.309370509484559E-4,0.003947102398363484,1.0,0.014871852505843232,1.0714280658369693E-4,7.50588676687373E-5,1.3597896673847733E-4,1.4413327549348353E-5,2.40906487990419E-4,0.0031926039981378346,9.523816112864099E-5,0.011542357326919968,1.1288905029668538E-4,0.002888497861989774,4.780774946495064E-5,7.94779622400887E-4,1.90455099707637E-4,1.4346795627834765E-4,1.1901764253269013E-4,0.001066820371296545,8.857417809118718E-5,2.9311244410948323E-4,5.955345352419145E-4,0.0019625607150505456,1.2289901438659743E-4,3.5503675714123085E-5,8.775443101957345E-4,5.802195653461589E-4,4.952991392562513E-4,0.003163574481870612,2.283204815444303E-4,1.1309972245047566E-4,2.0163386784611802E-4,0.001393995383480818,1.310674008756006E-4,4.695739958992057E-4],[0.019126548405543377,0.015804259333663216,0.014361236442997392,0.006581932335475188,0.022486176110213234,0.004599532900650477,0.0223459848882564,0.01014603625195097,0.013866488985601378,0.021691226803229918,0.015036473449615576,0.021298974301196084,0.021642672759133324,0.011074367892971764,0.014871852505843232,1.0,0.015750012546919663,0.0013534345959887763,0.011852712103690962,0.010378959275451606,0.007471223533072058,0.011777801919994394,9.291435525892327E-4,0.021505473612638024,0.002627387628835123,0.021858451019716438,0.021149996720940915,0.014604582093087999,0.009155882997790904,0.017888168813835148,0.010531002210268753,0.018431818545019192,0.009134746841032241,0.012971016497645052,0.021610363954337602,0.021839684766817115,0.0014757176593743402,0.002717213990583829,0.005692367223448453,0.015005407522542426,0.01921216896998557,0.02113779513285912,0.01997151746797798,0.003233799595289585,0.013646611735506879,0.019338011826894826,0.020812270092065252,0.0017177764331507898],[7.456944957292454E-5,2.0285189676133672E-4,0.0027917720239660324,1.0457828152810049E-4,9.924681512596009E-5,9.850273065667831E-5,0.007346632204348234,1.123577951738226E-4,1.0688365497525818E-4,0.005785804299084642,3.349162946024892E-5,9.626868878484579E-5,4.176328854801876E-5,0.0012297637897407416,1.0714280658369693E-4,0.015750012546919663,1.0,8.148303752474798E-5,1.045068190636986E-4,8.114627303077397E-5,0.0025730085625961857,0.0031665933269190505,3.130400276464891E-5,0.01025100750993185,8.794596915651882E-5,0.004431770852034022,3.543016356530383E-5,7.230316842894301E-4,2.671084352524121E-4,1.2419585165792784E-4,1.1700835628463904E-4,0.0015174547053487,9.575269502315378E-5,2.3536172948225557E-4,0.001989499976543152,6.658058684727893E-4,4.452041680547922E-5,7.291340054536791E-5,2.0026998435289687E-4,0.0010677901659874268,0.008070869412788532,0.011820254184830554,1.9435771099556568E-4,6.400055227813425E-5,1.3055705226298794E-4,0.011657476224489214,8.262888944958497E-5,4.1599939040809367E-4],[1.730284591234156E-5,2.0266561342809026E-4,0.0024063906345001057,7.877897872857454E-5,9.859620553672068E-5,9.042404970516795E-5,0.0012081486648658278,1.1929610209437349E-4,6.41448505076402E-5,0.00137528734711151,5.7760900469217246E-5,7.452393359748767E-5,5.5906863315176654E-5,0.002922943440847372,7.50588676687373E-5,0.0013534345959887763,8.148303752474798E-5,1.0,7.855015023733146E-5,6.202081740958931E-5,0.002780117510801332,0.003757482978421457,6.128452477540929E-5,0.0012929502081733006,4.841212574063712E-5,0.015578107595022168,4.393813899363697E-5,4.190071939821446E-4,1.3001455381253041E-4,1.0411419621649459E-4,7.920934981584294E-5,0.0022017336368021887,5.7777359992741786E-5,2.2932736504859826E-4,0.00126144299401521,0.002184989306746591,5.1598962993123316E-5,5.0024358986368776E-5,0.0018890859247843485,6.244533787500241E-4,0.002075112858882418,0.006024105243455286,7.445445375638048E-5,6.100426718599821E-5,7.333161838374553E-5,0.0051182215367755034,4.150492658643482E-5,1.2101870886416675E-4],[4.313746535600017E-5,2.3607825147772078E-4,8.23780917367217E-4,1.1696000479694343E-4,1.0953784152685182E-4,1.2122194903125434E-4,0.006217514594377073,1.1781081235008606E-4,1.1384901790101285E-4,0.0057430494197597435,5.436637025743409E-5,1.0806446348620436E-4,6.48568425077694E-5,0.0020571783033354963,1.3597896673847733E-4,0.011852712103690962,1.045068190636986E-4,7.855015023733146E-5,1.0,3.743785848201159E-5,0.002237485102026054,0.0035386045626970577,9.537692800692263E-5,0.009399102526488724,1.1125900754821742E-4,0.012405354943024017,7.071454874218306E-5,3.710701011575574E-4,2.323212339628925E-4,1.2466230539974138E-4,1.1683597297505094E-4,0.0021020330820156453,7.453531643662875E-5,2.990439531793498E-4,5.922461150401315E-4,8.58563585133624E-4,6.91965761413837E-5,3.886940541961663E-5,5.843116748779345E-4,1.4307941216411157E-4,0.014582296902283657,0.004628956889737282,2.870904135696553E-4,1.0814557885082578E-4,1.866452196713737E-4,0.005528919363480265,1.1031947101950413E-4,4.138787400131459E-4],[1.160588862807988E-5,2.6970689577138874E-5,2.3897144524567904E-4,4.294623181197806E-5,7.47788861959535E-5,5.6992509428244095E-5,0.005066987811149116,6.899044773254165E-5,2.9161830433895458E-5,0.0036391398033883,1.158845944961152E-5,4.8757141957229664E-5,2.1371568410470387E-5,6.128321386421824E-4,1.4413327549348353E-5,0.010378959275451606,8.114627303077397E-5,6.202081740958931E-5,3.743785848201159E-5,1.0,0.0029006965687173375,0.0037472134472637916,1.1340775143213422E-5,0.006864286223061065,1.8174125092129434E-5,0.013420954201744365,1.8066268872005382E-5,2.6347134291798615E-4,2.135899064732625E-4,3.100821729757946E-5,2.516285182102353E-5,0.002137350020128616,1.7835587271806327E-5,2.7059368654212704E-4,0.00117504663458452,0.0022365881702033235,1.2348377136897876E-5,1.1251907834127139E-5,0.0029873375509322214,5.631484422804998E-4,0.016868826716811045,0.005399264814712023,3.1477492452048163E-4,1.192070159793553E-5,7.108032850413565E-5,0.006645189994397468,3.742951349859983E-5,9.933163099805056E-5],[0.0027535954120870803,4.233641013797743E-4,0.0032404508549700372,0.0026165804349177705,4.638173493429713E-4,9.303221392444094E-4,0.004216434030404767,4.921068376111256E-4,0.002735727660900418,0.005796938902383417,0.0018334836858190393,0.0017081055444961991,9.437543654026893E-4,0.003588245057440044,2.40906487990419E-4,0.007471223533072058,0.0025730085625961857,0.002780117510801332,0.002237485102026054,0.0029006965687173375,1.0,0.003629408583896381,0.0020757541336022685,0.0039634554548795406,0.0021657793944490963,0.006002150228116104,9.426871436747803E-4,0.002957437276490963,0.002628971832674653,5.50732249710032E-4,4.0458394626501494E-4,0.003151259362309306,0.0011615669055241795,0.001539760978550391,0.002639776382752769,0.0031868059402722555,0.0026900472130940377,4.76867016861512E-4,0.0033385851072362245,0.0017879592991522032,0.01738892473774005,0.004817659796872177,6.544130742153969E-4,0.0032092405503200117,7.337765900043282E-4,0.010164610820785583,8.734979323325752E-4,0.0011567399863652444],[0.002745446396260763,0.0017766259041727414,0.003816793893129771,0.0016437805618957889,0.0025523677035407632,0.0024020168543709007,0.008848364349229596,0.002350199566368653,0.003215024415483779,0.0048686414658469885,0.0010669989754991318,0.003617327670852985,0.0025178390705992235,0.004029939392678491,0.0031926039981378346,0.011777801919994394,0.0031665933269190505,0.003757482978421457,0.0035386045626970577,0.0037472134472637916,0.003629408583896381,1.0,0.0023290203709878258,0.011788821786353617,0.0013324065509803707,0.00454863976809965,0.0032518283762393474,0.003751715993865465,7.131367547211084E-4,0.0035732394764365835,0.0017157406768955469,0.002675232439584552,0.001770692965872198,0.0027929801630841447,0.003461230821126729,0.0036144141954798916,0.0021756155724089025,0.0013559347436520929,0.003809527062365301,0.0021018101423312023,0.014996418136474225,0.011687691416239293,0.001942512609151225,0.0013677468543414474,5.807745322103915E-4,0.008833241239313,0.0030259634253402257,0.0027619084602998312],[1.1840567076531878E-5,2.2989129824023906E-4,6.750730484602747E-4,6.233668760244636E-5,2.7087329600976202E-5,1.1773971028393484E-4,0.00603735218863058,1.1231231493722608E-4,1.0038677916397898E-4,0.0012619613011358912,1.175804815116898E-5,3.5632214915574785E-5,3.3005949163390314E-5,0.0022261027949711685,9.523816112864099E-5,9.291435525892327E-4,3.130400276464891E-5,6.128452477540929E-5,9.537692800692263E-5,1.1340775143213422E-5,0.0020757541336022685,0.0023290203709878258,1.0,0.00716467139196228,3.3553720796907724E-5,5.301161375086291E-4,1.2667387586522368E-5,6.186132092582696E-4,1.5712644126626647E-4,1.0684178558297862E-4,8.50271350040965E-5,0.0016237563994968235,1.6580729175800954E-5,1.236608158018206E-4,6.414979891486114E-4,0.001651942663214799,1.3484212482855395E-5,1.1316305353137583E-5,2.6979250560765853E-4,9.815720405486996E-4,0.010465528577627246,0.004263499373759197,9.701682249992011E-5,1.2481476916690298E-5,8.530019632473352E-5,0.009566288682367186,1.2336815553578631E-5,2.3167612812627605E-4],[1.7933654665289208E-4,0.0070734715515306515,0.006308762538097602,3.297112227725577E-4,0.01032071131606075,0.004467807166065792,0.011450511509901807,0.0032797090147630476,0.005648944835981773,0.012559285405298415,0.012112762919345488,0.012712089850414346,0.00602595716041584,0.010265418889349622,0.011542357326919968,0.021505473612638024,0.01025100750993185,0.0012929502081733006,0.009399102526488724,0.006864286223061065,0.0039634554548795406,0.011788821786353617,0.00716467139196228,1.0,0.005331060158316202,0.014320213924982391,0.007217905722344652,0.012618026837540356,0.0018404965308371616,0.011031768505899122,0.004057336976902837,0.012204907127810555,0.012603790791598218,0.004947689803024778,0.011426108199313008,0.0027351902672741748,0.0014608067940655872,0.006900785755728028,0.007521828517134924,0.0034874999215228795,0.017855048049683665,0.013157894736842105,0.011162474779698478,0.009945684592690539,0.01117047153493977,0.012503863974959175,0.0040872632411711445,0.009635232086961352],[2.9946755168300747E-5,5.475276775992775E-5,0.0018091119443418772,5.3606586567646554E-5,5.874791888980394E-5,1.1444105701719526E-4,0.008932539182596375,1.0765062408286776E-4,7.860634038872694E-5,7.540332143636596E-4,4.464301143195929E-5,6.004314759656052E-5,4.075571242328563E-5,0.0044194867912036966,1.1288905029668538E-4,0.002627387628835123,8.794596915651882E-5,4.841212574063712E-5,1.1125900754821742E-4,1.8174125092129434E-5,0.0021657793944490963,0.0013324065509803707,3.3553720796907724E-5,0.005331060158316202,1.0,0.008757530427445264,4.4861929101264474E-5,5.693628607378323E-4,8.767153015627554E-5,8.493353155049033E-5,7.337491294228428E-5,0.0013228656452728212,3.9583119151495437E-5,1.368316187468462E-4,5.654573144167161E-4,0.001408803029108287,3.270871079641725E-5,3.622705385765326E-5,4.859130040104724E-4,0.0013786740667278167,0.01199239535867104,2.2862798716418852E-4,3.698522180515122E-4,1.4320910360339772E-5,5.479398634441641E-5,0.007451660549853865,4.4855357263731114E-5,2.9257774571663295E-4],[0.010899958228965924,0.0016788050595957474,0.010587792824809806,0.015675814205116677,0.0017620713626274056,0.001100139611739739,0.0127954694984556,0.007131359292118984,0.0013672191470899778,0.013481827825265935,0.0016150829682753808,0.003264572886364283,0.013675130387202031,0.007370367471664604,0.002888497861989774,0.021858451019716438,0.004431770852034022,0.015578107595022168,0.012405354943024017,0.013420954201744365,0.006002150228116104,0.00454863976809965,5.301161375086291E-4,0.014320213924982391,0.008757530427445264,1.0,0.004102270303196164,0.004294165280568038,0.012324079927704791,0.001185493027953147,0.003296081631540967,0.012479221588595185,0.0024184606868003955,0.0017907499349930122,0.002755824555443781,0.005508043929182223,0.01323138919335064,0.01665850208528088,0.004529239871955893,0.01504204429693226,0.017253067655048308,0.015233938984887454,0.0065707801739260455,0.014109766323919777,0.0016228840952901564,0.013176128144606482,6.873055054976907E-4,0.0067604254282478],[2.005948191814493E-5,2.0310544094355156E-4,6.526848433460219E-4,2.6345396300664986E-5,3.2052730800737475E-5,7.752375995105887E-5,0.009101487145676004,5.495015103609992E-5,4.030923817702088E-5,0.0014221077508999053,1.6759022881706746E-5,2.460978839898376E-5,2.9709506577723755E-5,0.004469444433904985,4.780774946495064E-5,0.021149996720940915,3.543016356530383E-5,4.393813899363697E-5,7.071454874218306E-5,1.8066268872005382E-5,9.426871436747803E-4,0.0032518283762393474,1.2667387586522368E-5,0.007217905722344652,4.4861929101264474E-5,0.004102270303196164,1.0,8.510632398575457E-4,2.573649900448373E-4,1.0057529480950732E-4,3.9505038928154817E-5,3.869873750601308E-4,2.474720205350179E-5,2.3024349748702465E-4,4.2810854532923307E-4,1.4355229310397997E-4,2.1210782800580462E-5,1.3737305350498868E-5,0.0031677130800089317,3.056852313382856E-4,0.014734363250591414,0.004274622804278457,3.6849447456468575E-4,1.7914259095926847E-5,2.5209069206630642E-5,5.159715300570717E-4,3.0515724806591246E-5,2.0060716952011452E-4],[5.421462852733831E-4,9.241280195434132E-4,0.003577686000522674,6.589209415199018E-4,5.936304819495694E-4,1.9876609471960186E-4,0.0017708155514434805,6.948173336537504E-4,5.755229659575376E-4,0.00737461978812623,3.2058692652143643E-4,3.624027974562504E-4,8.17783214989036E-4,0.0019373633412972707,7.94779622400887E-4,0.014604582093087999,7.230316842894301E-4,4.190071939821446E-4,3.710701011575574E-4,2.6347134291798615E-4,0.002957437276490963,0.003751715993865465,6.186132092582696E-4,0.012618026837540356,5.693628607378323E-4,0.004294165280568038,8.510632398575457E-4,1.0,5.270590962385108E-4,7.481314608122762E-4,4.7294782182794346E-4,0.00197288163983889,1.606619347626057E-4,0.001046577101965315,0.0017660659468320258,0.0011772465235645288,3.842753789596246E-4,6.002847265606202E-4,0.003703822055706826,0.0012760533237411594,0.011853506945753245,0.004391928193945516,4.61004674862989E-4,2.1234220393604616E-4,3.795577692611838E-4,0.011456131692208577,4.430611816428433E-4,5.329756669817016E-4],[3.369718076081219E-5,3.5874780197480696E-4,0.0037614242872016437,2.481284942940773E-4,2.3183673137380307E-4,2.5064355840451804E-4,0.005564996928535195,2.463796646601002E-4,1.4440661139265588E-4,0.010309950212875849,1.7100572627101857E-4,2.724570785575315E-4,1.878324514058412E-4,0.002242982779838088,1.90455099707637E-4,0.009155882997790904,2.671084352524121E-4,1.3001455381253041E-4,2.323212339628925E-4,2.135899064732625E-4,0.002628971832674653,7.131367547211084E-4,1.5712644126626647E-4,0.0018404965308371616,8.767153015627554E-5,0.012324079927704791,2.573649900448373E-4,5.270590962385108E-4,1.0,1.363639184727044E-4,2.967264192675315E-4,0.002423855258449923,5.2583992034683446E-5,3.0316715862186165E-4,0.0015032322456649807,0.0021870724912876225,3.389283762400927E-5,1.1324062917814396E-4,0.0033138462302756766,8.747556252900318E-4,0.011414417475729771,0.005756798166953405,2.9898835850092977E-4,6.721954913610079E-5,2.851371710822561E-4,0.008221177292012665,2.222963318531238E-4,3.379697986091004E-4],[9.703373293753781E-5,1.6349689323264273E-4,3.4805540359309937E-4,1.2804534312235E-4,1.1456596662816386E-4,1.2584781866547238E-4,0.0038989521304217344,1.2668940225856089E-4,1.1812991719272942E-4,0.011394855053038035,1.2311830250411845E-5,1.1389844866897332E-4,8.825327071292424E-5,1.4117232760452463E-4,1.4346795627834765E-4,0.017888168813835148,1.2419585165792784E-4,1.0411419621649459E-4,1.2466230539974138E-4,3.100821729757946E-5,5.50732249710032E-4,0.0035732394764365835,1.0684178558297862E-4,0.011031768505899122,8.493353155049033E-5,0.001185493027953147,1.0057529480950732E-4,7.481314608122762E-4,1.363639184727044E-4,1.0,1.1891768496949299E-4,0.0010330840619491783,5.15856280236798E-5,1.6562507648268678E-4,0.0010679788635808952,0.0016073922447303317,2.7612860038792386E-5,6.659381834496105E-5,0.002419000894853943,9.067284651750033E-4,0.005326452867237626,0.005988159938732091,2.2996557890609182E-4,1.133183362211214E-4,1.779911105224613E-4,0.007383041472234379,9.118649465977912E-5,3.9195536891195896E-4],[1.1743205915414641E-4,3.544914445731196E-4,0.0028107821051724996,1.183069233739531E-4,1.1529358511379138E-4,1.2133252461004625E-4,0.010588389283071294,1.1852385815887694E-4,1.118028681973957E-4,0.0032477980479032244,4.1988787642205444E-5,1.0624591999181806E-4,4.360015393226154E-5,0.003386114362965735,1.1901764253269013E-4,0.010531002210268753,1.1700835628463904E-4,7.920934981584294E-5,1.1683597297505094E-4,2.516285182102353E-5,4.0458394626501494E-4,0.0017157406768955469,8.50271350040965E-5,0.004057336976902837,7.337491294228428E-5,0.003296081631540967,3.9505038928154817E-5,4.7294782182794346E-4,2.967264192675315E-4,1.1891768496949299E-4,1.0,0.0012622498678521476,1.1036150757228917E-4,1.7540768477963123E-4,0.0012382462387532174,1.577806498721171E-4,7.460599490710427E-5,7.247388848208803E-5,0.0027285282209461885,0.0010145858261034792,0.005022261822145558,0.004359913530388794,3.2118936087241647E-4,5.592426797143409E-5,1.5835644511209975E-4,0.004624845044577196,4.110290058773042E-5,4.0151353718965175E-4],[8.033396229375657E-4,0.002354862142983045,0.0027963711111442294,4.3293912807718874E-4,0.0014656804042602872,5.545850859086401E-4,0.006754535276402692,0.002489384238810633,3.735541869196331E-4,0.008377362429835219,0.0015423207948349026,0.0013679772100881973,0.0018923492749881377,0.004044158105079078,0.001066820371296545,0.018431818545019192,0.0015174547053487,0.0022017336368021887,0.0021020330820156453,0.002137350020128616,0.003151259362309306,0.002675232439584552,0.0016237563994968235,0.012204907127810555,0.0013228656452728212,0.012479221588595185,3.869873750601308E-4,0.00197288163983889,0.002423855258449923,0.0010330840619491783,0.0012622498678521476,1.0,0.002421405298865144,0.0013403350206060952,0.002479704367351078,0.002476401298134069,0.0019928674668577206,0.0020802509946987314,0.003277195154251267,0.0018579908266776783,0.009241110025465547,0.007599206814716595,0.0013441146916753494,0.0014756420026725329,9.921922490715995E-4,0.006710282695530101,0.0016692141313353615,6.400072152471545E-4],[1.349186191104443E-5,3.6359847935308264E-4,0.002342136219112099,9.771501948674786E-5,5.269162992590921E-5,1.1149759231676899E-4,0.005764356281472498,1.0209840858070064E-4,5.5002073337015185E-5,0.005544344346706142,2.3856455516005337E-5,6.351225409918206E-5,3.376441596927688E-5,8.215949311179732E-4,8.857417809118718E-5,0.009134746841032241,9.575269502315378E-5,5.7777359992741786E-5,7.453531643662875E-5,1.7835587271806327E-5,0.0011615669055241795,0.001770692965872198,1.6580729175800954E-5,0.012603790791598218,3.9583119151495437E-5,0.0024184606868003955,2.474720205350179E-5,1.606619347626057E-4,5.2583992034683446E-5,5.15856280236798E-5,1.1036150757228917E-4,0.002421405298865144,1.0,2.262412505862831E-4,0.0010714324341498283,0.0017397822637177929,2.629575076905197E-5,2.7845525524024588E-5,8.672996754649242E-4,3.3005160032786873E-4,0.012318888657561556,0.00911907815961349,5.2780431133513384E-5,2.4456560410668925E-5,4.590200288835081E-5,0.010024931300269019,3.3412933994977785E-5,4.490226861045913E-4],[4.845628089401032E-5,3.512320173978692E-4,0.00227071141106702,1.709247017323212E-4,2.9625755689322226E-4,1.575398666168261E-4,0.0035998158783593793,2.1188645273304446E-4,1.8772732777447645E-4,0.0032853173856272704,2.881654283544581E-4,1.542290141946043E-4,2.749082844645574E-4,0.0032825952001585266,2.9311244410948323E-4,0.012971016497645052,2.3536172948225557E-4,2.2932736504859826E-4,2.990439531793498E-4,2.7059368654212704E-4,0.001539760978550391,0.0027929801630841447,1.236608158018206E-4,0.004947689803024778,1.368316187468462E-4,0.0017907499349930122,2.3024349748702465E-4,0.001046577101965315,3.0316715862186165E-4,1.6562507648268678E-4,1.7540768477963123E-4,0.0013403350206060952,2.262412505862831E-4,1.0,0.002417709790050468,0.001861873701718153,9.838595654665307E-5,1.5504737617835212E-4,0.0019289396482478096,8.510284040071283E-4,0.005972585297243408,0.012747366814232849,3.321250872285491E-4,2.8084653799928224E-4,3.2790146057681623E-4,0.0044767001210078705,3.036020871991136E-4,4.0334843293843157E-4],[2.28870293891376E-4,4.142477271914174E-4,0.002910547303805181,0.0016430539120971413,0.001185832120826948,2.0354114832329476E-4,0.0032578749553640075,5.544763016403748E-4,0.0016525437221009487,0.004364233231848144,0.0011027275399023882,0.0021822337322039173,7.382256852574335E-4,0.0036641249478650472,5.955345352419145E-4,0.021610363954337602,0.001989499976543152,0.00126144299401521,5.922461150401315E-4,0.00117504663458452,0.002639776382752769,0.003461230821126729,6.414979891486114E-4,0.011426108199313008,5.654573144167161E-4,0.002755824555443781,4.2810854532923307E-4,0.0017660659468320258,0.0015032322456649807,0.0010679788635808952,0.0012382462387532174,0.002479704367351078,0.0010714324341498283,0.002417709790050468,1.0,0.0024521280897887125,2.1019710501678194E-4,0.0012400855181032434,0.003353915232019577,0.0023879552280530675,0.012830579348171268,0.009120051947341173,0.0011166150822093791,0.001891604665710731,9.01320862265159E-4,0.006780149926684206,0.0012387890038231047,0.0021221839618751717],[0.0013017464043940299,0.002024881700833459,0.0023018522597978573,0.001134946016305297,0.001132833328356701,6.059453113938543E-4,0.010478898865654604,0.0018081230299126507,0.001973829399227855,0.002901619343208349,0.0013814907765304066,0.0014753352253150786,0.001096054601594392,0.003990660196149404,0.0019625607150505456,0.021839684766817115,6.658058684727893E-4,0.002184989306746591,8.58563585133624E-4,0.0022365881702033235,0.0031868059402722555,0.0036144141954798916,0.001651942663214799,0.0027351902672741748,0.001408803029108287,0.005508043929182223,1.4355229310397997E-4,0.0011772465235645288,0.0021870724912876225,0.0016073922447303317,1.577806498721171E-4,0.002476401298134069,0.0017397822637177929,0.001861873701718153,0.0024521280897887125,1.0,6.207382289790529E-4,0.0019193106416737057,0.003355522161862141,0.0015898706826807658,0.005344795156768404,0.004655298079924312,0.0020556886148193226,5.55211049674898E-4,0.0017447500962181539,0.006875239057157544,2.302912929684011E-4,0.0017690117325974654],[1.9789851127260078E-5,1.3411514910411268E-4,0.0014887204261594272,7.559490827972015E-5,2.979154633009158E-5,8.721880967809636E-5,0.006825971157193777,1.1643908976660265E-4,5.373383872008111E-5,0.004834385435233119,1.898402226362363E-5,2.9508381864456495E-5,2.4020229710674985E-5,0.002095728512463934,1.2289901438659743E-4,0.0014757176593743402,4.452041680547922E-5,5.1598962993123316E-5,6.91965761413837E-5,1.2348377136897876E-5,0.0026900472130940377,0.0021756155724089025,1.3484212482855395E-5,0.0014608067940655872,3.270871079641725E-5,0.01323138919335064,2.1210782800580462E-5,3.842753789596246E-4,3.389283762400927E-5,2.7612860038792386E-5,7.460599490710427E-5,0.0019928674668577206,2.629575076905197E-5,9.838595654665307E-5,2.1019710501678194E-4,6.207382289790529E-4,1.0,1.5184845951956682E-5,0.002193304217172294,0.0010148883135639788,0.007476676913762643,8.091171427082882E-5,3.138198521395695E-4,1.5403691224306473E-5,1.050755944938329E-4,0.002997465953346693,3.3784068833911865E-5,4.451612221970377E-4],[1.1209296010690578E-5,3.0547518733022423E-4,0.003706077584335155,5.302681580157925E-5,9.370368601037749E-5,1.0294592157958474E-4,0.001986565151669531,3.724104064550869E-5,5.019497264395398E-5,0.0016333714429388273,1.1502200085204714E-5,5.4025310257423253E-5,2.264579449712055E-5,5.952950679104175E-4,3.5503675714123085E-5,0.002717213990583829,7.291340054536791E-5,5.0024358986368776E-5,3.886940541961663E-5,1.1251907834127139E-5,4.76867016861512E-4,0.0013559347436520929,1.1316305353137583E-5,0.006900785755728028,3.622705385765326E-5,0.01665850208528088,1.3737305350498868E-5,6.002847265606202E-4,1.1324062917814396E-4,6.659381834496105E-5,7.247388848208803E-5,0.0020802509946987314,2.7845525524024588E-5,1.5504737617835212E-4,0.0012400855181032434,0.0019193106416737057,1.5184845951956682E-5,1.0,5.016834642705689E-4,0.001158099996090537,0.010355845177840911,9.985796016080278E-4,2.66210315945253E-4,1.1906727252490985E-5,1.0628051320262027E-4,0.006912623821425569,1.6597788606892438E-5,2.057663989214039E-4],[0.0013809785679259018,6.636890688252858E-4,0.0038126356978492406,0.002206342099102463,0.0017715912292710614,0.0024607971230337874,0.008770571208796612,0.0029885656325362234,8.754983780829338E-4,0.010521380891100881,0.0030920131589966078,0.002241117515857714,5.131716423744536E-4,0.0044590988690833165,8.775443101957345E-4,0.005692367223448453,2.0026998435289687E-4,0.0018890859247843485,5.843116748779345E-4,0.0029873375509322214,0.0033385851072362245,0.003809527062365301,2.6979250560765853E-4,0.007521828517134924,4.859130040104724E-4,0.004529239871955893,0.0031677130800089317,0.003703822055706826,0.0033138462302756766,0.002419000894853943,0.0027285282209461885,0.003277195154251267,8.672996754649242E-4,0.0019289396482478096,0.003353915232019577,0.003355522161862141,0.002193304217172294,5.016834642705689E-4,1.0,0.0014967076754465976,0.010394300852705044,0.009428835487761415,0.0013279610749408887,0.0019788037469631184,0.003281046900814463,0.007184947208545468,0.0010714910283408535,0.0027181994017184325],[0.0012072111463651827,8.737521177071791E-4,0.0028065050923424587,4.374555844612665E-4,3.3615676110450315E-4,4.708413042572659E-4,0.0020772084385594857,4.8161400242071716E-4,3.915451127860109E-4,0.008101661614967254,4.298480626956794E-4,4.684029158446184E-4,0.0013400163496591726,0.0038630677625346947,5.802195653461589E-4,0.015005407522542426,0.0010677901659874268,6.244533787500241E-4,1.4307941216411157E-4,5.631484422804998E-4,0.0017879592991522032,0.0021018101423312023,9.815720405486996E-4,0.0034874999215228795,0.0013786740667278167,0.01504204429693226,3.056852313382856E-4,0.0012760533237411594,8.747556252900318E-4,9.067284651750033E-4