[[1.0,0.015570799139447204,0.013214803613005905,0.015252050956906934,0.01146262972286476,0.010158345433939083,0.013238277054786456,0.007508791573562043,0.00835577337405192,9.358155729938224E-4,0.008447060692539792,0.009565382995868411,0.008254579413414247,0.006127342888228174,0.0069196005654893885,0.013204804657348242,0.007494812750040455,0.009749061483402616,0.01354908285757482,0.01298025004622514,9.395138223903673E-4,0.011732812097817125,0.015137835008321356,0.006097939054583415,0.004042361205557514,0.008334067428287403,0.019112404886723472,0.011248931943434027,0.01241525526247751,0.004005659105624439,0.0032640187749292146,0.028383615955289918,0.0034088582775164953,0.014689386436931077,0.00909338573321196,0.003963162144529351,0.015745399780087987,0.012940800065842452,5.663743976700823E-4,0.013160482075296758,0.00668856290127365,2.4103659205294473E-4,0.005902328878431328,0.005720502511549181,0.039510805155366556,0.008707904107331943,0.007246703438482039,0.0036367100181870834,0.04263059611852041,0.009751261101311597,0.00697612195443703,0.01173965663304122,0.004169653838545146,0.012242297175476181,0.008597512241177234,0.008264310088175497,0.013951393432995972],[0.015570799139447204,1.0,0.0039125675319009005,0.006607316490800362,9.941821195813228E-4,8.78710292902418E-4,0.0025061826607857404,0.0022677143121760087,0.002694242708846266,0.0022197448172425176,0.002332057396757456,0.0015052123216253153,0.002877748807097582,7.221278542307007E-4,0.0013316038103248495,0.002227344088085277,0.0021652232108398386,7.286733049648778E-4,0.0020129868701053624,0.002135599948559036,0.001954797983976922,0.0034989472050302095,0.0019290503216992624,0.005519097097219464,0.0017232506241279017,0.003273458141878358,0.005314446403357426,0.00204183973520572,0.00256783880702672,0.0019551166390651274,0.001809911057740098,0.022635122365253127,0.0020787657190013743,0.007980456278601472,9.924407128184057E-4,0.0016643476851044353,0.012776581259259507,0.0022864883612528507,0.0026472630719526742,0.0037375351967908407,0.0012323911518531282,0.002336454881004207,0.0014532531889285725,7.979845750765973E-4,0.03922899162060564,0.002107415324405677,0.002784532338587403,2.979356364197088E-4,0.009815036048339828,0.0026855838773003154,0.00185637815020063,0.0010533305627472322,0.001889601627621241,2.9154833866223826E-4,0.002700094510415051,0.0025600286824996716,6.842491403094458E-4],[0.013214803613005905,0.0039125675319009005,1.0,0.014014069461923604,0.009587807878317119,0.005578058334725383,0.007512061344185528,0.011340815840390577,0.010310547025467867,0.005336642904707422,0.00292637867796127,0.007217645676701835,0.00482275915842634,0.004651145364428181,0.008578684023377086,0.007798486561973949,0.010426032072949919,0.0024051080735967094,0.009809007440679422,0.0015197238093774537,0.010789987140062293,0.010106325413728644,0.0025576742165611156,0.012729726065457614,0.010035504327438605,0.007617966700463975,0.01741889827614196,0.0061271684384775335,0.009348461422591981,0.010315115645973191,0.00725750701042135,0.024867769473500057,0.010320758718803513,0.01270889674012414,0.0029966147198502205,0.004937667469876865,0.014327537244987913,0.0050868136063212605,8.221623082568883E-4,0.007149211427780606,0.0038652646200094246,0.00984451703295236,0.012661372256252896,0.010713979565976813,0.04166791613553558,0.01254863092397404,0.0031016212779313994,0.0031424957023726994,0.019631991765981557,0.00959428673791184,0.005080745983132898,0.008802608823941939,0.006770615922689234,0.007623206170475545,0.007342010274037004,0.003407136248003221,9.9475952040627E-4],[0.015252050956906934,0.006607316490800362,0.014014069461923604,1.0,0.003911792231531202,0.006062326175785185,0.0013392938454274365,0.005819971805820369,0.01055304237299033,0.01374240714542358,0.001269527536387176,0.014638141714301993,0.012511945096483375,0.010820719147976356,0.0010623125586956459,0.0017946603686972182,0.014454605358086644,0.013639837621186991,0.00835849921198596,0.0044211528840862905,0.006653739074289839,0.006128886332197396,0.0010391141291318895,0.006345907420031432,0.0026488875054515456,0.013222415562217659,0.016682298687998545,0.006736013689667651,0.015101263699958187,0.007777772290379516,0.005035318688369886,0.017336791791383217,0.0055196671603063695,0.011136454864576368,0.004472670429961383,0.012123224692703988,0.015897362363571168,0.001892590448819786,0.00783284063628068,0.014924326414238926,0.012576740664884229,0.010689656838787687,0.0056805542905159325,0.010952551170231204,0.024886798352580168,0.01165629057691217,0.010883373361533282,0.006796550194997325,0.040012083670488016,0.007565092604043615,0.012076314834063944,0.008432389399677921,0.011415254044383863,0.00803301867854026,0.013488448843955083,0.014795175205505471,0.014525979107454902],[0.01146262972286476,9.941821195813228E-4,0.009587807878317119,0.003911792231531202,1.0,1.884570878245301E-4,1.1609841566461102E-4,9.140749065080204E-5,0.0014076815770574132,4.5159734499544633E-5,5.692193188796623E-5,1.6825017584840054E-4,6.911692199456194E-5,3.553186003579955E-5,7.71138911497096E-5,2.0693423401258875E-4,2.9121340788088417E-5,5.3648714440559134E-5,4.3212057943909873E-4,1.69642287210794E-4,1.3653843750986215E-4,0.0012890585552871024,3.8758720020855774E-5,0.0014578639755086136,2.3207065795463807E-5,0.0015931797019678895,0.01283103482837046,3.38137740691158E-4,0.0015306680710622934,3.1389113606906245E-5,1.1800878487918051E-5,0.02487319498749879,5.5499474113333064E-5,0.0077930210930714835,4.0774876445851E-5,2.2310889095295878E-4,0.004811180406608863,8.306668389978085E-5,2.9658262735654853E-5,0.004169299644656132,1.2095830119501495E-4,2.9198560749595745E-5,8.166314355972918E-4,3.0994454535158245E-5,0.04293559781978695,8.519472208858722E-4,3.8770115248174376E-4,3.0363111083542972E-5,0.005437085595526421,1.2297961489725974E-4,8.10049875578187E-5,8.703153129835858E-5,5.5806546990176475E-5,1.970627565074085E-5,1.1541293916613918E-4,7.163926092136053E-4,1.2137972387774895E-4],[0.010158345433939083,8.78710292902418E-4,0.005578058334725383,0.006062326175785185,1.884570878245301E-4,1.0,8.237468460227495E-4,2.49224102747478E-4,9.310882183300284E-4,1.4582951276042986E-4,2.2421825785518427E-4,2.785758672532852E-4,2.3565156223848775E-4,2.585947334038366E-4,2.6986018249519893E-4,0.0011632008594971593,4.989935420621458E-5,9.6811766429619E-5,4.888894105243064E-4,3.124643470911454E-4,2.8380778330029227E-4,0.0021228779312368346,1.08886496983242E-4,0.005406125408264006,1.992664174310092E-5,0.002898500631119005,0.014908852820382264,3.065633768334332E-4,4.197155960431975E-4,5.620398935897879E-5,5.9399352444224574E-5,0.0017511942086796657,9.328732697730967E-4,0.002702215593599132,1.009481134163667E-4,3.319423217832626E-4,0.0089490892678813,1.53645775886475E-4,2.4711298617607967E-4,0.003441954816659485,2.4233275230873592E-4,1.0438772480642751E-4,3.8161148016610893E-4,1.0156284802807017E-4,0.016110474442982522,6.130387521280963E-4,9.097146649905588E-4,2.226514368765902E-4,0.016527307267086816,2.3971545758310687E-4,2.2597384088696122E-4,1.9067047986892123E-4,2.735097380318616E-4,2.4208073797577352E-5,2.634002300005042E-4,0.0015485959612275735,4.091434437338134E-4],[0.013238277054786456,0.0025061826607857404,0.007512061344185528,0.0013392938454274365,1.1609841566461102E-4,8.237468460227495E-4,1.0,8.153831560295258E-4,0.0013840076299353194,9.738902005490209E-4,5.308702346407618E-4,5.922911495550445E-4,7.649359108062804E-4,4.814766906532953E-4,6.561733046817372E-4,0.0011073016266532,6.412444859495794E-4,1.8171531907828652E-4,0.00106104433202755,0.0010275906233181312,5.512557373587294E-4,0.0016096532676084581,4.976007366253479E-4,0.0027881263289791505,5.0486745577277194E-5,0.0016023641566107714,0.012240691236873266,6.347602107395987E-4,0.0013570296719135366,8.043968524877364E-5,4.6671324156747013E-4,0.004902722509287163,0.0014614869788119396,0.00525147071528061,6.002505777406414E-4,7.798876081155002E-4,0.008417016806983183,0.0010377838989498788,4.899973272573732E-5,0.0026059905627088937,9.332593104774577E-4,5.467365558586914E-4,0.0010806326788161719,1.9099997844986574E-4,0.034329476993364666,0.0011443993016707716,0.0010873526499723073,7.554625856305444E-4,0.006294051006814745,9.48940578792661E-4,5.418583809420988E-4,3.8609103435753843E-4,6.850519264702836E-4,2.681545733080177E-4,5.379417763295192E-4,0.0012389450546247951,6.540011609874419E-4],[0.007508791573562043,0.0022677143121760087,0.011340815840390577,0.005819971805820369,9.140749065080204E-5,2.49224102747478E-4,8.153831560295258E-4,1.0,0.0015494924774819676,1.077321281728791E-4,1.8224756654030297E-4,1.2590907002640156E-4,1.600406981856173E-4,8.655940073830996E-5,1.3216054241399407E-4,5.487234951624981E-4,1.0641016098872171E-4,1.0429728109234774E-4,6.40878945522789E-4,2.8095400739427576E-4,3.043773654191562E-4,8.914377523547579E-4,9.348598324164688E-5,0.0034738685099948573,9.342831703428126E-5,0.003242865862135013,1.1657815410742586E-4,5.271315321808362E-4,0.001497426331235338,9.473954928175131E-5,6.383729433559697E-5,0.028691432039082424,0.0011132112093622407,0.0011629063185517546,1.1362812533924501E-4,1.799323376756644E-4,0.015683539753078252,1.2096835632014258E-4,3.257988038439594E-5,5.838684836369219E-4,1.1917430128324086E-4,3.721944768521223E-5,0.001005226935145204,8.368978506413476E-5,0.023213658285902636,2.656208457145593E-4,2.0826059149030545E-4,5.89076242571864E-5,0.020014854970517446,1.192677203000091E-4,1.373517119026182E-4,1.1519914023837257E-4,1.6199814263076685E-4,8.711597172348233E-5,1.3210580978992054E-4,4.621954362185738E-4,4.1881502172151847E-4],[0.00835577337405192,0.002694242708846266,0.010310547025467867,0.01055304237299033,0.0014076815770574132,9.310882183300284E-4,0.0013840076299353194,0.0015494924774819676,1.0,6.225329882247298E-4,0.0018433358409095505,9.431973065273972E-4,0.0011880223560494414,1.8819875066490555E-4,0.001103011224305646,0.0017839555731368995,1.8333222895822605E-4,0.001132881226582604,0.001609464504448524,7.384558233545454E-4,4.289535676225087E-4,0.0031420753964370596,9.224759201246724E-4,0.005662310852315018,0.0010140739096379644,0.0027963728651295918,0.015838497908432395,0.0011815259458158064,0.001965684232387672,0.0013529201508974758,0.0016631054982230726,0.029521760368903374,0.0018405514130415402,0.006687822731543549,2.4647310104136834E-4,0.0010166748292784057,0.015372413840576932,0.0018514807482198645,7.409403822580997E-5,0.004000218599786565,0.0017338391434605926,5.273878196150741E-4,0.0016806044918328007,2.3547733753127967E-4,0.002699025868782639,0.0017630749896717507,0.0016783246361829238,0.001002058972169637,0.040472910743259226,7.692834220467581E-4,0.0010974817966966576,5.18006936894083E-4,6.261491882221955E-4,3.269484586322484E-4,3.424546539729518E-4,0.001911754146210637,7.951619117771091E-4],[9.358155729938224E-4,0.0022197448172425176,0.005336642904707422,0.01374240714542358,4.5159734499544633E-5,1.4582951276042986E-4,9.738902005490209E-4,1.077321281728791E-4,6.225329882247298E-4,1.0,1.485689459419163E-4,1.9981899849557836E-4,1.2665115800413243E-4,5.290129545279655E-5,1.2932993298628553E-4,8.551177049883686E-4,9.507104344846863E-5,8.251654848418936E-5,9.48852623451578E-4,2.469271608814765E-4,1.6734878648679444E-4,0.0034209768495624833,1.0032240577783059E-4,0.0038174079429829887,8.797931313776061E-5,0.0032534071217799987,0.0022326928449964544,3.4252378787193193E-4,0.0014599148655164182,7.71368948971686E-5,1.7864016116779417E-5,0.017185760152091625,1.6436998635665297E-4,0.004729918461270587,7.88161383017254E-5,1.9167755131529687E-4,0.014135361438304225,1.0967240085183521E-4,6.497599656328485E-5,0.0016074831311386011,1.1771060269752078E-4,3.056153002007338E-5,5.480059391220946E-4,8.992280529089707E-5,0.02304135721957035,4.534747748257133E-4,0.0015020767230384138,9.855923085108326E-5,0.022790940988583808,1.0437636110185146E-4,1.865095768166209E-4,1.131219222098577E-4,2.383581872883002E-4,6.349555634419107E-5,1.1212611490668974E-4,9.632582681818948E-4,3.184090423657179E-4],[0.008447060692539792,0.002332057396757456,0.00292637867796127,0.001269527536387176,5.692193188796623E-5,2.2421825785518427E-4,5.308702346407618E-4,1.8224756654030297E-4,0.0018433358409095505,1.485689459419163E-4,1.0,2.0604850544994616E-4,1.7432264615520492E-4,5.8783106884675226E-5,1.6748524274655613E-4,3.7613331011973194E-4,7.400609113182642E-5,8.766594759901679E-5,0.001146272181623285,2.4795820307709095E-4,3.010653572639513E-4,0.0013734045852020229,9.52854227834566E-5,0.0022623670060128295,8.522692507286079E-5,5.877406827896003E-4,0.019081793416143522,4.7743229016237353E-4,0.0021657366464745247,1.826836452762791E-4,1.7644299632803452E-4,0.009683444775875157,3.952032911013553E-4,0.006382281878682674,1.3035007805817106E-4,3.001135412919224E-4,0.009513122290141047,1.50547679186138E-4,1.340346288054354E-4,7.7359714551159E-4,1.2916084906104827E-4,9.659338961892558E-5,1.981157597300911E-4,1.435275662941436E-4,0.043303534084251014,8.851444472450067E-4,7.742377799575789E-4,1.5636666971515436E-4,0.024459930983343342,1.5379120219077898E-4,1.951387939574167E-4,1.747234009333294E-4,2.0936879196872585E-4,6.219262821630571E-5,1.7349493866424177E-4,0.0016537184140057687,3.8897990991620577E-4],[0.009565382995868411,0.0015052123216253153,0.007217645676701835,0.014638141714301993,1.6825017584840054E-4,2.785758672532852E-4,5.922911495550445E-4,1.2590907002640156E-4,9.431973065273972E-4,1.9981899849557836E-4,2.0604850544994616E-4,1.0,2.490324183733528E-4,3.281344854960021E-4,3.0207480883862205E-4,0.0010508216517731521,2.9067103421630746E-4,3.2468438692674043E-4,0.0012851635824889154,3.964179166163515E-4,3.889106251534451E-4,0.003539315890622755,2.5672383041868747E-4,0.005311232834991416,7.374631941500841E-5,7.480244094286834E-4,0.010315066001200815,4.985113123487539E-4,0.0012005244082750864,5.862740208119655E-5,2.193330268047603E-4,0.01977246118918972,0.0011493432071920352,0.007899878485201822,2.8189890666731766E-4,3.3679430767531786E-4,0.004462595019679562,3.3497560574527734E-4,2.0180842337114447E-4,0.0030551677063606277,3.165707008729111E-4,1.0953302454281568E-4,6.756372157351595E-4,3.967110161429981E-4,0.008010015891031246,0.0010421357361251877,0.0012502572173765263,1.9161260326807207E-4,0.0419419408076816,1.8019534757615603E-4,2.569722641753877E-4,2.601165402079662E-4,3.6749041537166425E-4,3.19363978771536E-4,2.022370943971567E-4,0.0018132157656527731,4.280806253611552E-4],[0.008254579413414247,0.002877748807097582,0.00482275915842634,0.012511945096483375,6.911692199456194E-5,2.3565156223848775E-4,7.649359108062804E-4,1.600406981856173E-4,0.0011880223560494414,1.2665115800413243E-4,1.7432264615520492E-4,2.490324183733528E-4,1.0,8.35407520928172E-5,1.6475736078184778E-4,4.011170321378729E-4,4.516093036655125E-5,9.049819842323158E-5,2.463447844230447E-4,3.396876198243447E-4,3.2046839019106427E-4,0.0015670134718906042,7.342315221377506E-5,0.0022862718966029844,1.3656819612364068E-4,0.002233458436818235,0.011988151191919696,3.697583504333528E-4,0.001706789580850706,1.6759492793676708E-4,6.662122339300156E-5,0.019300557423789853,0.0012840462685498558,0.007809996985266676,1.5055574363097933E-4,2.735303828229841E-4,0.014514624081109212,1.5865661978693084E-4,3.653210511903923E-5,0.003608244631645843,1.495870720883582E-4,1.055533717815754E-4,6.63643236452277E-4,1.6140777513371418E-4,0.037345365549020605,9.211167547984254E-4,8.152619565578406E-4,1.3048309701123783E-4,0.027080203076802294,1.2746277545769348E-4,1.959395369721333E-4,1.4512906027950564E-4,2.1364670145428263E-4,1.5287784988546874E-4,1.5576488678895994E-4,0.0013322088527998313,3.1507056669268993E-4],[0.006127342888228174,7.221278542307007E-4,0.004651145364428181,0.010820719147976356,3.553186003579955E-5,2.585947334038366E-4,4.814766906532953E-4,8.655940073830996E-5,1.8819875066490555E-4,5.290129545279655E-5,5.8783106884675226E-5,3.281344854960021E-4,8.35407520928172E-5,1.0,5.7988582597907445E-5,0.0010374716878151337,3.310115556543057E-5,6.1003457803254004E-5,0.0011303849496247609,4.917946355016706E-5,1.9105789183526125E-4,0.0022506160621535674,5.954336843201658E-5,9.419334830974289E-4,2.4099867785569783E-5,0.002473829657496108,0.0023108440202761964,2.7568247380192946E-4,5.30457451535687E-4,4.483989313140475E-5,1.1371051195256215E-5,0.012129792394190068,0.0013295490171868023,0.007282785301359487,3.754853020301377E-5,4.046928220169279E-5,0.004299892470932753,9.331314018368315E-5,3.120672461163845E-5,0.004537001749288337,8.534186119122392E-5,3.540297973821374E-5,4.1719854133836294E-4,3.2679463982818126E-5,0.021563078617058744,5.282203422095546E-4,0.0010280037123990857,3.495394316222822E-5,0.013424718688435651,6.801071531768144E-5,1.2774107967104028E-4,9.38592497859713E-5,4.747687133154448E-5,3.397884213315544E-5,5.738782396337375E-5,0.0011060180315845705,1.67087725896548E-4],[0.0069196005654893885,0.0013316038103248495,0.008578684023377086,0.0010623125586956459,7.71138911497096E-5,2.6986018249519893E-4,6.561733046817372E-4,1.3216054241399407E-4,0.001103011224305646,1.2932993298628553E-4,1.6748524274655613E-4,3.0207480883862205E-4,1.6475736078184778E-4,5.7988582597907445E-5,1.0,3.032261386750662E-4,9.341591260890987E-5,8.384157033386619E-5,7.382265503553583E-4,2.480983531335869E-4,3.00909969878169E-4,0.0011995163411856807,1.1501266490103254E-4,2.5780472995711183E-4,8.686972560993703E-5,3.187303097303512E-4,0.014439966196857378,3.175921663141092E-4,1.7721487889482045E-4,1.2789530501451332E-4,1.2564695597717764E-4,0.02310103787678051,6.420227273660193E-4,0.0026013122891347332,1.0289325752876516E-4,3.2736434955102145E-4,0.01294226669976434,1.4814492915871168E-4,5.056173268484672E-5,0.001102759080814029,1.3248267719973702E-4,6.266117272361796E-5,7.610242964139961E-4,1.2575297465578525E-4,0.012374077519093028,6.652642240795758E-4,0.0011618411633932018,6.652064404481057E-5,0.0013298694711800585,1.2889541364080267E-4,1.6322941164107955E-4,1.3263589640273666E-4,1.8336297816402638E-4,1.3298727711042355E-4,1.4127815027520618E-4,0.0014082494970093064,2.6681503425240647E-4],[0.013204804657348242,0.002227344088085277,0.007798486561973949,0.0017946603686972182,2.0693423401258875E-4,0.0011632008594971593,0.0011073016266532,5.487234951624981E-4,0.0017839555731368995,8.551177049883686E-4,3.7613331011973194E-4,0.0010508216517731521,4.011170321378729E-4,0.0010374716878151337,3.032261386750662E-4,1.0,8.886239986104833E-4,8.778853811959268E-4,0.001325504388570012,0.0013360092622200616,0.0011874150835755127,0.0013882616022876657,4.1442203923185893E-4,0.0015067186496460117,9.624226077674457E-4,0.0020974799514350325,0.008489098845438319,0.001256661257753504,0.0019624560154709878,7.869948611277528E-4,6.867441906101327E-4,0.011062870810046038,0.0013830278877762525,0.003567318434203226,1.5109447139330162E-4,0.0013036393231722033,0.006720395630978712,3.3614470727100785E-4,5.084635404529297E-4,0.001694779771050053,9.459960244657802E-4,0.0012862706879851365,0.0012985628535919012,8.929096844458302E-4,0.00997035879093376,0.0013474612900852433,0.0014947823526359019,8.624838437180731E-4,0.016038223669510396,0.0011084087096293737,4.96312008773749E-4,8.462205671555938E-4,6.561875239388319E-4,8.083519984025524E-4,0.0013038794844810904,0.0018332416284362794,8.406314604545502E-4],[0.007494812750040455,0.0021652232108398386,0.010426032072949919,0.014454605358086644,2.9121340788088417E-5,4.989935420621458E-5,6.412444859495794E-4,1.0641016098872171E-4,1.8333222895822605E-4,9.507104344846863E-5,7.400609113182642E-5,2.9067103421630746E-4,4.516093036655125E-5,3.310115556543057E-5,9.341591260890987E-5,8.886239986104833E-4,1.0,5.618896226025682E-5,1.5947375418053856E-4,1.628387425052294E-4,5.1121985568456735E-5,0.0016834571351210213,5.494870926201664E-5,0.004953957250790129,2.0225658221356303E-5,0.0021460847295274523,0.006509197145810368,2.966175693745966E-4,5.887557921076305E-4,3.6077852765263264E-5,1.9670097123636654E-5,0.018411979467971695,7.529306677537693E-4,0.002541014817182052,3.0379393966680644E-5,1.2340656458792866E-4,0.0013753921914216492,1.0109926243260847E-4,2.7720880411293557E-5,0.004216299754160767,5.7517990528321087E-5,2.8486833760501976E-5,4.720099571952683E-4,3.0527562612786756E-5,0.026442072820258258,3.097358928203065E-4,0.0012783160742334944,2.8607957505715512E-5,0.006298830552227684,7.970883317455093E-5,2.79118627088418E-5,4.8000132828849104E-5,2.1528227069828474E-4,2.291986142157814E-5,5.277997532621436E-5,0.001236842904513475,3.988984695486191E-4],[0.009749061483402616,7.286733049648778E-4,0.0024051080735967094,0.013639837621186991,5.3648714440559134E-5,9.6811766429619E-5,1.8171531907828652E-4,1.0429728109234774E-4,0.001132881226582604,8.251654848418936E-5,8.766594759901679E-5,3.2468438692674043E-4,9.049819842323158E-5,6.1003457803254004E-5,8.384157033386619E-5,8.778853811959268E-4,5.618896226025682E-5,1.0,7.385834719785013E-4,9.877341866989087E-5,2.0289770313286373E-4,0.002813522731383401,6.638511681409131E-5,0.002793627298338713,4.543741409000692E-5,0.002254410004370363,0.01858769687972352,2.0220847325119583E-4,0.0013521857229298877,5.407669476570929E-5,5.2921778688931204E-5,0.011672847882843358,7.876494504317789E-5,0.010260001245511843,5.4637005917171584E-5,2.3088643546239626E-4,0.011401621849828236,1.1857272072456434E-4,6.0251903349650294E-5,0.0016875723720341492,1.0640050773455263E-4,6.113168148677133E-5,8.56076057587145E-4,6.170594923797161E-5,0.013796988894808852,5.425868468723424E-4,0.0010052825053932298,5.5241531326455416E-5,0.025492182092651423,1.0570651362827851E-4,6.939737771164301E-5,1.1035798832525586E-4,1.341030590425819E-4,5.627190630313867E-5,8.079619592448858E-5,7.567677510230724E-4,3.476962086565002E-4],[0.01354908285757482,0.0020129868701053624,0.009809007440679422,0.00835849921198596,4.3212057943909873E-4,4.888894105243064E-4,0.00106104433202755,6.40878945522789E-4,0.001609464504448524,9.48852623451578E-4,0.001146272181623285,0.0012851635824889154,2.463447844230447E-4,0.0011303849496247609,7.382265503553583E-4,0.001325504388570012,1.5947375418053856E-4,7.385834719785013E-4,1.0,6.246735719102203E-4,9.91137518597975E-4,0.003031515570205918,9.122775681377412E-4,0.0031509334442947116,8.110522790660142E-4,0.003306410188538349,0.01805856102258336,7.608503720880481E-4,0.001573372155413484,0.0011796957628199733,2.2003374552605272E-4,0.008429145345425245,0.0014625074267755403,0.008787843666554725,5.139608633870634E-4,3.7128352957097407E-4,0.002609885290821302,3.780941794125375E-4,9.762334525503581E-5,0.002650486613861333,6.410704367686141E-4,0.0011668100655071463,0.0011874263890503858,4.8033493311793254E-4,0.016574279118391152,0.0013168489497448518,0.001325545980366176,7.942542568076816E-4,0.03528289239664373,2.0563791872861643E-4,0.0010210649481456318,6.797844031219126E-4,0.00123429324697386,7.563045527734563E-4,7.496577247822119E-4,0.001583866420104688,0.0012067306329587063],[0.01298025004622514,0.002135599948559036,0.0015197238093774537,0.0044211528840862905,1.69642287210794E-4,3.124643470911454E-4,0.0010275906233181312,2.8095400739427576E-4,7.384558233545454E-4,2.469271608814765E-4,2.4795820307709095E-4,3.964179166163515E-4,3.396876198243447E-4,4.917946355016706E-5,2.480983531335869E-4,0.0013360092622200616,1.628387425052294E-4,9.877341866989087E-5,6.246735719102203E-4,1.0,3.500276410645193E-4,0.0024415494938670548,1.8277438434215052E-4,7.668747715804543E-4,1.7539098348746767E-4,0.002329652747951443,0.016310633786686332,4.115510321135214E-4,7.225990434515368E-4,3.047860653791863E-4,3.6138990692840433E-4,0.013994830194276615,0.001050962810770534,0.005025618270730865,3.687873779417568E-4,3.350373660010063E-4,0.0026860870182074913,3.5171260906684374E-4,3.063349148820217E-4,0.004217642372813118,3.4539767700835487E-4,2.2348291315962224E-4,6.82704204418473E-4,3.60517953610416E-4,0.0022821389018679674,0.0013075633250609032,0.001309622925987996,3.643050162384317E-4,0.03230326257884876,3.6162029469878273E-4,3.0588469719962467E-4,3.465350818691066E-4,3.153870362809378E-4,3.197729457312893E-4,3.733977815789288E-4,0.0011484057828697698,4.1915260459738057E-4],[9.395138223903673E-4,0.001954797983976922,0.010789987140062293,0.006653739074289839,1.3653843750986215E-4,2.8380778330029227E-4,5.512557373587294E-4,3.043773654191562E-4,4.289535676225087E-4,1.6734878648679444E-4,3.010653572639513E-4,3.889106251534451E-4,3.2046839019106427E-4,1.9105789183526125E-4,3.00909969878169E-4,0.0011874150835755127,5.1121985568456735E-5,2.0289770313286373E-4,9.91137518597975E-4,3.500276410645193E-4,1.0,0.0010396305613127295,3.052001769678664E-4,0.0019844880866146516,1.5050063874005802E-4,9.152059731971701E-4,0.009048573741348208,3.970955216897446E-4,0.0013331859317677257,9.276072670820651E-5,2.336712057870259E-4,0.012029727690595274,4.986763335408813E-4,0.002311652478925324,1.780123435170348E-4,3.4056640571827944E-4,0.013006959797450406,1.626835780496181E-4,8.699531259293423E-5,0.0041082710061536585,1.9826945140959297E-4,3.352621678068975E-4,5.786929060542803E-4,1.1755837947895455E-4,0.013272524854240695,0.0011356788706320905,8.788060579612963E-4,1.0962395091310908E-4,0.02994966263135164,1.4023725698357706E-4,2.5627598257749304E-4,1.4107792595875152E-4,3.0940630298782035E-4,5.995470876864603E-5,3.4257909070704813E-4,0.0010354628874711218,4.1033576431803026E-4],[0.011732812097817125,0.0034989472050302095,0.010106325413728644,0.006128886332197396,0.0012890585552871024,0.0021228779312368346,0.0016096532676084581,8.914377523547579E-4,0.0031420753964370596,0.0034209768495624833,0.0013734045852020229,0.003539315890622755,0.0015670134718906042,0.0022506160621535674,0.0011995163411856807,0.0013882616022876657,0.0016834571351210213,0.002813522731383401,0.003031515570205918,0.0024415494938670548,0.0010396305613127295,1.0,0.002708625162261456,0.004511666143455252,0.0028045100655211892,0.003406111377688246,0.0046952340908361975,0.0015945321447792744,0.0033231469332670087,0.0028358932658400743,0.002443247074141399,0.005257082682872839,0.0027498674517311182,0.010069296051842813,0.002613251387970415,9.11917561158183E-4,0.0037536303750455033,0.001645070350383503,2.7357997960279475E-4,0.003973454071541112,0.0035238299348573964,0.0011240486062809982,0.0033471630713748785,0.0014908533428037714,0.028971899705884412,0.0016965859669869536,0.001807563401072712,0.003312676732118314,0.03723244603741706,0.0019243704004823817,0.0011409755776091422,3.6979910627666957E-4,9.552256036056253E-4,0.0031767572299493353,6.760091076785269E-4,0.0022098918001929252,0.003490877084993819],[0.015137835008321356,0.0019290503216992624,0.0025576742165611156,0.0010391141291318895,3.8758720020855774E-5,1.08886496983242E-4,4.976007366253479E-4,9.348598324164688E-5,9.224759201246724E-4,1.0032240577783059E-4,9.52854227834566E-5,2.5672383041868747E-4,7.342315221377506E-5,5.954336843201658E-5,1.1501266490103254E-4,4.1442203923185893E-4,5.494870926201664E-5,6.638511681409131E-5,9.122775681377412E-4,1.8277438434215052E-4,3.052001769678664E-4,0.002708625162261456,1.0,0.00567028800774489,6.375555771989821E-5,0.0026334462482690254,0.010290205451590855,2.714906115140119E-4,1.488162320283797E-4,5.5530169289887764E-5,4.418707176369619E-5,0.009823426257939371,6.677957388969431E-4,0.007139918497997278,6.622199379462613E-5,2.4452526360741085E-4,0.010640696817736855,1.1720408109619374E-4,6.444036257373804E-5,0.0011016386795607224,9.157148914233351E-5,3.907835875601633E-5,1.1788442329575244E-4,3.9371304453670146E-5,0.023547005112728406,1.510935620305966E-4,0.0013432926161793329,6.003287344600594E-5,0.011060668365749786,7.571125398524216E-5,1.67524440140896E-4,1.0952258070333484E-4,2.408839233048999E-4,1.0335299124286428E-5,7.552856935730483E-5,0.001834442926509583,1.0881866606380424E-4],[0.006097939054583415,0.005519097097219464,0.012729726065457614,0.006345907420031432,0.0014578639755086136,0.005406125408264006,0.0027881263289791505,0.0034738685099948573,0.005662310852315018,0.0038174079429829887,0.0022623670060128295,0.005311232834991416,0.0022862718966029844,9.419334830974289E-4,2.5780472995711183E-4,0.0015067186496460117,0.004953957250790129,0.002793627298338713,0.0031509334442947116,7.668747715804543E-4,0.0019844880866146516,0.004511666143455252,0.00567028800774489,1.0,0.004573351097906482,0.004186432601650746,0.00984819111506849,0.005403008848030318,0.0032296965710062247,0.0010056531398928577,0.002704129592561153,0.018234411108179187,0.0014883349786198648,0.008442111456127242,0.0032829141680111532,0.0019132779314422587,0.013999381498184256,4.2215552323906965E-4,9.031549436834937E-4,0.004708692317643699,0.001724526834340263,0.004274367383886535,0.0016508347035467813,0.003194788579872258,0.022788156411621786,0.005483053408139067,0.004389157760286814,9.86827286176428E-4,0.018791633986389472,2.0233666275077996E-4,0.005687397754354304,0.004818083184603796,0.005806544786069395,0.0015990872889417016,0.0033186593800628526,0.002637555716073671,0.0022927253346891855],[0.004042361205557514,0.0017232506241279017,0.010035504327438605,0.0026488875054515456,2.3207065795463807E-5,1.992664174310092E-5,5.0486745577277194E-5,9.342831703428126E-5,0.0010140739096379644,8.797931313776061E-5,8.522692507286079E-5,7.374631941500841E-5,1.3656819612364068E-4,2.4099867785569783E-5,8.686972560993703E-5,9.624226077674457E-4,2.0225658221356303E-5,4.543741409000692E-5,8.110522790660142E-4,1.7539098348746767E-4,1.5050063874005802E-4,0.0028045100655211892,6.375555771989821E-5,0.004573351097906482,1.0,0.0015145763177633982,0.0014381068278054327,4.2612522277919973E-4,1.2282840834141926E-4,4.626621785454656E-5,1.3799789741616676E-5,0.008097027332587551,3.3852381534983926E-4,0.009324782109830997,3.1206885361074336E-5,9.143045371577305E-5,0.007860602653851292,1.1278497694887664E-4,2.9576134525808403E-5,0.003397947319176449,1.1802795568330799E-4,1.780488139255335E-5,2.657490365480274E-4,1.4766507415303668E-5,0.017905073370122777,5.136080282355501E-4,2.0546764732556124E-4,2.3436461434259018E-5,0.03567121294849597,9.44209574596692E-5,3.949118143993669E-5,5.129063995938039E-5,1.7735309859756275E-4,1.2500620949727918E-5,1.5021132532470538E-4,0.0018934457369825582,1.7688716663525174E-4],[0.008334067428287403,0.003273458141878358,0.007617966700463975,0.013222415562217659,0.0015931797019678895,0.002898500631119005,0.0016023641566107714,0.003242865862135013,0.0027963728651295918,0.0032534071217799987,5.877406827896003E-4,7.480244094286834E-4,0.002233458436818235,0.002473829657496108,3.187303097303512E-4,0.0020974799514350325,0.0021460847295274523,0.002254410004370363,0.003306410188538349,0.002329652747951443,9.152059731971701E-4,0.003406111377688246,0.0026334462482690254,0.004186432601650746,0.0015145763177633982,1.0,0.01729271417988795,0.0032251538067827904,0.0026417342984492863,7.842362843291252E-5,0.0031294086027334,0.030573033842709294,0.002041685353902499,0.006269521492111062,0.002224354548102515,0.0014379038049558103,0.008154335733373205,0.0017812860560246862,8.910536671480995E-4,0.0034080485827504316,0.0018350516012089694,8.807180590578435E-4,0.0029253532746341938,0.002954496916799053,0.005039286630742298,0.0026794927169164896,0.0017753077818978987,3.2808773742136184E-4,0.009133013660779591,3.125707605308849E-4,0.003085528901437116,0.0027233146923450334,0.003124681017217532,0.0030769200806810885,0.003254939714371012,0.0023843118515213873,0.0019324564726469822],[0.019112404886723472,0.005314446403357426,0.01741889827614196,0.016682298687998545,0.01283103482837046,0.014908852820382264,0.012240691236873266,1.1657815410742586E-4,0.015838497908432395,0.0022326928449964544,0.019081793416143522,0.010315066001200815,0.011988151191919696,0.0023108440202761964,0.014439966196857378,0.008489098845438319,0.006509197145810368,0.01858769687972352,0.01805856102258336,0.016310633786686332,0.009048573741348208,0.0046952340908361975,0.010290205451590855,0.00984819111506849,0.0014381068278054327,0.01729271417988795,1.0,0.008248903196883001,0.014782925719031252,0.015591182383470324,0.018576267215007304,0.02301651749034012,0.01905048474197519,0.013766723685624968,0.010595106973309308,0.010444956659963986,0.017526740490208626,0.01076479745565373,0.0017668872234616027,0.017900653580895556,0.00878275297109008,0.016363036211072234,0.018677064336466393,0.018664683937282316,0.042381033834079845,0.015479459029167827,0.006113459306602792,0.006187548935720696,0.023899987113409116,0.006739623043068356,0.017042293430550824,0.004323148326093493,0.006451289859994481,0.007745550895025071,0.015828953765440447,0.0149909421953834,0.019035891820747716],[0.011248931943434027,0.00204183973520572,0.0061271684384775335,0.006736013689667651,3.38137740691158E-4,3.065633768334332E-4,6.347602107395987E-4,5.271315321808362E-4,0.0011815259458158064,3.4252378787193193E-4,4.7743229016237353E-4,4.985113123487539E-4,3.697583504333528E-4,2.7568247380192946E-4,3.175921663141092E-4,0.001256661257753504,2.966175693745966E-4,2.0220847325119583E-4,7.608503720880481E-4,4.115510321135214E-4,3.970955216897446E-4,0.0015945321447792744,2.714906115140119E-4,0.005403008848030318,4.2612522277919973E-4,0.0032251538067827904,0.008248903196883001,1.0,8.929632384368776E-4,4.249346670837183E-4,3.144715023389965E-4,0.0019076060569408314,0.001005026568785665,0.0012423080164965432,4.939259379961603E-4,3.5000346147545793E-4,0.0034776626529770434,4.3670044490380666E-4,4.457315148899077E-4,0.0033357593373983946,3.803894163469672E-4,3.439611281021799E-4,5.470614515307619E-4,7.904698683102959E-5,0.041396459490136366,0.0012293416845652653,0.0010630628920181855,1.152343094298215E-4,0.02191311263218201,4.8104248718188185E-4,5.021353367803237E-4,5.225308690216471E-4,4.3713618248865935E-4,5.105103621711885E-4,1.7600025433603812E-4,0.0013715491289259677,5.161037034851484E-4],[0.01241525526247751,0.00256783880702672,0.009348461422591981,0.015101263699958187,0.0015306680710622934,4.197155960431975E-4,0.0013570296719135366,0.001497426331235338,0.001965684232387672,0.0014599148655164182,0.0021657366464745247,0.0012005244082750864,0.001706789580850706,5.30457451535687E-4,1.7721487889482045E-4,0.0019624560154709878,5.887557921076305E-4,0.0013521857229298877,0.001573372155413484,7.225990434515368E-4,0.0013331859317677257,0.0033231469332670087,1.488162320283797E-4,0.0032296965710062247,1.2282840834141926E-4,0.0026417342984492863,0.014782925719031252,8.929632384368776E-4,1.0,0.0013604737784200266,0.0015160141371119997,0.007017484729647831,0.0015224823865251577,0.002431500597843435,6.18428526192796E-5,0.0014871066525397436,0.01209735284525918,0.0013040563581406207,3.9688233908495964E-4,0.003274531038180522,6.860272898137395E-4,7.507148823855197E-4,0.0020317913488305485,9.638955611838572E-4,0.023328511748151336,0.0018606972238502423,0.002159033436270238,0.001701838175958269,0.02213350935093279,0.0017473827010563373,0.001264465808656701,3.832759259540884E-4,6.299743399089731E-4,0.001596999088058725,2.0060108017118326E-4,0.0020998074720127847,6.552666668007261E-4],[0.004005659105624439,0.0019551166390651274,0.010315115645973191,0.007777772290379516,3.1389113606906245E-5,5.620398935897879E-5,8.043968524877364E-5,9.473954928175131E-5,0.0013529201508974758,7.71368948971686E-5,1.826836452762791E-4,5.862740208119655E-5,1.6759492793676708E-4,4.483989313140475E-5,1.2789530501451332E-4,7.869948611277528E-4,3.6077852765263264E-5,5.407669476570929E-5,0.0011796957628199733,3.047860653791863E-4,9.276072670820651E-5,0.0028358932658400743,5.5530169289887764E-5,0.0010056531398928577,4.626621785454656E-5,7.842362843291252E-5,0.015591182383470324,4.249346670837183E-4,0.0013604737784200266,1.0,4.508370855596377E-5,0.01950618267373762,2.0451500032111206E-4,0.0060267801513268415,4.631509759694057E-5,1.2187848935353958E-4,0.001723759090374245,9.872349743405919E-5,3.250092750356773E-5,0.0013143162268860488,7.277664711012479E-5,4.298170276497225E-5,9.59701202019059E-4,3.305739466375979E-5,0.002400977622357106,5.376216074831336E-4,5.373577708292984E-4,3.571887286232004E-5,7.058794616469944E-4,9.278551017447287E-5,1.81999208608119E-4,5.297063677931071E-5,2.3573604523794315E-4,2.616995532150508E-5,8.97996378675189E-5,0.00101674795995972,4.35238289623334E-4],[0.0032640187749292146,0.001809911057740098,0.00725750701042135,0.005035318688369886,1.1800878487918051E-5,5.9399352444224574E-5,4.6671324156747013E-4,6.383729433559697E-5,0.0016631054982230726,1.7864016116779417E-5,1.7644299632803452E-4,2.193330268047603E-4,6.662122339300156E-5,1.1371051195256215E-5,1.2564695597717764E-4,6.867441906101327E-4,1.9670097123636654E-5,5.2921778688931204E-5,2.2003374552605272E-4,3.6138990692840433E-4,2.336712057870259E-4,0.002443247074141399,4.418707176369619E-5,0.002704129592561153,1.3799789741616676E-5,0.0031294086027334,0.018576267215007304,3.144715023389965E-4,0.0015160141371119997,4.508370855596377E-5,1.0,0.030188579870515604,8.553961528855282E-4,0.009822794400716924,3.297027891257895E-5,2.3556214848692632E-4,0.014717406624951112,1.166719344188885E-4,2.360873743749725E-5,0.001896684493431564,3.221520074463592E-5,2.50359085851677E-5,7.408961659499499E-4,3.1398309121544666E-5,0.020335407502089786,3.608393140196337E-4,7.788973916860268E-4,3.123208259017074E-5,0.008185022084744085,4.122588423306198E-5,7.531505797540426E-5,2.3559113099126323E-5,1.6561323298173373E-4,1.0208985860309273E-5,2.517975624534174E-5,0.0017694147413853379,1.3933080732491233E-4],[0.028383615955289918,0.022635122365253127,0.024867769473500057,0.017336791791383217,0.02487319498749879,0.0017511942086796657,0.004902722509287163,0.028691432039082424,0.029521760368903374,0.017185760152091625,0.009683444775875157,0.01977246118918972,0.019300557423789853,0.012129792394190068,0.02310103787678051,0.011062870810046038,0.018411979467971695,0.011672847882843358,0.008429145345425245,0.013994830194276615,0.012029727690595274,0.005257082682872839,0.009823426257939371,0.018234411108179187,0.008097027332587551,0.030573033842709294,0.02301651749034012,0.0019076060569408314,0.007017484729647831,0.01950618267373762,0.030188579870515604,1.0,0.004748620366666205,0.01282775844647907,0.021900966578519292,0.018124039159800015,0.028047260662452417,0.030816622094576432,0.023951810983918707,0.02566904340393353,0.011072699533950613,0.02514508152954048,0.003969049403261813,0.023933126382704947,0.03660745549024105,0.02861619641096922,0.011174360434057437,3.478639719442351E-4,0.035383472313058086,0.006785694175179234,0.0204469547100809,0.01601756843228349,0.005452681962136048,0.02085404555964516,0.020461797703366813,0.02218894768498447,0.0043060202030838915],[0.0034088582775164953,0.0020787657190013743,0.010320758718803513,0.0055196671603063695,5.5499474113333064E-5,9.328732697730967E-4,0.0014614869788119396,0.0011132112093622407,0.0018405514130415402,1.6436998635665297E-4,3.952032911013553E-4,0.0011493432071920352,0.0012840462685498558,0.0013295490171868023,6.420227273660193E-4,0.0013830278877762525,7.529306677537693E-4,7.876494504317789E-5,0.0014625074267755403,0.001050962810770534,4.986763335408813E-4,0.0027498674517311182,6.677957388969431E-4,0.0014883349786198648,3.3852381534983926E-4,0.002041685353902499,0.01905048474197519,0.001005026568785665,0.0015224823865251577,2.0451500032111206E-4,8.553961528855282E-4,0.004748620366666205,1.0,0.0032963484937628086,0.0012254485456782086,9.909744338224696E-4,0.01382956741117422,0.0014225386861598172,0.0012017167722029045,0.0028233587776986006,1.5772431133293316E-4,7.841492843835174E-4,0.0013993786704072462,1.74420583650278E-4,0.01731973369630082,0.0013376228811093015,0.0014973880901112892,4.254251455445196E-5,0.0039427173913366784,0.001215859407394513,0.00125057904958753,0.0012258918047013557,8.093186385784696E-4,4.3289733150441134E-4,9.784347275317805E-4,0.0016339796731416696,0.0012401275789230028],[0.014689386436931077,0.007980456278601472,0.01270889674012414,0.011136454864576368,0.0077930210930714835,0.002702215593599132,0.00525147071528061,0.0011629063185517546,0.006687822731543549,0.004729918461270587,0.006382281878682674,0.007899878485201822,0.007809996985266676,0.007282785301359487,0.0026013122891347332,0.003567318434203226,0.002541014817182052,0.010260001245511843,0.008787843666554725,0.005025618270730865,0.002311652478925324,0.010069296051842813,0.007139918497997278,0.008