[[1.0,3.4272696683583336E-4,9.23585578294348E-5,0.014673892398153957,5.435548208622713E-4,4.040973020075186E-4,0.002531880809810612,0.002998538626037275,1.8366987926870973E-5,0.0392759752209775,1.1788737952021072E-5,1.252320653948498E-4,3.005319160188883E-4,0.002797930627589949,5.698956442313642E-4,1.2009870473969818E-5,3.278376187253652E-5,1.2214069577084286E-5,3.338974988754455E-5,1.826712479565471E-5,0.005146478002280181,1.2083966203458957E-5,0.033180496338423085,0.00637042742273409,4.0587166380264033E-4,1.645855467057532E-5,2.690889134353051E-4,9.177127744510425E-4,2.923009053199072E-4,0.00882036850608568,0.0012961291278393743,3.7165650287257386E-5,0.001335251856355284,1.2131964423988647E-5,0.0020144281536964345,6.641086381079576E-5,0.0014580009952889059,0.006192451051055596,1.2050812979072805E-5,4.7493857069619993E-4,1.7774762548003137E-4,5.039038857340771E-4,0.005234116408283083,7.113112000339402E-4,1.3841743844325868E-5,1.8948059456218273E-4,0.01715220692804244,0.006095134840192918,9.194220361547635E-5,9.489952619574988E-5,6.146335900514604E-4,1.5711074349263987E-4],[3.4272696683583336E-4,1.0,6.96237153962993E-4,0.01609673558361544,0.0011359554530677015,0.0010083225568214465,0.002426139827042301,0.018105190046857608,2.5184459583333763E-5,0.032364149813917296,9.533028753679096E-4,0.0010371405024009654,7.427609376330511E-4,0.005398755958554468,0.0011309335291466687,7.027649286871984E-4,3.0028960488487203E-4,4.3173344971570045E-4,7.147882022266652E-4,7.584733843482583E-4,0.0015861917120375468,8.616078732361568E-4,0.05623301007061564,0.011159354762909048,0.0013879589146453038,7.337876209415526E-4,0.001060041791027466,0.0013842992012585641,0.0011499834672016808,0.007689370268693815,0.0027480849976093766,3.427844469828272E-4,0.001385130091936,2.2946869032678137E-4,0.0016199993133745806,3.9339255492186833E-4,0.0011550424788915386,0.005570434192495538,5.014250416850504E-4,0.0011375174946028877,7.896091600212956E-4,0.0010316992889330594,0.0075722265294943455,0.0016019258379625684,8.313458104105951E-4,8.470318196385569E-4,0.024255026404219632,0.002872141896281941,0.0010385400420436014,6.354330242050285E-4,0.0012594158951083072,7.628370798649601E-4],[9.23585578294348E-5,6.96237153962993E-4,1.0,0.011101697358595898,0.0012025764698635477,2.4856473318788443E-4,0.0028120142575199887,0.02851997327747351,9.068473383161489E-5,0.051320827327896515,7.541245884366784E-5,8.583081869134783E-4,3.3268668550154366E-4,0.003974502923720577,0.0010258143454995013,1.8024579207225302E-5,1.069146068742571E-4,2.824653769602435E-5,1.085318492691872E-4,1.4886855315083744E-4,0.002314214313955864,5.1642669063454804E-5,0.035570187575748986,0.003106982681256891,7.142421365705298E-4,8.374952567077144E-5,0.0022563703058860207,0.0013511867968636021,0.0010321066883972993,0.002465242022651051,0.0037599552925033745,1.2671688743467536E-4,1.8003660801023928E-4,2.6894366607816933E-5,0.00281115879499165,1.260930498950442E-4,0.0015406981494442392,0.005343412458599118,4.861802372714908E-5,0.0013234995935409674,1.4457235781308462E-4,9.987076684285676E-4,0.005174803291494001,2.1359468494164174E-4,4.8236826495638554E-5,1.7740290788231165E-4,0.02094312157649529,0.008543784978734283,7.069958184174656E-4,2.0515361549082296E-4,9.848159190019475E-4,2.7392309969553647E-4],[0.014673892398153957,0.01609673558361544,0.011101697358595898,1.0,0.01611871758366706,0.00810616813826973,0.014077286190886789,0.02981582077743246,0.004995572925767092,0.031114415218010224,0.001055311571715666,0.008512343210628688,0.01622622321616643,0.012844201129659602,0.0035830111661597844,0.006960954123078944,0.004771375555306674,0.00265755595571985,0.01742381540090519,0.004155945354620225,0.01463305827865586,0.0017815574895059868,0.07221153827571132,0.017936757650124105,0.011765125744391002,0.0011844002193656764,0.009906890996934781,0.015375614002056656,0.0038394655644719052,0.015846508574479015,0.01750202779207669,0.0015320216476694608,0.01591095987639882,0.01673403433984372,0.01204779080560239,0.0066744464898245036,0.008140593334410163,0.010543160613326058,8.258544221592417E-4,0.003222253505836679,7.937918094931731E-4,0.009600096413683711,0.017044417828710294,0.007932143834922335,0.0036371187076308445,0.0011830461980059158,0.01830296510615092,0.011638972039259564,0.01746012267059529,0.014928315538374188,0.008232885648317471,0.005442872610002384],[5.435548208622713E-4,0.0011359554530677015,0.0012025764698635477,0.01611871758366706,1.0,7.73358966301327E-4,0.00422081417467842,0.03487584702952244,6.172220098544141E-4,0.0496405027043682,0.001133307288967332,0.0011976691161529435,8.872173150429561E-4,0.002087859519430666,0.0012285229388468866,1.8499910860356671E-4,2.4797208942080697E-4,9.354375710259182E-4,9.281083606030104E-4,0.0011588734505737599,0.006147335413589477,2.836680627440847E-4,0.002639338238491409,0.012961011905747326,0.0014691183888349136,8.310414524635073E-4,0.002638485745359757,0.001522952207491048,0.0013733772778535486,0.009067779091255515,0.0022842556093732322,7.042223721018251E-4,0.001378160568432946,5.678513694865999E-4,0.0028527767618052057,4.907985897697287E-4,0.0014079057583758238,0.0019121997791421686,9.773473863431193E-4,0.001767130113769143,9.276195830308584E-4,0.001129876871937711,0.016053478917803378,0.0018356324004496854,7.08079505634025E-4,0.0010172684680639947,0.021743072018388227,0.003106982367060915,0.0012547777940246324,0.0010476148214137299,0.0017023046833581188,7.282379877524684E-4],[4.040973020075186E-4,0.0010083225568214465,2.4856473318788443E-4,0.00810616813826973,7.73358966301327E-4,1.0,9.541612308421312E-4,0.05240692799792735,2.430066053508016E-4,0.026656719015528258,5.662662861631536E-4,0.0010705241241828558,6.367984543617573E-4,0.0022853723616953186,7.20883836175788E-4,3.19592807850815E-4,4.241037632372015E-4,2.1339985499755238E-4,3.9863728398616333E-4,5.313971959518873E-4,0.007560209837540977,6.436262381745952E-4,0.025984822248594407,0.005316311747417116,0.0015152034960373786,5.9751268877667274E-5,8.673864987082951E-4,0.0010194375322483702,0.001305367246927867,0.001843422679273597,0.002695745389229739,3.206509703691055E-4,0.0010305994883859802,4.7425265885480403E-4,7.977358091920923E-4,1.3655840145446023E-4,6.637415407298133E-4,0.0024660244239260902,2.6868777581073335E-4,9.188964982711894E-4,4.543624187855307E-4,6.949032082290697E-4,0.004119684731928691,0.001536765266890283,5.300513284407163E-4,4.4769721417385437E-4,0.004924596895797653,0.0013694876174667958,0.0011795818363641614,2.8282645643373176E-4,0.0013863843317167414,6.177384201203421E-4],[0.002531880809810612,0.002426139827042301,0.0028120142575199887,0.014077286190886789,0.00422081417467842,9.541612308421312E-4,1.0,0.04255623564783632,0.0030368530563363904,0.04598249389776774,9.044141008527235E-5,0.003314310376754232,0.0056966860897858015,0.0057025074045694,0.0021650628327646243,0.004250409635749854,0.0020353039115686405,0.0015461693503011503,0.0010058828316533177,0.005960048306880106,0.007557008899134226,0.0019495835106895052,0.015384592929706857,0.01216655711420374,0.003121181773678755,0.002699551355674235,0.004671769895922887,0.004762423262783645,0.005091034948691587,0.008797451625342411,0.004351900533882564,0.004002087498910755,0.002324041903080955,0.0029371560230032415,0.005858478054023302,0.0025577569091439264,0.003482429864683451,0.006255525670570016,0.00406047226575432,0.003934061116805529,0.005632058295414994,0.0019094569777483358,0.01592997148961746,0.005651796759931868,0.001207913349804105,0.0035153597318036394,0.009691559514170028,0.011246293839540534,0.003081461481510518,9.266812839568515E-4,0.0018464640346594027,0.004464721152647758],[0.002998538626037275,0.018105190046857608,0.02851997327747351,0.02981582077743246,0.03487584702952244,0.05240692799792735,0.04255623564783632,1.0,0.05002950882520828,0.05555555555555555,0.039838969675137954,0.030402587644995066,0.042983816955872875,0.011286556541483216,0.05130616114899501,0.018585391195122824,0.04479513960521049,0.027717466374141728,0.03211233340052282,0.04742010726973868,0.03686575542706374,0.02488717726084484,0.056877803935222744,0.01851165701330223,0.015720806224251798,0.028656417336684236,0.03421451293597337,0.014990507972204936,0.035190635541278666,0.026253312862650726,0.041709220215640073,0.024355240748646218,0.015032211994817538,0.018238195616624937,0.007462087221998236,0.025229807483793,0.042321170866720756,0.04442570309692318,0.013029600326634454,0.015720503819236866,2.1648530066064282E-4,0.022159195125150632,0.05469760451981337,0.04682020232553376,0.04867916761821397,0.01478309759015346,0.03642614695979168,0.032428665025367176,0.028014630681673876,0.05240433743511173,0.03321536508438342,0.002613035623115855],[1.8366987926870973E-5,2.5184459583333763E-5,9.068473383161489E-5,0.004995572925767092,6.172220098544141E-4,2.430066053508016E-4,0.0030368530563363904,0.05002950882520828,1.0,0.03631695614441779,1.5680126022603667E-5,0.0010378603329438563,1.8556828169413958E-4,7.748563457955966E-4,7.661582203021403E-4,2.2578178167965095E-5,1.0345093834190854E-4,2.0180797900066622E-5,5.0639957432162415E-5,9.49114482241969E-5,3.9126629179295474E-4,1.442168883368611E-5,0.03943622582479851,0.011895640135856034,6.76127989817424E-4,2.3518619703379345E-5,8.84037599447679E-4,0.0014716678333895944,4.824563059743423E-4,0.006565562760830991,0.0028671949553717505,4.1274845710251326E-5,0.0011671591687867136,1.9211530934352587E-5,0.0020299846797576055,9.540822562092074E-5,0.0025448232254932975,0.0032329084404167777,2.068866687949872E-5,0.001615018508580422,1.3013673163710018E-4,2.456710500408835E-4,0.004435698494720004,3.4768568341625634E-4,2.2724382710529955E-5,1.664474221234261E-4,0.008859880911379557,0.0022435900062592017,5.91164830212242E-4,2.1282998019698892E-4,8.886742598949091E-4,3.4959956225144606E-4],[0.0392759752209775,0.032364149813917296,0.051320827327896515,0.031114415218010224,0.0496405027043682,0.026656719015528258,0.04598249389776774,0.05555555555555555,0.03631695614441779,1.0,0.05342981556786028,0.004361558758878311,0.03308352189906612,0.03213101350639578,0.050676883525367124,0.00708623014797019,0.038500277313984387,0.031111763383332512,0.03527110239185368,0.035057825053103175,0.029866765086181028,0.052941040688084626,0.0642443071681449,0.039393638375960986,0.009125478905364809,0.013735028013768292,0.04634754876568609,0.013882374603147268,0.043896322693760925,0.02960563764501086,0.03736822158365541,0.004033717080753992,0.008914523370577111,0.05108503034713556,0.0036494269149943926,0.05517141403797045,0.04953053738275267,0.048493892995548425,0.03990867409897107,0.04257576154033263,0.0330334537088747,0.023197842271446854,0.025801612822134928,0.030617099714020535,0.048974816659351085,0.04241495072796275,0.05008739870553884,0.04484517804427312,0.01529921887041585,0.0319843164066077,0.012307717365669223,0.0053554827337977525],[1.1788737952021072E-5,9.533028753679096E-4,7.541245884366784E-5,0.001055311571715666,0.001133307288967332,5.662662861631536E-4,9.044141008527235E-5,0.039838969675137954,1.5680126022603667E-5,0.05342981556786028,1.0,2.627923462555857E-4,2.5602771383606364E-4,6.656331861701793E-4,1.721850209140345E-4,1.0384035411357719E-5,1.162967233824201E-5,1.0232837187546597E-5,5.7178184208099465E-5,3.661434689587857E-5,0.0012031352602685334,1.1397930082705608E-5,0.00969188410302336,0.008715245979247032,1.2920148315179428E-5,1.12357780790436E-5,0.0013490450098482373,0.0013776364346593233,2.6081210736092464E-4,0.006509031786506166,0.0024147786905906283,1.096963481586076E-4,9.962466933014042E-4,1.1309974033317894E-5,0.0020562642373920807,1.2287124830549155E-4,0.0023891492021887095,0.00581354126363753,1.0894259577566533E-5,5.668749916003427E-4,1.0690383438785898E-4,6.01019597585919E-4,0.014170758071855983,0.0016061884109202934,1.1255418760695086E-5,5.979348005133627E-5,0.021233084035482727,0.007733132160063274,4.1400348820811025E-4,1.6615282327292835E-4,0.0011963586374703714,2.7683060928500856E-4],[1.252320653948498E-4,0.0010371405024009654,8.583081869134783E-4,0.008512343210628688,0.0011976691161529435,0.0010705241241828558,0.003314310376754232,0.030402587644995066,0.0010378603329438563,0.004361558758878311,2.627923462555857E-4,1.0,5.999047437121244E-4,0.004545708852187132,0.0014658625825758147,4.132590773677519E-4,9.289304839213197E-4,3.211876587601302E-4,3.73885416719763E-4,2.3944414214451933E-4,0.003728713790164413,5.514284409011745E-4,0.029147633065593554,0.014840097246016096,0.0016024987377980869,6.170570304939E-4,0.0034040937512921443,0.0011289749224337679,0.0011779668305780782,0.0037145196056487468,0.0033096494401090243,7.649553289152144E-4,0.0012599336881340567,6.875949915532843E-4,0.002833040820888067,1.7314416690473455E-4,0.0018066798487567017,0.004573352394358858,2.6723545987454545E-4,0.0016267698886362355,4.81099764381874E-4,0.0010988733413326219,0.009815505635798144,0.0019994870935124663,7.521598566805782E-4,3.357102151671369E-4,0.009368220082110601,0.01096484173831774,0.0012554684985533404,3.872953079397749E-4,0.0014523047151792548,7.025295168921143E-4],[3.005319160188883E-4,7.427609376330511E-4,3.3268668550154366E-4,0.01622622321616643,8.872173150429561E-4,6.367984543617573E-4,0.0056966860897858015,0.042983816955872875,1.8556828169413958E-4,0.03308352189906612,2.5602771383606364E-4,5.999047437121244E-4,1.0,0.0010013686709755523,0.0010747359258218001,1.995422240592834E-4,1.5159810703288014E-4,3.6624345738935446E-4,3.951891964588779E-4,4.422152303021936E-4,0.00354901586144456,4.765163425483058E-4,0.07002905330598752,0.0026253766349337,0.001054413844687011,3.657041608582999E-4,0.001797635697994105,9.945682078520484E-4,0.001524352606847165,0.003309314740456062,0.0035303417758506244,3.7159018788146796E-4,9.375726583968811E-4,2.778358631169707E-4,0.0015397618179945776,2.099441925452063E-4,0.0012398293434725373,0.0017679855373741553,3.6692619642840124E-5,0.0014942745433853158,2.796598246157959E-4,6.498228418500688E-4,0.015303451665726582,0.0016243663506876008,4.304479763053069E-4,3.4304179509580764E-4,0.0011980372245227675,0.004541265511209937,6.386455301692322E-4,2.7162732827146126E-4,0.0014110553159878427,3.9733213949282633E-4],[0.002797930627589949,0.005398755958554468,0.003974502923720577,0.012844201129659602,0.002087859519430666,0.0022853723616953186,0.0057025074045694,0.011286556541483216,7.748563457955966E-4,0.03213101350639578,6.656331861701793E-4,0.004545708852187132,0.0010013686709755523,1.0,0.004938985366814904,0.0035721074235508425,0.003986090094711432,0.005379390497252363,8.409537166884339E-4,4.1042219224534586E-4,0.006901662564067223,0.0013221409853537355,0.07310087174258206,0.006453861677712988,0.003451819875856758,0.0026983689587808963,0.005149021230619918,0.004738164844014488,0.003558317913503689,0.008061324939587338,0.005289009527500753,0.0043293861068292435,0.004973135401831315,0.003882614698698611,0.004262147126700304,0.004686343397849128,0.003846910582362427,0.006333378444390659,0.0051540183331182385,0.0021100601050340097,0.0034107090464206174,0.003977642117944841,0.013289582667541693,0.0024858892723694155,0.0021333413947847964,0.005048784735217935,0.018035848165746254,0.007432199445693199,0.0036031297562281192,3.3750751552726846E-4,0.0022609864362656217,0.00126541395750865],[5.698956442313642E-4,0.0011309335291466687,0.0010258143454995013,0.0035830111661597844,0.0012285229388468866,7.20883836175788E-4,0.0021650628327646243,0.05130616114899501,7.661582203021403E-4,0.050676883525367124,1.721850209140345E-4,0.0014658625825758147,0.0010747359258218001,0.004938985366814904,1.0,2.055209463353766E-4,0.001007659677690029,9.441986691890961E-4,4.4456664807788245E-4,9.369444897261616E-4,0.004984117471376006,1.9208760605738172E-5,0.007587878020759536,0.015821641908825266,0.0016044820314282291,3.941860524067934E-4,0.003101855490408983,0.0015493395645406098,0.0015112729641908104,0.008179341311741955,0.004073607076155905,1.7822900785171875E-4,0.0015329002200018284,0.0012771251521520826,0.0026925413612161335,8.872856936886584E-4,0.002581730079801622,0.0023053363082119827,4.0557964960547037E-4,0.0018320719318966469,8.927778911786086E-4,0.0013463495446008637,0.005839069685706777,0.0019259218985005582,0.0013154538249781776,0.00121202298657803,0.024255740926008573,0.0022142404369235877,0.001358609562966359,7.231284315239942E-4,0.0016312096038625734,7.5557024370903E-4],[1.2009870473969818E-5,7.027649286871984E-4,1.8024579207225302E-5,0.006960954123078944,1.8499910860356671E-4,3.19592807850815E-4,0.004250409635749854,0.018585391195122824,2.2578178167965095E-5,0.00708623014797019,1.0384035411357719E-5,4.132590773677519E-4,1.995422240592834E-4,0.0035721074235508425,2.055209463353766E-4,1.0,7.552048490473209E-5,1.2123473740099477E-5,9.894428273700969E-5,1.3826511545857604E-4,7.3698464029397E-5,1.188986527784462E-5,0.040959915316785916,0.002865872060692353,0.0012158652007330855,2.2591002101653552E-5,7.729774631858189E-4,2.8784111721288924E-4,2.522360175398587E-4,0.010187594346494315,0.0025094275089655896,9.585465137902622E-5,0.001370820692518278,1.1681429011227407E-5,0.0025383401028517137,4.173768153532589E-5,3.183898500352693E-4,0.0043975658327683334,1.1783367256387384E-5,3.804223187826535E-4,1.8741352979455931E-4,7.136683642724035E-4,0.008743723764378849,0.0011514801657808791,1.3008432918426598E-5,2.1134992619702784E-4,0.005183188601225354,0.004244034632786123,0.0012528033866572319,1.408737412819053E-5,5.735785616620351E-4,2.0159503579234028E-4],[3.278376187253652E-5,3.0028960488487203E-4,1.069146068742571E-4,0.004771375555306674,2.4797208942080697E-4,4.241037632372015E-4,0.0020353039115686405,0.04479513960521049,1.0345093834190854E-4,0.038500277313984387,1.162967233824201E-5,9.289304839213197E-4,1.5159810703288014E-4,0.003986090094711432,0.001007659677690029,7.552048490473209E-5,1.0,9.627999364051384E-5,1.0028595676481125E-4,1.5079244559566737E-4,0.006827725042608454,2.621823858167572E-5,0.0597828028957126,0.014629978197285617,0.001011022514369007,6.511891452702386E-5,2.616609867730616E-4,5.332730474533949E-4,5.555725948755102E-4,0.0041910781672380775,0.001912887172849316,1.4817956328312787E-4,0.0013629379443345633,1.3684305252538817E-5,9.350234283155226E-4,1.276507585893443E-4,0.0010270854622760517,0.00482728998578992,8.762276414826063E-5,5.473532460655219E-4,1.277016125348956E-4,8.651200088553839E-4,0.007779985625007264,0.0015957862904630376,2.6430120519350392E-5,2.536413784214974E-4,0.01882507440510179,0.009631626202192087,5.987324246652389E-4,1.9060846417123052E-4,7.53517010925768E-4,3.5639071334167674E-4],[1.2214069577084286E-5,4.3173344971570045E-4,2.824653769602435E-5,0.00265755595571985,9.354375710259182E-4,2.1339985499755238E-4,0.0015461693503011503,0.027717466374141728,2.0180797900066622E-5,0.031111763383332512,1.0232837187546597E-5,3.211876587601302E-4,3.6624345738935446E-4,0.005379390497252363,9.441986691890961E-4,1.2123473740099477E-5,9.627999364051384E-5,1.0,5.193238431189171E-5,7.625026105925722E-5,0.0023041249307289647,1.2355847599519349E-5,0.03696871630915927,0.016622425734333684,9.159129913393163E-4,1.8216794051540778E-5,0.0025790889987896823,9.86067872073671E-4,0.0014160478191866585,0.0070143688228918415,0.002681966013498563,1.1223640694640993E-4,3.2584913139961446E-4,1.2242141855814685E-5,0.0011372108051275571,1.0891260397745068E-4,0.001332050117308125,0.0032338352721991994,1.2077103342818859E-5,9.857105699103874E-4,1.325917361694935E-4,9.224825032069878E-4,0.010993499639105304,0.0013903382079082235,1.2504467767504287E-5,1.332519822352598E-4,0.013805540779236384,0.0082423169872046,3.9048549356075963E-4,1.749905646664692E-4,0.0011567033682369067,2.745189162893745E-4],[3.338974988754455E-5,7.147882022266652E-4,1.085318492691872E-4,0.01742381540090519,9.281083606030104E-4,3.9863728398616333E-4,0.0010058828316533177,0.03211233340052282,5.0639957432162415E-5,0.03527110239185368,5.7178184208099465E-5,3.73885416719763E-4,3.951891964588779E-4,8.409537166884339E-4,4.4456664807788245E-4,9.894428273700969E-5,1.0028595676481125E-4,5.193238431189171E-5,1.0,1.3286696583168195E-4,0.0024980473420504975,2.0552919599982083E-5,0.04251968195367682,0.004854090897787222,7.644482729457902E-4,3.3584397653042936E-5,0.0031472188585838163,2.8222776836722046E-4,6.738810905488093E-4,0.00427149359692243,0.0034887812081389317,1.0662947460922796E-4,0.0011511646843656571,8.336322275339148E-5,0.0022377553102563216,1.3179523255544924E-4,6.216067626458501E-4,0.0024908322899952107,4.9191892396548765E-5,0.0019246441761440111,1.4692913106217223E-4,5.527909618727605E-4,0.002895385860525216,0.0011272204829306724,2.767971871459562E-5,1.0410828091040423E-4,0.014188709280399881,0.0017309606538272362,2.644360171848728E-4,1.5922104220652958E-4,0.001340726545590176,2.3641352953775844E-4],[1.826712479565471E-5,7.584733843482583E-4,1.4886855315083744E-4,0.004155945354620225,0.0011588734505737599,5.313971959518873E-4,0.005960048306880106,0.04742010726973868,9.49114482241969E-5,0.035057825053103175,3.661434689587857E-5,2.3944414214451933E-4,4.422152303021936E-4,4.1042219224534586E-4,9.369444897261616E-4,1.3826511545857604E-4,1.5079244559566737E-4,7.625026105925722E-5,1.3286696583168195E-4,1.0,0.004237955081948239,1.0658382353768795E-4,0.07037510901566471,0.013673914043164,0.0012725786450397607,3.9107435893032535E-5,9.02702129642973E-4,8.323651883529883E-4,4.0556437487063927E-4,0.01017621675306088,0.0026295258436115415,1.6431992204355849E-4,4.335710812370633E-4,8.390121416839963E-5,0.0025983778815583856,1.7205491086739864E-4,4.041344088807732E-4,0.0018146412509651853,2.2954352377446664E-5,4.940048612980754E-4,1.8188603665951575E-4,9.104186921938672E-4,0.0134899952375913,6.501026479812635E-4,6.922848420911331E-5,2.647228593449415E-4,0.01592404977246871,0.009184994601373732,5.823767044293831E-4,1.929295523802752E-4,7.011133602367421E-4,1.8637645783486172E-4],[0.005146478002280181,0.0015861917120375468,0.002314214313955864,0.01463305827865586,0.006147335413589477,0.007560209837540977,0.007557008899134226,0.03686575542706374,3.9126629179295474E-4,0.029866765086181028,0.0012031352602685334,0.003728713790164413,0.00354901586144456,0.006901662564067223,0.004984117471376006,7.3698464029397E-5,0.006827725042608454,0.0023041249307289647,0.0024980473420504975,0.004237955081948239,1.0,0.006214300563072454,0.07030211532454966,0.013141524932136892,0.0016637073417460646,0.005694474478186376,0.007813413633278418,0.004527481388461473,0.0056717175189879825,0.008909144186415061,0.007239405510811103,0.002968094717596985,0.0027908694769547145,0.007690232420225184,0.007699568560108209,0.003189026921072603,0.003622489447398469,0.007508323790402927,0.004490508758980409,0.002950907376280209,0.002607707999891342,0.002582311155111857,0.009679087789372608,0.005608703605954156,0.004825520713104212,0.006889780711015008,0.011337978247799608,0.010945880574342655,0.00752655575102843,0.007709854711477478,0.005640861553785756,0.007633670054134831],[1.2083966203458957E-5,8.616078732361568E-4,5.1642669063454804E-5,0.0017815574895059868,2.836680627440847E-4,6.436262381745952E-4,0.0019495835106895052,0.02488717726084484,1.442168883368611E-5,0.052941040688084626,1.1397930082705608E-5,5.514284409011745E-4,4.765163425483058E-4,0.0013221409853537355,1.9208760605738172E-5,1.188986527784462E-5,2.621823858167572E-5,1.2355847599519349E-5,2.0552919599982083E-5,1.0658382353768795E-4,0.006214300563072454,1.0,0.05515835533118048,0.0030451986236248252,5.977147246460971E-4,1.8274083903134777E-5,4.514748982865649E-4,0.0011054053061349248,1.0461922709504177E-4,0.006542220878987978,3.506808920733526E-5,3.527376314960156E-5,0.0013751452801413504,1.2253478101550935E-5,0.003109683954959384,5.084152325628339E-5,2.9589156813366736E-5,0.005680475379336496,1.2302900260852668E-5,0.0016755415705841945,5.540303329126655E-5,6.428486108625533E-4,0.0030525776728307077,0.0021452552047923033,1.3583242496849568E-5,1.2134646242385377E-4,0.0050254135697986,0.004894510943512783,1.8362628290071118E-4,1.3343685962899336E-4,6.103055819299649E-4,2.3502896747791592E-4],[0.033180496338423085,0.05623301007061564,0.035570187575748986,0.07221153827571132,0.002639338238491409,0.025984822248594407,0.015384592929706857,0.056877803935222744,0.03943622582479851,0.0642443071681449,0.00969188410302336,0.029147633065593554,0.07002905330598752,0.07310087174258206,0.007587878020759536,0.040959915316785916,0.0597828028957126,0.03696871630915927,0.04251968195367682,0.07037510901566471,0.07030211532454966,0.05515835533118048,1.0,0.05269190242362141,0.0018104240437056354,0.05666580489080147,0.05193004567142423,0.07109295929834658,0.07532964718083067,0.04335101044696893,0.05927658904570472,0.01153456346130904,0.029754483195322146,0.05736973547830153,0.004969821013252275,0.07337458553918139,0.05587694649973972,0.011691456787775192,0.04749388052853741,0.008057605779564176,0.056286342083051714,0.07065162508075934,0.06557837967017478,0.021725529687244668,0.05652779871176746,0.05980630184944891,0.030211692752377187,0.06296612447687508,0.04885507617940456,0.011394325377140866,0.006823731807828054,0.018037318101059904],[0.00637042742273409,0.011159354762909048,0.003106982681256891,0.017936757650124105,0.012961011905747326,0.005316311747417116,0.01216655711420374,0.01851165701330223,0.011895640135856034,0.039393638375960986,0.008715245979247032,0.014840097246016096,0.0026253766349337,0.006453861677712988,0.015821641908825266,0.002865872060692353,0.014629978197285617,0.016622425734333684,0.004854090897787222,0.013673914043164,0.013141524932136892,0.0030451986236248252,0.05269190242362141,1.0,0.01595919444693204,4.2839303335171327E-4,0.014739595005422008,0.008140121925969575,0.01507280332127876,0.01293873889637073,0.008002455693149096,0.0021593370979686977,0.01439517563949836,1.8268604723568497E-4,0.012984035206442566,0.016101182633154826,0.0030782432037440854,0.014255465232287524,0.014088490076871215,0.010293974849130121,0.006203464747163013,0.008866762361613406,0.017268219385547488,0.011027563479254945,8.281414744119438E-4,0.002343581021545705,0.01833474021308724,0.013268970341011568,0.010823897221619347,0.010642983393041087,0.008243638045190528,0.00686700402852197],[4.0587166380264033E-4,0.0013879589146453038,7.142421365705298E-4,0.011765125744391002,0.0014691183888349136,0.0015152034960373786,0.003121181773678755,0.015720806224251798,6.76127989817424E-4,0.009125478905364809,1.2920148315179428E-5,0.0016024987377980869,0.001054413844687011,0.003451819875856758,0.0016044820314282291,0.0012158652007330855,0.001011022514369007,9.159129913393163E-4,7.644482729457902E-4,0.0012725786450397607,0.0016637073417460646,5.977147246460971E-4,0.0018104240437056354,0.01595919444693204,1.0,6.716658136991435E-4,0.0018879603839719412,0.0015861134724361608,0.0015489341467626154,0.010893584214281906,0.0038025625890248313,2.948745620957277E-4,0.001536685792650606,7.182733644830016E-4,0.002079445957064109,0.0014638208382333363,0.0016898919106605424,0.003975146720353908,0.0011582291838753654,0.00196532946743404,9.508859027104327E-4,0.0012464230630370786,0.013125308918284163,0.0016439274491701567,0.0012580023790586144,0.001352235136580917,0.0024414717550481175,0.009310356666749222,0.0016040090239843035,0.001386243970960995,0.0016240569773225235,7.025280885055449E-4],[1.645855467057532E-5,7.337876209415526E-4,8.374952567077144E-5,0.0011844002193656764,8.310414524635073E-4,5.9751268877667274E-5,0.002699551355674235,0.028656417336684236,2.3518619703379345E-5,0.013735028013768292,1.12357780790436E-5,6.170570304939E-4,3.657041608582999E-4,0.0026983689587808963,3.941860524067934E-4,2.2591002101653552E-5,6.511891452702386E-5,1.8216794051540778E-5,3.3584397653042936E-5,3.9107435893032535E-5,0.005694474478186376,1.8274083903134777E-5,0.05666580489080147,4.2839303335171327E-4,6.716658136991435E-4,1.0,0.00329021838146053,8.995655399807609E-4,5.825782581296687E-4,0.008554128503826933,7.72019020888642E-4,6.869855199784581E-5,3.8284297654362104E-5,2.0401353351851404E-5,0.002312452354006839,1.2233453535417284E-4,2.0364203658558428E-4,0.0016550978454992402,1.4271449747051276E-5,0.0018212424415802056,1.2775666751299494E-4,5.044234818643952E-5,0.013476086886809015,0.0020248137480056304,1.9022644950473824E-5,2.98285051835026E-5,0.008101915410247159,0.01118855159942456,7.886931378321179E-4,2.1249843147214757E-4,6.157017660490385E-4,2.0733989774391161E-4],[2.690889134353051E-4,0.001060041791027466,0.0022563703058860207,0.009906890996934781,0.002638485745359757,8.673864987082951E-4,0.004671769895922887,0.03421451293597337,8.84037599447679E-4,0.04634754876568609,0.0013490450098482373,0.0034040937512921443,0.001797635697994105,0.005149021230619918,0.003101855490408983,7.729774631858189E-4,2.616609867730616E-4,0.0025790889987896823,0.0031472188585838163,9.02702129642973E-4,0.007813413633278418,4.514748982865649E-4,0.05193004567142423,0.014739595005422008,0.0018879603839719412,0.00329021838146053,1.0,0.0032588887364149964,0.0021875251622418186,0.010447525918342929,0.0036830260082548307,3.658528290283175E-4,0.002138737907952221,0.0010661138397832525,0.0032952516293047393,2.857486737416523E-4,0.0027033420341824404,0.0036772474905238895,8.596628835687797E-4,0.002598364275946944,0.0030942373792678963,0.0032612355648396155,0.010081299454469391,0.0028830711558596248,5.706562628984064E-4,0.003072880865529498,0.020163549154793743,0.004957814640652348,0.0013259248377086325,0.0028463301501042396,0.0022683593741071634,0.0018250996799483428],[9.177127744510425E-4,0.0013842992012585641,0.0013511867968636021,0.015375614002056656,0.001522952207491048,0.0010194375322483702,0.004762423262783645,0.014990507972204936,0.0014716678333895944,0.013882374603147268,0.0013776364346593233,0.0011289749224337679,9.945682078520484E-4,0.004738164844014488,0.0015493395645406098,2.8784111721288924E-4,5.332730474533949E-4,9.86067872073671E-4,2.8222776836722046E-4,8.323651883529883E-4,0.004527481388461473,0.0011054053061349248,0.07109295929834658,0.008140121925969575,0.0015861134724361608,8.995655399807609E-4,0.0032588887364149964,1.0,0.0015514030131490472,0.005482824998031129,0.0016020239034829696,6.84262106356927E-4,0.0015449769880425148,5.986434729581745E-4,0.0028933618723867485,0.001546483508191662,0.002026606347732082,0.004934055531138092,9.807945028289843E-4,0.0019379086918070913,0.0010013537077190543,0.0012814567672004243,0.008126758670128204,0.002115443239253184,6.599709248151E-4,3.608789649217066E-4,0.01805629625256934,0.00870550847380025,0.0014632111020620353,0.0015523835105166824,0.0017218781653476223,0.0012734025130120992],[2.923009053199072E-4,0.0011499834672016808,0.0010321066883972993,0.0038394655644719052,0.0013733772778535486,0.001305367246927867,0.005091034948691587,0.035190635541278666,4.824563059743423E-4,0.043896322693760925,2.6081210736092464E-4,0.0011779668305780782,0.001524352606847165,0.003558317913503689,0.0015112729641908104,2.522360175398587E-4,5.555725948755102E-4,0.0014160478191866585,6.738810905488093E-4,4.0556437487063927E-4,0.0056717175189879825,1.0461922709504177E-4,0.07532964718083067,0.01507280332127876,0.0015489341467626154,5.825782581296687E-4,0.0021875251622418186,0.0015514030131490472,1.0,0.003928761586557448,0.0029136300982992745,0.001330997522992934,0.001530371265288615,6.422920673570259E-4,0.0027763351193529646,6.161054823461039E-4,0.0023251786222079785,0.004065140080349708,0.0014441011339053548,0.0019351914718162874,0.001322237626491565,0.0012736236940099207,0.0016020401664543797,0.001738751531309132,6.797280695904854E-5,4.17259105905785E-4,0.019790246451309154,0.006909437412600727,0.0013877643825727657,8.23858638334278E-4,0.0016518319190573284,9.912046065191963E-4],[0.00882036850608568,0.007689370268693815,0.002465242022651051,0.015846508574479015,0.009067779091255515,0.001843422679273597,0.008797451625342411,0.026253312862650726,0.006565562760830991,0.02960563764501086,0.006509031786506166,0.0037145196056487468,0.003309314740456062,0.008061324939587338,0.008179341311741955,0.010187594346494315,0.0041910781672380775,0.0070143688228918415,0.00427149359692243,0.01017621675306088,0.008909144186415061,0.006542220878987978,0.04335101044696893,0.01293873889637073,0.010893584214281906,0.008554128503826933,0.010447525918342929,0.005482824998031129,0.003928761586557448,1.0,0.004264300244808544,0.009653638486250211,0.005324105358941902,0.010936486296963085,0.006830796943942527,0.004469152525112002,0.007899309903379819,0.010182493496908062,0.007493864444212819,0.0029959917628330393,9.831904387436847E-4,0.003934387425849433,0.014387810611418203,0.007335817015647351,0.007813561043653569,0.00106000290288547,0.016583893596597486,0.011309415864297801,0.004709259530859918,0.010009894161071318,0.009027465206416733,0.0029140154693456407],[0.0012961291278393743,0.0027480849976093766,0.0037599552925033745,0.01750202779207669,0.0022842556093732322,0.002695745389229739,0.004351900533882564,0.041709220215640073,0.0028671949553717505,0.03736822158365541,0.0024147786905906283,0.0033096494401090243,0.0035303417758506244,0.005289009527500753,0.004073607076155905,0.0025094275089655896,0.001912887172849316,0.002681966013498563,0.0034887812081389317,0.0026295258436115415,0.007239405510811103,3.506808920733526E-5,0.05927658904570472,0.008002455693149096,0.0038025625890248313,7.72019020888642E-4,0.0036830260082548307,0.0016020239034829696,0.0029136300982992745,0.004264300244808544,1.0,0.0034620869958889933,0.002419664905102035,0.002386056583840142,0.003987281627951079,0.0027718534958727035,0.003715901872785903,0.006397183735886519,5.0961424249808775E-5,0.003262866871409501,0.0013411920921326363,0.004113596216562948,0.0046106510681903365,0.002816465706084119,0.001522549287300919,0.0024574952192858023,0.020915965014520435,0.00860274113731473,0.002543219573344016,3.426409747101103E-4,0.0024874245676329183,0.0032264569504770035],[3.7165650287257386E-5,3.427844469828272E-4,1.2671688743467536E-4,0.0015320216476694608,7.042223721018251E-4,3.206509703691055E-4,0.004002087498910755,0.024355240748646218,4.1274845710251326E-5,0.004033717080753992,1.096963481586076E-4,7.649553289152144E-4,3.7159018788146796E-4,0.0043293861068292435,1.7822900785171875E-4,9.585465137902622E-5,1.4817956328312787E-4,1.1223640694640993E-4,1.0662947460922796E-4,1.6431992204355849E-4,0.002968094717596985,3.527376314960156E-5,0.01153456346130904,0.0021593370979686977,2.948745620957277E-4,6.869855199784581E-5,3.658528290283175E-4,6.84262106356927E-4,0.001330997522992934,0.009653638486250211,0.0034620869958889933,1.0,9.943523193730462E-4,1.3361298380847668E-4,0.0018912950177296852,1.3752891958474975E-4,9.072151120295909E-4,0.0018533367376721132,9.423678892975457E-5,0.0018885758318518417,1.7266688045405496E-4,5.824278173706032E-4,0.009029343003874127,0.0019335530949027868,1.405654926209929E-4,2.254882037194456E-4,0.023142424011702554,0.002675862445383228,2.0554534240013625E-4,1.6719819477595136E-4,2.904306572132788E-4,2.9855150609195056E-4],[0.001335251856355284,0.001385130091936,1.8003660801023928E-4,0.01591095987639882,0.001378160568432946,0.0010305994883859802,0.002324041903080955,0.015032211994817538,0.0011671591687867136,0.008914523370577111,9.962466933014042E-4,0.0012599336881340567,9.375726583968811E-4,0.004973135401831315,0.0015329002200018284,0.001370820692518278,0.0013629379443345633,3.2584913139961446E-4,0.0011511646843656571,4.335710812370633E-4,0.0027908694769547145,0.0013751452801413504,0.029754483195322146,0.01439517563949836,0.001536685792650606,3.8284297654362104E-5,0.002138737907952221,0.0015449769880425148,0.001530371265288615,0.005324105358941902,0.002419664905102035,9.943523193730462E-4,1.0,9.992656415327122E-4,0.0028970582025963773,4.7897577422181456E-4,0.0020816689216044313,0.0034886748060113867,2.6729407530961543E-4,0.0019962174869357623,0.00145300586986085,0.0012189357903014777,0.014017800580412073,0.0018566898807803086,8.431837954298122E-4,7.908899378873523E-4,0.01312384821628242,0.005026947852742115,0.0015179891357058634,0.0013303542090997312,0.0017786868172728087,7.491657944731874E-4],[1.2131964423988647E-5,2.2946869032678137E-4,2.6894366607816933E-5,0.01673403433984372,5.678513694865999E-4,4.7425265885480403E-4,0.0029371560230032415,0.018238195616624937,1.9211530934352587E-5,0.05108503034713556,1.1309974033317894E-5,6.875949915532843E-4,2.778358631169707E-4,0.003882614698698611,0.0012771251521520826,1.1681429011227407E-5,1.3684305252538817E-5,1.2242141855814685E-5,8.336322275339148E-5,8.390121416839963E-5,0.007690232420225184,1.2253478101550935E-5,0.05736973547830153,1.8268604723568497E-4,7.182733644830016E-4,2.0401353351851404E-5,0.0010661138397832525,5.986434729581745E-4,6.422920673570259E-4,0.010936486296963085,0.002386056583840142,1.3361298380847668E-4,9.992656415327122E-4,1.0,0.002071513769295361,2.1980849426107194E-5,0.0017970974498922466,0.0017716859260937011,1.2146117987623673E-5,0.0015670222980883144,4.26242556541662E-5,2.33120476919659E-5,0.01477690332923798,4.251381478614433E-4,1.3892056362940892E-5,1.8030994444278667E-4,0.017506388094558446,8.891398485343993E-4,2.574747991192571E-4,1.7487916196917222E-4,0.0017738109862788763,2.58222426509167E-4],[0.0020144281536964345,0.0016199993133745806,0.00281115879499165,0.01204779080560239,0.0028527767618052057,7.977358091920923E-4,0.005858478054023302,0.007462087221998236,0.0020299846797576055,0.0036494269149943926,0.0020562642373920807,0.002833040820888067,0.0015397618179945776,0.004262147126700304,0.0026925413612161335,0.0025383401028517137,9.350234283155226E-4,0.0011372108051275571,0.0022377553102563216,0.0025983778815583856,0.007699568560108209,0.003109683954959384,0.004969821013252275,0.012984035206442566,0.002079445957064109,0.002312452354006839,0.0032952516293047393,0.0028933618723867485,0.0027763351193529646,0.006830796943942527,0.003987281627951079,0.0018912950177296852,0.0028970582025963773,0.002071513769295361,1.0,0.0019527440205125255,0.0029472090937114137,0.006367723085346753,0.0018901587577303202,0.0021295096582938508,0.0026409834932729468,0.0021830919153508193,0.015291387659313808,0.003052538301671644,1.364390109297601E-4,0.0020074485149794066,0.019059364169569902,0.010870856406582422,0.0023137117985920688,0.0012723880476152092,0.0028826796075996503,0.002040168002684548],[6.641086381079576E-5,3.9339255492186833E-4,1.260930498950442E-4,0.0066744464898245036,4.907985897697287E-4,1.3655840145446023E-4,0.0025577569091439264,0.025229807483793,9.540822562092074E-5,0.05517141403797045,1.2287124830549155E-4,1.7314416690473455E-4,2.099441925452063E-4,0.004686343397849128,8.872856936886584E-4,4.173768153532589E-5,1.276507585893443E-4,1.0891260397745068E-4,1.3179523255544924E-4,1.7205491086739864E-4,0.003189026921072603,5.084152325628339E-5,0.07337458553918139,0.016101182633154826,0.0014638208382333363,1.2233453535417284E-4,2.857486737416523E-4,0.001546483508191662,6.161054823461039E-4,0.004469152525112002,0.0027718534958727035,1.3752891958474975E-4,4.7897577422181456E-4,2.1980849426107194E-5,0.0019527440205125255,1.0,0.0022602554417572598,0.0032598740061211043,1.0361278246559154E-4,6.316849585483133E-4,1.473836699183851E-4,4.879925197028342E-4,0.0091459623117676,6.384009532729583E-4,9.978870806515494E-5,3.229073421036191E-4,2.8104311096779845E-4,0.008449269325590607,5.442525675297792E-4,1.9105922377490666E-4,0.001308033939398102,2.801479117984987E-4],[0.0014580009952889059,0.0011550424788915386,0.0015406981494442392,0.008140593334410163,0.0014079057583758238,6.637415407298133E-4,0.003482429864683451,0.042321170866720756,0.0025448232254932975,0.04953053738275267,0.0023891492021887095,0.0018066798487567017,0.0012398293434725373,0.003846910582362427,0.002581730079801622,3.183898500352693E-4,0.0010270854622760517,0.001332050117308125,6.216067626458501E-4,4.041344088807732E-4,0.003622489447398469,2.9589156813366736E-5,0.05587694649973972,0.0030782432037440854,0.0016898919106605424,2.0364203658558428E-4,0.0027033420341824404,0.002026606347732082,0.0023251786222079785,0.007899309903379819,0.003715901872785903,9.072151120295909E-4,0.0020816689216044313,0.0017970974498922466,0.0029472090937114137,0.0022602554417572598,1.0,0.006336955250527311,4.51080418422684E-5,0.0021426317526744183,0.0022195998337754337,