[[1.0,0.0017885992519682571,0.001979769648740287,0.003457759310454936,0.004428498074620119,0.0034800332388239892,0.001479981100711262,0.0038691087727654506,0.00418765493592641,0.004843367581171928,0.0024669751722057967,0.0024844770635947576,0.006812308407763846,9.904070446389787E-4,0.004629064141337183,0.004652732875285591,7.471910702706527E-4,0.004789549359537183,0.0031461266641210324,0.009442243015056348,0.01189088999443861,9.655477036175873E-4,0.003823379044391999,0.0017693773094667234,0.0017220519582069448,0.0017065274483938292,0.003964548125259692,8.653279207655369E-4,0.0015940557666341579,0.007973393237278782,0.002077720346242619,0.0036299509339972474,0.003825834842735224,0.0028877202538057554,0.005182128395078533,0.0018492903228096056,0.0024173027213890965,0.010407549230090862,0.0029132081641411135,0.0037880461623478892,0.0027034674803415966,7.316895776561088E-4,0.0035099964742959476,0.0020549664167975688,0.005343149863056754,0.004426049474060293,0.0030513533238941386,8.805506181013764E-4,0.002824884216183811,0.0013379174422142844,0.003090858025739935,0.004302356076816481],[0.0017885992519682571,1.0,4.2810230871289905E-5,0.0013662008375874696,3.794176589998178E-5,1.5051412045157312E-4,2.5772003898342474E-5,2.5090851671295342E-5,2.3510339237907418E-4,9.373618358645011E-4,3.5063937602193866E-4,3.332465725380899E-5,0.006899751714220294,6.89253379063022E-5,0.0023957898018213855,0.003179095759445669,2.2136287024030634E-5,1.7558658370861443E-5,2.6357787190295416E-4,0.009414715547512446,0.009825035163353615,2.831555932828083E-5,2.5151104681122125E-5,6.610080339302436E-4,1.6417566138064413E-5,5.935365825021986E-4,2.6325996188391553E-5,2.5985755556083004E-4,1.9943394612628973E-4,0.003463559244480686,3.7865173741695696E-4,1.7192058219023058E-5,0.0029698388116494363,2.0470058073617108E-5,1.5837713719786496E-5,5.6457508704508515E-5,8.088046545822242E-5,0.008529630614400433,0.0010913497463237282,6.89025422024361E-4,6.933983184548677E-5,1.7848907504974687E-5,7.620069717365228E-4,3.2126820753150884E-4,0.0011641154312121153,8.916323161008061E-4,3.155631779424571E-5,2.1553825274319052E-5,8.099668246948295E-4,7.753698826510107E-5,9.30368890171365E-5,2.012532099414235E-5],[0.001979769648740287,4.2810230871289905E-5,1.0,0.002384377804313661,1.0997420708947875E-4,1.697823428718337E-4,4.598082890530896E-5,3.764113642366606E-5,1.326847211000628E-4,6.662156084969518E-4,8.619452588200505E-5,4.584813259453892E-5,0.007913408810861382,2.1987238194091897E-4,0.0024849853471422432,0.001196338015391236,3.093790656223908E-5,1.831483407589509E-5,1.4936427725533265E-4,0.0021030197476852317,0.0013840377919646465,4.16130060662227E-5,1.1763633284078885E-4,1.8865567564038614E-4,2.6579162908825763E-5,6.952442561110664E-4,3.1797967689062007E-5,2.4497621677847554E-4,1.1273604422073532E-4,0.005956002092212367,8.463540010220311E-4,3.647442489678327E-5,2.5589937246806103E-4,3.836127338804775E-5,4.372945896379985E-5,1.1173176398917526E-4,9.725667069359953E-5,0.009468988728069928,4.648399581963058E-4,6.4439789968898E-4,2.2657245840226233E-4,4.173961213482838E-5,8.703646408035701E-4,9.768763660626238E-4,0.00583619708161549,0.002212224682054641,1.062555775200346E-4,3.769232947545212E-5,1.753006947567081E-4,8.693413579329058E-5,6.634234722556565E-5,1.7086802572983873E-5],[0.003457759310454936,0.0013662008375874696,0.002384377804313661,1.0,0.0016798104616091677,0.001552039858936215,8.138221828531594E-5,0.0024714459746874285,0.002587894307036791,0.002597042184103171,0.002513010567016416,0.0012370707241250373,0.004096085533804251,0.002732706417009651,0.0029767938545274954,0.002918428548968725,0.0015800626292876861,9.457257243639201E-4,0.0014489860584346907,0.00898388200384382,0.010890889181425757,0.001736209786706976,0.00259917610091162,0.0012585219158505931,0.0014383914615245068,0.001470810186645476,0.0019001331757548395,9.731484449034365E-4,0.0019024866428661866,0.00733953677925599,0.002148031994602469,0.002463751239863371,0.0029326052606449904,0.002366869565497307,0.0024923893950314197,0.0017928783683218473,0.0024049326987658636,0.00573090162294672,0.0026387770826661727,0.0023171136032770815,0.0022184349821559556,0.002302632030899833,0.0021700602218965447,0.002621239257498657,0.005698364334269233,0.0028592212028925807,0.001029374789156952,0.001450134947807098,0.0021886980326279414,0.002045434154256823,0.0014050548100276688,0.0026460818946134703],[0.004428498074620119,3.794176589998178E-5,1.0997420708947875E-4,0.0016798104616091677,1.0,1.880082858423453E-4,5.4038844907293496E-5,1.0166991373325104E-4,1.917461354919709E-4,0.001330573802831443,1.7032429795583288E-4,5.4623487378226206E-5,0.005358948479710585,1.7684336351095594E-4,0.0018400833799077183,0.0017467604266001766,2.111878360009306E-5,8.050243437307283E-5,7.249163507876678E-4,0.005384287518566296,6.375204222623333E-4,3.521730600996106E-5,1.3010537685835227E-4,4.6427412766124375E-4,4.660214802696425E-5,1.9135433921614934E-4,3.121420871986998E-5,2.971378405716528E-4,1.9786252031357303E-4,0.003151111746618863,4.3223063975024857E-4,1.0123168315879949E-4,0.001844277198323479,8.302288692797204E-5,8.28081277587557E-5,1.3869180623105157E-4,1.0439052954001622E-4,0.010365403786881538,4.8132500915559447E-4,4.001379488040669E-4,2.228931308608726E-4,3.646013479604653E-5,7.95144279356139E-4,8.273117794787337E-4,0.002024666483146263,0.0023012369527011,1.389606919914767E-4,1.1937351110804975E-4,4.291822685041119E-4,1.3683913151902346E-4,1.4340711374000292E-4,1.4439051604648453E-5],[0.0034800332388239892,1.5051412045157312E-4,1.697823428718337E-4,0.001552039858936215,1.880082858423453E-4,1.0,2.0314880347290794E-4,7.032752036419273E-5,2.3414871252636364E-4,8.469905515994725E-4,3.0710623421731945E-4,8.249042656500227E-5,0.005094284836580157,2.2699106651292425E-4,0.0014510531851713107,7.870603117892689E-4,1.864472384825184E-4,1.55699879754231E-4,4.658063719140576E-4,0.00979804522186786,0.00837667632549403,1.8866841942219702E-4,1.9707847857382851E-4,6.936688604674945E-4,1.0989673511726198E-4,7.649497708656106E-4,1.0668719552934375E-4,2.3646663023587814E-4,2.13416687303138E-4,7.693655581374774E-4,0.001090446889541802,7.183189102959255E-5,3.595442635500441E-4,8.935426375165066E-5,1.5594413561236006E-4,1.7400966908552622E-4,2.1184819469469873E-4,0.00571682923253352,4.1768116677217055E-4,5.156511492859431E-4,2.451320977539033E-4,2.191509661299545E-4,0.0011595490307960044,7.802903182713392E-4,0.003609818922426942,0.002796985019460713,1.648435908738447E-4,8.908402389360135E-5,9.9623044323772E-4,1.9266066941373063E-4,2.096386050203963E-4,2.8978842658275046E-5],[0.001479981100711262,2.5772003898342474E-5,4.598082890530896E-5,8.138221828531594E-5,5.4038844907293496E-5,2.0314880347290794E-4,1.0,4.018678933228031E-5,2.2773906501474093E-4,1.999718439264556E-4,3.001660899729519E-4,4.263982086239497E-5,0.006578120985463166,1.2220204469130558E-4,1.6048618263817292E-4,9.099457718638425E-4,3.5789047174901815E-5,2.1606048219492563E-5,0.0013385235322841893,0.004432933914533688,0.00959722071987084,3.664783355798251E-5,4.925459297365085E-5,8.879588014731226E-4,2.8986711799539398E-5,0.0010214196808431748,4.236293172290175E-5,1.6936799282014605E-4,2.0626801974486193E-4,0.004295775468339022,0.001097102622501326,3.7824722435249585E-5,0.0012694531805269047,3.0231919153881956E-5,2.8347080781768093E-5,1.1125229652487491E-4,7.235906369142112E-5,0.0016292040035621885,3.3188201854998596E-4,0.0012517544211508732,2.2835439928311623E-4,2.2669019212376257E-5,9.765107641084246E-4,2.4161016686725405E-4,1.8384896293037242E-4,0.0017705269835201604,8.444055687242808E-5,2.860383629231922E-5,4.402943251349122E-4,4.672515232040465E-5,9.223989659794453E-5,2.1147360995552457E-5],[0.0038691087727654506,2.5090851671295342E-5,3.764113642366606E-5,0.0024714459746874285,1.0166991373325104E-4,7.032752036419273E-5,4.018678933228031E-5,1.0,1.0578080904252344E-4,4.1904250768678807E-4,1.4330767833726723E-4,3.765888901509275E-5,0.006862364386966405,2.6912129289993156E-4,0.0012933172633515322,5.896048032805069E-4,3.4366231334836E-5,1.7317459824531428E-5,3.400238842259578E-4,0.0038018988707031183,0.010967959852691096,3.489733236459883E-5,4.583818635868795E-5,2.1280083102781635E-4,1.351812927383725E-5,1.9000680830879947E-4,2.923569216260209E-5,5.5807066430878474E-5,2.0900062332368126E-4,0.00595137903613018,4.344929036145525E-4,3.3179259197400375E-5,0.0022705997278225235,3.27179353177075E-5,3.192370307321893E-5,1.0751414688562366E-4,6.375737171851581E-5,0.0032712573256721274,5.380219789264222E-4,0.0012083128689439591,4.516826167556167E-5,2.2350371516956387E-5,2.0512652493285633E-4,4.0701120591520685E-4,0.002062956994379061,7.892922824710553E-4,1.038508781892847E-4,2.914119022307645E-5,4.749840094655045E-4,9.061445348737836E-5,1.5426897086791655E-4,3.016566458137689E-5],[0.00418765493592641,2.3510339237907418E-4,1.326847211000628E-4,0.002587894307036791,1.917461354919709E-4,2.3414871252636364E-4,2.2773906501474093E-4,1.0578080904252344E-4,1.0,0.0013409211439564701,3.1768340096049693E-4,1.6895204366600865E-4,0.004332795154219261,2.597377479077626E-4,0.0018040156751692382,0.0015843622065102837,7.982392315962726E-5,1.461627340530805E-4,6.024033589192287E-4,0.0027245921791874566,0.001981730385318789,6.532146167488871E-5,1.5625875831115854E-4,6.509799174433444E-4,8.756279754433576E-5,4.3062947400338887E-4,5.2747156678405765E-5,2.7846312485489005E-4,2.513471978469558E-4,0.0019048321664593612,5.050441689879529E-4,5.766193848467644E-5,8.531728698037181E-4,9.174261279122863E-5,1.4724195161352498E-4,1.993912424501874E-4,1.507381802309353E-4,0.011358736044486367,4.879847589858029E-4,3.624728414101305E-4,3.5844771815528027E-4,7.380635209599882E-5,0.0011259501085888874,9.845569427743076E-4,0.0052020569726928265,6.343320691329401E-4,2.1614486463660036E-4,1.5835840899707047E-4,9.285465529334396E-4,1.4528865394300216E-4,1.8714765360539805E-4,2.1759421365020836E-4],[0.004843367581171928,9.373618358645011E-4,6.662156084969518E-4,0.002597042184103171,0.001330573802831443,8.469905515994725E-4,1.999718439264556E-4,4.1904250768678807E-4,0.0013409211439564701,1.0,0.0010744990244622523,0.0011962870613452124,0.0020795025129960914,0.0015894766033499545,0.002815564540511302,0.002175825833581172,3.223612614738286E-4,9.868379908374806E-4,0.001751976237032465,0.009550189914508036,0.002421263236295334,0.0011838352116994007,0.0015120204936350278,0.0012377103100947773,0.0012129299984134038,0.0011004159304573186,0.001281426031417947,0.0010474105079526352,4.0584694492148737E-4,0.006499020586943217,0.0016280666052556957,2.3759871154085399E-4,0.0021122238490320056,0.0013245289590508257,6.060552771758419E-5,6.480468919089192E-4,8.897819719364582E-4,0.0037123284143682615,0.0013167281045557916,0.0017205305465586291,9.81022730701488E-4,0.001271604438032417,0.0013042138985329106,0.0015019034813288721,0.0026060605203732474,0.003053338654542714,0.001276579639232568,6.045048516164444E-4,0.0015020396037096137,9.768741571905698E-4,4.972887391310782E-4,2.337964730605457E-4],[0.0024669751722057967,3.5063937602193866E-4,8.619452588200505E-5,0.002513010567016416,1.7032429795583288E-4,3.0710623421731945E-4,3.001660899729519E-4,1.4330767833726723E-4,3.1768340096049693E-4,0.0010744990244622523,1.0,2.4029977972576816E-4,0.005812685235028255,3.210666136129928E-4,0.0030312158159015424,0.002272772542896207,1.9027440072618443E-4,4.582318857006907E-5,8.296017006588341E-4,5.579220636181639E-4,0.010179180092492586,2.0020882273271966E-4,2.126140304632325E-4,9.683770496630539E-4,3.407664256621152E-4,6.090152381386248E-4,2.4016306298085363E-4,3.2979037959505103E-4,3.267170166778172E-4,0.0025244189801216393,9.669978383682663E-4,9.851887034378136E-5,0.0021876671041403594,2.3102018859098825E-4,4.737233997053904E-5,2.0523119507386426E-4,1.5405658732023112E-4,0.010202591075050699,9.050384046313353E-4,0.0012078375303499578,3.661074263182388E-4,1.637732500539147E-4,9.235114618344612E-4,9.590294417117264E-4,0.004150194816942453,0.0020974574223457834,2.4160609912503148E-4,3.1412135585918435E-4,5.009965025162154E-4,1.7618429401817886E-4,2.515779307264844E-4,2.8816583134365863E-4],[0.0024844770635947576,3.332465725380899E-5,4.584813259453892E-5,0.0012370707241250373,5.4623487378226206E-5,8.249042656500227E-5,4.263982086239497E-5,3.765888901509275E-5,1.6895204366600865E-4,0.0011962870613452124,2.4029977972576816E-4,1.0,0.008470421581730213,1.618102221714393E-4,0.002208490040964116,8.470014601453143E-4,2.356871723261452E-5,1.8302781375000366E-5,0.0014068059400055473,0.009908568452372661,0.009029464976985504,3.345318098850533E-5,7.36333005329894E-5,2.4448964984246036E-4,3.63859654271472E-5,6.525727803799415E-4,2.7248778440732007E-5,2.5400094805168446E-4,6.871714842118916E-5,0.007480320918343584,1.499247848208782E-4,2.0334780153865336E-5,0.002004244288374169,2.981990906657753E-5,2.4385021353142715E-5,5.554771156639175E-5,6.429423442824321E-5,0.00616286318416587,3.92836189714387E-4,1.1381568841987028E-4,2.0328121500106733E-4,1.8117245732193203E-5,5.449558907203696E-4,2.498219651544249E-4,0.0037431885744099182,0.002423947092695213,1.2674130485064772E-4,3.6774763763904576E-5,3.4792561707372004E-4,1.2405779469353467E-4,8.038455912884486E-5,3.4238630121580375E-5],[0.006812308407763846,0.006899751714220294,0.007913408810861382,0.004096085533804251,0.005358948479710585,0.005094284836580157,0.006578120985463166,0.006862364386966405,0.004332795154219261,0.0020795025129960914,0.005812685235028255,0.008470421581730213,1.0,0.002190682101157845,0.006462600298085562,0.007805205613745991,0.005247326961402803,0.005266901338548922,0.0022204469341787735,0.010298616751476907,0.00890294330036797,0.008419194394181699,0.007672734418238959,0.002951923651645127,0.00666453089632801,0.006337344012458621,0.007232819799040057,0.0010505530226670146,0.007742532277593643,0.008687193269076032,0.005014365830864043,0.0068488944181811125,0.008543751234501651,0.00687292034027484,1.497886195703126E-4,0.006312463672381539,0.0018652494808473034,0.010543434585470607,0.005005909668084719,0.002208795582952165,0.005259908209013023,0.003784377201321374,0.006080723610393671,0.002043694485951583,0.007561656513304146,0.004621702764727888,0.0029995445675194796,0.008327971429439916,0.005281682207520859,0.0038252105320453955,0.007887614471562438,0.0072055071443633155],[9.904070446389787E-4,6.89253379063022E-5,2.1987238194091897E-4,0.002732706417009651,1.7684336351095594E-4,2.2699106651292425E-4,1.2220204469130558E-4,2.6912129289993156E-4,2.597377479077626E-4,0.0015894766033499545,3.210666136129928E-4,1.618102221714393E-4,0.002190682101157845,1.0,0.00242000978853338,0.0010508587132442046,2.901099782813616E-5,8.702150752124215E-5,0.0011198554351058295,0.006439727334782309,0.002715941230546027,7.586824696832757E-5,2.8267506827547785E-4,0.001180170507985164,3.096995537826149E-4,8.324334604620368E-4,6.90887629002014E-5,3.1514190253280095E-4,3.1302612363322236E-4,0.0014077264122222804,6.988794523988019E-4,7.907024018814036E-5,0.002331381922313562,2.1658672449761295E-4,1.4938803933413892E-4,2.4015177659945908E-4,2.833669609922914E-4,0.00762955452574651,9.939638596740271E-4,6.356481155203528E-4,4.800144698941126E-4,2.1330825154476627E-4,7.632136279371328E-4,9.732172346243867E-4,9.29520626616334E-4,0.0016945794687970844,2.9638361200234073E-4,2.0142760859830555E-4,7.048244566170027E-4,3.0764577652579657E-4,2.8260359669630617E-4,1.1742733935336603E-4],[0.004629064141337183,0.0023957898018213855,0.0024849853471422432,0.0029767938545274954,0.0018400833799077183,0.0014510531851713107,1.6048618263817292E-4,0.0012933172633515322,0.0018040156751692382,0.002815564540511302,0.0030312158159015424,0.002208490040964116,0.006462600298085562,0.00242000978853338,1.0,0.0031759455321370964,0.001319886182753558,0.002647496378673212,0.0019253768916381252,0.007190542296371011,0.0034951706462840225,0.0025032488843651623,0.0013572533516988858,0.0016447527525956414,9.491669331801722E-4,0.0014234120969263213,8.60491774021385E-4,8.490463840715522E-4,0.001377535697219139,0.005939171984121687,0.0016167164255606122,0.0014445078263437539,0.003058443813472377,9.370925687698438E-4,0.002439504125859234,2.465916514561797E-4,0.002680969701932923,0.007389782257088313,0.0013671248979179045,0.001767122334892499,6.648098842127021E-4,0.0025601813843801197,0.0017787811871666308,0.0026812084558929137,0.004795463816700266,0.0032410952065514437,0.0019007863724613766,0.0022369885123854094,0.001784470174305036,0.002654093910913018,0.0028593895727369867,0.0019811144698981733],[0.004652732875285591,0.003179095759445669,0.001196338015391236,0.002918428548968725,0.0017467604266001766,7.870603117892689E-4,9.099457718638425E-4,5.896048032805069E-4,0.0015843622065102837,0.002175825833581172,0.002272772542896207,8.470014601453143E-4,0.007805205613745991,0.0010508587132442046,0.0031759455321370964,1.0,0.0019433325404460077,3.436855367035384E-4,0.0023382916487599283,0.0039299916232518285,0.010415862992107316,2.641740705653549E-4,0.0017899234449250873,0.002545631218783131,0.001124250994105386,0.0020286208249057167,0.0015258861023332178,0.002639717712927913,0.0028453548905334946,0.007728508207604798,0.0018996851864007155,0.002659969235697665,0.0030229375819208816,0.001532868369195244,0.0025175547063237516,0.002077659591777536,0.0013596518384248954,0.0053829551763660225,0.0015531511573895287,0.002708238390473675,0.001969148888875492,4.10568761570689E-4,0.0017593393895810497,0.0019510479162060444,0.004785594400359924,0.0032090138130936394,0.0024685123304364473,0.002748829222355717,0.0031651947846377117,0.0025198935994974513,0.002747400767945777,6.336062252956903E-4],[7.471910702706527E-4,2.2136287024030634E-5,3.093790656223908E-5,0.0015800626292876861,2.111878360009306E-5,1.864472384825184E-4,3.5789047174901815E-5,3.4366231334836E-5,7.982392315962726E-5,3.223612614738286E-4,1.9027440072618443E-4,2.356871723261452E-5,0.005247326961402803,2.901099782813616E-5,0.001319886182753558,0.0019433325404460077,1.0,1.7000077537868155E-5,0.0010365474922951253,0.0016134346341153292,0.008697444157840805,3.0475876964051164E-5,9.988218524008505E-5,5.808443536730099E-5,1.4618054831501975E-5,0.0010342947364636427,2.453796108945634E-5,2.6381812211986823E-4,1.6234129144616888E-4,0.002077525238519566,1.0386715735537202E-4,1.6189549016568783E-5,9.139099233558884E-4,1.564279742284577E-5,1.6698240583315776E-5,5.774800529890227E-5,6.603734765316162E-5,0.009549336489145868,6.470331153133036E-4,3.6047854510031055E-4,1.0100791855442822E-4,1.5213605365334094E-5,7.975730417960122E-4,3.5180787527711325E-4,0.005357591387854186,0.0025548264793941117,1.0961670264152378E-4,1.6942136467812143E-5,9.91440037709117E-4,9.4792129215142E-5,2.7213038475573305E-5,1.6414358632675005E-5],[0.004789549359537183,1.7558658370861443E-5,1.831483407589509E-5,9.457257243639201E-4,8.050243437307283E-5,1.55699879754231E-4,2.1606048219492563E-5,1.7317459824531428E-5,1.461627340530805E-4,9.868379908374806E-4,4.582318857006907E-5,1.8302781375000366E-5,0.005266901338548922,8.702150752124215E-5,0.002647496378673212,3.436855367035384E-4,1.7000077537868155E-5,1.0,4.949790375172582E-4,0.0012515818559710457,0.0052519463151425435,2.0640229745796334E-5,1.0323645076221454E-4,8.962919967265975E-4,1.5437475182711167E-5,6.734868892427203E-4,2.1035465520120225E-5,2.3000050210832967E-4,7.356674992729906E-5,0.005453600606370873,1.268639649319591E-4,1.6225085226107026E-5,8.679464354353584E-4,1.6445556424599507E-5,1.6658834230183694E-5,1.7808420917574033E-5,8.652542667688426E-5,0.005761531945290349,4.172970314336117E-4,0.0012830837649029998,5.136526212017663E-4,1.6756539983792435E-5,0.0012094095112297496,9.899395928661388E-4,8.167482681468395E-4,0.0015203206139655116,7.042821130411094E-5,1.6865743478365802E-5,1.5242965176087494E-4,1.0001784411690612E-4,1.8460027387366118E-4,1.6702803825983667E-5],[0.0031461266641210324,2.6357787190295416E-4,1.4936427725533265E-4,0.0014489860584346907,7.249163507876678E-4,4.658063719140576E-4,0.0013385235322841893,3.400238842259578E-4,6.024033589192287E-4,0.001751976237032465,8.296017006588341E-4,0.0014068059400055473,0.0022204469341787735,0.0011198554351058295,0.0019253768916381252,0.0023382916487599283,0.0010365474922951253,4.949790375172582E-4,1.0,0.009823705522539146,0.008631975465752811,0.0012781353961382868,7.01046342270686E-4,0.0013543530554707473,8.205327437028765E-4,0.001160290354506021,2.3395988308519321E-4,0.0011000306172888872,6.334246757662946E-4,0.0038663460341926536,0.0013159768284200276,3.946701724223403E-4,0.0017529964477519034,6.718311969873953E-4,5.146141555330125E-4,3.808535849090124E-4,4.4634722327072877E-4,0.006699088577309423,0.0013483186461194796,0.0016135513678331066,0.0014135330347976103,0.0013365734153714182,0.0013651335317069104,0.0012645406173791816,0.002541709323499442,0.0018808683665029894,4.7491660331583157E-4,2.8006352076195905E-4,0.0013844894087074963,0.001395917452446112,8.225481114901411E-4,3.2565689387975923E-4],[0.009442243015056348,0.009414715547512446,0.0021030197476852317,0.00898388200384382,0.005384287518566296,0.00979804522186786,0.004432933914533688,0.0038018988707031183,0.0027245921791874566,0.009550189914508036,5.579220636181639E-4,0.009908568452372661,0.010298616751476907,0.006439727334782309,0.007190542296371011,0.0039299916232518285,0.0016134346341153292,0.0012515818559710457,0.009823705522539146,1.0,0.011865098544523018,0.0032134219875385294,0.011304684024284197,0.005969434244632639,0.009272770980291818,0.004817243800356448,0.007312370514809399,0.010252836170551402,0.003093345513921876,0.010881541789921905,0.00946531597183406,0.006903241847282189,0.0062403245282575065,0.010707076431883272,0.004291201898938341,8.95262660958452E-4,0.010246960450391545,0.011872392794409553,0.006854820951445648,0.004120712167890644,0.005343423963575373,0.009284229955163852,0.00624701379043576,0.008686744316701463,0.00741614948893287,0.010766764972012404,8.133345302365712E-4,0.010420918419864738,0.0022373909396005134,0.010853817048991118,0.006958450568562072,0.00463585640579167],[0.01189088999443861,0.009825035163353615,0.0013840377919646465,0.010890889181425757,6.375204222623333E-4,0.00837667632549403,0.00959722071987084,0.010967959852691096,0.001981730385318789,0.002421263236295334,0.010179180092492586,0.009029464976985504,0.00890294330036797,0.002715941230546027,0.0034951706462840225,0.010415862992107316,0.008697444157840805,0.0052519463151425435,0.008631975465752811,0.011865098544523018,1.0,0.010133133931329398,0.011337280171945064,0.005429134981560787,0.0084120033134637,0.0011567717979705282,0.004708008157198394,7.500110032371822E-4,0.011635982972429926,0.009632980142748281,0.00330021983458528,0.001391914425109396,0.004344592112885994,0.005909841823641088,0.00501989052895369,0.0015775868318993666,0.003717784286604563,0.011927357688812317,0.011695268599558306,0.0051026094767519315,0.007297162691404364,0.007759419900201987,0.0048152671564129735,0.010362938184539938,0.011541357693771216,0.01155079686483005,0.004984859347663173,0.009870158802118348,0.0010665932419326703,0.006380974025810071,0.008440676494250168,0.003738468610583055],[9.655477036175873E-4,2.831555932828083E-5,4.16130060662227E-5,0.001736209786706976,3.521730600996106E-5,1.8866841942219702E-4,3.664783355798251E-5,3.489733236459883E-5,6.532146167488871E-5,0.0011838352116994007,2.0020882273271966E-4,3.345318098850533E-5,0.008419194394181699,7.586824696832757E-5,0.0025032488843651623,2.641740705653549E-4,3.0475876964051164E-5,2.0640229745796334E-5,0.0012781353961382868,0.0032134219875385294,0.010133133931329398,1.0,3.25756204316364E-5,3.43380173807826E-5,1.4506215602348367E-5,5.950457285361163E-4,2.8185521283925207E-5,2.4683494252323657E-4,6.633335759207873E-5,0.0018069772618657517,6.217065929766274E-4,1.8724220252220256E-5,0.0018171522582931465,1.994351674826196E-5,2.1420611787618278E-5,1.3484624570851505E-4,5.978226199007173E-5,0.006659788100013519,5.274349611792053E-4,0.0012587707681851181,5.105091209829573E-4,1.8531736738854303E-5,8.553501857754075E-4,7.478277909116169E-4,0.001987975933851364,0.0010589858857798949,6.206063025564849E-5,2.2207940527790896E-5,8.166266466293952E-4,1.313832917332684E-4,1.7018623022515322E-4,2.691004980929399E-5],[0.003823379044391999,2.5151104681122125E-5,1.1763633284078885E-4,0.00259917610091162,1.3010537685835227E-4,1.9707847857382851E-4,4.925459297365085E-5,4.583818635868795E-5,1.5625875831115854E-4,0.0015120204936350278,2.126140304632325E-4,7.36333005329894E-5,0.007672734418238959,2.8267506827547785E-4,0.0013572533516988858,0.0017899234449250873,9.988218524008505E-5,1.0323645076221454E-4,7.01046342270686E-4,0.011304684024284197,0.011337280171945064,3.25756204316364E-5,1.0,3.9661659271516343E-4,6.91134933396068E-5,0.0010367680645171355,5.807640973337367E-5,1.6339708818928652E-4,1.7092370977748352E-4,0.005659753970203244,5.138633734257375E-4,5.0396910775178064E-5,0.002010999447532235,1.118015593564572E-4,1.3793729344711806E-4,1.6113381896615893E-4,1.3959871651430286E-4,0.0024626105341588357,2.112412337910246E-4,0.0015706606221648001,2.2395995283486226E-4,8.939570626727452E-5,3.9325395841481917E-4,8.71406355429388E-4,0.003286169915831609,0.0030339321824835223,1.4364478286766393E-4,7.28168492450167E-5,8.86683648739167E-4,1.4621370856009064E-4,1.7925351568513586E-4,5.637289237097315E-5],[0.0017693773094667234,6.610080339302436E-4,1.8865567564038614E-4,0.0012585219158505931,4.6427412766124375E-4,6.936688604674945E-4,8.879588014731226E-4,2.1280083102781635E-4,6.509799174433444E-4,0.0012377103100947773,9.683770496630539E-4,2.4448964984246036E-4,0.002951923651645127,0.001180170507985164,0.0016447527525956414,0.002545631218783131,5.808443536730099E-5,8.962919967265975E-4,0.0013543530554707473,0.005969434244632639,0.005429134981560787,3.43380173807826E-5,3.9661659271516343E-4,1.0,7.696182366938852E-4,0.0012093723046693189,7.186435250861289E-4,3.3204987208393865E-4,3.8941371211059E-4,0.0042611260447639205,0.0012099532102646067,5.610789229739444E-4,0.0012448643716184045,5.857966261821886E-4,8.368988084247609E-4,8.72436380162968E-4,4.974756607145866E-4,0.008771643814345224,0.001231418543090345,0.0013070666514336908,8.377162505121671E-4,3.478622699353671E-4,0.0012157706961347266,0.0010721084076858762,0.0015522952559995,0.0013386759681266389,0.00106292964028519,7.932888308785902E-4,0.0012209182620027364,0.0010578327267192096,9.979116717306104E-4,1.740324497191043E-4],[0.0017220519582069448,1.6417566138064413E-5,2.6579162908825763E-5,0.0014383914615245068,4.660214802696425E-5,1.0989673511726198E-4,2.8986711799539398E-5,1.351812927383725E-5,8.756279754433576E-5,0.0012129299984134038,3.407664256621152E-4,3.63859654271472E-5,0.00666453089632801,3.096995537826149E-4,9.491669331801722E-4,0.001124250994105386,1.4618054831501975E-5,1.5437475182711167E-5,8.205327437028765E-4,0.009272770980291818,0.0084120033134637,1.4506215602348367E-5,6.91134933396068E-5,7.696182366938852E-4,1.0,9.674130388388994E-4,1.608004661587053E-5,8.121673608552701E-5,1.5876508050931132E-4,0.005499852035723603,2.8165264872533654E-4,1.3735736499457246E-5,0.0018596200486921748,1.408779959172795E-5,1.4851950382940298E-5,1.521264661521824E-5,3.5061245972031495E-5,0.00615334354961269,4.0042122153404743E-4,5.881480042383443E-4,6.08814101812519E-5,1.4068453317785385E-5,1.8041607646703719E-4,4.7371286209800344E-4,0.002607529125830657,0.0018557356038863208,5.087922762923795E-5,1.6083748727778275E-5,6.976060762443558E-4,1.0820398658059082E-4,1.7598996239712655E-4,1.3355873087814536E-5],[0.0017065274483938292,5.935365825021986E-4,6.952442561110664E-4,0.001470810186645476,1.9135433921614934E-4,7.649497708656106E-4,0.0010214196808431748,1.9000680830879947E-4,4.3062947400338887E-4,0.0011004159304573186,6.090152381386248E-4,6.525727803799415E-4,0.006337344012458621,8.324334604620368E-4,0.0014234120969263213,0.0020286208249057167,0.0010342947364636427,6.734868892427203E-4,0.001160290354506021,0.004817243800356448,0.0011567717979705282,5.950457285361163E-4,0.0010367680645171355,0.0012093723046693189,9.674130388388994E-4,1.0,6.507792755671916E-4,6.586418222783738E-4,5.756882721167193E-4,0.0046953065107493705,0.0011386596198044265,7.358539416902222E-4,0.001386637306377779,2.3412164992289028E-4,7.351324871601412E-4,9.454322911235608E-4,0.001034255074710805,0.0055162244280918815,0.0010764577319421276,0.0013407469990352433,7.860416002801049E-4,4.5687315377043286E-4,0.0011261856996372824,0.0010514656791683562,0.0013352628343457336,0.0018009787731197804,4.0647192367804447E-4,4.7407152753293634E-4,0.0010351431413307517,5.803267051968986E-4,9.286630000640938E-4,2.633836142174873E-4],[0.003964548125259692,2.6325996188391553E-5,3.1797967689062007E-5,0.0019001331757548395,3.121420871986998E-5,1.0668719552934375E-4,4.236293172290175E-5,2.923569216260209E-5,5.2747156678405765E-5,0.001281426031417947,2.4016306298085363E-4,2.7248778440732007E-5,0.007232819799040057,6.90887629002014E-5,8.60491774021385E-4,0.0015258861023332178,2.453796108945634E-5,2.1035465520120225E-5,2.3395988308519321E-4,0.007312370514809399,0.004708008157198394,2.8185521283925207E-5,5.807640973337367E-5,7.186435250861289E-4,1.608004661587053E-5,6.507792755671916E-4,1.0,2.1651626898795538E-4,4.255225096008929E-5,0.007285752021954982,9.970627866477597E-4,1.9134512899159664E-5,0.002145076664517905,1.6042228818292537E-5,1.8212486805354194E-5,3.775593663414941E-5,5.153645261649065E-5,1.0371854889931695E-4,5.431809003057525E-4,0.0013127539221479193,4.710842294161211E-4,2.2019653140564128E-5,4.5656533263617856E-4,4.726470281053382E-4,0.003404576590123593,0.002165297737076244,8.022287044426772E-5,2.6052266574392545E-5,8.827720424428037E-4,4.330362432734302E-5,9.95020194317131E-5,2.359944279465131E-5],[8.653279207655369E-4,2.5985755556083004E-4,2.4497621677847554E-4,9.731484449034365E-4,2.971378405716528E-4,2.3646663023587814E-4,1.6936799282014605E-4,5.5807066430878474E-5,2.7846312485489005E-4,0.0010474105079526352,3.2979037959505103E-4,2.5400094805168446E-4,0.0010505530226670146,3.1514190253280095E-4,8.490463840715522E-4,0.002639717712927913,2.6381812211986823E-4,2.3000050210832967E-4,0.0011000306172888872,0.010252836170551402,7.500110032371822E-4,2.4683494252323657E-4,1.6339708818928652E-4,3.3204987208393865E-4,8.121673608552701E-5,6.586418222783738E-4,2.1651626898795538E-4,1.0,2.5489815776151114E-4,0.005304747328907606,4.1835626094389674E-4,2.23430705705542E-4,5.502248984879242E-4,1.5748353652977217E-4,1.1550448898619257E-4,2.3479424406682304E-4,2.3115447924421418E-4,0.008993136899086145,8.762904934107508E-4,0.0015146280303008765,4.05807533684294E-4,3.048650368977057E-4,9.033423658284575E-4,4.1628107137955906E-4,0.0037622194034032694,0.0021597089335164453,2.1762083622797558E-4,2.056800578786246E-4,7.828106028602415E-4,2.522546264476495E-4,2.5642685137388494E-4,1.360060218447356E-4],[0.0015940557666341579,1.9943394612628973E-4,1.1273604422073532E-4,0.0019024866428661866,1.9786252031357303E-4,2.13416687303138E-4,2.0626801974486193E-4,2.0900062332368126E-4,2.513471978469558E-4,4.0584694492148737E-4,3.267170166778172E-4,6.871714842118916E-5,0.007742532277593643,3.1302612363322236E-4,0.001377535697219139,0.0028453548905334946,1.6234129144616888E-4,7.356674992729906E-5,6.334246757662946E-4,0.003093345513921876,0.011635982972429926,6.633335759207873E-5,1.7092370977748352E-4,3.8941371211059E-4,1.5876508050931132E-4,5.756882721167193E-4,4.255225096008929E-5,2.5489815776151114E-4,1.0,0.001233044328073637,9.487663487192115E-4,5.2046615992755464E-5,0.002317040760574151,1.2988819664464608E-4,4.9514823169283606E-5,1.9805320236612243E-4,1.7806427983339611E-4,0.005053854250829155,0.0010077075403643985,3.1869694889630966E-4,3.0376930396438026E-4,2.9746763847550196E-5,0.0011351671016192398,8.791400037280165E-4,0.0031485359138336373,7.396338027805719E-4,1.829484945349777E-4,3.95347531058897E-5,3.7127094360832753E-4,1.4572737860872758E-4,2.0581771962886343E-4,2.055099223868559E-4],[0.007973393237278782,0.003463559244480686,0.005956002092212367,0.00733953677925599,0.003151111746618863,7.693655581374774E-4,0.004295775468339022,0.00595137903613018,0.0019048321664593612,0.006499020586943217,0.0025244189801216393,0.007480320918343584,0.008687193269076032,0.0014077264122222804,0.005939171984121687,0.007728508207604798,0.002077525238519566,0.005453600606370873,0.0038663460341926536,0.010881541789921905,0.009632980142748281,0.0018069772618657517,0.005659753970203244,0.0042611260447639205,0.005499852035723603,0.0046953065107493705,0.007285752021954982,0.005304747328907606,0.001233044328073637,1.0,0.00620926926004935,1.8852913343936608E-4,0.005124215586793017,0.0050695441245343755,0.0019453787667158846,0.002576962849824905,0.00841284773963268,0.011485105730415656,0.00409519682300881,0.008517080953976793,9.136935690526237E-4,0.005980211615947826,0.007347556076564134,0.0044697393694736265,0.008324130792170505,0.0035761762868076036,0.008246626743060835,7.279443396656441E-4,0.0054535473245111935,0.00748730936357542,0.0025802414535206148,0.002409572040758724],[0.002077720346242619,3.7865173741695696E-4,8.463540010220311E-4,0.002148031994602469,4.3223063975024857E-4,0.001090446889541802,0.001097102622501326,4.344929036145525E-4,5.050441689879529E-4,0.0016280666052556957,9.669978383682663E-4,1.499247848208782E-4,0.005014365830864043,6.988794523988019E-4,0.0016167164255606122,0.0018996851864007155,1.0386715735537202E-4,1.268639649319591E-4,0.0013159768284200276,0.00946531597183406,0.00330021983458528,6.217065929766274E-4,5.138633734257375E-4,0.0012099532102646067,2.8165264872533654E-4,0.0011386596198044265,9.970627866477597E-4,4.1835626094389674E-4,9.487663487192115E-4,0.00620926926004935,1.0,8.976238197618724E-4,0.0017381019756472094,9.653587069243263E-4,9.188020128229133E-5,6.212708409385881E-4,7.610699427202286E-4,0.0058102366320445424,0.0011153983833816104,0.0011570014189216569,0.0010028938206021489,4.6520678007896975E-4,0.0011496672850078687,0.0010887448299672434,0.005839227233638984,0.0029971434653414137,4.351273967262557E-4,3.5056178648992087E-4,0.0010496739033336693,2.9622378462399216E-4,9.854153974994272E-4,1.6830825805009696E-4],[0.0036299509339972474,1.7192058219023058E-5,3.647442489678327E-5,0.002463751239863371,1.0123168315879949E-4,7.183189102959255E-5,3.7824722435249585E-5,3.3179259197400375E-5,5.766193848467644E-5,2.3759871154085399E-4,9.851887034378136E-5,2.0334780153865336E-5,0.0068488944181811125,7.907024018814036E-5,0.0014445078263437539,0.002659969235697665,1.6189549016568783E-5,1.6225085226107026E-5,3.946701724223403E-4,0.006903241847282189,0.001391914425109396,1.8724220252220256E-5,5.0396910775178064E-5,5.610789229739444E-4,1.3735736499457246E-5,7.358539416902222E-4,1.9134512899159664E-5,2.23430705705542E-4,5.2046615992755464E-5,1.8852913343936608E-4,8.976238197618724E-4,1.0,0.0012754100627273654,1.5501158722162427E-5,1.5689998754986844E-5,7.416717109840372E-5,9.725127810444561E-5,0.008177092296336733,8.873122654552823E-4,1.8393975878937952E-4,4.55013877214507E-4,1.4893796200884479E-5,6.396473734146176E-5,3.208770126741051E-4,0.001296993217974192,0.001313148866344322,1.0554265505878263E-4,1.6004166835304724E-5,9.58615759852146E-4,3.760422681681143E-5,1.7479602278248775E-5,1.337325155392648E-5],[0.003825834842735224,0.0029698388116494363,2.5589937246806103E-4,0.0029326052606449904,0.001844277198323479,3.595442635500441E-4,0.0012694531805269047,0.0022705997278225235,8.531728698037181E-4,0.0021122238490320056,0.0021876671041403594,0.002004244288374169,0.008543751234501651,0.002331381922313562,0.003058443813472377,0.0030229375819208816,9.139099233558884E-4,8.679464354353584E-4,0.0017529964477519034,0.0062403245282575065,0.004344592112885994,0.0018171522582931465,0.002010999447532235,0.0012448643716184045,0.0018596200486921748,0.001386637306377779,0.002145076664517905,5.502248984879242E-4,0.002317040760574151,0.005124215586793017,0.0017381019756472094,0.0012754100627273654,1.0,2.723328006895854E-4,0.0025823707333435405,0.0022497488027786576,0.0027318942898488284,0.003399343900808394,0.002053556694993415,0.002346894181303066,0.001973105728713043,7.285824801775263E-4,0.0020131234701250395,0.0024195689910626746,0.004132025164536552,0.00323732100355984,0.002803243418741148,0.0020826716971432424,0.002116707497341142,4.4549260364910436E-4,8.885984921890332E-4,4.07747391002889E-4],[0.0028877202538057554,2.0470058073617108E-5,3.836127338804775E-5,0.002366869565497307,8.302288692797204E-5,8.935426375165066E-5,3.0231919153881956E-5,3.27179353177075E-5,9.174261279122863E-5,0.0013245289590508257,2.3102018859098825E-4,2.981990906657753E-5,0.00687292034027484,2.1658672449761295E-4,9.370925687698438E-4,0.001532868369195244,1.564279742284577E-5,1.6445556424599507E-5,6.718311969873953E-4,0.010707076431883272,0.005909841823641088,1.994351674826196E-5,1.118015593564572E-4,5.857966261821886E-4,1.408779959172795E-5,2.3412164992289028E-4,1.6042228818292537E-5,1.5748353652977217E-4,1.2988819664464608E-4,0.0050695441245343755,9.653587069243263E-4,1.5501158722162427E-5,2.723328006895854E-4,1.0,1.5552758849494513E-5,1.234584008168026E-4,2.820233660055288E-5,0.011272974371418406,2.560825775570083E-4,8.115473021046321E-4,4.221531558086054E-4,1.4602461672451264E-5,9.827529880014876E-4,4.5554093369153223E-4,0.005931282620946637,9.690569182942063E-4,1.295578395384172E-4,1.6082830761981115E-5,0.0010214165610506146,1.2962149075777238E-4,1.1375446977192233E-4,1.4650483414474558E-5],[0.005182128395078533,1.5837713719786496E-5,4.372945896379985E-5,0.0024923893950314197,8.28081277587557E-5,1.5594413561236006E-4,2.8347080781768093E-5,3.192370307321893E-5,1.4724195161352498E-4,6.060552771758419E-5,4.737233997053904E-5,2.4385021353142715E-5,1.497886195703126E-4,1.4938803933413892E-4,0.002439504125859234,0.0025175547063237516,1.6698240583315776E-5,1.6658834230183694E-5,5.146141555330125E-4,0.004291201898938341,0.00501989052895369,2.1420611787618278E-5,1.3793729344711806E-4,8.368988084247609E-4,1.4851950382940298E-5,7.351324871601412E-4,1.8212486805354194E-5,1.1550448898619257E-4,4.9514823169283606E-5,0.0019453787667158846,9.188020128229133E-5,1.5689998754986844E-5,0.0025823707333435405,1.5552758849494513E-5,1.0,5.4378262043755035E-5,1.9455870898227265E-5,0.002024488555536065,5.850971845133757E-4,2.2083685986097054E-4,5.058478147768662E-4,1.5606212850548994E-5,5.744564758025698E-4,5.409121889723761E-4,0.0038500684616763828,0.00327593091550604,1.3810281007616213E-4,1.5736793111748927E-5,8.520078191571938E-4,1.3045688631191675E-4,4.802854568493738E-5,1.4955915203304729E-5],[0.0018492903228096056,5.6457508704508515E-5,1.1173176398917526E-4,0.0017928783683218473,1.3869180623105157E-4,1.7400966908552622E-4,1.1125229652487491E-4,1.0751414688562366E-4,1.993912424501874E-4,6.480468919089192E-4,2.0523119507386426E-4,5.554771156639175E-5,0.006312463672381539,2.4015177659945908E-4,2.465916514561797E-4,0.002077659591777536,5.774800529890227E-5,1.7808420917574033E-5,3.808535849090124E-4,8.95262660958452E-4,0.0015775868318993666,1.3484624570851505E-4,1.6113381896615893E-4,8.72436380162968E-4,1.521264661521824E-5,9.454322911235608E-4,3.775593663414941E-5,2.3479424406682304E-4,1.9805320236612243E-4,0.002576962849824905,6.212708409385881E-4,7.416717109840372E-5,0.0022497488027786576,1.234584008168026E-4,5.4378262043755035E-5,1.0,1.5433817599608756E-4,0.011806491307331444,4.5017179863493273E-4,0.0011200888547610493,4.7988464385910864E-4,5.838776586819125E-5,3.8544860128215193E-4,3.9987629921549946E-4,0.0017252694349991031,0.0017549146100788481,1.5249951622766744E-4,1.3442070995140656E-4,9.523577957131269E-4,1.7038798448621657E-4,1.7992705318264264E-4,1.0654206729889757E-4],[0.0024173027213890965,8.088046545822242E-5,9.725667069359953E-5,0.0024049326987658636,1.0439052954001622E-4,2.1184819469469873E-4,7.235906369142112E-5,6.375737171851581E-5,1.507381802309353E-4,8.897819719364582E-4,1.5405658732023112E-4,6.429423442824321E-5,0.0018652494808473034,2.833669609922914E-4,0.002680969701932923,0.0013596518384248954,6.603734765316162E-5,8.652542667688426E-5,4.4634722327072877E-4,0.010246960450391545,0.003717784286604563,5.978226199007173E-5,1.3959871651430286E-4,4.974756607145866E-4,3.5061245972031495E-5,