[[1.0, 0.6638742047402035, 0.5105621775335347, 0.6752386587049515, 0.48293359069873565, 0.5732905486131691, 0.09200193585096694, 0.4428069625694797, 0.6241213758424388, 0.2028492861467347, 0.9964815092565947, 0.7907262559358329, 0.6451879658166177, 0.3475962470434474, 0.5754373362947957, 0.047925241250765804, 0.1674162827634864, 0.7444026226704854, 0.05343467099845778, 0.6890904172162449, 0.5422478181055908, 0.1996353843791432, 0.16546968613375113, 0.9065016517627744, 0.7511062699268389, 0.7041672003362606, 0.03620541173563885, 0.9837529449957498, 0.38039093245788147, 0.3719028446289592, 0.7857303419554743, 0.83496849795273, 0.8599370649588645, 0.9658288996926059, 0.1926533021654977], [0.6638742047402035, 1.0, 0.31029270767749206, 0.08635953038429689, 0.5305014853973534, 0.9591736886739093, 0.07620783854735602, 0.1529791332863496, 0.9848739974233195, 0.10299525881829463, 0.05414804456165512, 0.5673230674987766, 0.5620393581765779, 0.803633417710008, 0.8144003245751266, 0.6326386605088188, 0.8531939229542543, 0.18069085535883234, 0.22255500456962274, 0.6962635808854368, 0.9345079602505408, 0.4869494965768897, 0.1272758138147806, 0.9344415524860032, 0.563140590462581, 0.29435273345334334, 0.4589429979374303, 0.527869860682872, 0.9597287347022058, 0.8976063197412707, 0.8645969555165564, 0.6766946932445558, 0.6122263513432439, 0.784935340993125, 0.050627899287425726], [0.5105621775335347, 0.31029270767749206, 1.0, 0.7493194855586145, 0.5913312738633547, 0.7644368620909476, 0.19606425147270945, 0.5824057061427048, 0.4822649615459196, 0.5956555794500399, 0.5356264146065824, 0.029891777573350597, 0.6363053371443266, 0.22923982241347307, 0.2592939632932003, 0.15720841613000391, 0.8585193583120478, 0.18988549323959325, 0.8333018821676013, 0.8254035149966944, 0.20141615539187496, 0.3695266282301516, 0.7699462159390734, 0.9852741075673962, 0.7717729829660057, 0.38154988241401144, 0.36335665842251597, 0.427873589893367, 0.09214037652707163, 0.8343420942997879, 0.4632771901619658, 0.6252493482193868, 0.39137193819298044, 0.6133525410990447, 0.015873117571559292], [0.6752386587049515, 0.08635953038429689, 0.7493194855586145, 1.0, 0.7693361761424068, 0.7077207817001054, 0.8115282256275126, 0.5295072377892269, 0.04745627310416345, 0.5038591258457776, 0.28880378943754903, 0.6975945251512008, 0.619139390850596, 0.3460686049861962, 0.31377616094567495, 0.17828062203913697, 0.59937063679986, 0.6817294983311123, 0.047670414983036036, 0.9649996283743884, 0.7916793170353768, 0.5132048158851577, 0.1866010276064506, 0.12708019458669106, 0.7242667902390052, 0.941853468374186, 0.9622570721775202, 0.5238454015649961, 0.7228704359303697, 0.4090872396015458, 0.6494144431689663, 0.9987779141199005, 0.5161361130309337, 0.5524098284178319, 0.2920191516846993], [0.48293359069873565, 0.5305014853973534, 0.5913312738633547, 0.7693361761424068, 1.0, 0.21744425447101023, 0.7461536898821067, 0.34509840575447603, 0.8652809007208686, 0.30312485155586877, 0.8260298649653358, 0.25460526876605727, 0.37363667737635786, 0.04753178448446016, 0.8165027421702417, 0.6509176869964038, 0.8740326778163813, 0.8109424293242683, 0.6184935902348832, 0.8176437807478909, 0.055314778358723005, 0.9209815153471809, 0.79603507558875, 0.8127173247627024, 0.7191754148586386, 0.7706573186911828, 0.9836642713629622, 0.9869321184986519, 0.08702457994283785, 0.832855616787571, 0.9163754426418952, 0.8044518358105297, 0.7306914291192468, 0.40534924122931904, 0.8500490652038668], [0.5732905486131691, 0.9591736886739093, 0.7644368620909476, 0.7077207817001054, 0.21744425447101023, 1.0, 0.9806016511572425, 0.7805533782979546, 0.8120740718212952, 0.7650172985837507, 0.4131240122218034, 0.3784587719091217, 0.7071653429850551, 0.5399235066496949, 0.05956755791351531, 0.47098275211890506, 0.5150184818372381, 0.43753492009769024, 0.3519309861782858, 0.016326954597076115, 0.4286920876362573, 0.7285313298880572, 0.45294007974143036, 0.8573988853324683, 0.5127671312196896, 0.9785996422916856, 0.5565558680901921, 0.807402397074375, 0.3599754874464245, 0.3621562653299467, 0.7158247575575598, 0.049910980385535875, 0.6174674168776731, 0.10774143268089509, 0.4812660958382119], [0.09200193585096694, 0.07620783854735602, 0.19606425147270945, 0.8115282256275126, 0.7461536898821067, 0.9806016511572425, 1.0, 0.3357577651517162, 0.802797577311214, 0.2963043502994682, 0.9118595200546216, 0.8730396560174197, 0.4184002437366686, 0.15787787081598215, 0.794702785897454, 0.20118488389480793, 0.16814971902191655, 0.675020550777836, 0.6759196779616501, 0.5790290510747044, 0.22113669239687017, 0.2891033839046453, 0.8938295202670079, 0.6319036899886293, 0.41655552255957806, 0.6711125345655305, 0.45740087789182626, 0.9418040357574371, 0.3129493401747365, 0.9603347867460238, 0.09408707001809069, 0.7581650462096126, 0.3102707997361863, 0.46654374678908184, 0.5632236866264424], [0.4428069625694797, 0.1529791332863496, 0.5824057061427048, 0.5295072377892269, 0.34509840575447603, 0.7805533782979546, 0.3357577651517162, 1.0, 0.6605647440712819, 0.8519284165333231, 0.15329545999212235, 0.37267102881790337, 0.6097415141096278, 0.05296904186380447, 0.31496168254670254, 0.416391861440656, 0.1483165201953166, 0.5569488157299282, 0.5497872790038865, 0.6124493557150722, 0.2665644767911999, 0.9255929864781222, 0.5421396350898771, 0.5301355579994887, 0.27984259432830627, 0.21971256567572628, 0.4599600263142961, 0.09922982110806522, 0.33183270076063665, 0.9803558638081613, 0.919373324336311, 0.4382203223640867, 0.2974863795131275, 0.7947945847206244, 0.19639232929891137], [0.6241213758424388, 0.9848739974233195, 0.4822649615459196, 0.04745627310416345, 0.8652809007208686, 0.8120740718212952, 0.802797577311214, 0.6605647440712819, 1.0, 0.5266850911118072, 0.38033773707303187, 0.1023707155730268, 0.7283812036396312, 0.18537227714718485, 0.48004262346999493, 0.15986126361102082, 0.8890117754676164, 0.42057730052983167, 0.8134644556275535, 0.14873579894006828, 0.4782456998275504, 0.42807293057492257, 0.7171426027425942, 0.40617157907947665, 0.24168778586189132, 0.5304535211040479, 0.11472561037321449, 0.16031940510079068, 0.06669422510121192, 0.3393734895932541, 0.4140462159038588, 0.15000865869016056, 0.17034675812028754, 0.3629859480122559, 0.005690901396828707], [0.2028492861467347, 0.10299525881829463, 0.5956555794500399, 0.5038591258457776, 0.30312485155586877, 0.7650172985837507, 0.2963043502994682, 0.8519284165333231, 0.5266850911118072, 1.0, 0.017551125753266672, 0.6669723230115778, 0.9214944688331059, 0.09847853857521693, 0.7839859069777679, 0.4096326729314528, 0.709736279811683, 0.12918929175098726, 0.7739785674312135, 0.8059835233586737, 0.47409778017684445, 0.9759652365439093, 0.9995420740433678, 0.5921492096044687, 0.9045859578716473, 0.1114135416554477, 0.3206748455189544, 0.03868516968641089, 0.5331549735167177, 0.5949795626609485, 0.46129533860463956, 0.03410300715663461, 0.3678402267639127, 0.32445421140437436, 0.8665529127210826], [0.9964815092565947, 0.05414804456165512, 0.5356264146065824, 0.28880378943754903, 0.8260298649653358, 0.4131240122218034, 0.9118595200546216, 0.15329545999212235, 0.38033773707303187, 0.017551125753266672, 1.0, 0.4440154920171676, 0.6844343517235492, 0.07903752654140572, 0.4603969932393731, 0.26507899979594696, 0.8296131260470792, 0.8503526668621256, 0.4742435556400951, 0.38400576933891684, 0.9261830972045586, 0.06584139561710445, 0.04626034529435863, 0.4607756811887189, 0.9782700153938942, 0.686484377382844, 0.41818633030007857, 0.7219391260484622, 0.5981232932857364, 0.3404061644577624, 0.5326804810721675, 0.17794362370812555, 0.2873956491892756, 0.7379959939824835, 0.21253305141948786], [0.7907262559358329, 0.5673230674987766, 0.029891777573350597, 0.6975945251512008, 0.25460526876605727, 0.3784587719091217, 0.8730396560174197, 0.37267102881790337, 0.1023707155730268, 0.6669723230115778, 0.4440154920171676, 1.0, 0.2065789712460937, 0.8302896828125347, 0.808252336589599, 0.6090846564378114, 0.34246824309812396, 0.2550817515853233, 0.23719547489147197, 0.4758699286533683, 0.4210835912934645, 0.7635260291505842, 0.5680800565790287, 0.8835946613503001, 0.27573182402717433, 0.7200538428604265, 0.34290447646909383, 0.5610496878813696, 0.9285538279779634, 0.817116179616951, 0.7608879251458325, 0.33250628243429514, 0.4512666029591105, 0.8910726506362103, 0.0757235066082792], [0.6451879658166177, 0.5620393581765779, 0.6363053371443266, 0.619139390850596, 0.37363667737635786, 0.7071653429850551, 0.4184002437366686, 0.6097415141096278, 0.7283812036396312, 0.9214944688331059, 0.6844343517235492, 0.2065789712460937, 1.0, 0.005423324705253751, 0.9794226545005306, 0.2891366352870869, 0.8227279603682415, 0.49564727187547764, 0.5978668109773985, 0.3092289923423913, 0.100913796117025, 0.8759190407022535, 0.8042499935181555, 0.3900358122504659, 0.2819570512942411, 0.1779006703897612, 0.31506756166168315, 0.2282330057553753, 0.018567913779937606, 0.41949271743454986, 0.7488816626556013, 0.2906809387034127, 0.2060782546403317, 0.5610504794476728, 0.9297491743273494], [0.3475962470434474, 0.803633417710008, 0.22923982241347307, 0.3460686049861962, 0.04753178448446016, 0.5399235066496949, 0.15787787081598215, 0.05296904186380447, 0.18537227714718485, 0.09847853857521693, 0.07903752654140572, 0.8302896828125347, 0.005423324705253751, 1.0, 0.0701143617698784, 0.932734852404434, 0.7958442637843604, 0.16468994626881783, 0.8289403619880458, 0.649034343689623, 0.8824775009723198, 0.7806877186843405, 0.24020847790489552, 0.7409039629347052, 0.8999070422490131, 0.8762514809161358, 0.29904888691743414, 0.7020116737831092, 0.46430534820715785, 0.9059072023160198, 0.08311634771766363, 0.4099721197883136, 0.6559067342180831, 0.8994302400537566, 0.5701377379058449], [0.5754373362947957, 0.8144003245751266, 0.2592939632932003, 0.31377616094567495, 0.8165027421702417, 0.05956755791351531, 0.794702785897454, 0.31496168254670254, 0.48004262346999493, 0.7839859069777679, 0.4603969932393731, 0.808252336589599, 0.9794226545005306, 0.0701143617698784, 1.0, 0.3086394871885956, 0.7059847980501819, 0.04322972672695524, 0.2759639714402934, 0.8648159145398208, 0.8334103305989685, 0.9989250292401827, 0.8150045572907325, 0.5580916776254045, 0.8283730989470224, 0.5291640779632937, 0.63341357639569, 0.8385627822192051, 0.5510828197017983, 0.3585030812898522, 0.0177024175014997, 0.5756724537133485, 0.5405079147666084, 0.1759117331229828, 0.7572593602324678], [0.047925241250765804, 0.6326386605088188, 0.15720841613000391, 0.17828062203913697, 0.6509176869964038, 0.47098275211890506, 0.20118488389480793, 0.416391861440656, 0.15986126361102082, 0.4096326729314528, 0.26507899979594696, 0.6090846564378114, 0.2891366352870869, 0.932734852404434, 0.3086394871885956, 1.0, 0.7334719686556709, 0.4129729881037999, 0.01708290627161635, 0.5600549256656713, 0.11536697714557997, 0.3833455825982116, 0.246878716733534, 0.38255062604324486, 0.20017628856097847, 0.7355889847661977, 0.9840276459258218, 0.43714702994781807, 0.07201207179896407, 0.24734731770809615, 0.07576487182948444, 0.4422899730016697, 0.31409235111422507, 0.7320823672045601, 0.8077034668035045], [0.1674162827634864, 0.8531939229542543, 0.8585193583120478, 0.59937063679986, 0.8740326778163813, 0.5150184818372381, 0.16814971902191655, 0.1483165201953166, 0.8890117754676164, 0.709736279811683, 0.8296131260470792, 0.34246824309812396, 0.8227279603682415, 0.7958442637843604, 0.7059847980501819, 0.7334719686556709, 1.0, 0.025964902259668854, 0.40530938632283875, 0.7794628473050418, 0.659683660895432, 0.37884436811552324, 0.9644987958661734, 0.04651821586282645, 0.021000208208360904, 0.7054443923925406, 0.04180888873447719, 0.25001236227805745, 0.5021256612079715, 0.8346794385413885, 0.19345296020566694, 0.4260769528382883, 0.2117463061020043, 0.466394893226058, 0.9825573740986953], [0.7444026226704854, 0.18069085535883234, 0.18988549323959325, 0.6817294983311123, 0.8109424293242683, 0.43753492009769024, 0.675020550777836, 0.5569488157299282, 0.42057730052983167, 0.12918929175098726, 0.8503526668621256, 0.2550817515853233, 0.49564727187547764, 0.16468994626881783, 0.04322972672695524, 0.4129729881037999, 0.025964902259668854, 1.0, 0.7657912461094842, 0.1463554892046357, 0.2519318303438215, 0.8357718350876794, 0.39476246473835586, 0.6121252830707326, 0.01309609668940559, 0.7260122629641018, 0.8477915480616017, 0.07776317698598212, 0.6622328098063263, 0.9573854401920956, 0.07658999332934735, 0.7630442122475827, 0.4190810604834766, 0.23723989632696008, 0.6821342789828353], [0.05343467099845778, 0.22255500456962274, 0.8333018821676013, 0.047670414983036036, 0.6184935902348832, 0.3519309861782858, 0.6759196779616501, 0.5497872790038865, 0.8134644556275535, 0.7739785674312135, 0.4742435556400951, 0.23719547489147197, 0.5978668109773985, 0.8289403619880458, 0.2759639714402934, 0.01708290627161635, 0.40530938632283875, 0.7657912461094842, 1.0, 0.12015176260179594, 0.11835556476242581, 0.7120990363681858, 0.5143927688753156, 0.4932987885656772, 0.8369114896457407, 0.5502924193317341, 0.7056234016806047, 0.4107820948149763, 0.32295233854727123, 0.1614095010659372, 0.24801869050403258, 0.649760838476698, 0.966801004638696, 0.19963600085276534, 0.3040125338087206], [0.6890904172162449, 0.6962635808854368, 0.8254035149966944, 0.9649996283743884, 0.8176437807478909, 0.016326954597076115, 0.5790290510747044, 0.6124493557150722, 0.14873579894006828, 0.8059835233586737, 0.38400576933891684, 0.4758699286533683, 0.3092289923423913, 0.649034343689623, 0.8648159145398208, 0.5600549256656713, 0.7794628473050418, 0.1463554892046357, 0.12015176260179594, 1.0, 0.12915767827157565, 0.20908591277551758, 0.16458329144831152, 0.6323607769734204, 0.7591470302967929, 0.8720996559316418, 0.10717658165064148, 0.3996613737359229, 0.337817945278192, 0.049291037049749686, 0.8548273794265093, 0.696057879638353, 0.6027654951505143, 0.7087573118940464, 0.691868807053661], [0.5422478181055908, 0.9345079602505408, 0.20141615539187496, 0.7916793170353768, 0.055314778358723005, 0.4286920876362573, 0.22113669239687017, 0.2665644767911999, 0.4782456998275504, 0.47409778017684445, 0.9261830972045586, 0.4210835912934645, 0.100913796117025, 0.8824775009723198, 0.8334103305989685, 0.11536697714557997, 0.659683660895432, 0.2519318303438215, 0.11835556476242581, 0.12915767827157565, 1.0, 0.18687160389576973, 0.20286835744740173, 0.02459980121764027, 0.532959330076234, 0.8448851906234794, 0.9520908902493479, 0.9541402469193909, 0.6677314338192862, 0.09162621705285623, 0.06275623207502312, 0.44329601723532963, 0.8611820394763875, 0.7571713575093916, 0.7824698797571275], [0.1996353843791432, 0.4869494965768897, 0.3695266282301516, 0.5132048158851577, 0.9209815153471809, 0.7285313298880572, 0.2891033839046453, 0.9255929864781222, 0.42807293057492257, 0.9759652365439093, 0.06584139561710445, 0.7635260291505842, 0.8759190407022535, 0.7806877186843405, 0.9989250292401827, 0.3833455825982116, 0.37884436811552324, 0.8357718350876794, 0.7120990363681858, 0.20908591277551758, 0.18687160389576973, 1.0, 0.7305828848245964, 0.8423625418886884, 0.1651705680080685, 0.8326189495197359, 0.8632448643148658, 0.04849186550521756, 0.45858371608970294, 0.8406255248781804, 0.033283025754426876, 0.487389266565868, 0.46291543597593066, 0.25085598491861905, 0.31261057864587727], [0.16546968613375113, 0.1272758138147806, 0.7699462159390734, 0.1866010276064506, 0.79603507558875, 0.45294007974143036, 0.8938295202670079, 0.5421396350898771, 0.7171426027425942, 0.9995420740433678, 0.04626034529435863, 0.5680800565790287, 0.8042499935181555, 0.24020847790489552, 0.8150045572907325, 0.246878716733534, 0.9644987958661734, 0.39476246473835586, 0.5143927688753156, 0.16458329144831152, 0.20286835744740173, 0.7305828848245964, 1.0, 0.9435304682641132, 0.6745350633694267, 0.8358190049894613, 0.4561625807803119, 0.7872565662010452, 0.2809051548770627, 0.6508878129873578, 0.15807688666699093, 0.6512280816906155, 0.9907579151659258, 0.5568518132891449, 0.3347185482720205], [0.9065016517627744, 0.9344415524860032, 0.9852741075673962, 0.12708019458669106, 0.8127173247627024, 0.8573988853324683, 0.6319036899886293, 0.5301355579994887, 0.40617157907947665, 0.5921492096044687, 0.4607756811887189, 0.8835946613503001, 0.3900358122504659, 0.7409039629347052, 0.5580916776254045, 0.38255062604324486, 0.04651821586282645, 0.6121252830707326, 0.4932987885656772, 0.6323607769734204, 0.02459980121764027, 0.8423625418886884, 0.9435304682641132, 1.0, 0.9895370036656866, 0.6862889587142056, 0.38393466082413363, 0.46143526823758785, 0.1362978712969093, 0.10995334080317298, 0.7317685441502552, 0.05289607259919393, 0.8018966140707326, 0.48311993395545827, 0.4582019060536915], [0.7511062699268389, 0.563140590462581, 0.7717729829660057, 0.7242667902390052, 0.7191754148586386, 0.5127671312196896, 0.41655552255957806, 0.27984259432830627, 0.24168778586189132, 0.9045859578716473, 0.9782700153938942, 0.27573182402717433, 0.2819570512942411, 0.8999070422490131, 0.8283730989470224, 0.20017628856097847, 0.021000208208360904, 0.01309609668940559, 0.8369114896457407, 0.7591470302967929, 0.532959330076234, 0.1651705680080685, 0.6745350633694267, 0.9895370036656866, 1.0, 0.8085431469135083, 0.15456327083655774, 0.20527644968116365, 0.794028885874956, 0.19659325288428053, 0.8987906702634593, 0.6887228513926872, 0.7442651323926229, 0.2910513329752107, 0.31909172721656587], [0.7041672003362606, 0.29435273345334334, 0.38154988241401144, 0.941853468374186, 0.7706573186911828, 0.9785996422916856, 0.6711125345655305, 0.21971256567572628, 0.5304535211040479, 0.1114135416554477, 0.686484377382844, 0.7200538428604265, 0.1779006703897612, 0.8762514809161358, 0.5291640779632937, 0.7355889847661977, 0.7054443923925406, 0.7260122629641018, 0.5502924193317341, 0.8720996559316418, 0.8448851906234794, 0.8326189495197359, 0.8358190049894613, 0.6862889587142056, 0.8085431469135083, 1.0, 0.7285384359333645, 0.9655828980049017, 0.6259961049052883, 0.4674693594966376, 0.2569863376805148, 0.874685961994672, 0.06448839163721887, 0.1891379447003766, 0.6299140651684998], [0.03620541173563885, 0.4589429979374303, 0.36335665842251597, 0.9622570721775202, 0.9836642713629622, 0.5565558680901921, 0.45740087789182626, 0.4599600263142961, 0.11472561037321449, 0.3206748455189544, 0.41818633030007857, 0.34290447646909383, 0.31506756166168315, 0.29904888691743414, 0.63341357639569, 0.9840276459258218, 0.04180888873447719, 0.8477915480616017, 0.7056234016806047, 0.10717658165064148, 0.9520908902493479, 0.8632448643148658, 0.4561625807803119, 0.38393466082413363, 0.15456327083655774, 0.7285384359333645, 1.0, 0.17343467069621432, 0.9852758608761663, 0.791334923865748, 0.20023500651780135, 0.2679827125853549, 0.20586934599486184, 0.9837794053208222, 0.46580775300432364], [0.9837529449957498, 0.527869860682872, 0.427873589893367, 0.5238454015649961, 0.9869321184986519, 0.807402397074375, 0.9418040357574371, 0.09922982110806522, 0.16031940510079068, 0.03868516968641089, 0.7219391260484622, 0.5610496878813696, 0.2282330057553753, 0.7020116737831092, 0.8385627822192051, 0.43714702994781807, 0.25001236227805745, 0.07776317698598212, 0.4107820948149763, 0.3996613737359229, 0.9541402469193909, 0.04849186550521756, 0.7872565662010452, 0.46143526823758785, 0.20527644968116365, 0.9655828980049017, 0.17343467069621432, 1.0, 0.6594500428475245, 0.6981225242156018, 0.6151012196042962, 0.209218438452901, 0.9098678228495733, 0.8960343946676498, 0.6055882433782621], [0.38039093245788147, 0.9597287347022058, 0.09214037652707163, 0.7228704359303697, 0.08702457994283785, 0.3599754874464245, 0.3129493401747365, 0.33183270076063665, 0.06669422510121192, 0.5331549735167177, 0.5981232932857364, 0.9285538279779634, 0.018567913779937606, 0.46430534820715785, 0.5510828197017983, 0.07201207179896407, 0.5021256612079715, 0.6622328098063263, 0.32295233854727123, 0.337817945278192, 0.6677314338192862, 0.45858371608970294, 0.2809051548770627, 0.1362978712969093, 0.794028885874956, 0.6259961049052883, 0.9852758608761663, 0.6594500428475245, 1.0, 0.8553320936379288, 0.3064708676525896, 0.0013105453392048272, 0.8409157689376768, 0.9181267664473662, 0.5049206645715019], [0.3719028446289592, 0.8976063197412707, 0.8343420942997879, 0.4090872396015458, 0.832855616787571, 0.3621562653299467, 0.9603347867460238, 0.9803558638081613, 0.3393734895932541, 0.5949795626609485, 0.3404061644577624, 0.817116179616951, 0.41949271743454986, 0.9059072023160198, 0.3585030812898522, 0.24734731770809615, 0.8346794385413885, 0.9573854401920956, 0.1614095010659372, 0.049291037049749686, 0.09162621705285623, 0.8406255248781804, 0.6508878129873578, 0.10995334080317298, 0.19659325288428053, 0.4674693594966376, 0.791334923865748, 0.6981225242156018, 0.8553320936379288, 1.0, 0.44228512593665736, 0.7969153993277722, 0.9195913988727751, 0.0949765814968907, 0.5496314301736962], [0.7857303419554743, 0.8645969555165564, 0.4632771901619658, 0.6494144431689663, 0.9163754426418952, 0.7158247575575598, 0.09408707001809069, 0.919373324336311, 0.4140462159038588, 0.46129533860463956, 0.5326804810721675, 0.7608879251458325, 0.7488816626556013, 0.08311634771766363, 0.0177024175014997, 0.07576487182948444, 0.19345296020566694, 0.07658999332934735, 0.24801869050403258, 0.8548273794265093, 0.06275623207502312, 0.033283025754426876, 0.15807688666699093, 0.7317685441502552, 0.8987906702634593, 0.2569863376805148, 0.20023500651780135, 0.6151012196042962, 0.3064708676525896, 0.44228512593665736, 1.0, 0.2924548678776363, 0.7896573740119781, 0.23164191074104068, 0.9695697675296956], [0.83496849795273, 0.6766946932445558, 0.6252493482193868, 0.9987779141199005, 0.8044518358105297, 0.049910980385535875, 0.7581650462096126, 0.4382203223640867, 0.15000865869016056, 0.03410300715663461, 0.17794362370812555, 0.33250628243429514, 0.2906809387034127, 0.4099721197883136, 0.5756724537133485, 0.4422899730016697, 0.4260769528382883, 0.7630442122475827, 0.649760838476698, 0.696057879638353, 0.44329601723532963, 0.487389266565868, 0.6512280816906155, 0.05289607259919393, 0.6887228513926872, 0.874685961994672, 0.2679827125853549, 0.209218438452901, 0.0013105453392048272, 0.7969153993277722, 0.2924548678776363, 1.0, 0.3919123411262776, 0.06484602542203755, 0.5630568133531877], [0.8599370649588645, 0.6122263513432439, 0.39137193819298044, 0.5161361130309337, 0.7306914291192468, 0.6174674168776731, 0.3102707997361863, 0.2974863795131275, 0.17034675812028754, 0.3678402267639127, 0.2873956491892756, 0.4512666029591105, 0.2060782546403317, 0.6559067342180831, 0.5405079147666084, 0.31409235111422507, 0.2117463061020043, 0.4190810604834766, 0.966801004638696, 0.6027654951505143, 0.8611820394763875, 0.46291543597593066, 0.9907579151659258, 0.8018966140707326, 0.7442651323926229, 0.06448839163721887, 0.20586934599486184, 0.9098678228495733, 0.8409157689376768, 0.9195913988727751, 0.7896573740119781, 0.3919123411262776, 1.0, 0.6639812628480296, 0.3071092046370987], [0.9658288996926059, 0.784935340993125, 0.6133525410990447, 0.5524098284178319, 0.40534924122931904, 0.10774143268089509, 0.46654374678908184, 0.7947945847206244, 0.3629859480122559, 0.32445421140437436, 0.7379959939824835, 0.8910726506362103, 0.5610504794476728, 0.8994302400537566, 0.1759117331229828, 0.7320823672045601, 0.466394893226058, 0.23723989632696008, 0.19963600085276534, 0.7087573118940464, 0.7571713575093916, 0.25085598491861905, 0.5568518132891449, 0.48311993395545827, 0.2910513329752107, 0.1891379447003766, 0.9837794053208222, 0.8960343946676498, 0.9181267664473662, 0.0949765814968907, 0.23164191074104068, 0.06484602542203755, 0.6639812628480296, 1.0, 0.5631413032534126], [0.1926533021654977, 0.050627899287425726, 0.015873117571559292, 0.2920191516846993, 0.8500490652038668, 0.4812660958382119, 0.5632236866264424, 0.19639232929891137, 0.005690901396828707, 0.8665529127210826, 0.21253305141948786, 0.0757235066082792, 0.9297491743273494, 0.5701377379058449, 0.7572593602324678, 0.8077034668035045, 0.9825573740986953, 0.6821342789828353, 0.3040125338087206, 0.691868807053661, 0.7824698797571275, 0.31261057864587727, 0.3347185482720205, 0.4582019060536915, 0.31909172721656587, 0.6299140651684998, 0.46580775300432364, 0.6055882433782621, 0.5049206645715019, 0.5496314301736962, 0.9695697675296956, 0.5630568133531877, 0.3071092046370987, 0.5631413032534126, 1.0]]