[[1.0,3.982539447398448E-4,4.119352762732378E-4,0.002138591095222491,2.2800252240149976E-4,0.005829898189636184,2.2706767628475084E-4,0.001203794171823226,1.1906728383684841E-4,7.059304562568126E-4,4.121322187236563E-4,0.002297507406750509,0.0017312459675054399,0.0011179397090234826,0.0012521083330631587,5.004298350840404E-4,0.008800134653338577,0.0010885639475495654,0.001503046675076304,2.58899090722764E-4,7.751379224573981E-4,0.006432987767146212,5.146592150581195E-4,0.0017085686804295419,0.0056916951937735485,0.0018524352350808928,2.2463461319948067E-4,0.0011579274299159542,0.0017261555309743422,3.493443102424888E-4,0.04930763158389598,1.9916830668361492E-4,2.6867616885285414E-4,1.9348976686062267E-4,0.0030091992343287527,4.203728455890408E-4,4.2371895302228263E-4,0.0011645842289518275,3.278010334252204E-4,0.0035111355732526557,0.0028677879298810824],[3.982539447398448E-4,1.0,3.7840305970329995E-5,0.002442947760702824,3.316641421043453E-5,0.0013262884810411042,3.926603659363753E-5,0.002877465988023932,1.0312380000659434E-4,6.721823018982218E-4,1.4656074731318075E-4,0.0019625266300995754,0.0030913301993385216,5.904386579344669E-4,0.0010465466811044335,7.918897496599531E-4,0.013864113343206974,2.914285699590261E-4,0.002093947194443062,1.5811335559361183E-4,6.035897228466216E-4,0.013717594113765177,3.214750075141108E-4,0.00442283155737025,0.00219848863391758,8.068883408817239E-4,1.1431148518308168E-4,1.3906497248784405E-4,0.012572825322854237,5.413226789450411E-5,0.03325917716334814,1.1275063918556544E-4,2.9847694496722654E-5,2.8362086304377006E-5,0.0033524271255689383,0.003602078747848995,3.6821341845650425E-4,5.025441300487884E-4,8.317833803839237E-5,0.017230715313026345,0.0015872939319664446],[4.119352762732378E-4,3.7840305970329995E-5,1.0,0.01153625532490645,3.548973228823206E-5,0.006063877711142243,4.111688978976123E-5,0.003261312444519178,1.0792839378541683E-4,4.959417585730254E-4,2.722623337387386E-4,7.991991464079062E-4,0.0031024534012540224,9.228052268896348E-4,2.093368942906515E-4,8.769857923482547E-4,0.005278291620192384,4.961942973956694E-4,4.736931730833343E-4,5.0755204506446206E-5,9.744575277478114E-5,0.011335049406294094,2.7629147119935136E-4,0.006061547531187215,0.004956964607435112,0.0017886940171919334,5.552022262491737E-5,5.3279313389774264E-5,0.01956707839950002,5.251402804009304E-5,0.04702591392564767,1.067927317791947E-4,3.044922141305736E-5,2.4585583020181936E-5,7.0790223717816E-4,2.979347342401185E-4,1.3422199039483858E-4,6.833110767964087E-4,1.6290783611724E-4,0.024341170987156602,3.894241396029198E-4],[0.002138591095222491,0.002442947760702824,0.01153625532490645,1.0,0.016463082774341758,0.011166341159710661,0.015388131542540396,0.017033631803772365,0.0030116962233906106,0.011887911953475973,0.0013211932960191272,0.0046320177973994126,0.017118144300928395,0.015769747475210188,0.012861595496042287,0.01629235732190398,0.0175329874843703,0.012274500140307119,0.010103661527197516,0.0014265021242841857,0.003878498274918204,0.016714679686159493,0.004491137441864548,0.010781424862539909,0.01802557206887802,0.005400410286215228,0.013554586319821168,0.009201846847634226,0.017240359484637702,0.0010188909029381964,0.05022772883537224,0.015991456248590948,0.015714052362717022,0.013982981414290822,0.008608378851065673,0.007579919409481644,0.014584256927185386,0.008384292001829306,0.007900735786473413,0.032974420588159026,0.003671197402864004],[2.2800252240149976E-4,3.316641421043453E-5,3.548973228823206E-5,0.016463082774341758,1.0,0.008334800087272737,3.6537743233549405E-5,0.0012349206915989218,1.0409891392396573E-4,4.375529041663988E-4,8.912270955708005E-5,0.0021912984965114686,0.005631650368880984,8.711506946139466E-4,5.721618888260808E-4,6.947626608641118E-4,0.010884694955011215,3.065148289954347E-4,0.001581303012399851,1.5509573358725039E-4,5.981350315405985E-4,0.0021492109005453778,9.180106765092522E-4,0.00975627237830684,0.008328872449082288,2.9958041770146904E-4,1.1270546853875442E-4,5.138524764777953E-4,0.007019842529959887,4.9756878924121596E-5,0.019087334647725673,8.15301679743289E-5,3.364568749498241E-5,3.315065800669443E-5,0.001768145276209255,0.004069180634909253,9.719908969270261E-5,8.719329480088687E-5,1.0332661159471497E-4,0.03500485630931796,0.003404430672648368],[0.005829898189636184,0.0013262884810411042,0.006063877711142243,0.011166341159710661,0.008334800087272737,1.0,0.0038561354936829276,0.014906517452125876,0.008766105855634152,0.009487245091295612,0.010380737049936944,0.008482169987678586,0.01841122810759986,0.007176566418684553,0.002565341204247873,0.008151025381542613,0.012564837423729141,0.008442493022242292,0.009055508396965277,0.010006658519242737,0.001997945859842982,0.013684772267734482,0.0014580527950483059,0.01065161718737585,0.012148839097315692,0.009029725105286223,0.005277811946405128,0.002172226320382873,0.014168483707616789,0.0016313856517459276,0.05062796967452124,0.0011468406258321087,0.009028609112582523,0.004684380722730049,0.0053445051735817335,0.004981947161070825,0.0010358491638673925,0.002899739968400876,0.003990295252058214,0.014865364946943013,0.009570886498656759],[2.2706767628475084E-4,3.926603659363753E-5,4.111688978976123E-5,0.015388131542540396,3.6537743233549405E-5,0.0038561354936829276,1.0,0.015069359449057074,1.107980418509348E-4,2.6133140836645774E-4,3.349147130723604E-4,9.092138173891191E-4,0.01918177473461794,5.171499797442789E-4,6.39118647684048E-4,1.725318201224185E-4,0.011028977124531504,4.533059675272927E-5,3.153629280537861E-4,1.7235926484721818E-4,3.3291862903626624E-4,0.008902780531991386,6.087381237268766E-4,0.010404178786383427,0.0025210172287898893,2.6174161062221486E-4,7.12091840004469E-5,3.0014716987927066E-4,0.01572323587049961,1.1352997624788124E-4,0.026268222265482862,1.395084816023712E-4,3.9484663955871765E-5,2.6403703837829678E-5,0.0010534518527213898,0.004356233991274023,2.2182258365496796E-4,4.7669903150222034E-4,8.816251449119089E-5,0.016842195049941867,0.0024339925845448126],[0.001203794171823226,0.002877465988023932,0.003261312444519178,0.017033631803772365,0.0012349206915989218,0.014906517452125876,0.015069359449057074,1.0,9.049326164458117E-4,0.016316762536024692,0.009776255563547382,0.015155585153345044,0.02004416751504618,0.0148387944818541,0.009624706863021247,0.002650684120153391,0.018938287530158592,0.01677438822073387,0.011449893626861269,0.013912248945811693,0.011710973975911664,0.01681665721151369,0.006326400617630264,0.014647055067360623,0.0183984539224888,0.004755417174981912,0.007085244925682079,0.00441983876150826,0.019562109735257054,0.01148245095469155,0.027106280623432268,0.01508294665197894,0.007649228816705357,0.004220491115470552,0.005845394012134252,0.01608086344706947,0.015511618060463925,0.01608468573793246,0.005455575232683262,0.028678691839743316,0.01702039146654859],[1.1906728383684841E-4,1.0312380000659434E-4,1.0792839378541683E-4,0.0030116962233906106,1.0409891392396573E-4,0.008766105855634152,1.107980418509348E-4,9.049326164458117E-4,1.0,1.4425952747269518E-4,3.3030245587954585E-4,0.001986049591276637,0.015714636604104364,7.841301595672202E-4,0.002280312317660819,2.5993837206566065E-4,0.011851479443846012,7.979027350612033E-4,7.375986652501643E-4,1.1435053744483796E-4,0.0011950686445019708,0.004198371042086134,8.189296574675177E-4,0.005432979697859031,0.009705805218735375,0.0015267128389595834,1.7736449238113988E-4,1.6360014528130995E-4,0.0018658636535755701,1.1636267746012483E-4,0.009668377968671097,1.3722879742380552E-4,6.696986160426748E-5,2.6403194430348833E-5,5.307665441480001E-4,3.284319687682644E-4,2.1755384291072564E-4,2.011213387885491E-4,1.7697657116879392E-4,0.03667284097100083,0.0010121022238088757],[7.059304562568126E-4,6.721823018982218E-4,4.959417585730254E-4,0.011887911953475973,4.375529041663988E-4,0.009487245091295612,2.6133140836645774E-4,0.016316762536024692,1.4425952747269518E-4,1.0,9.335062837813285E-4,0.0036257368621260082,0.013428104360433474,0.0011738923592414493,0.001492050421215091,0.001101799553085225,0.009718367894958339,0.0010530707654721754,0.0011709206380561598,7.853352191784662E-4,0.0010724549590986445,0.01083073932258826,0.0010140662360653906,0.006338967043585314,0.017567902351885354,0.0014183984012176814,8.544717973670514E-4,0.0010464787677523177,0.005772664229776846,7.132083832383409E-4,0.0105248535552711,6.347481659567194E-4,3.705273745150925E-4,8.973051597668722E-4,0.0025032569142776156,0.0019068396203824175,5.680404127254176E-4,0.0010501484790385479,8.969654435065681E-4,0.023981648288585428,0.003403656135673565],[4.121322187236563E-4,1.4656074731318075E-4,2.722623337387386E-4,0.0013211932960191272,8.912270955708005E-5,0.010380737049936944,3.349147130723604E-4,0.009776255563547382,3.3030245587954585E-4,9.335062837813285E-4,1.0,0.0026326325446144783,0.01927085884515409,0.001106107195587062,0.0017385889194050344,6.85051256568064E-4,0.016292653568586116,0.0010573116046028901,0.002158675114858039,2.612505701226135E-4,6.669237074770027E-4,0.002630589615772687,7.890049355597473E-4,0.0038529294986687414,0.009566094153454368,4.3552437259280856E-4,2.639709948093356E-4,5.909114098352885E-4,0.005305283713359197,3.2122647116794063E-4,0.030774560182392784,3.851956480087705E-4,3.4756390308654506E-4,1.348648379250533E-4,0.0016294270775800974,0.0017341105970141942,4.3060927879249065E-4,6.084620234411698E-4,3.0511065361495815E-4,0.011791813666498173,0.002632961765596607],[0.002297507406750509,0.0019625266300995754,7.991991464079062E-4,0.0046320177973994126,0.0021912984965114686,0.008482169987678586,9.092138173891191E-4,0.015155585153345044,0.001986049591276637,0.0036257368621260082,0.0026326325446144783,1.0,0.020676672423765953,0.003172766342936146,0.004030603548504356,0.003002528908528439,0.005981154357809739,0.002675780292184594,0.0023886088597448877,2.6113904556973816E-4,0.002094396642180341,0.01582646890764612,0.0013098238119308417,0.006232472329211398,0.015314025556095354,0.00208653056780008,0.002368993413536751,0.003153047170441558,0.007070340142450183,0.00303883595252161,0.038608186956532925,9.099354800498028E-4,0.003268837131067094,0.004045266486957252,0.003704543825262593,0.004644555939629856,0.0031278366030253746,0.004143155717924646,0.0012527719124463012,0.01578608439832678,0.004004723775346348],[0.0017312459675054399,0.0030913301993385216,0.0031024534012540224,0.017118144300928395,0.005631650368880984,0.01841122810759986,0.01918177473461794,0.02004416751504618,0.015714636604104364,0.013428104360433474,0.01927085884515409,0.020676672423765953,1.0,0.003932022951260527,0.019064019469688567,0.019170384906118488,0.02078881450944651,0.01482462835563507,0.008489942543854651,0.0022533539573800507,0.017585160671215176,0.017622312182928753,0.010772063380720719,0.015366871734508191,0.020589126864840764,0.020716419506282224,0.012987719845593637,0.012783118367811777,0.020098356468713163,0.0031813693513672208,0.049987537076660066,0.0034371986274942677,7.943838535706658E-4,0.01615154063455552,0.012834110166945672,0.020002670259806725,0.0012209415908908917,0.016896388255432094,0.0026917812384202266,0.022010094154619887,0.01721661748213369],[0.0011179397090234826,5.904386579344669E-4,9.228052268896348E-4,0.015769747475210188,8.711506946139466E-4,0.007176566418684553,5.171499797442789E-4,0.0148387944818541,7.841301595672202E-4,0.0011738923592414493,0.001106107195587062,0.003172766342936146,0.003932022951260527,1.0,0.0019413345334396048,0.0012135333936686204,0.003296892757759893,0.0011988927111497754,0.0013864017001739052,6.796010999512534E-4,0.0012304533179074012,0.01127992812630687,0.001127638180581065,0.009753684941140367,0.0031427879089626766,0.0013899352368622582,0.0012117902612463372,0.0012810461106354532,0.013891998249387352,7.794562065094263E-4,0.03047429019079357,6.998540129298901E-4,3.294221421070828E-4,0.0011339370849555415,0.0020145149826096055,0.0016019980233395914,0.0011872927874796446,0.0012881634725395352,8.977342769825536E-4,0.015517544323021689,0.003039342994565007],[0.0012521083330631587,0.0010465466811044335,2.093368942906515E-4,0.012861595496042287,5.721618888260808E-4,0.002565341204247873,6.39118647684048E-4,0.009624706863021247,0.002280312317660819,0.001492050421215091,0.0017385889194050344,0.004030603548504356,0.019064019469688567,0.0019413345334396048,1.0,0.0021035142730621687,0.003984230005420069,0.0013580271532130771,0.0024469118282326933,0.001324304389064499,0.0015496989930720098,0.006391949306395474,0.0020201555014584555,0.010480793186387335,0.01760560995305063,0.0024518408083688374,0.002101415265710629,0.0013862762932657228,0.014657866857146058,0.0023900169099452416,0.005094542992919877,8.516296730305382E-4,0.0022443056222216286,0.002325329528097772,0.0030294989850592835,0.003146140430679999,0.0013199468457327779,0.001407037397539532,0.0023631870688536633,0.02217348324048151,0.002941278489391271],[5.004298350840404E-4,7.918897496599531E-4,8.769857923482547E-4,0.01629235732190398,6.947626608641118E-4,0.008151025381542613,1.725318201224185E-4,0.002650684120153391,2.5993837206566065E-4,0.001101799553085225,6.85051256568064E-4,0.003002528908528439,0.019170384906118488,0.0012135333936686204,0.0021035142730621687,1.0,0.008973357638091671,0.001179503706240571,0.0016899252286095338,5.548248229906412E-4,0.0012193190314742077,0.005248166602888584,0.0010510098790605354,0.001265531995836042,0.0031312083447908876,0.0012493377404323716,6.610537073183534E-4,0.0012575102308745151,0.018754457084834315,3.5520891805642724E-4,0.020798145175150953,9.414357543988544E-4,2.2604027623869324E-4,9.452924350592367E-4,0.0016333406866361764,0.001565725369204828,5.943074807296556E-4,0.0012222358517091463,3.080263338494546E-4,0.005125497879618077,0.001394293922310728],[0.008800134653338577,0.013864113343206974,0.005278291620192384,0.0175329874843703,0.010884694955011215,0.012564837423729141,0.011028977124531504,0.018938287530158592,0.011851479443846012,0.009718367894958339,0.016292653568586116,0.005981154357809739,0.02078881450944651,0.003296892757759893,0.003984230005420069,0.008973357638091671,1.0,0.01423744621253521,0.01046706294552578,0.015797930339955805,0.002533204621133574,0.01702167818989957,0.01870196716899701,0.017724174635307552,0.01833425920564638,0.008319873342719707,0.01785979170640715,0.014190107984982006,0.019520204937854845,0.01294103558626754,0.04269845617599477,0.006829119604072685,0.0160424639272446,0.008400459228789414,0.012753544810982849,0.007957436937487173,0.010322949568181406,0.019069291837435217,0.019123721861575328,0.02478536938509432,0.005919627289070705],[0.0010885639475495654,2.914285699590261E-4,4.961942973956694E-4,0.012274500140307119,3.065148289954347E-4,0.008442493022242292,4.533059675272927E-5,0.01677438822073387,7.979027350612033E-4,0.0010530707654721754,0.0010573116046028901,0.002675780292184594,0.01482462835563507,0.0011988927111497754,0.0013580271532130771,0.001179503706240571,0.01423744621253521,1.0,0.0011919462912045966,6.005547179775451E-4,0.0011905497932954534,0.007666893041682324,0.0010355899111080973,0.0030122633140820454,0.01429938631566809,0.001651218722557969,9.104584763264276E-4,0.001220845867947356,0.006186068796035811,7.616868480165306E-4,0.03708463198372635,0.0010014438628106876,2.452177051163866E-4,9.059202898510567E-4,0.0021724392832181546,0.003485532306684758,9.147815277314494E-4,0.001318485756352365,9.364881162499197E-4,0.03316523857068648,0.0035694711280425387],[0.001503046675076304,0.002093947194443062,4.736931730833343E-4,0.010103661527197516,0.001581303012399851,0.009055508396965277,3.153629280537861E-4,0.011449893626861269,7.375986652501643E-4,0.0011709206380561598,0.002158675114858039,0.0023886088597448877,0.008489942543854651,0.0013864017001739052,0.0024469118282326933,0.0016899252286095338,0.01046706294552578,0.0011919462912045966,1.0,0.002123856270268756,0.0015583772487266253,0.00993783668644832,0.0018736362394377037,0.00884081522151801,0.005822478332434683,0.001999735011833497,3.425239571318489E-4,0.001861221682091638,0.016358775519614795,0.0010792998251263736,0.0033943535453923924,0.0014135409654240246,0.0010047765599655691,6.911306046510418E-4,0.003033484267440654,0.0033466293722244182,7.584213428590844E-4,0.0020860375943449992,9.643256723433827E-4,0.01237976441150698,0.002365109646065343],[2.58899090722764E-4,1.5811335559361183E-4,5.0755204506446206E-5,0.0014265021242841857,1.5509573358725039E-4,0.010006658519242737,1.7235926484721818E-4,0.013912248945811693,1.1435053744483796E-4,7.853352191784662E-4,2.612505701226135E-4,2.6113904556973816E-4,0.0022533539573800507,6.796010999512534E-4,0.001324304389064499,5.548248229906412E-4,0.015797930339955805,6.005547179775451E-4,0.002123856270268756,1.0,0.0010002220695108134,4.6447859338060577E-4,0.0010112565054957996,0.0086236208136513,0.017992135581297766,0.001734563425376186,1.8523897110949745E-4,0.0010063955044865502,0.005357766408133003,1.7024222523342455E-4,0.026881697609704287,1.7663989071000564E-4,1.3075127854831028E-4,9.889978329761601E-5,3.9119466108627923E-4,0.004401404954570334,3.0170652576203623E-4,7.717102017575817E-4,1.8790846559430812E-4,0.0015481024960045614,0.0027451130716815175],[7.751379224573981E-4,6.035897228466216E-4,9.744575277478114E-5,0.003878498274918204,5.981350315405985E-4,0.001997945859842982,3.3291862903626624E-4,0.011710973975911664,0.0011950686445019708,0.0010724549590986445,6.669237074770027E-4,0.002094396642180341,0.017585160671215176,0.0012304533179074012,0.0015496989930720098,0.0012193190314742077,0.002533204621133574,0.0011905497932954534,0.0015583772487266253,0.0010002220695108134,1.0,0.012850381186555224,0.0010338809084487555,0.008732218102512951,0.00575219747790012,0.0012619424090437733,9.396997515876087E-4,0.0012675426059496574,0.018496225095418553,0.0011947181056197109,0.01738637583920258,4.0022246775386786E-4,0.00107800733342187,3.029143002327866E-4,0.0013197553898021354,0.0028743984880836944,0.0010833424551331531,0.0013378139531941707,6.55552219342113E-4,0.015346652964306788,0.0030786384395686895],[0.006432987767146212,0.013717594113765177,0.011335049406294094,0.016714679686159493,0.0021492109005453778,0.013684772267734482,0.008902780531991386,0.01681665721151369,0.004198371042086134,0.01083073932258826,0.002630589615772687,0.01582646890764612,0.017622312182928753,0.01127992812630687,0.006391949306395474,0.005248166602888584,0.01702167818989957,0.007666893041682324,0.00993783668644832,4.6447859338060577E-4,0.012850381186555224,1.0,0.00797562072582124,0.01557119109529747,0.017350547442406435,0.0023716758999130045,0.0024508909047792405,0.013560929579883432,0.01722416867350219,0.013531644712033334,0.03528324020373566,0.012760306130435385,0.01403511976050015,0.0018466044735342107,0.010830009972068948,0.006069212578702377,0.010778789031419265,0.004999458436845973,0.013317714889271266,0.018206585665138882,0.013159406737761632],[5.146592150581195E-4,3.214750075141108E-4,2.7629147119935136E-4,0.004491137441864548,9.180106765092522E-4,0.0014580527950483059,6.087381237268766E-4,0.006326400617630264,8.189296574675177E-4,0.0010140662360653906,7.890049355597473E-4,0.0013098238119308417,0.010772063380720719,0.001127638180581065,0.0020201555014584555,0.0010510098790605354,0.01870196716899701,0.0010355899111080973,0.0018736362394377037,0.0010112565054957996,0.0010338809084487555,0.00797562072582124,1.0,0.006622099472080711,0.009849140525551307,0.0014713302047086956,9.17780265208066E-4,0.0011416220454768299,0.01832635314910912,4.914532150560472E-4,0.05108871350202703,9.188739564281966E-4,3.891369431929429E-5,7.326422229137579E-4,0.0022513612308147687,0.00366769455547109,5.729537537219325E-4,0.0010575319148797408,8.121720241697479E-4,0.030276667450769814,0.0034631737785004967],[0.0017085686804295419,0.00442283155737025,0.006061547531187215,0.010781424862539909,0.00975627237830684,0.01065161718737585,0.010404178786383427,0.014647055067360623,0.005432979697859031,0.006338967043585314,0.0038529294986687414,0.006232472329211398,0.015366871734508191,0.009753684941140367,0.010480793186387335,0.001265531995836042,0.017724174635307552,0.0030122633140820454,0.00884081522151801,0.0086236208136513,0.008732218102512951,0.01557119109529747,0.006622099472080711,1.0,0.013116688941896736,0.004535398712849264,5.811748880226055E-4,0.004542394573268384,0.018692984918053716,0.008643406329340178,0.05001982883703464,0.0010511228002325996,0.010075694852452376,0.0023266301897834143,0.004778707102466447,0.010040869434859555,6.644796221044705E-4,0.002044640864395736,0.008876830409354738,0.032181595120656506,0.00928928044520465],[0.0056916951937735485,0.00219848863391758,0.004956964607435112,0.01802557206887802,0.008328872449082288,0.012148839097315692,0.0025210172287898893,0.0183984539224888,0.009705805218735375,0.017567902351885354,0.009566094153454368,0.015314025556095354,0.020589126864840764,0.0031427879089626766,0.01760560995305063,0.0031312083447908876,0.01833425920564638,0.01429938631566809,0.005822478332434683,0.017992135581297766,0.00575219747790012,0.017350547442406435,0.009849140525551307,0.013116688941896736,1.0,0.014185749745616011,0.005863297026081055,0.005424140850971991,0.019375115645427286,0.012024626035314281,0.030431236748098958,0.006987423949283454,0.002066731816279696,0.017855171164250914,0.011516769577416885,0.014731859553604919,0.003872164342686933,0.013359777419326712,0.014804720763514278,0.029827743920725028,0.012453987627956704],[0.0018524352350808928,8.068883408817239E-4,0.0017886940171919334,0.005400410286215228,2.9958041770146904E-4,0.009029725105286223,2.6174161062221486E-4,0.004755417174981912,0.0015267128389595834,0.0014183984012176814,4.3552437259280856E-4,0.00208653056780008,0.020716419506282224,0.0013899352368622582,0.0024518408083688374,0.0012493377404323716,0.008319873342719707,0.001651218722557969,0.001999735011833497,0.001734563425376186,0.0012619424090437733,0.0023716758999130045,0.0014713302047086956,0.004535398712849264,0.014185749745616011,1.0,6.607828780673524E-4,0.001393900590984734,0.011587096629792593,3.725015137863171E-4,0.014245629441437032,0.0017115000482690735,6.019022874921581E-4,9.838658793359881E-4,0.002925779537317822,0.003237304136638907,0.001487406813573185,0.0015385739969254425,0.0018257940067715778,0.03253013393332897,0.0030674863959813323],[2.2463461319948067E-4,1.1431148518308168E-4,5.552022262491737E-5,0.013554586319821168,1.1270546853875442E-4,0.005277811946405128,7.12091840004469E-5,0.007085244925682079,1.7736449238113988E-4,8.544717973670514E-4,2.639709948093356E-4,0.002368993413536751,0.012987719845593637,0.0012117902612463372,0.002101415265710629,6.610537073183534E-4,0.01785979170640715,9.104584763264276E-4,3.425239571318489E-4,1.8523897110949745E-4,9.396997515876087E-4,0.0024508909047792405,9.17780265208066E-4,5.811748880226055E-4,0.005863297026081055,6.607828780673524E-4,1.0,9.474906525767497E-4,0.0049099846770308845,1.8135245219034972E-4,0.027649004737412906,1.79830979214609E-4,1.0447112150411577E-4,1.2587355652821135E-4,0.0013370575959603642,3.2134032223734947E-4,2.5286199556069145E-4,8.870851954589851E-4,1.987661402240617E-4,0.03647355780134579,5.238449543280971E-4],[0.0011579274299159542,1.3906497248784405E-4,5.3279313389774264E-5,0.009201846847634226,5.138524764777953E-4,0.002172226320382873,3.0014716987927066E-4,0.00441983876150826,1.6360014528130995E-4,0.0010464787677523177,5.909114098352885E-4,0.003153047170441558,0.012783118367811777,0.0012810461106354532,0.0013862762932657228,0.0012575102308745151,0.014190107984982006,0.001220845867947356,0.001861221682091638,0.0010063955044865502,0.0012675426059496574,0.013560929579883432,0.0011416220454768299,0.004542394573268384,0.005424140850971991,0.001393900590984734,9.474906525767497E-4,1.0,0.011454007996960034,4.1725573858164897E-4,0.04310396799825169,3.3451729772684084E-4,7.523443316216538E-4,4.7516567510494053E-4,0.002225423877736745,0.0024925654925913978,0.0010480503429117604,0.001299048142042639,0.0012240992843854618,0.029531724029066377,0.0034024446992954745],[0.0017261555309743422,0.012572825322854237,0.01956707839950002,0.017240359484637702,0.007019842529959887,0.014168483707616789,0.01572323587049961,0.019562109735257054,0.0018658636535755701,0.005772664229776846,0.005305283713359197,0.007070340142450183,0.020098356468713163,0.013891998249387352,0.014657866857146058,0.018754457084834315,0.019520204937854845,0.006186068796035811,0.016358775519614795,0.005357766408133003,0.018496225095418553,0.01722416867350219,0.01832635314910912,0.018692984918053716,0.019375115645427286,0.011587096629792593,0.0049099846770308845,0.011454007996960034,1.0,0.0031642781874282513,0.02022825289172494,0.019155346186976174,0.01679971707323592,0.00791901398032427,0.009138419795694585,0.013750634653045966,0.01453969845258196,0.015209088516690988,0.010529847033981498,0.03406852411212298,0.006893638066079502],[3.493443102424888E-4,5.413226789450411E-5,5.251402804009304E-5,0.0010188909029381964,4.9756878924121596E-5,0.0016313856517459276,1.1352997624788124E-4,0.01148245095469155,1.1636267746012483E-4,7.132083832383409E-4,3.2122647116794063E-4,0.00303883595252161,0.0031813693513672208,7.794562065094263E-4,0.0023900169099452416,3.5520891805642724E-4,0.01294103558626754,7.616868480165306E-4,0.0010792998251263736,1.7024222523342455E-4,0.0011947181056197109,0.013531644712033334,4.914532150560472E-4,0.008643406329340178,0.012024626035314281,3.725015137863171E-4,1.8135245219034972E-4,4.1725573858164897E-4,0.0031642781874282513,1.0,0.04028086160204613,1.7044917278070818E-4,1.4828906783214739E-4,4.999496590297172E-5,6.674342699198327E-4,0.004274316382653352,3.935752999268898E-4,2.8119883314985713E-4,1.982977220468269E-4,0.023724006041233224,0.0024188610429648275],[0.04930763158389598,0.03325917716334814,0.04702591392564767,0.05022772883537224,0.019087334647725673,0.05062796967452124,0.026268222265482862,0.027106280623432268,0.009668377968671097,0.0105248535552711,0.030774560182392784,0.038608186956532925,0.049987537076660066,0.03047429019079357,0.005094542992919877,0.020798145175150953,0.04269845617599477,0.03708463198372635,0.0033943535453923924,0.026881697609704287,0.01738637583920258,0.03528324020373566,0.05108871350202703,0.05001982883703464,0.030431236748098958,0.014245629441437032,0.027649004737412906,0.04310396799825169,0.02022825289172494,0.04028086160204613,1.0,0.004591510827402592,0.010753730558633984,0.01670962915893882,0.00778891717729101,0.036681116480747684,0.02307321538157711,0.007389017298642044,0.04476683178695762,0.051270200732718076,0.04115009562185137],[1.9916830668361492E-4,1.1275063918556544E-4,1.067927317791947E-4,0.015991456248590948,8.15301679743289E-5,0.0011468406258321087,1.395084816023712E-4,0.01508294665197894,1.3722879742380552E-4,6.347481659567194E-4,3.851956480087705E-4,9.099354800498028E-4,0.0034371986274942677,6.998540129298901E-4,8.516296730305382E-4,9.414357543988544E-4,0.006829119604072685,0.0010014438628106876,0.0014135409654240246,1.7663989071000564E-4,4.0022246775386786E-4,0.012760306130435385,9.188739564281966E-4,0.0010511228002325996,0.006987423949283454,0.0017115000482690735,1.79830979214609E-4,3.3451729772684084E-4,0.019155346186976174,1.7044917278070818E-4,0.004591510827402592,1.0,9.375421080372132E-5,1.479699545201065E-4,0.001548828970701468,0.004399172147507727,2.778349925174517E-4,6.350585677679813E-4,1.9889398959332897E-4,0.010043723538269395,0.0020997599450676284],[2.6867616885285414E-4,2.9847694496722654E-5,3.044922141305736E-5,0.015714052362717022,3.364568749498241E-5,0.009028609112582523,3.9484663955871765E-5,0.007649228816705357,6.696986160426748E-5,3.705273745150925E-4,3.4756390308654506E-4,0.003268837131067094,7.943838535706658E-4,3.294221421070828E-4,0.0022443056222216286,2.2604027623869324E-4,0.0160424639272446,2.452177051163866E-4,0.0010047765599655691,1.3075127854831028E-4,0.00107800733342187,0.01403511976050015,3.891369431929429E-5,0.010075694852452376,0.002066731816279696,6.019022874921581E-4,1.0447112150411577E-4,7.523443316216538E-4,0.01679971707323592,1.4828906783214739E-4,0.010753730558633984,9.375421080372132E-5,1.0,2.667503155550775E-5,0.0010047527883884685,0.0046667166406145445,8.573080353194336E-5,0.00128291459775584,2.0289646899797836E-4,0.012698072539400777,0.0019049760848677318],[1.9348976686062267E-4,2.8362086304377006E-5,2.4585583020181936E-5,0.013982981414290822,3.315065800669443E-5,0.004684380722730049,2.6403703837829678E-5,0.004220491115470552,2.6403194430348833E-5,8.973051597668722E-4,1.348648379250533E-4,0.004045266486957252,0.01615154063455552,0.0011339370849555415,0.002325329528097772,9.452924350592367E-4,0.008400459228789414,9.059202898510567E-4,6.911306046510418E-4,9.889978329761601E-5,3.029143002327866E-4,0.0018466044735342107,7.326422229137579E-4,0.0023266301897834143,0.017855171164250914,9.838658793359881E-4,1.2587355652821135E-4,4.7516567510494053E-4,0.00791901398032427,4.999496590297172E-5,0.01670962915893882,1.479699545201065E-4,2.667503155550775E-5,1.0,0.002836951286515512,0.002649984678929113,1.7926566056693813E-4,0.0013049113728263156,1.770715360021559E-4,0.010377706895227561,0.0018414566148413814],[0.0030091992343287527,0.0033524271255689383,7.0790223717816E-4,0.008608378851065673,0.001768145276209255,0.0053445051735817335,0.0010534518527213898,0.005845394012134252,5.307665441480001E-4,0.0025032569142776156,0.0016294270775800974,0.003704543825262593,0.012834110166945672,0.0020145149826096055,0.0030294989850592835,0.0016333406866361764,0.012753544810982849,0.0021724392832181546,0.003033484267440654,3.9119466108627923E-4,0.0013197553898021354,0.010830009972068948,0.0022513612308147687,0.004778707102466447,0.011516769577416885,0.002925779537317822,0.0013370575959603642,0.002225423877736745,0.009138419795694585,6.674342699198327E-4,0.00778891717729101,0.001548828970701468,0.0010047527883884685,0.002836951286515512,1.0,0.003505079394022129,0.002061955045634472,0.0027623917755528115,0.002290154103702636,0.017603566128826104,0.003595396573631855],[4.203728455890408E-4,0.003602078747848995,2.979347342401185E-4,0.007579919409481644,0.004069180634909253,0.004981947161070825,0.004356233991274023,0.01608086344706947,3.284319687682644E-4,0.0019068396203824175,0.0017341105970141942,0.004644555939629856,0.020002670259806725,0.0016019980233395914,0.003146140430679999,0.001565725369204828,0.007957436937487173,0.003485532306684758,0.0033466293722244182,0.004401404954570334,0.0028743984880836944,0.006069212578702377,0.00366769455547109,0.010040869434859555,0.014731859553604919,0.003237304136638907,3.2134032223734947E-4,0.0024925654925913978,0.013750634653045966,0.004274316382653352,0.036681116480747684,0.004399172147507727,0.0046667166406145445,0.002649984678929113,0.003505079394022129,1.0,0.004451946550474609,0.0044447638740748845,0.0027625059443000676,0.03418457899748402,0.004548059553292312],[4.2371895302228263E-4,3.6821341845650425E-4,1.3422199039483858E-4,0.014584256927185386,9.719908969270261E-5,0.0010358491638673925,2.2182258365496796E-4,0.015511618060463925,2.1755384291072564E-4,5.680404127254176E-4,4.3060927879249065E-4,0.0031278366030253746,0.0012209415908908917,0.0011872927874796446,0.0013199468457327779,5.943074807296556E-4,0.010322949568181406,9.147815277314494E-4,7.584213428590844E-4,3.0170652576203623E-4,0.0010833424551331531,0.010778789031419265,5.729537537219325E-4,6.644796221044705E-4,0.003872164342686933,0.001487406813573185,2.5286199556069145E-4,0.0010480503429117604,0.01453969845258196,3.935752999268898E-4,0.02307321538157711,2.778349925174517E-4,8.573080353194336E-5,1.7926566056693813E-4,0.002061955045634472,0.004451946550474609,1.0,9.071059130079769E-4,3.535172334670841E-4,0.004283971892808493,0.0023938764033822513],[0.0011645842289518275,5.025441300487884E-4,6.833110767964087E-4,0.008384292001829306,8.719329480088687E-5,0.002899739968400876,4.7669903150222034E-4,0.01608468573793246,2.011213387885491E-4,0.0010501484790385479,6.084620234411698E-4,0.004143155717924646,0.016896388255432094,0.0012881634725395352,0.001407037397539532,0.0012222358517091463,0.019069291837435217,0.001318485756352365,0.0020860375943449992,7.717102017575817E-4,0.0013378139531941707,0.004999458436845973,0.0010575319148797408,0.002044640864395736,0.013359777419326712,0.0015385739969254425,8.870851954589851E-4,0.001299048142042639,0.015209088516690988,2.8119883314985713E-4,0.007389017298642044,6.350585677679813E-4,0.00128291459775584,0.0013049113728263156,0.0027623917755528115,0.0044447638740748845,9.071059130079769E-4,1.0,8.457413707964927E-4,0.031048421631639418,0.0023352683555810075],[3.278010334252204E-4,8.317833803839237E-5,1.6290783611724E-4,0.007900735786473413,1.0332661159471497E-4,0.003990295252058214,8.816251449119089E-5,0.005455575232683262,1.7697657116879392E-4,8.969654435065681E-4,3.0511065361495815E-4,0.0012527719124463012,0.0026917812384202266,8.977342769825536E-4,0.0023631870688536633,3.080263338494546E-4,0.019123721861575328,9.364881162499197E-4,9.643256723433827E-4,1.8790846559430812E-4,6.55552219342113E-4,0.013317714889271266,8.121720241697479E-4,0.008876830409354738,0.014804720763514278,0.0018257940067715778,1.987661402240617E-4,0.0012240992843854618,0.010529847033981498,1.982977220468269E-4,0.04476683178695762,1.9889398959332897E-4,2.0289646899797836E-4,1.770715360021559E-4,0.002290154103702636,0.0027625059443000676,3.535172334670841E-4,8.457413707964927E-4,1.0,0.0011318173143589115,6.183942785207772E-4],[0.0035111355732526557,0.017230715313026345,0.024341170987156602,0.032974420588159026,0.03500485630931796,0.014865364946943013,0.016842195049941867,0.028678691839743316,0.03667284097100083,0.023981648288585428,0.011791813666498173,0.01578608439832678,0.022010094154619887,0.015517544323021689,0.02217348324048151,0.005125497879618077,0.02478536938509432,0.03316523857068648,0.01237976441150698,0.0015481024960045614,0.015346652964306788,0.018206585665138882,0.030276667450769814,0.032181595120656506,0.029827743920725028,0.03253013393332897,0.03647355780134579,0.029531724029066377,0.03406852411212298,0.023724006041233224,0.051270200732718076,0.010043723538269395,0.012698072539400777,0.010377706895227561,0.017603566128826104,0.03418457899748402,0.004283971892808493,0.031048421631639418,0.0011318173143589115,1.0,0.02381732963296928],[0.0028677879298810824,0.0015872939319664446,3.894241396029198E-4,0.003671197402864004,0.003404430672648368,0.009570886498656759,0.0024339925845448126,0.01702039146654859,0.0010121022238088757,0.003403656135673565,0.002632961765596607,0.004004723775346348,0.01721661748213369,0.003039342994565007,0.002941278489391271,0.001394293922310728,0.005919627289070705,0.0035694711280425387,0.002365109646065343,0.0027451130716815175,0.0030786384395686895,0.013159406737761632,0.0034631737785004967,0.00928928044520465,0.012453987627956704,0.0030674863959813323,5.238449543280971E-4,0.0034024446992954745,0.006893638066079502,0.0024188610429648275,0.04115009562185137,0.0020997599450676284,0.0019049760848677318,0.0018414566148413814,0.003595396573631855,0.004548059553292312,0.0023938764033822513,0.0023352683555810075,6.183942785207772E-4,0.02381732963296928,1.0]]