[[1.0,8.942678127859792E-4,9.71747723757241E-4,0.016087265714086488,0.0011495308252951644,0.0028121295630221107,4.32708936509375E-4,5.5701846988464E-4,0.006321363808381282,0.0016309933824630138,0.0010641264579857122,9.215292915285111E-4,2.4914864590600124E-4,0.0014480574033151514,5.7774236250087316E-5,7.765320163612441E-4,4.423720487717953E-4,0.007999145162110841,0.002548457571944401,5.041810579128449E-4,0.0010639868515170197,6.332088494800723E-4,0.0012526148284165413,4.167225451684834E-4,8.101921834765186E-4,5.41798784821111E-4,0.007416045687872367,6.661312229079879E-4,0.0016100491990176033,6.157699141371294E-4,0.016267135933013332,4.511474805840132E-4,0.0018714783743486551,0.0010430836989584306,0.001967809196452395,0.00110519538507592,2.4817662123885844E-4,0.0011222559346135562,3.233466549611876E-4,6.21068139011864E-4,9.801176581218476E-4,0.0014383254376727573,0.003539629487126347,7.775983485946229E-4,2.2690580924445024E-5,6.575628852395496E-4,1.453515222522574E-4,0.03631553145204883,7.67446648205948E-4,0.0011957219616751179,0.005748861769221161,8.802930117741232E-4,7.405775934995606E-4,0.001066355271075316,4.183896761973257E-4,6.940055216343285E-4,6.638663510146862E-4,3.673498927765608E-4],[8.942678127859792E-4,1.0,2.1531802790461315E-4,0.009052665427824107,6.407822938203258E-4,0.0038955987324917262,5.176194406814429E-5,1.2026528549969123E-4,0.053726145223234746,7.72232472973191E-4,1.1703097454909253E-5,9.632198234182333E-5,1.843161577383905E-5,0.0019175519436045428,1.2843231640962266E-5,2.8842153211191576E-5,6.766365589354436E-5,0.003517114665404256,3.940944420816058E-5,5.395232418700982E-5,4.298599937542755E-5,1.8342862874414344E-4,0.0010802171356948582,1.5047254849206622E-5,6.596808666934361E-4,2.8390222493780096E-4,0.0062828898768547475,2.092653929949701E-5,9.158475548113391E-4,4.070561705815341E-5,0.013508605100420042,9.730624629751792E-5,0.0019640675485366184,5.205297996126375E-4,0.0016245108227182707,1.7154927362577368E-4,1.925381794504374E-5,5.927489763774664E-4,5.2549296505966374E-5,5.328373254723882E-5,1.2659732595559654E-5,2.248011607276547E-4,0.0065653939251684714,1.1788403407454717E-5,1.4277126398559499E-5,9.347408805900917E-5,1.9636110100489008E-5,0.026089404009598728,1.1777644792554459E-4,0.00135681713311397,0.005659049952353011,2.3147428109000778E-5,4.8828227686331846E-5,1.8907376019242019E-4,1.8427133678245212E-4,4.1971390630436716E-4,8.714669009640727E-5,3.1009062053966865E-5],[9.71747723757241E-4,2.1531802790461315E-4,1.0,0.010920726832339328,0.001110945843569589,0.006386460724511868,2.620916173654541E-4,2.609289919201197E-4,0.050357382886761115,0.0019127069592019441,1.887432649583545E-5,1.9544331468018868E-4,1.7899262742380106E-4,0.0017084675569269962,1.3163655296603613E-4,9.676643927652453E-5,2.608552390537675E-4,0.008499020329327303,4.879416580961082E-4,1.5030672482582353E-4,2.377215948777684E-4,2.6764379975775576E-4,8.154933382251723E-4,8.893133877965878E-5,6.214180980825335E-4,2.6953628439419067E-4,0.002776325628646753,1.9627790321312158E-4,0.0010810005799999822,2.567126548897961E-4,0.013379077402093976,2.766467749342249E-4,6.332366327212819E-4,4.500443466040393E-4,0.0017748520057439166,2.589069453998958E-4,1.9459168954464134E-4,5.566961902946638E-4,2.4030084689842196E-4,2.209727573288827E-4,5.384437140967669E-5,9.305920882720284E-4,0.009596408560777299,1.5558352244678653E-4,2.6556857482251065E-5,1.8233637648313586E-4,1.4443355469702146E-4,0.039991692266737836,2.410550850423776E-4,3.5879187903585866E-4,0.0028328767069116484,1.8771636316013338E-4,2.874168033822632E-4,2.3641612018375892E-4,2.5734038981447367E-4,3.855440483816979E-4,1.8659367761502454E-4,1.1916019434484509E-4],[0.016087265714086488,0.009052665427824107,0.010920726832339328,1.0,0.0022372274487579206,0.00947726011679036,0.0013936410685281679,0.01610051746514552,0.08002166741540177,0.011752770477954892,0.015894063853218877,0.01495425256905413,0.0032739629404590536,0.012426451807279356,0.013921482131179174,0.012768253159067483,0.001765650438010255,0.011360213978263306,0.010910904260045711,0.003487428546892186,0.013938338292314832,0.003873244990877924,0.008667474063694901,0.01666358907701936,0.001464581416125879,0.003930969357336906,0.012784167899582127,0.006985890299351361,0.002546540233126479,0.00840694314479338,0.02153460171131242,0.010815182057533217,0.005167540882600307,0.00569082636964903,0.010614059125204845,0.0011841933477929952,0.00831906580459656,0.009952796291461683,0.01128793397522221,0.016545864321292767,0.006781214365245305,0.006211845892098516,0.011072362888758822,0.012580620089035502,0.00593191642582739,0.0027852481822830018,0.007715704858790585,0.026059821978404826,0.003306910913666536,0.00853228681846261,0.012467209287062664,0.01578366100553364,0.008175582562759019,0.0048899425720197376,0.014069596204473091,0.01605941958545014,0.013337707522075581,0.016569914929906632],[0.0011495308252951644,6.407822938203258E-4,0.001110945843569589,0.0022372274487579206,1.0,0.004794932264828106,0.0010180677478605663,6.939805630099994E-4,0.06690984593070942,0.0013020678155457725,8.849409608653261E-4,2.564708085942617E-4,8.709992410026583E-5,0.0013359786230410786,2.0322955944157526E-4,4.28621296615794E-4,0.0010324030834346347,0.006298391784120672,0.0017964184780313083,2.9532070138717177E-4,5.672041824636895E-4,7.884510314496224E-4,0.001411460893626897,2.7132944043281967E-4,9.469246771892035E-4,4.095351100760603E-4,0.009752890961508023,2.524660756838445E-4,0.0018214557733658755,5.236729555251121E-4,0.019925924898599512,5.38513184557077E-4,0.0014831969317632486,0.0010847471956116727,0.0016758159149620412,8.707789526373475E-4,8.253532490174977E-4,0.0011215743816866924,9.50986492693345E-4,1.791054724465368E-4,1.8261630011449966E-4,0.00120671794520665,0.005831254953908256,5.471765588458299E-4,9.163295842217555E-5,9.414093857539588E-4,1.1811870952689401E-4,0.012374121729151037,8.431633769061227E-4,0.001555046995639459,0.004951689571777753,9.86840988008441E-4,4.7045355665007127E-4,5.254409810579125E-4,8.347172399608892E-4,9.764069522514094E-4,0.0010148164178375863,8.097272060514514E-4],[0.0028121295630221107,0.0038955987324917262,0.006386460724511868,0.00947726011679036,0.004794932264828106,1.0,0.001271413302057345,0.001709443285496531,0.009804536963658345,0.004276469451097383,0.006149183385112678,0.0017471631070424066,0.001993654218770862,0.004436814068793348,0.0027977962409779676,0.0012019249183374912,0.0028533849100820592,0.0077461086373091705,0.0028890095008103456,0.002348813785410673,0.001068925198801869,0.005128954202291996,0.001990608987699006,0.006285731741891995,9.769102505394545E-4,0.004848118569875,0.0085931142488408,0.002215072829122921,0.006685005857603314,0.0048392322325049066,0.016527662692151206,6.325537120034262E-4,0.00439897337411591,0.004231192710673874,0.0036608805949512515,0.005366316538920234,0.00651687219415672,0.002053564767516291,0.0015120680099368036,0.004468197651211734,0.0032193572658459316,0.006042119953109431,0.007496415186613146,7.110791432666866E-4,0.006563567966401769,0.005258852764348793,0.00395717801778536,0.03508530781737166,0.0010827002999166356,0.0038947134638233558,0.006845640216865316,0.003656884626077412,0.001155628504078756,0.0034197288578871944,0.003962032854163959,0.003003542010848287,0.0038383940698971906,0.0016498543983989543],[4.32708936509375E-4,5.176194406814429E-5,2.620916173654541E-4,0.0013936410685281679,0.0010180677478605663,0.001271413302057345,1.0,2.388402410541945E-4,0.05763022767084287,0.0016991401165533844,6.259723256448489E-5,1.838421335595303E-4,2.417777816815979E-4,8.647435019500942E-4,2.875184753667517E-5,2.256526283365499E-4,2.3128438735346287E-4,0.0017903417898566002,7.537202919970441E-4,2.282474877821989E-4,1.8728600797793358E-4,2.445184883999019E-4,4.5640713539147124E-4,5.719459640191384E-5,6.349742111815323E-4,2.7621132222159343E-4,0.00955132360356346,2.09512760496134E-4,0.0011919989199509625,1.622464201378217E-4,0.019314305368631202,3.239789042807015E-4,0.0028448654028442604,2.5177634151930475E-4,0.0012530462462995125,2.2893754421991378E-4,5.757261962614775E-5,4.898689152936595E-4,2.056038866305789E-4,1.9496387041905206E-4,1.2531039593758654E-4,0.001477975198967599,0.006356257699647858,2.7645531933764547E-5,3.9097320912883014E-5,1.712757450901441E-4,1.2863765270731205E-4,0.031342833539643136,1.8420287038216205E-4,3.245942572869007E-4,0.001446589558680208,1.4722348622152003E-4,2.632274640063587E-4,2.327760901429581E-4,2.1627062812753882E-4,3.87210083342103E-4,2.0119269388171217E-4,2.0204672179330554E-4],[5.5701846988464E-4,1.2026528549969123E-4,2.609289919201197E-4,0.01610051746514552,6.939805630099994E-4,0.001709443285496531,2.388402410541945E-4,1.0,0.016755396107515443,0.0010272483377496305,1.9377328901119665E-4,1.8009468402301187E-4,1.732463501520781E-4,6.630771356856388E-4,9.674926406773792E-5,1.9999550343779797E-4,1.9561430002266772E-4,0.002746192134028997,7.423789126852615E-4,1.7105708620991766E-4,1.993589613249413E-4,2.325391568523673E-4,8.629751772657801E-4,1.608402898106038E-4,5.68221459841743E-4,4.0037358663708004E-4,0.001006075549281239,2.0163039566760993E-4,8.180921207967852E-4,1.4040585440916624E-4,0.010161602816379494,2.9747756931924424E-4,5.083986111673519E-4,5.846631983424087E-4,0.0013139167491530224,2.0778837765645327E-4,1.513435532924248E-4,4.998750330840343E-4,2.037038642868928E-4,1.5752126895107922E-4,3.709379624415228E-5,6.257342683890589E-4,0.003284699498749151,1.773531045290194E-4,1.4171027248207705E-4,1.781723834895922E-4,1.9602183423707916E-4,0.024566769434880197,1.738674567741793E-4,0.0012813459648234244,0.0032973738879841295,1.8710337716180584E-4,2.8411925026319807E-4,2.02674444027399E-4,1.8969798337615558E-4,2.3621030708066736E-4,1.9942556830486571E-4,1.3390638445640743E-4],[0.006321363808381282,0.053726145223234746,0.050357382886761115,0.08002166741540177,0.06690984593070942,0.009804536963658345,0.05763022767084287,0.016755396107515443,1.0,0.0271478489438027,0.05543534934271334,0.08799851678636396,0.02493088765737956,0.08261542290469334,0.039722667518558546,0.05926657216069818,0.027756987109654043,0.03663014760546145,0.08706546046628356,0.08246715409513544,0.05693102635167718,0.030701163185354676,0.07387068107167108,0.020160559464380078,0.08436286137542738,0.08269500214598223,0.022311026249621068,0.07431784154375924,0.008726623049492382,0.0120964309071587,0.08638419478521697,0.05350076571602684,0.01717310785868123,0.051554123544352036,0.08555860344190157,0.020837750185446285,0.03330139146912613,0.055761093658308704,0.004507224473351071,0.04488155288176439,0.0010850002095915848,0.011148861148484498,0.041397716256634534,0.003649448789605251,0.07993015624838429,0.011111301207322313,0.054384188320280344,0.08606396958389706,4.584995687808189E-4,0.049324641335388206,0.019421998320918808,0.01907090288461446,0.03574941002154708,0.08429212016061248,0.031448311394322484,0.04713428994975945,0.03896599749148551,0.06952207457594319],[0.0016309933824630138,7.72232472973191E-4,0.0019127069592019441,0.011752770477954892,0.0013020678155457725,0.004276469451097383,0.0016991401165533844,0.0010272483377496305,0.0271478489438027,1.0,6.264635811876056E-4,0.0019569549185402563,0.0035164126946870145,0.0021294844165465425,0.001448352385652408,0.0035706130933950853,0.00311609834864332,0.010571210245650976,0.002812468997296337,5.811795125875614E-4,5.605133799144471E-4,0.0021641971163537453,0.00304349977857,0.0018526626209341617,0.003415734689923835,0.0033901179034343423,0.009831275386042199,0.0023937505419702396,0.0024271129099648014,0.0031883863436598546,0.026716121388578273,0.002676052009556671,0.003920430015753107,0.0022174880362487758,0.00320963485922756,6.075368714015862E-4,4.7966612253147863E-4,0.0011837108991038924,0.0024991205927024918,0.0014885450507706641,0.002959524796062781,0.0026319143097148293,0.007736968277754322,0.0030797801953649294,0.0018202104419043747,0.0019844017007761656,9.906548785930272E-4,0.011375730841136945,0.003276237060185657,0.002648287249383348,0.010505125835749233,0.0014261092306351345,0.0033828636999441828,0.002429025275884917,0.001782707547171298,0.0016929374810826022,0.00286250690890964,2.3835526277339974E-4],[0.0010641264579857122,1.1703097454909253E-5,1.887432649583545E-5,0.015894063853218877,8.849409608653261E-4,0.006149183385112678,6.259723256448489E-5,1.9377328901119665E-4,0.05543534934271334,6.264635811876056E-4,1.0,3.235530919842933E-5,2.0156790198015123E-5,3.8639050013734773E-4,1.2938147200773413E-5,3.722428908195808E-5,7.346715125735937E-5,0.00534358099997532,3.3738610464017414E-4,2.3667459574593407E-5,5.84991082980472E-5,1.3799601089450403E-5,7.15539327426974E-4,1.5848173021252343E-5,5.988435178175351E-4,4.8929255774117366E-5,0.007414413572519541,1.058682755309509E-4,3.142879736776226E-4,7.96747239202354E-5,0.009362431784998616,2.7742873037797227E-4,0.001022192706706841,1.3252250471984905E-4,9.608333533967214E-4,4.5370836441053926E-5,1.850317424797203E-5,2.3557951730578006E-5,1.7536520345705432E-4,1.02953349550032E-4,1.6270026443621068E-5,3.44328095519909E-4,0.009494999877974718,1.6662869129253563E-5,1.3767476545879657E-5,4.515690224509E-5,2.0728355322046765E-5,0.004569600884894636,1.0267694904724433E-4,1.3897407292018344E-4,0.0014945328443605004,2.2919526074067347E-5,1.2207748913091798E-4,7.400188058623107E-5,1.0809731888899368E-4,4.118374092088313E-4,8.175821188505833E-5,3.325684266923923E-5],[9.215292915285111E-4,9.632198234182333E-5,1.9544331468018868E-4,0.01495425256905413,2.564708085942617E-4,0.0017471631070424066,1.838421335595303E-4,1.8009468402301187E-4,0.08799851678636396,0.0019569549185402563,3.235530919842933E-5,1.0,1.6897539461910465E-4,0.0013235247023109646,1.101419996143889E-4,1.3191406422751264E-4,1.513107312509148E-4,0.006610810327340514,0.0020744066041305785,1.6520991305147244E-4,1.5693102997210625E-4,2.3652400393092677E-4,5.45086419612695E-4,1.445730283880761E-4,3.1841900497101504E-4,2.51378148971256E-4,6.609594479173187E-4,1.6528689677380097E-4,0.0018583350296847748,1.4789208957882792E-4,0.023597846284830176,2.834035061462548E-4,0.0037308240333227827,6.91490612960699E-4,5.822941980336399E-4,2.0163686759610018E-4,1.5816677523115355E-4,2.2475564350077143E-4,2.0355496131585455E-4,1.6754963742407594E-4,1.106399396137594E-4,2.7446425364110707E-4,0.0020797641879996,1.5587394211055494E-4,1.4413988356005742E-4,1.639678949645895E-4,8.40615085070643E-5,0.026975701561761486,1.703165082258148E-4,1.775609536621476E-4,0.01046974738903674,1.5776954797658643E-4,2.1706059167046548E-4,1.899211618486474E-4,1.801018220121318E-4,3.323650646854721E-4,1.3663437144996547E-4,1.0958831354327322E-4],[2.4914864590600124E-4,1.843161577383905E-5,1.7899262742380106E-4,0.0032739629404590536,8.709992410026583E-5,0.001993654218770862,2.417777816815979E-4,1.732463501520781E-4,0.02493088765737956,0.0035164126946870145,2.0156790198015123E-5,1.6897539461910465E-4,1.0,4.0264842343449837E-4,1.816983489796606E-5,3.4268630802139674E-5,5.598142306414022E-5,0.007791386158440735,5.288213093068697E-4,1.1131849300949996E-4,1.1520119360869369E-4,1.9989302933473059E-4,0.0013258331377201614,2.2734139437753745E-5,3.0924623511982666E-4,2.6606126274007427E-4,0.003597577203601306,4.41421800481501E-5,0.0019756054750447215,8.567224224991388E-5,9.019470398323678E-4,1.975996091097312E-4,6.049246032448905E-4,4.5636678363800305E-4,0.0014618887220191829,2.15925375863067E-4,2.3960107969921175E-5,2.863904855992714E-4,1.60729934551498E-4,4.187022826236667E-5,2.2572105535336194E-5,0.0010760587426212323,0.008165482964520743,2.327662098530851E-5,1.9198004396024047E-5,1.1603846367223126E-4,3.542953794636908E-5,0.021835867255089587,2.826839188906564E-5,0.001110331208613194,0.006780135825795851,3.0237289647691E-5,1.1698852242001179E-4,1.8944819199461332E-4,7.557168227085456E-5,9.808432750957018E-5,4.058255219560708E-5,3.8391383375533094E-5],[0.0014480574033151514,0.0019175519436045428,0.0017084675569269962,0.012426451807279356,0.0013359786230410786,0.004436814068793348,8.647435019500942E-4,6.630771356856388E-4,0.08261542290469334,0.0021294844165465425,3.8639050013734773E-4,0.0013235247023109646,4.0264842343449837E-4,1.0,0.0011555112968017073,0.0019667596416451556,0.0012025890729119124,0.0036312368736628187,0.002522681965922376,8.856806895551641E-4,0.001008643332068669,0.001020762426620225,0.001566627786931601,8.294222423339969E-4,0.0013515894311723626,0.0010707006613539477,0.009826543733435935,2.432476841513218E-4,0.00209490321031575,7.889247157577782E-4,0.018151105039776502,9.342190079316309E-4,0.003769382896377245,0.0019282393711973923,0.002047463612221062,0.001624462846755519,6.330258119239812E-4,0.0017282814799555652,2.812967596575271E-4,0.001259645124930276,0.001567557397786092,0.0019138149510108025,0.0030518428519757212,9.548184690212351E-4,0.0015848590578926732,0.0019404003229903197,2.0645505263352154E-4,0.02722913817586732,0.0015083880480737041,0.0018570127534373402,0.0023539398334225087,0.0018416721080770746,0.002086347855397551,0.0019689936150811506,9.34924259336482E-4,0.0016040284561798558,0.0016138434244789307,9.874467924637115E-5],[5.7774236250087316E-5,1.2843231640962266E-5,1.3163655296603613E-4,0.013921482131179174,2.0322955944157526E-4,0.0027977962409779676,2.875184753667517E-5,9.674926406773792E-5,0.039722667518558546,0.001448352385652408,1.2938147200773413E-5,1.101419996143889E-4,1.816983489796606E-5,0.0011555112968017073,1.0,3.579197714320097E-5,7.201579698999132E-5,0.0076847856148569964,4.775778359110052E-4,9.087005434734778E-5,4.992674269639765E-5,2.0592023263835685E-4,8.68301424104814E-4,1.5284861680176286E-5,6.986660713229593E-4,1.550508863122502E-4,0.005008139912502734,9.19487207131022E-5,3.89497172477185E-4,5.1110779999396456E-5,0.0013650286829591032,6.1227370407173E-5,0.003948610023050043,5.342148705507579E-4,5.652639092562614E-4,2.0795977623740234E-4,2.180852523264176E-5,2.723070060664842E-4,1.7647308710327415E-4,7.978874009533962E-5,1.5162042149914623E-5,8.503623320841493E-4,0.006769666904436553,1.5953603129836213E-5,1.702404086168144E-5,2.8298419595534932E-5,2.6467815317673688E-5,0.01131237980636161,2.0762124829035172E-5,1.469693259941875E-4,0.008150515115442576,2.449564953362557E-5,2.0910381226215067E-4,1.2523269770014803E-4,1.8333111190101115E-4,2.3553358727612802E-4,1.0393361382166015E-4,3.7221391198985005E-5],[7.765320163612441E-4,2.8842153211191576E-5,9.676643927652453E-5,0.012768253159067483,4.28621296615794E-4,0.0012019249183374912,2.256526283365499E-4,1.9999550343779797E-4,0.05926657216069818,0.0035706130933950853,3.722428908195808E-5,1.3191406422751264E-4,3.4268630802139674E-5,0.0019667596416451556,3.579197714320097E-5,1.0,8.773030217120238E-5,0.005599202950233129,0.0012168941892930758,4.3931102664633566E-5,7.431417964339164E-5,4.4772110423005935E-5,0.001520194162109189,2.697617211971664E-5,7.563886412425992E-5,3.700848321325995E-4,0.004709365417968143,8.287248282172396E-5,0.0016133868776479266,5.9887716120563556E-5,0.02418213400041149,2.5603720026790065E-4,0.0021255913561107845,0.0010288450706373688,0.0014294656949631868,2.002681775399019E-4,3.5130837401285166E-5,1.4374520621185274E-4,1.5668966443147073E-4,1.2578446595133924E-4,2.0058243729488215E-5,0.001208031310875963,2.185876607608034E-4,3.86258561753567E-5,3.134157005442196E-5,1.1335127618758286E-4,3.9207751655934854E-5,0.038525175921739346,6.32126368436884E-5,3.332054873595703E-4,0.003602543599134314,3.866333377351845E-5,1.2849129178970335E-4,1.0614696147982934E-4,7.497718752463364E-5,6.907352702261891E-5,8.41309762003094E-5,4.0465655726374044E-5],[4.423720487717953E-4,6.766365589354436E-5,2.608552390537675E-4,0.001765650438010255,0.0010324030834346347,0.0028533849100820592,2.3128438735346287E-4,1.9561430002266772E-4,0.027756987109654043,0.00311609834864332,7.346715125735937E-5,1.513107312509148E-4,5.598142306414022E-5,0.0012025890729119124,7.201579698999132E-5,8.773030217120238E-5,1.0,0.011110364421911115,7.123095577199412E-4,1.4191348530172128E-4,1.224447490150452E-4,1.8947900556322484E-4,0.0011972819930693161,1.4791404024272543E-4,5.338970235788113E-4,3.083951021760537E-4,0.007404909088590222,1.4146218952001656E-4,0.001496490104901656,1.470324426625998E-4,0.02632442523651203,2.954775137434348E-4,0.002643609174966088,4.0497945196319156E-4,4.5000813665906883E-4,1.8520202360155708E-4,5.890013659576413E-5,4.27860039389074E-4,1.7796100390033389E-4,1.4546446204170496E-4,1.3218067716143025E-4,0.0014179869523554293,0.009638053383771694,4.5952624667007096E-5,9.4957239548801E-5,1.5947119793470365E-4,1.3639239114833471E-4,0.0025509423697155365,1.4993647130768985E-4,4.487438638186528E-4,0.0016118674412094276,1.3297842108294327E-4,2.522879093029806E-4,1.942692400737732E-4,1.4891419880685614E-4,4.3555505898904185E-4,1.350790059201651E-4,1.454676288355572E-4],[0.007999145162110841,0.003517114665404256,0.008499020329327303,0.011360213978263306,0.006298391784120672,0.0077461086373091705,0.0017903417898566002,0.002746192134028997,0.03663014760546145,0.010571210245650976,0.00534358099997532,0.006610810327340514,0.007791386158440735,0.0036312368736628187,0.0076847856148569964,0.005599202950233129,0.011110364421911115,1.0,0.0028165388129111034,0.005541470792628583,0.010278128012473912,0.008062290435162154,0.007924234654656151,0.008905487975010258,0.0031551881382838854,0.00724753217554251,0.010336923019179463,0.008844637373608025,0.00906525160806416,0.004348688883440346,0.02527900013735243,0.010828604349416158,0.008010969447585795,0.008993206129268686,0.010351298034422654,0.0046853411526508815,0.0030215135387573998,0.0074145810573979015,0.006333422675547467,1.7453670536662355E-4,0.0011108086639572397,0.006506003474359164,0.01000228775980324,0.006781296348537062,0.010820345968895997,0.005827047990112513,0.004097141851714189,0.02117245172957177,0.0016850666566952523,0.01032482152394627,0.01062364840246527,0.008892925548758155,0.010103941010600545,0.002771805666997429,0.006435132431108922,0.006905362156327058,0.0019170193288451803,0.0035439346928846055],[0.002548457571944401,3.940944420816058E-5,4.879416580961082E-4,0.010910904260045711,0.0017964184780313083,0.0028890095008103456,7.537202919970441E-4,7.423789126852615E-4,0.08706546046628356,0.002812468997296337,3.3738610464017414E-4,0.0020744066041305785,5.288213093068697E-4,0.002522681965922376,4.775778359110052E-4,0.0012168941892930758,7.123095577199412E-4,0.0028165388129111034,1.0,0.0024412408529631965,0.0016855642793826343,0.0013508786038705107,0.0024514570563597005,9.9695575108448E-4,9.78665370275125E-4,0.0023070575510986814,0.005177345106816058,0.0016551804887086558,0.0024346069478117325,0.0016603727455919177,0.026620007045295456,0.0020297423971550495,0.003702254001308976,0.002187201558906649,0.0025774783789826667,0.0020685784684982764,0.001580453962389102,0.0012653610189078577,0.0012122461939911866,0.0026648198563801848,0.0017425908293464162,0.00191767157329195,0.004349482344847872,0.0015540130156287317,0.002359361066599891,0.0020685881529581367,0.0022021386686169745,0.03388393222989401,0.0012945269369072931,0.0017435120916279466,0.010205271132034094,0.0020351830630964554,0.0023298956220397524,0.0019837857412666527,0.0022296781431104117,0.0018856013994983096,0.0019178316068047007,0.0016398912472280467],[5.041810579128449E-4,5.395232418700982E-5,1.5030672482582353E-4,0.003487428546892186,2.9532070138717177E-4,0.002348813785410673,2.282474877821989E-4,1.7105708620991766E-4,0.08246715409513544,5.811795125875614E-4,2.3667459574593407E-5,1.6520991305147244E-4,1.1131849300949996E-4,8.856806895551641E-4,9.087005434734778E-5,4.3931102664633566E-5,1.4191348530172128E-4,0.005541470792628583,0.0024412408529631965,1.0,1.295042771868752E-4,2.670444486106543E-4,3.905871692869558E-4,7.400098597670478E-5,6.563076468234645E-4,3.7606120820605154E-4,0.009294073580559958,1.1051550935539946E-4,0.0018646291661185896,1.338245971711547E-4,0.00669891398611301,1.3990915044478892E-4,0.003224052287655003,4.4052144651526615E-4,4.5941308148905545E-4,1.5365315691037232E-4,5.095411727597617E-5,4.3252722315131463E-4,1.5551690536318041E-4,1.3229339840790035E-4,1.202058765389327E-4,0.001195707445673366,0.005158998213323053,2.002560261657669E-5,2.6890144886161396E-5,1.3916152013081353E-4,9.428432649755362E-5,0.030050420306795767,1.4291872995130225E-4,0.0012504260297327863,0.0028006887106909305,5.0307227900242756E-5,2.2061785659008193E-4,1.4261547099943462E-4,1.5898951749240353E-4,2.1213749742041914E-4,1.3198621563614786E-4,1.049721102477056E-4],[0.0010639868515170197,4.298599937542755E-5,2.377215948777684E-4,0.013938338292314832,5.672041824636895E-4,0.001068925198801869,1.8728600797793358E-4,1.993589613249413E-4,0.05693102635167718,5.605133799144471E-4,5.84991082980472E-5,1.5693102997210625E-4,1.1520119360869369E-4,0.001008643332068669,4.992674269639765E-5,7.431417964339164E-5,1.224447490150452E-4,0.010278128012473912,0.0016855642793826343,1.295042771868752E-4,1.0,1.638550020517725E-4,2.6070250058435654E-4,1.0951984191568197E-4,4.198887428347889E-4,1.7414137220293714E-4,2.5613786871562193E-4,1.1358280303948208E-4,0.0010430686354945702,1.3012045499679066E-4,0.0059102466591701135,3.2582450453191804E-4,0.003572814039287868,3.619646156790105E-4,0.0015847423051897343,1.202639873050193E-4,1.179199515621786E-4,1.7049153312800533E-4,1.9447041945259172E-4,1.4131501979212203E-4,3.8884834185933073E-5,9.764362906212889E-4,0.008948721334699882,1.0688548773946706E-4,8.456693369289607E-5,1.4047817944657246E-4,7.802866892263916E-5,0.029952938428747015,1.4185169070218972E-4,8.393015468506985E-4,0.0023978072540246213,6.178150825812493E-5,1.843396352297544E-4,1.4605651234931238E-4,1.19671594212401E-4,2.8465219328414215E-4,1.2087742601446718E-4,1.0244462990874502E-4],[6.332088494800723E-4,1.8342862874414344E-4,2.6764379975775576E-4,0.003873244990877924,7.884510314496224E-4,0.005128954202291996,2.445184883999019E-4,2.325391568523673E-4,0.030701163185354676,0.0021641971163537453,1.3799601089450403E-5,2.3652400393092677E-4,1.9989302933473059E-4,0.001020762426620225,2.0592023263835685E-4,4.4772110423005935E-5,1.8947900556322484E-4,0.008062290435162154,0.0013508786038705107,2.670444486106543E-4,1.638550020517725E-4,1.0,8.123124779943688E-4,2.1572394848486256E-4,4.888319518297315E-4,3.0685510060597437E-4,0.0013430307103844087,2.0551290437539893E-4,0.0018574465670433693,1.8786231275175425E-4,0.02035983465465978,3.308656002277409E-4,3.977346913515429E-4,3.8848853805643847E-4,0.0013478071323423375,2.2832865681652912E-4,7.117889705328512E-5,3.1458460751647985E-4,2.197442293248959E-4,2.5091192345839974E-4,1.5464486651576182E-4,7.310371035527037E-4,0.006532427846109174,1.0177087057423225E-4,1.0517423576852698E-4,1.8984958292831715E-4,4.0981946465538334E-5,0.03674347737251731,1.8366271356449237E-4,0.0010837544496881298,4.8627559090922594E-4,1.9111404585752406E-4,2.701999273666607E-4,2.057979342472864E-4,2.669085748367175E-4,4.185821477756224E-4,1.64873774324986E-4,2.2176920195740964E-4],[0.0012526148284165413,0.0010802171356948582,8.154933382251723E-4,0.008667474063694901,0.001411460893626897,0.001990608987699006,4.5640713539147124E-4,8.629751772657801E-4,0.07387068107167108,0.00304349977857,7.15539327426974E-4,5.45086419612695E-4,0.0013258331377201614,0.001566627786931601,8.68301424104814E-4,0.001520194162109189,0.0011972819930693161,0.007924234654656151,0.0024514570563597005,3.905871692869558E-4,2.6070250058435654E-4,8.123124779943688E-4,1.0,0.001181992913253171,0.001022766823629214,0.0010625877019664995,0.006430468769963196,5.427452490854787E-4,0.0020970994419614334,0.0013010436199501728,0.026564059182739165,0.0010270000518768103,0.0024020919060287966,0.0012664432295344068,0.0018915838542622602,6.504580531163625E-4,2.852601020780503E-4,6.619576259753618E-4,6.524087193940236E-4,0.0011260559161076003,1.834679512936526E-4,0.0015398295627237271,0.006595912749861773,0.001076274016245825,9.009502219014802E-4,2.0804280258158786E-4,0.0014298125285605275,0.031916348941155415,7.024409870373831E-4,0.001559068767112062,0.00919591217380705,3.958893357219947E-4,3.6616528625803177E-4,9.746273470261762E-4,0.0015308102914267023,0.001483516578027824,1.374053719982399E-4,0.0010899370091540807],[4.167225451684834E-4,1.5047254849206622E-5,8.893133877965878E-5,0.01666358907701936,2.7132944043281967E-4,0.006285731741891995,5.719459640191384E-5,1.608402898106038E-4,0.020160559464380078,0.0018526626209341617,1.5848173021252343E-5,1.445730283880761E-4,2.2734139437753745E-5,8.294222423339969E-4,1.5284861680176286E-5,2.697617211971664E-5,1.4791404024272543E-4,0.008905487975010258,9.9695575108448E-4,7.400098597670478E-5,1.0951984191568197E-4,2.1572394848486256E-4,0.001181992913253171,1.0,3.596884403704454E-4,1.9299263651906192E-4,0.0029887884354546108,6.0917140664293134E-5,4.6684544067244766E-4,8.086259434180536E-5,0.022077554808207556,7.833393439732274E-5,0.0034033481540719905,8.519083770871236E-4,3.680718176120576E-4,4.419941393514728E-5,2.7733580009212656E-5,4.342421363388149E-4,5.876630963569424E-5,9.116284220789735E-5,1.6852668900390837E-5,6.056556261869106E-4,0.003008877937837011,1.687585070167275E-5,1.6995271918340254E-5,4.3737823508104405E-5,1.8108027927658263E-5,0.014312203912430939,4.24874081946751E-5,3.907655119949957E-4,0.010080906604145266,2.2585106382697436E-5,1.073239284262656E-4,1.083479867049249E-4,9.966758474230439E-5,3.8905383952856753E-4,7.626416592134893E-5,3.120378550514831E-5],[8.101921834765186E-4,6.596808666934361E-4,6.214180980825335E-4,0.001464581416125879,9.469246771892035E-4,9.769102505394545E-4,6.349742111815323E-4,5.68221459841743E-4,0.08436286137542738,0.003415734689923835,5.988435178175351E-4,3.1841900497101504E-4,3.0924623511982666E-4,0.0013515894311723626,6.986660713229593E-4,7.563886412425992E-5,5.338970235788113E-4,0.0031551881382838854,9.78665370275125E-4,6.563076468234645E-4,4.198887428347889E-4,4.888319518297315E-4,0.001022766823629214,3.596884403704454E-4,1.0,4.618051016045366E-4,0.00764669360734308,1.5915903091190967E-4,0.0020607267970920613,5.440392937245071E-4,0.01784629289582449,3.5889114467606715E-4,0.0018696186447281966,8.968089756918616E-4,0.0016029445436833577,4.5365322053560664E-4,6.391841856858224E-4,7.352178428488865E-4,2.0380768282532907E-4,5.582841848951256E-4,1.0623855156690243E-4,7.712341112952405E-4,0.009026885183518405,4.4372053312860153E-4,2.6340299289346925E-4,3.956129566522163E-4,4.4963181050050816E-4,0.04120963032584912,3.769926752735695E-4,8.640701166951444E-4,7.993117212599017E-4,6.678672428547963E-4,6.303819544186262E-4,2.5610809228594257E-4,2.1415350237329842E-4,4.999064995703132E-4,5.426914822752614E-4,4.570218014354722E-4],[5.41798784821111E-4,2.8390222493780096E-4,2.6953628439419067E-4,0.003930969357336906,4.095351100760603E-4,0.004848118569875,2.7621132222159343E-4,4.0037358663708004E-4,0.08269500214598223,0.0033901179034343423,4.8929255774117366E-5,2.51378148971256E-4,2.6606126274007427E-4,0.0010707006613539477,1.550508863122502E-4,3.700848321325995E-4,3.083951021760537E-4,0.00724753217554251,0.0023070575510986814,3.7606120820605154E-4,1.7414137220293714E-4,3.0685510060597437E-4,0.0010625877019664995,1.9299263651906192E-4,4.618051016045366E-4,1.0,0.004414307222351392,3.6691495157298456E-4,0.0011040865881392775,1.9309578175008625E-4,0.02418221320723034,4.0249377553024687E-4,0.0016360860349812223,9.4096048779292E-4,0.0019411204394843415,2.728281190587186E-4,1.0809516605375571E-4,5.34487474963594E-4,2.634508259252096E-4,1.7598616390965323E-4,3.0844488390623646E-4,7.829081700685539E-4,0.001934621832730017,3.8507063417458025E-4,2.227376244369967E-4,3.237874784616223E-4,1.5771880532703937E-4,0.031621363310432866,2.754049547973275E-4,0.0010269047602502453,0.004351597121140323,2.185019470639572E-4,3.0253322865227426E-4,2.555939761493969E-4,3.346666708941597E-4,4.1448992631423445E-4,3.616372915801324E-4,2.8832044014955304E-4],[0.007416045687872367,0.0062828898768547475,0.002776325628646753,0.012784167899582127,0.009752890961508023,0.0085931142488408,0.00955132360356346,0.001006075549281239,0.022311026249621068,0.009831275386042199,0.007414413572519541,6.609594479173187E-4,0.003597577203601306,0.009826543733435935,0.005008139912502734,0.004709365417968143,0.007404909088590222,0.010336923019179463,0.005177345106816058,0.009294073580559958,2.5613786871562193E-4,0.0013430307103844087,0.006430468769963196,0.0029887884354546108,0.00764669360734308,0.004414307222351392,1.0,0.0035289254900106237,0.007459217307736194,0.002632287700523506,0.013725498021620304,0.0060782703058558365,0.005120521592210365,0.004693765613622506,0.009862211329151303,0.006167449378751484,0.008997654841798554,0.004059572258939255,0.004049747245119615,0.008068364615245072,0.004107390395244658,0.004964066215070818,0.01000920065166339,0.0024768799484034807,0.008072612785547398,0.004238386315866153,0.009727529612436836,0.029649223174447743,0.01007238802145395,0.003873700277246253,0.01033760964089171,0.007131615746197188,0.0026808410037707136,3.5493793154362397E-4,0.004792838966862777,0.0037148151936091597,0.005690300225366568,0.004799778556595571],[6.661312229079879E-4,2.092653929949701E-5,1.9627790321312158E-4,0.006985890299351361,2.524660756838445E-4,0.002215072829122921,2.09512760496134E-4,2.0163039566760993E-4,0.07431784154375924,0.0023937505419702396,1.058682755309509E-4,1.6528689677380097E-4,4.41421800481501E-5,2.432476841513218E-4,9.19487207131022E-5,8.287248282172396E-5,1.4146218952001656E-4,0.008844637373608025,0.0016551804887086558,1.1051550935539946E-4,1.1358280303948208E-4,2.0551290437539893E-4,5.427452490854787E-4,6.0917140664293134E-5,1.5915903091190967E-4,3.6691495157298456E-4,0.0035289254900106237,1.0,8.943575310517229E-4,1.1736416465223226E-4,0.00974451613849368,2.5882119226140857E-4,0.0012225906972281077,2.232088108018584E-4,0.001374814102793555,1.9325297048722567E-4,1.043229380930902E-4,4.7855917368276515E-4,1.6425995340738523E-4,1.22907829115301E-4,7.012276685325116E-5,4.4171037480589574E-4,0.0018295094436963082,1.039006570010464E-4,2.3664515140506792E-5,1.4064395397572242E-4,9.613109534365203E-5,0.04241602202561281,1.4559550120245838E-4,0.0011671808906061037,0.005331370429079656,9.588811613156606E-5,1.871061895026638E-4,1.8124470184374014E-4,1.1027548058829501E-4,1.6357073036444452E-4,1.176784360202142E-4,5.5969271443583254E-5],[0.0016100491990176033,9.158475548113391E-4,0.0010810005799999822,0.002546540233126479,0.0018214557733658755,0.006685005857603314,0.0011919989199509625,8.180921207967852E-4,0.008726623049492382,0.0024271129099648014,3.142879736776226E-4,0.0018583350296847748,0.0019756054750447215,0.00209490321031575,3.89497172477185E-4,0.0016133868776479266,0.001496490104901656,0.00906525160806416,0.0024346069478117325,0.0018646291661185896,0.0010430686354945702,0.0018574465670433693,0.0020970994419614334,4.6684544067244766E-4,0.0020607267970920613,0.0011040865881392775,0.007459217307736194,8.943575310517229E-4,1.0,9.692738763656298E-4,0.014661082081380368,0.0011767904716553684,0.0035555414772553092,0.0019261639804635641,0.0020847857685790177,0.001529470312861775,0.002054938064582872,8.054288452819074E-4,0.0018250043567495976,0.0018992071665805115,4.980697453004097E-4,0.0016075127267029291,0.0052296229793034185,4.2969035952050927E-4,4.5607631312329463E-4,0.0010738601498727956,0.001971486184650701,0.012973109884621225,0.001958140678889073,0.001731363832193569,0.009855804323484776,7.504607970955765E-4,0.0020373178527838434,0.0018773339089692561,0.0015584114972415496,0.0019536084666457636,0.0013358670767252855,0.0013999135366384297],[6.157699141371294E-4,4.070561705815341E-5,2.567126548897961E-4,0.00840694314479338,5.236729555251121E-4,0.0048392322325049066,1.622464201378217E-4,1.4040585440916624E-4,0.0120964309071587,0.0031883863436598546,7.96747239202354E-5,1.4789208957882792E-4,8.567224224991388E-5,7.889247157577782E-4,5.1110779999396456E-5,5.9887716120563556E-5,1.470324426625998E-4,0.004348688883440346,0.0016603727455919177,1.338245971711547E-4,1.3012045499679066E-4,1.8786231275175425E-4,0.0013010436199501728,8.086259434180536E-5,5.440392937245071E-4,1.9309578175008625E-4,0.002632287700523506,1.1736416465223226E-4,9.692738763656298E-4,1.0,0.019470928152580214,2.4867769815292836E-4,0.003061913233738876,2.2570691365418494E-4,9.695161941734275E-4,1.976493120485644E-4,9.487442223334838E-5,3.838271621863686E-4,1.5312798205256722E-4,1.3883176024640406E-4,4.951974745006154E-5,0.0012478414026972648,0.00687621849791279,6.61552560416362E-5,8.889301709522114E-5,1.393080790813234E-4,9.620148687662056E-5,0.018544602230754697,1.473997396106345E-4,2.432136017011705E-4,0.004159214269253545,4.2870614204776985E-5,2.1905796988828564E-4,1.6590154678047922E-4,1.470933033126124E-4,4.0297213099157233E-4,1.3356493357332327E-4,9.439182344671186E-5],[0.016267135933013332,0.013508605100420042,0.013379077402093976,0.02153460171131242,0.019925924898599512,0.016527662692151206,0.019314305368631202,0.010161602816379494,0.08638419478521697,0.026716121388578273,0.009362431784998616,0.023597846284830176,9.019470398323678E-4,0.018151105039776502,0.0013650286829591032,0.02418213400041149,0.02632442523651203,0.02527900013735243,0.026620007045295456,0.00669891398611301,0.0059102466591701135,0.02035983465465978,0.026564059182739165,0.022077554808207556,0.01784629289582449,0.02418221320723034,0.013725498021620304,0.00974451613849368,0.014661082081380368,0.019470928152580214,1.0,0.019814388003228822,0.007113696654252667,0.0023681862743309594,0.02127884559319507,0.0032610743726859486,0.01690074242524189,0.00347701883468803,0.018815481690000507,0.015382658409415967,0.007600654565351598,0.02361317003064468,0.010146571507694234,0.02385805828603983,0.0014408712804199766,0.0191228905621741,0.01811450914658282,0.03861396332969886,0.025552802807721757,0.018100070971229086,0.023257006855838383,0.013663206080247396,0.015788724420398532,0.00938187789787962,0.002656888030170297,0.010503896266184542,0.0020951255869913607,0.016603467486323235],[4.511474805840132E-4,9.730624629751792E-5,2.766467749342249E-4,0.010815182057533217,5.38513184557077E-4,6.325537120034262E-4,3.239789042807015E-4,2.9747756931924424E-4,0.05350076571602684,0.002676052009556671,2.7742873037797227E-4,2.834035061462548E-4,1.975996091097312E-4,9.342190079316309E-4,6.1227370407173E-5,2.5603720026790065E-4,2.954775137434348E-4,0.010828604349416158,0.0020297423971550495,1.3990915044478892E-4,3.2582450453191804E-4,3.308656002277409E-4,0.0010270000518768103,7.833393439732274E-5,3.5889114467606715E-4,4.0249377553024687E-4,0.0060782703058558365,2.5882119226140857E-4,0.0011767904716553684,2.4867769815292836E-4,0.019814388003228822,1.0,0.002378141741569644,0.0010251958823787079,0.0013018701388128127,2.723792211860842E-4,3.268627504392124E-4,5.168883584999201E-4,3.1794917329797643E-4,3.1965872962481413E-4,1.7524597816477933E-4,0.0013489297339163802,0.007378756404335827,1.8749075039849736E-4,2.6172833887942086E-4,2.1999202893292633E-4,2.5877425378363926E-4,0.010348496031412795,1.9518506210386584E-4,0.0010537398932760464,4.1724926668783204E-4,2.061260387431578E-4,3.1080403860761773E-4,2.691575353022855E-4,3.2117250608762574E-4,4.243632015081941E-4,3.1013194792629557E-4,2.717380382866957E-4],[0.0018714783743486551,0.0019640675485366184,6.332366327212819E-4,0.005167540882600307,0.0014831969317632486,0.00439897337411591,0.0028448654028442604,5.083986111673519E-4,0.01717310785868123,0.003920430015753107,0.001022192706706841,0.0037308240333227827,6.049246032448905E-4,0.003769382896377245,0.003948610023050043,0.0021255913561107845,0.002643609174966088,0.008010969447585795,0.003702254001308976,0.003224052287655003,0.003572814039287868,3.977346913515429E-4,0.0024020919060287966,0.0034033481540719905,0.0018696186447281966,0.0016360860349812223,0.005120521592210365,0.0012225906972281077,0.0035555414772553092,0.003061913233738876,0.007113696654252667,0.002378141741569644,1.0,0.0012815638697636525,0.002040343913582267,0.003130407299552895,0.0018226594339057287,0.0027243289413230723,0.0013410029901127,0.0036510032388124662,0.002137482115182793,0.0025424782173112848,0.004356639613732835,0.00297740188170728,0.0019075922142138373,0.0029078461387107386,3.9273683488233934E-4,0.04312943018769654,0.003426716776