[[1.0,0.001637889506107528,0.0015533754180564103,3.076872650741246E-4,0.001130358625646935,0.001093174154270609,9.615638821842983E-4,5.076623882728229E-4,0.0015956562798508812,0.0010248326308891598,0.005856017716958189,2.560968112539488E-4,7.191339010830418E-4,0.002468711733490109,0.0011513988505734082,0.001076344749911932,3.956568947378233E-4,0.0046590709671477624,6.524172555988624E-4,9.256393930620753E-4,0.0013783766268951909,0.0021102264284762725,0.0019241672413537652,0.001108727584160835,0.002530766102902798,9.390042458155485E-4,0.0024818066924561302,8.388726444879967E-4,9.823025499385819E-4,0.0035892515199938643,2.8427473279327544E-4,8.931137092281319E-4,5.051201896665584E-4,0.015568359767004283,0.0037676874342968485,1.7418420635374282E-4,0.001149610693219468,1.3947433089836296E-4,0.0018410480865254368,0.0012591516481828254,6.846127262322004E-4,3.123982952177068E-4,9.381969891709901E-4],[0.001637889506107528,1.0,0.010388643115855273,0.001437239550231761,0.010006737849151855,0.002401033809447395,0.0024063539471781054,0.009504455338405084,0.007516545530136437,0.008688583238874661,0.01106262780024309,0.009710001924919881,0.008286323325564077,0.010710999309218127,0.007094140656278865,0.004092997145993268,0.009829138903027198,0.016624378048478924,0.004969281501346693,0.00560780970849727,0.008329550163895668,0.004498268907079861,0.008009261364191222,0.011312176896889303,0.01022057178054709,0.009152633219193346,0.01059025805555281,0.0038990922271003674,0.00824702789691265,0.011190738102419969,2.682629240037137E-4,0.007656657593369493,0.006362638076480897,0.03315373367957282,0.011641774506389884,0.008689639716141952,0.00456726389173506,0.008669079089115439,0.005394803039832529,0.010515622710880669,3.10631109585721E-4,0.0018882871154848092,0.0039466162454818874],[0.0015533754180564103,0.010388643115855273,1.0,0.0013666455624125095,0.002243098145661992,0.002759544371279188,0.0029642258543708436,0.0019660410056241747,0.0025300056173613,0.0029821644781784914,0.005678740881591001,6.048848018289668E-4,0.002560271062125207,0.008919708731352309,0.001306227949148408,0.0022309601518376377,4.917586207535178E-4,0.005224086692937599,0.0014603256709821157,0.0019552488770883136,0.0028127933180641636,0.0037889841352093416,0.002623282801242027,0.012261710102856004,0.0029903216291520185,0.0021307241742512684,0.003561359788704587,0.0024437080143811345,0.001961214957701805,0.0066381303909712345,0.0010553058587731382,0.0013206926804749611,4.967343909826938E-4,0.03829405833998698,0.010236842948772964,0.00157910878839881,0.0011790035081851587,0.0012202258317705438,0.002919938781338027,0.0021854766565478664,0.0013809022590701948,0.002634680855821919,0.002776720185524113],[3.076872650741246E-4,0.001437239550231761,0.0013666455624125095,1.0,2.694531423786037E-4,9.116473401845539E-4,9.95813651968886E-5,1.2225422717375629E-4,8.677817715128674E-4,2.4997023076391514E-5,0.01270967333852015,3.9327292748066204E-5,2.932283351983097E-5,0.005451035539252869,4.0582785019117564E-4,0.0010519601100889436,9.963531665611826E-5,0.013064003768764628,7.468675219614735E-5,1.9936090795533637E-4,3.5357321460271986E-4,0.0016081150355526188,9.314043129775237E-4,0.005319003242547931,0.0027787481295058537,7.290283695825681E-5,0.0029023754762443816,6.75337104246531E-5,1.8948442571538375E-4,0.011280239498787292,4.2843205725580176E-5,2.0757994477061086E-4,3.156992630010486E-5,0.024776452942285237,0.01156300676988391,2.8253570175626855E-5,6.680951511005408E-4,3.7659453643656324E-5,0.00234704502781226,8.516234755163433E-4,3.513152304964903E-5,2.3607633692753442E-5,3.851058571620449E-5],[0.001130358625646935,0.010006737849151855,0.002243098145661992,2.694531423786037E-4,1.0,0.0012970359691249617,3.624085292725342E-4,5.664060442629189E-4,0.0021161626920664623,0.0011060211953421192,0.013079387713703493,2.346300928568097E-4,6.10152780801839E-4,0.004765845538404629,0.001354864678257524,0.0011520450848387575,3.5683081487757236E-4,0.009265629343795007,9.804732166815468E-4,5.885663214925791E-4,0.0019590431500512546,0.0038052367924529063,0.0015129731145921293,0.005990954629677477,0.0020740895959261703,9.42218829100192E-4,0.0021777088636174753,0.001059790467602849,2.7527582917718715E-4,0.007815047996727657,0.0010810644453979952,0.0014693417212924137,2.4469590963838384E-4,0.038634574780317545,0.003668011513101176,8.465873532804801E-4,0.0013029655827507952,6.027448596844031E-4,0.0015681366420267524,0.0014087583493864926,7.018196258566777E-4,0.0012030905633639262,5.546222762767251E-4],[0.001093174154270609,0.002401033809447395,0.002759544371279188,9.116473401845539E-4,0.0012970359691249617,1.0,1.1990760220735092E-4,5.087185202870221E-4,0.0024352370079868887,8.601750578753062E-4,0.012300957850787627,5.787933081224929E-4,3.0083279444667523E-4,0.004354814811998868,0.001169193105011713,0.0011155349666808856,0.0011479666419681785,0.016388515844869035,5.507527782037013E-4,7.099110470743435E-4,0.0011683969973808983,0.0012667517293314017,0.002151267052669553,0.002873360025356814,0.0021407473720019415,1.6383343227048457E-4,0.002799949293675878,0.001157400189170641,3.2367963681978256E-4,0.00535515875374774,0.0011574769014394684,8.499441871100265E-4,8.515555884421088E-4,0.01653817057670779,0.002589454904620595,2.1420917299538436E-4,0.0011745788776502254,3.666947809365597E-4,0.0021138673910236407,0.0012636171122147812,7.868453957788374E-4,7.664022582721995E-4,0.0011319202325867418],[9.615638821842983E-4,0.0024063539471781054,0.0029642258543708436,9.95813651968886E-5,3.624085292725342E-4,1.1990760220735092E-4,1.0,1.2361528131918725E-4,0.0020375741385155804,2.4200905991195384E-5,0.008481081435288022,1.2237694660754736E-4,4.4097298568952935E-5,0.00805654552842777,1.0886944513448807E-4,0.0010612833867527877,1.5774036237582275E-4,0.012755689756310416,1.3439669503757101E-4,1.419445919654909E-4,4.720866427082929E-4,0.0010920231409157594,0.001885579010096366,0.012766704376652912,0.002677813297341699,1.1610084857769828E-4,0.003071968120505146,3.335235151663781E-4,2.207381178860571E-4,0.0050809976184049786,1.148305750533731E-4,2.037634775834472E-4,1.0673915133592755E-4,0.024000325142596826,0.002680060830048067,3.883742282316943E-5,2.1821414571586304E-4,1.0930649340201178E-4,3.593449077397066E-4,6.730916586848212E-4,3.533640637858802E-5,9.892871491101712E-5,4.2328362038734094E-5],[5.076623882728229E-4,0.009504455338405084,0.0019660410056241747,1.2225422717375629E-4,5.664060442629189E-4,5.087185202870221E-4,1.2361528131918725E-4,1.0,0.002343238755874947,1.562984950391064E-4,0.0017017089117950142,1.8653430092993695E-4,4.033138635051506E-5,0.0019124815170860465,8.629032804119245E-4,2.93434761444065E-4,2.776147711736986E-4,0.0019581834815875034,1.968664801704827E-4,2.503145946579136E-4,6.714382930799983E-4,0.001842125638437166,5.954524422475296E-4,2.775418863704262E-4,0.002808919470497502,1.676549869372958E-4,0.0034268758588409933,3.266641712028277E-4,2.3612944179536883E-4,0.003087921958874291,1.7679772022553234E-4,2.5206629833078315E-4,1.1969052006128915E-4,0.010594792165455487,0.006813006736431011,1.613221725807963E-4,4.7444744417505987E-4,1.5172524288000987E-4,0.0012212423309650147,2.70064363610451E-4,1.292940835712476E-4,1.7945800796136677E-4,1.8791991828230207E-4],[0.0015956562798508812,0.007516545530136437,0.0025300056173613,8.677817715128674E-4,0.0021161626920664623,0.0024352370079868887,0.0020375741385155804,0.002343238755874947,1.0,8.990514059056179E-4,0.0036143859160649282,7.848331999138778E-4,0.0018593468885944931,0.003078514762333209,0.0019041574237153318,0.0018231469028605505,7.60081814706885E-4,0.005646478477636625,0.0012402143557095752,9.619064537976082E-4,0.0022545117870560187,0.003897972084847349,0.0024880373065476716,0.011888617794999366,0.002685189713152526,0.0013453091964709348,0.002630817807983713,0.0024579504368476652,7.611367545183422E-4,0.0031624069451748568,6.875136528387694E-4,0.0019140798774571464,0.0020768176339037475,0.006360816592915541,0.005927900083874375,0.0017143475411818708,0.0019224748639529317,2.7302303384066264E-4,0.0025693242519910877,0.002178071237920222,9.300700161936683E-4,6.628455782517742E-4,9.59234469119526E-5],[0.0010248326308891598,0.008688583238874661,0.0029821644781784914,2.4997023076391514E-5,0.0011060211953421192,8.601750578753062E-4,2.4200905991195384E-5,1.562984950391064E-4,8.990514059056179E-4,1.0,0.010601139761267168,8.050470547402445E-5,1.999341231570529E-5,0.00164959922976428,1.4268491093880476E-5,4.327331726350711E-4,7.986269742833045E-5,0.017558835420674965,1.9218730784262633E-4,9.158617135788376E-5,8.176578219493341E-4,0.0022772188625092542,5.511663509312732E-4,8.841121023273391E-4,5.819362646211466E-4,4.870389966175018E-5,0.002539959206351248,6.709057826045776E-5,2.4726029054212434E-4,1.1227545148345405E-4,1.1167943050627509E-4,1.6475277164942285E-4,1.3926289127334006E-5,0.01518062964662994,0.005370731106482006,1.697482479724195E-5,0.001003617466716161,9.815400144660992E-5,0.001245921225276767,2.9298720649830113E-4,2.8637826929112368E-5,1.3754989090556995E-5,1.2900965862839815E-5],[0.005856017716958189,0.01106262780024309,0.005678740881591001,0.01270967333852015,0.013079387713703493,0.012300957850787627,0.008481081435288022,0.0017017089117950142,0.0036143859160649282,0.010601139761267168,1.0,0.00542415506610785,0.013000701197605873,0.013225049618365813,0.001184432924795068,0.005077697845053455,0.007758939018023427,0.018440138061396886,0.0013857502999350042,0.010778336663415277,0.0053015966929196474,0.012473198227350824,0.004190371333002034,0.013401861032065431,0.00891474348166314,0.005540112395255645,0.005628562201208134,0.005356919301809285,0.007005921091211097,0.011935833681913723,0.0023943750188115983,0.005193242725991063,0.00872745108788618,0.03982941835260177,0.013476330374658877,0.001382528060255499,0.012903704210134929,0.006937891668358253,0.010268594272613217,0.006207440936059255,0.010676859835974646,0.007998608668612862,0.0046947737109464885],[2.560968112539488E-4,0.009710001924919881,6.048848018289668E-4,3.9327292748066204E-5,2.346300928568097E-4,5.787933081224929E-4,1.2237694660754736E-4,1.8653430092993695E-4,7.848331999138778E-4,8.050470547402445E-5,0.00542415506610785,1.0,8.955907410558881E-5,0.009292550777015879,2.1305519839287114E-4,0.001027600287905343,2.555287895027585E-4,0.00933741656801356,1.8473774774747625E-4,2.0850272849001712E-4,8.089476126735574E-4,0.0025210189368794797,9.763197869880078E-4,0.009461143853147872,9.52915853571859E-4,1.4129632018999473E-4,7.940554202953912E-4,4.861191717109378E-4,2.471786511450494E-4,0.0010060099285522349,1.6294612868384518E-4,2.2651009403494785E-4,1.1327901004752954E-4,0.040918153755619406,0.013164435152884166,4.6819850053751476E-5,4.969662594642292E-4,1.3050856638602748E-4,0.001976442570437751,6.271645082139418E-4,9.493376290855746E-5,1.492034140462536E-4,4.274363821736892E-5],[7.191339010830418E-4,0.008286323325564077,0.002560271062125207,2.932283351983097E-5,6.10152780801839E-4,3.0083279444667523E-4,4.4097298568952935E-5,4.033138635051506E-5,0.0018593468885944931,1.999341231570529E-5,0.013000701197605873,8.955907410558881E-5,1.0,0.007118905177865067,4.169069153506498E-4,3.7830472486581455E-4,3.201393405131427E-4,0.0071870484948718645,6.352180059579707E-5,2.452951172619403E-4,4.775969924956573E-5,0.0025196201785422897,3.7927609056801403E-4,0.006123980727063683,0.002291584920340898,4.302251517894736E-5,0.002843052302510242,4.038169274816258E-4,8.375307689504038E-5,0.0012293612609580668,1.103228127441733E-4,1.8016031325385833E-4,2.617845659997478E-5,0.01571168622976453,0.011913773709279374,2.3154949989093408E-5,0.0011074795731672036,1.0436369700086095E-4,7.295708110622082E-4,5.15234399457817E-4,3.093710654124046E-5,1.9359917745133417E-5,2.980094484296599E-5],[0.002468711733490109,0.010710999309218127,0.008919708731352309,0.005451035539252869,0.004765845538404629,0.004354814811998868,0.00805654552842777,0.0019124815170860465,0.003078514762333209,0.00164959922976428,0.013225049618365813,0.009292550777015879,0.007118905177865067,1.0,0.003927572637826817,0.009500561521646288,0.003762643211526892,0.013072073219619583,0.007456311848486783,0.005579440232886788,0.0059406486430122665,0.007494808451246914,0.0036628096763992746,0.01025613537352581,0.008261323591432786,0.0018342988499506058,0.003843555700654427,0.009283959051731478,0.0023820682004721226,0.01134076392854062,0.008355490457945505,0.00921001526144661,0.003973379779802226,0.03544816776931209,0.01360306332449043,0.004897411289294087,0.003948845123029702,0.008277667269594072,0.007736346324419945,0.007345898016855708,0.006963454678444038,0.0031527127444578554,0.0062713497721659335],[0.0011513988505734082,0.007094140656278865,0.001306227949148408,4.0582785019117564E-4,0.001354864678257524,0.001169193105011713,1.0886944513448807E-4,8.629032804119245E-4,0.0019041574237153318,1.4268491093880476E-5,0.001184432924795068,2.1305519839287114E-4,4.169069153506498E-4,0.003927572637826817,1.0,0.0011528307081386054,8.47595325845986E-4,0.0013257910629794986,6.251465646581317E-4,5.81218780846204E-4,0.001758088073775862,0.002485716344067619,0.0015746106026126336,0.0025884118866417688,0.002724081640393044,6.03457853853369E-4,0.001870615741390197,6.819827465552506E-4,8.747324481333951E-4,0.003495139358686585,0.0011275045517297473,3.341422116352534E-4,2.6996125425486156E-4,0.00508214765221504,0.004116919506713992,4.049691788319516E-4,0.0011755580371668934,7.171695635638705E-4,0.002376589487325242,0.0013512110860613988,0.001108269402899057,8.985703604436404E-4,5.027600685725996E-4],[0.001076344749911932,0.004092997145993268,0.0022309601518376377,0.0010519601100889436,0.0011520450848387575,0.0011155349666808856,0.0010612833867527877,2.93434761444065E-4,0.0018231469028605505,4.327331726350711E-4,0.005077697845053455,0.001027600287905343,3.7830472486581455E-4,0.009500561521646288,0.0011528307081386054,1.0,4.4675433821024513E-4,0.01707772807059622,2.0104298052889174E-4,8.924649553576323E-4,0.0013519918819024273,0.0037458857729729764,0.0018057542402809316,0.007200458889673131,0.0028555621578307743,5.156568100860846E-4,0.0024778837083298606,7.993532454499748E-4,5.220301734975893E-4,0.003844207786590054,8.077003331985293E-4,9.955350375407206E-4,4.041247495216842E-5,0.029243621850040324,0.0048736224970451995,6.977068880867973E-4,0.0011364324670272716,6.84239650446336E-4,0.002274067769090892,0.0012377200633651706,5.807150398694137E-4,1.7625606402471393E-4,2.854300865270592E-4],[3.956568947378233E-4,0.009829138903027198,4.917586207535178E-4,9.963531665611826E-5,3.5683081487757236E-4,0.0011479666419681785,1.5774036237582275E-4,2.776147711736986E-4,7.60081814706885E-4,7.986269742833045E-5,0.007758939018023427,2.555287895027585E-4,3.201393405131427E-4,0.003762643211526892,8.47595325845986E-4,4.4675433821024513E-4,1.0,0.007808283955872869,2.842181351025277E-4,3.2888707104985115E-4,0.0017768602371171721,0.0028060510149649975,0.0019593231703435377,0.007247736617591061,8.506385957770246E-4,3.0389259980437083E-4,0.0034283279319532066,3.778562187635758E-4,3.290189452159396E-4,0.005146220066365111,3.084243846715178E-4,2.7113152966624254E-4,4.1137135467897976E-5,0.0171013638463293,0.008438353315823575,6.0731734915158045E-5,0.001116732598817965,3.1165398258441835E-4,5.760791616375911E-4,8.819747773686185E-4,5.0635745701855E-5,7.788021775573401E-5,2.913294975316438E-4],[0.0046590709671477624,0.016624378048478924,0.005224086692937599,0.013064003768764628,0.009265629343795007,0.016388515844869035,0.012755689756310416,0.0019581834815875034,0.005646478477636625,0.017558835420674965,0.018440138061396886,0.00933741656801356,0.0071870484948718645,0.013072073219619583,0.0013257910629794986,0.01707772807059622,0.007808283955872869,1.0,0.014295918282043553,0.004088460722123605,0.011994880211426888,0.005729943086130589,0.018760443511815137,0.014422087519619063,0.0052602927747963015,0.0013237204026928212,0.009324572287970106,0.007806760016847501,0.01263245207030072,0.01413185894362892,0.010938173497618135,0.018188911652836218,0.0010232476834958985,0.026653751901512514,0.016858304955219432,0.00897169790253712,0.00449339542106818,0.013980230267793927,0.004903815930951013,0.01245955897481751,0.003659232603009478,0.018741790689558967,0.015471657634192075],[6.524172555988624E-4,0.004969281501346693,0.0014603256709821157,7.468675219614735E-5,9.804732166815468E-4,5.507527782037013E-4,1.3439669503757101E-4,1.968664801704827E-4,0.0012402143557095752,1.9218730784262633E-4,0.0013857502999350042,1.8473774774747625E-4,6.352180059579707E-5,0.007456311848486783,6.251465646581317E-4,2.0104298052889174E-4,2.842181351025277E-4,0.014295918282043553,1.0,2.1420218506351202E-4,0.0018119997513332464,0.002509641884875137,0.0024011701002743485,0.01319254511742262,0.0011676415096383921,1.8094658553307182E-4,3.5296541637239555E-4,2.3634416388303812E-4,2.2753499185710472E-4,4.5122018899761146E-4,1.9662861138152572E-4,2.4843591911501476E-4,9.176333806566292E-5,0.024644865634644565,0.0017764720147621803,1.5265206374017652E-4,9.495747477858683E-4,1.749731899420205E-4,8.148907861422257E-4,7.882979634861141E-4,1.2415537358029052E-4,1.769074181880646E-4,7.594333659049296E-5],[9.256393930620753E-4,0.00560780970849727,0.0019552488770883136,1.9936090795533637E-4,5.885663214925791E-4,7.099110470743435E-4,1.419445919654909E-4,2.503145946579136E-4,9.619064537976082E-4,9.158617135788376E-5,0.010778336663415277,2.0850272849001712E-4,2.452951172619403E-4,0.005579440232886788,5.81218780846204E-4,8.924649553576323E-4,3.2888707104985115E-4,0.004088460722123605,2.1420218506351202E-4,1.0,0.0010895373746478152,0.003984488300596195,0.0014620957417050705,0.0105955508821787,8.935537498174402E-4,2.625233935762908E-4,3.061272078916101E-4,3.8490754334812233E-4,2.619806589595078E-4,0.008569140241706253,1.92115657157514E-4,2.760559827990781E-4,5.4411405914435275E-5,0.0369150262263404,0.0010222560533267925,5.083785779010509E-5,9.480371224100297E-4,1.5525408581014717E-4,0.0016393148691840021,4.93140564132407E-4,2.1657679462230454E-4,1.73722048322779E-4,6.652410711354505E-5],[0.0013783766268951909,0.008329550163895668,0.0028127933180641636,3.5357321460271986E-4,0.0019590431500512546,0.0011683969973808983,4.720866427082929E-4,6.714382930799983E-4,0.0022545117870560187,8.176578219493341E-4,0.0053015966929196474,8.089476126735574E-4,4.775969924956573E-5,0.0059406486430122665,0.001758088073775862,0.0013519918819024273,0.0017768602371171721,0.011994880211426888,0.0018119997513332464,0.0010895373746478152,1.0,0.0036859256812106804,0.002240712070771138,0.00937801903070231,0.0028388151541423236,0.0012561358601585293,0.0027835873292153656,6.6216879052701E-4,3.9321541880745555E-4,0.009013747820545832,0.0012013814969327643,3.468580853183748E-4,0.0016793636933605046,0.015582826778314907,0.008014505046441404,2.9432447606754085E-4,0.002029613263049593,0.0014801993800237637,0.0022654848490569275,0.0016107133792480535,0.0011492148131357508,4.894147881442676E-4,0.001561776993967474],[0.0021102264284762725,0.004498268907079861,0.0037889841352093416,0.0016081150355526188,0.0038052367924529063,0.0012667517293314017,0.0010920231409157594,0.001842125638437166,0.003897972084847349,0.0022772188625092542,0.012473198227350824,0.0025210189368794797,0.0025196201785422897,0.007494808451246914,0.002485716344067619,0.0037458857729729764,0.0028060510149649975,0.005729943086130589,0.002509641884875137,0.003984488300596195,0.0036859256812106804,1.0,0.0036174762716125013,0.005693211513859553,0.0034257811296058223,0.003442586360710068,0.003921124492565199,0.0021501167830390642,0.003462841528049083,0.007815907890644323,0.0011009713631722974,0.003210192425976543,0.0016294958012654714,0.025631327303672582,0.009522073521517752,1.8499252569106908E-4,0.0025064661061995532,0.0013699362346938984,0.0029140030730081057,0.0034546232699127983,0.0022230270757624647,0.0010711681101830271,0.0025893631625162426],[0.0019241672413537652,0.008009261364191222,0.002623282801242027,9.314043129775237E-4,0.0015129731145921293,0.002151267052669553,0.001885579010096366,5.954524422475296E-4,0.0024880373065476716,5.511663509312732E-4,0.004190371333002034,9.763197869880078E-4,3.7927609056801403E-4,0.0036628096763992746,0.0015746106026126336,0.0018057542402809316,0.0019593231703435377,0.018760443511815137,0.0024011701002743485,0.0014620957417050705,0.002240712070771138,0.0036174762716125013,1.0,0.008417644908580676,0.002499979460676406,2.126960370423826E-4,0.003123100932158901,0.002492198905028559,0.0011815245382860709,0.006497929006409616,6.046812538955436E-4,6.7493148030734E-4,2.5702006159186238E-5,0.0348244634406933,0.006931450476582788,1.3022575696677006E-4,0.002252936112887094,3.9273467339942574E-4,0.0025336609581036603,0.002286376473158611,0.001673564250430363,0.0017192407063086241,4.7753024656125263E-4],[0.001108727584160835,0.011312176896889303,0.012261710102856004,0.005319003242547931,0.005990954629677477,0.002873360025356814,0.012766704376652912,2.775418863704262E-4,0.011888617794999366,8.841121023273391E-4,0.013401861032065431,0.009461143853147872,0.006123980727063683,0.01025613537352581,0.0025884118866417688,0.007200458889673131,0.007247736617591061,0.014422087519619063,0.01319254511742262,0.0105955508821787,0.00937801903070231,0.005693211513859553,0.008417644908580676,1.0,0.007079638380675091,0.0030216763886687084,0.0089281009488603,0.011600725011100018,0.011060399308593285,0.012662508855459033,0.001467139256715168,0.0021356445568580648,0.007759327924391915,0.02922697330253625,0.014452551872487446,1.4583457760347263E-4,0.009154655826318614,0.012260374928645306,0.009555878162173521,0.0037518820341480427,0.004074069320539091,0.008405135690200908,0.01345445976535686],[0.002530766102902798,0.01022057178054709,0.0029903216291520185,0.0027787481295058537,0.0020740895959261703,0.0021407473720019415,0.002677813297341699,0.002808919470497502,0.002685189713152526,5.819362646211466E-4,0.00891474348166314,9.52915853571859E-4,0.002291584920340898,0.008261323591432786,0.002724081640393044,0.0028555621578307743,8.506385957770246E-4,0.0052602927747963015,0.0011676415096383921,8.935537498174402E-4,0.0028388151541423236,0.0034257811296058223,0.002499979460676406,0.007079638380675091,1.0,6.797257714719915E-4,0.0034846860822118977,0.0016749165410895092,0.0018322717416930977,0.005710555412404044,0.0016493204075895642,0.0029392069153737536,6.784714461065138E-4,0.008323487978242696,0.009088554909474033,0.0027913639754005774,0.001443676074919071,8.12193941956834E-4,0.0029105463395875243,0.0022289768481868286,5.319101193995794E-4,7.9102808770117E-4,0.0013822536248079824],[9.390042458155485E-4,0.009152633219193346,0.0021307241742512684,7.290283695825681E-5,9.42218829100192E-4,1.6383343227048457E-4,1.1610084857769828E-4,1.676549869372958E-4,0.0013453091964709348,4.870389966175018E-5,0.005540112395255645,1.4129632018999473E-4,4.302251517894736E-5,0.0018342988499506058,6.03457853853369E-4,5.156568100860846E-4,3.0389259980437083E-4,0.0013237204026928212,1.8094658553307182E-4,2.625233935762908E-4,0.0012561358601585293,0.003442586360710068,2.126960370423826E-4,0.0030216763886687084,6.797257714719915E-4,1.0,0.0030678092434128267,3.137255366530046E-4,2.4295049598810199E-4,0.001987644649154955,1.6100381037098934E-4,2.1569000145114204E-4,2.7295990240727272E-5,0.04442956668300685,0.01033965702160219,1.1862326473190837E-4,2.4258431909535605E-4,1.239063207907133E-4,0.001479761730987041,6.132983836508864E-4,9.901113168020055E-5,1.3394153796487577E-4,1.0512972141394768E-4],[0.0024818066924561302,0.01059025805555281,0.003561359788704587,0.0029023754762443816,0.0021777088636174753,0.002799949293675878,0.003071968120505146,0.0034268758588409933,0.002630817807983713,0.002539959206351248,0.005628562201208134,7.940554202953912E-4,0.002843052302510242,0.003843555700654427,0.001870615741390197,0.0024778837083298606,0.0034283279319532066,0.009324572287970106,3.5296541637239555E-4,3.061272078916101E-4,0.0027835873292153656,0.003921124492565199,0.003123100932158901,0.0089281009488603,0.0034846860822118977,0.0030678092434128267,1.0,0.0015187718185722238,0.002524222017083534,0.009751461573965847,0.001322903599145942,0.002888806670923017,0.003009567466640802,0.017542496389355386,0.008024346746018068,0.0012725088924674848,0.0012797027569959136,0.002191180542833991,0.0031977649644270747,0.002805341854846943,0.001946994446578047,0.001092701362521873,6.402721859839162E-4],[8.388726444879967E-4,0.0038990922271003674,0.0024437080143811345,6.75337104246531E-5,0.001059790467602849,0.001157400189170641,3.335235151663781E-4,3.266641712028277E-4,0.0024579504368476652,6.709057826045776E-5,0.005356919301809285,4.861191717109378E-4,4.038169274816258E-4,0.009283959051731478,6.819827465552506E-4,7.993532454499748E-4,3.778562187635758E-4,0.007806760016847501,2.3634416388303812E-4,3.8490754334812233E-4,6.6216879052701E-4,0.0021501167830390642,0.002492198905028559,0.011600725011100018,0.0016749165410895092,3.137255366530046E-4,0.0015187718185722238,1.0,4.6992016271907766E-4,0.006388906386646312,5.194032269592809E-4,2.806409901250634E-4,4.3002678194362033E-4,0.03584854897451566,0.006739831183981748,5.329765607831384E-4,9.234932704054539E-4,2.994483471095308E-4,0.0013441653276631698,7.746326227650956E-4,4.7974317597189995E-4,2.1859419318551719E-4,1.9387346243168006E-4],[9.823025499385819E-4,0.00824702789691265,0.001961214957701805,1.8948442571538375E-4,2.7527582917718715E-4,3.2367963681978256E-4,2.207381178860571E-4,2.3612944179536883E-4,7.611367545183422E-4,2.4726029054212434E-4,0.007005921091211097,2.471786511450494E-4,8.375307689504038E-5,0.0023820682004721226,8.747324481333951E-4,5.220301734975893E-4,3.290189452159396E-4,0.01263245207030072,2.2753499185710472E-4,2.619806589595078E-4,3.9321541880745555E-4,0.003462841528049083,0.0011815245382860709,0.011060399308593285,0.0018322717416930977,2.4295049598810199E-4,0.002524222017083534,4.6992016271907766E-4,1.0,0.002725562305298126,1.7057092806169665E-4,2.5549165394164416E-4,5.246556334578786E-5,0.03471423045249905,0.013253053211136113,1.9126562450782648E-4,5.687207820107956E-4,1.9970447625004627E-4,0.0022824169084505385,3.1605339213325155E-4,1.389278140009464E-4,2.2754154584659258E-4,5.4808318937479055E-5],[0.0035892515199938643,0.011190738102419969,0.0066381303909712345,0.011280239498787292,0.007815047996727657,0.00535515875374774,0.0050809976184049786,0.003087921958874291,0.0031624069451748568,1.1227545148345405E-4,0.011935833681913723,0.0010060099285522349,0.0012293612609580668,0.01134076392854062,0.003495139358686585,0.003844207786590054,0.005146220066365111,0.01413185894362892,4.5122018899761146E-4,0.008569140241706253,0.009013747820545832,0.007815907890644323,0.006497929006409616,0.012662508855459033,0.005710555412404044,0.001987644649154955,0.009751461573965847,0.006388906386646312,0.002725562305298126,1.0,4.1519725461930726E-4,0.01091671819017382,0.0013904182541648556,0.03528738558924535,0.011859127981832092,0.00923954877103672,0.00826400846929707,6.341782065522461E-4,0.006516606202712803,0.004232227346102789,0.008324996224771211,0.006733069443970605,0.0067194560695767],[2.8427473279327544E-4,2.682629240037137E-4,0.0010553058587731382,4.2843205725580176E-5,0.0010810644453979952,0.0011574769014394684,1.148305750533731E-4,1.7679772022553234E-4,6.875136528387694E-4,1.1167943050627509E-4,0.0023943750188115983,1.6294612868384518E-4,1.103228127441733E-4,0.008355490457945505,0.0011275045517297473,8.077003331985293E-4,3.084243846715178E-4,0.010938173497618135,1.9662861138152572E-4,1.92115657157514E-4,0.0012013814969327643,0.0011009713631722974,6.046812538955436E-4,0.001467139256715168,0.0016493204075895642,1.6100381037098934E-4,0.001322903599145942,5.194032269592809E-4,1.7057092806169665E-4,4.1519725461930726E-4,1.0,2.2375208918448447E-4,9.762179343916561E-5,0.04069854574812968,0.00668424605693077,2.6369556970188047E-5,4.1643578396766167E-4,1.4017782450173548E-4,0.0017250498315220767,0.001245465566290445,7.52653276512675E-5,9.867376816548807E-5,1.2566812509271058E-4],[8.931137092281319E-4,0.007656657593369493,0.0013206926804749611,2.0757994477061086E-4,0.0014693417212924137,8.499441871100265E-4,2.037634775834472E-4,2.5206629833078315E-4,0.0019140798774571464,1.6475277164942285E-4,0.005193242725991063,2.2651009403494785E-4,1.8016031325385833E-4,0.00921001526144661,3.341422116352534E-4,9.955350375407206E-4,2.7113152966624254E-4,0.018188911652836218,2.4843591911501476E-4,2.760559827990781E-4,3.468580853183748E-4,0.003210192425976543,6.7493148030734E-4,0.0021356445568580648,0.0029392069153737536,2.1569000145114204E-4,0.002888806670923017,2.806409901250634E-4,2.5549165394164416E-4,0.01091671819017382,2.2375208918448447E-4,1.0,8.354530306559431E-5,0.025064112860861448,0.007978960937392438,2.3830890874773533E-4,8.907832930875708E-4,1.2427412917197938E-4,7.407152357940907E-4,5.263939920636159E-4,2.406764884115876E-4,5.889256514691233E-5,2.517932663503952E-4],[5.051201896665584E-4,0.006362638076480897,4.967343909826938E-4,3.156992630010486E-5,2.4469590963838384E-4,8.515555884421088E-4,1.0673915133592755E-4,1.1969052006128915E-4,0.0020768176339037475,1.3926289127334006E-5,0.00872745108788618,1.1327901004752954E-4,2.617845659997478E-5,0.003973379779802226,2.6996125425486156E-4,4.041247495216842E-5,4.1137135467897976E-5,0.0010232476834958985,9.176333806566292E-5,5.4411405914435275E-5,0.0016793636933605046,0.0016294958012654714,2.5702006159186238E-5,0.007759327924391915,6.784714461065138E-4,2.7295990240727272E-5,0.003009567466640802,4.3002678194362033E-4,5.246556334578786E-5,0.0013904182541648556,9.762179343916561E-5,8.354530306559431E-5,1.0,0.0050252745928817755,0.0061404760870215095,2.1857576186944054E-5,7.756067026356608E-4,6.285099908509862E-5,0.00278083682221777,0.0012226031294101706,2.3614167230844035E-5,2.012314317569054E-5,3.211047281659268E-5],[0.015568359767004283,0.03315373367957282,0.03829405833998698,0.024776452942285237,0.038634574780317545,0.01653817057670779,0.024000325142596826,0.010594792165455487,0.006360816592915541,0.01518062964662994,0.03982941835260177,0.040918153755619406,0.01571168622976453,0.03544816776931209,0.00508214765221504,0.029243621850040324,0.0171013638463293,0.026653751901512514,0.024644865634644565,0.0369150262263404,0.015582826778314907,0.025631327303672582,0.0348244634406933,0.02922697330253625,0.008323487978242696,0.04442956668300685,0.017542496389355386,0.03584854897451566,0.03471423045249905,0.03528738558924535,0.04069854574812968,0.025064112860861448,0.0050252745928817755,1.0,0.032140278611743414,0.043014637865734257,0.02674425774618499,0.033441660467076764,0.031669573671713025,0.042440533859654635,0.026650076877787435,0.03602372094888698,0.014219558691920476],[0.0037676874342968485,0.011641774506389884,0.010236842948772964,0.01156300676988391,0.003668011513101176,0.002589454904620595,0.002680060830048067,0.006813006736431011,0.005927900083874375,0.005370731106482006,0.013476330374658877,0.013164435152884166,0.011913773709279374,0.01360306332449043,0.004116919506713992,0.0048736224970451995,0.008438353315823575,0.016858304955219432,0.0017764720147621803,0.0010222560533267925,0.008014505046441404,0.009522073521517752,0.006931450476582788,0.014452551872487446,0.009088554909474033,0.01033965702160219,0.008024346746018068,0.006739831183981748,0.013253053211136113,0.011859127981832092,0.00668424605693077,0.007978960937392438,0.0061404760870215095,0.032140278611743414,1.0,0.013314541393975074,0.00748497963093765,0.005794017100932352,0.007853562477799593,0.0058874892142192345,0.0024128188017203357,0.003613949632377859,0.0024433060609332933],[1.7418420635374282E-4,0.008689639716141952,0.00157910878839881,2.8253570175626855E-5,8.465873532804801E-4,2.1420917299538436E-4,3.883742282316943E-5,1.613221725807963E-4,0.0017143475411818708,1.697482479724195E-5,0.001382528060255499,4.6819850053751476E-5,2.3154949989093408E-5,0.004897411289294087,4.049691788319516E-4,6.977068880867973E-4,6.0731734915158045E-5,0.00897169790253712,1.5265206374017652E-4,5.083785779010509E-5,2.9432447606754085E-4,1.8499252569106908E-4,1.3022575696677006E-4,1.4583457760347263E-4,0.0027913639754005774,1.1862326473190837E-4,0.0012725088924674848,5.329765607831384E-4,1.9126562450782648E-4,0.00923954877103672,2.6369556970188047E-5,2.3830890874773533E-4,2.1857576186944054E-5,0.043014637865734257,0.013314541393975074,1.0,3.243843975877704E-4,8.918259041497918E-5,0.0015062365224098038,1.421394730859878E-4,2.251032686539838E-5,1.7094640083908043E-5,2.5490327161640865E-5],[0.001149610693219468,0.00456726389173506,0.0011790035081851587,6.680951511005408E-4,0.0013029655827507952,0.0011745788776502254,2.1821414571586304E-4,4.7444744417505987E-4,0.0019224748639529317,0.001003617466716161,0.012903704210134929,4.969662594642292E-4,0.0011074795731672036,0.003948845123029702,0.0011755580371668934,0.0011364324670272716,0.001116732598817965,0.00449339542106818,9.495747477858683E-4,9.480371224100297E-4,0.002029613263049593,0.0025064661061995532,0.002252936112887094,0.009154655826318614,0.001443676074919071,2.4258431909535605E-4,0.0012797027569959136,9.234932704054539E-4,5.687207820107956E-4,0.00826400846929707,4.1643578396766167E-4,8.907832930875708E-4,7.756067026356608E-4,0.02674425774618499,0.00748497963093765,3.243843975877704E-4,1.0,5.89410411125142E-4,0.0024453646478572715,0.0011975746707163454,9.6024392026636E-4,4.3327352273242286E-4,1.350122823518175E-4],[1.3947433089836296E-4,0.008669079089115439,0.0012202258317705438,3.7659453643656324E-5,6.027448596844031E-4,3.666947809365597E-4,1.0930649340201178E-4,1.5172524288000987E-4,2.7302303384066264E-4,9.815400144660992E-5,0.006937891668358253,1.3050856638602748E-4,1.0436369700086095E-4,0.008277667269594072,7.171695635638705E-4,6.84239650446336E-4,3.1165398258441835E-4,0.013980230267793927,1.749731899420205E-4,1.5525408581014717E-4,0.0014801993800237637,0.0013699362346938984,3.9273467339942574E-4,0.012260374928645306,8.12193941956834E-4,1.239063207907133E-4,0.002191180542833991,2.994483471095308E-4,1.9970447625004627E-4,6.341782065522461E-4,1.4017782450173548E-4,1.2427412917197938E-4,6.285099908509862E-5,0.033441660467076764,0.005794017100932352,8.918259041497918E-5,5.89410411125142E-4,1.0,5.089937097739967E-4,0.0011618279237256201,4.383678809257884E-5,7.777180424396821E-5,6.882663151542851E-5],[0.0018410480865254368,0.005394803039832529,0.002919938781338027,0.00234704502781226,0.0015681366420267524,0.0021138673910236407,3.593449077397066E-4,0.0012212423309650147,0.0025693242519910877,0.001245921225276767,0.010268594272613217,0.001976442570437751,7.295708110622082E-4,0.007736346324419945,0.002376589487325242,0.002274067769090892,5.760791616375911E-4,0.004903815930951013,8.148907861422257E-4,0.0016393148691840021,0.0022654848490569275,0.0029140030730081057,0.0025336609581036603,0.009555878162173521,0.0029105463395875243,0.001479761730987041,0.0031977649644270747,0.0013441653276631698,0.0022824169084505385,0.006516606202712803,0.0017250498315220767,7.407152357940907E-4,0.00278083682221777,0.031669573671713025,0.007853562477799593,0.0015062365224098038,0.0024453646478572715,5.089937097739967E-4,1.0,0.0015204046002603195,0.002078152663210445,0.0025762731930719304,6.85830292442961E-4],[0.0012591516481828254,0.010515622710880669,0.0021854766565478664,8.516234755163433E-4,0.0014087583493864926,0.0012636171122147812,6.730916586848212E-4,2.70064363610451E-4,0.002178071237920222,2.9298720649830113E-4,0.006207440936059255,6.271645082139418E-4,5.15234399457817E-4,0.007345898016855708,0.0013512110860613988,0.0012377200633651706,8.819747773686185E-4,0.01245955897481751,7.882979634861141E-4,4.93140564132407E-4,0.0016107133792480535,0.0034546232699127983,0.002286376473158611,0.0037518820341480427,0.0022289768481868286,6.132983836508864E-4,0.002805341854846943,7.746326227650956E-4,3.1605339213325155E-4,0.004232227346102789,0.001245465566290445,5.263939920636159E-4,0.0012226031294101706,0.042440533859654635,0.0058874892142192345,1.421394730859878E-4,0.0011975746707163454,0.0011618279237256201,0.0015204046002603195,1.0,4.8251868470946245E-4,7.501298779047864E-4,0.0012187266905915168],[6.846127262322004E-4,3.10631109585721E-4,0.0013809022590701948,3.513152304964903E-5,7.018196258566777E-4,7.868453957788374E-4,3.533640637858802E-5,1.292940835712476E-4,9.300700161936683E-4,2.8637826929112368E-5,0.010676859835974646,9.493376290855746E-5,3.093710654124046E-5,0.006963454678444038,0.001108269402899057,5.807150398694137E-4,5.0635745701855E-5,0.003659232603009478,1.2415537358029052E-4,2.1657679462230454E-4,0.0011492148131357508,0.0022230270757624647,0.001673564250430363,0.004074069320539091,5.319101193995794E-4,9.901113168020055E-5,0.001946994446578047,4.7974317597189995E-4,1.389278140009464E-4,0.008324996224771211,7.52653276512675E-5,2.406764884115876E-4,2.3614167230844035E-5,0.026650076877787435,0.0024128188017203357,2.251032686539838E-5,9.6024392026636E-4,4.383678809257884E-5,0.002078152663210445,4.8251868470946245E-4,1.0,3.230848272993952E-5,3.607801932618496E-5],[3.123982952177068E-4,0.0018882871154848092,0.002634680855821919,2.3607633692753442E-5,0.0012030905633639262,7.664022582721995E-4,9.892871491101712E-5,1.7945800796136677E-4,6.628455782517742E-4,1.3754989090556995E-5,0.007998608668612862,1.492034140462536E-4,1.9359917745133417E-5,0.0031527127444578554,8.985703604436404E-4,1.7625606402471393E-4,7.788021775573401E-5,0.018741790689558967,1.769074181880646E-4,1.73722048322779E-4,4.894147881442676E-4,0.0010711681101830271,0.0017192407063086241,0.008405135690200908,7.9102808770117E-4,1.3394153796487577E-4,0.001092701362521873,2.1859419318551719E-4,2.2754154584659258E-4,0.006733069443970605,9.867376816548807E-5,5.889256514691233E-5,2.012314317569054E-5,0.03602372094888698,0.003613949632377859,1.7094640083908043E-5,4.3327352273242286E-4,7.777180424396821E-5,0.0025762731930719304,7.501298779047864E-4,3.230848272993952E-5,1.0,2.9644495599091655E-5],[9.381969891709901E-4,0.0039466162454818874,0.002776720185524113,3.851058571620449E-5,5.546222762767251E-4,0.0011319202325867418,4.2328362038734094E-5,1.8791991828230207E-4,9.59234469119526E-5,1.2900965862839815E-5,0.0046947737109464885,4.274363821736892E-5,2.980094484296599E-5,0.0062713497721659335,5.027600685725996E-4,2.854300865270592E-4,2.913294975316438E-4,0.015471657634192075,7.594333659049296E-5,6.652410711354505E-5,0.001561776993967474,0.0025893631625162426,4.7753024656125263E-4,0.01345445976535686,0.0013822536248079824,1.0512972141394768E-4,6.402721859839162E-4,1.9387346243168006E-4,5.4808318937479055E-5,0.0067194560695767,1.2566812509271058E-4,2.517932663503952E-4,3.211047281659268E-5,0.014219558691920476,0.0024433060609332933,2.5490327161640865E-5,1.350122823518175E-4,6.882663151542851E-5,6.85830292442961E-4,0.0012187266905915168,3.607801932618496E-5,2.9644495599091655E-5,1.0]]