[[1.0,1.483015293126209E-4,1.5544383775349598E-4,9.137001056209828E-5,0.0033628741004192884,1.3329850455966907E-4,0.0015376962110424026,1.8887492284505112E-4,0.014492281759973347,1.49982739398829E-4,0.0021799927246321646,5.075464122395419E-5,1.52670845373633E-4,4.2208696301952064E-5,1.4468983092067754E-4,3.954090531124107E-5,1.387732806572973E-4,0.0029046401568650947,4.249655505291947E-4,1.4385849378545894E-4,4.7765467135808993E-4,1.9138011456406196E-4,7.085226411772873E-4,8.394375248556444E-5,0.008787120137678338,2.1249114501787722E-4,1.4257035156739362E-4,9.920624419550525E-5,0.0024155273678087086,0.002217815434433229,3.196914104353736E-4,8.938314167498399E-4,0.0011152724961616353,7.914812814882687E-5,8.625788500041727E-5,2.0891946886833704E-4,6.759037030478419E-5,0.0036508993870590285,8.25207545382128E-4,3.9743704375653057E-4,3.508740980099856E-5,1.4188378305888725E-4,1.1187914514775564E-4,5.114824722021003E-4,3.358718180718915E-4],[1.483015293126209E-4,1.0,5.9480384678614734E-5,3.947108506437183E-5,6.670584773175646E-4,3.4769140371244724E-5,2.8121353813433136E-4,2.566754689309297E-5,0.018631584935589935,1.250785523255702E-4,1.3125414489408095E-4,1.1312570152086997E-5,4.147826811403423E-5,2.517576413529708E-5,5.479031983074472E-5,1.2982088764615504E-5,3.658049052586434E-5,0.01111199072185174,2.405458907595856E-4,4.815182046878238E-5,1.0607752981391749E-4,0.0017802375070563642,5.9238625400097816E-5,3.2134936883258346E-5,0.007165198717521646,1.334715676627812E-4,3.812095389025902E-5,1.1372543900963915E-5,0.003969106911199964,0.010398418678703792,2.8876705111244484E-4,1.7709530915446463E-5,0.004578309990713153,3.7231825427838754E-5,1.7775418570183673E-5,2.0464934785963668E-4,1.1697391205259285E-5,0.007765445403432888,0.009893636094132931,1.7802881515713203E-4,1.1584402886808502E-5,1.1619472729045496E-5,5.950061014034475E-5,5.404640352139826E-4,5.1245544828958195E-5],[1.5544383775349598E-4,5.9480384678614734E-5,1.0,8.788388261692196E-5,0.0024683635265125726,8.890091783667922E-5,2.973982409605665E-4,2.0854711359858795E-4,0.0071068215667931,1.4758950341928117E-4,8.808671354813937E-4,1.0128919751367349E-4,1.5590123936002807E-4,1.0509543502768907E-4,1.5507347452325726E-4,1.0493377109473588E-4,1.7132742552790605E-4,0.013373924224317721,3.923340787498955E-4,1.6082460427415795E-4,2.699575069905959E-4,0.0031708726427231424,4.2160749727426344E-4,9.328920904937987E-5,0.008669306007642267,2.7285597999198276E-4,1.23379456528374E-4,1.1059910233444424E-4,0.0017735427944104928,0.017020636910288406,3.2137296650521055E-4,5.749174124461316E-4,0.004598987682348623,1.421451378785627E-4,7.688117697958783E-5,1.9005102511301364E-4,8.097054603070224E-5,0.003528207797937685,0.005341066779369323,0.0011451489146802503,4.422620025701142E-5,1.3459352098281696E-4,1.682286215651674E-4,0.0010619564946817888,0.0010820856643671284],[9.137001056209828E-5,3.947108506437183E-5,8.788388261692196E-5,1.0,0.002041466123689758,4.405153524404275E-5,2.4410372376355383E-4,6.758698995301515E-5,0.020732890526547046,4.557701100556778E-5,7.599553905296018E-4,2.9952496337443483E-5,1.293396402760795E-4,4.0813313525350495E-5,8.90379132483842E-5,3.391328416617906E-5,9.172484272145149E-5,0.014430406365737291,1.9144208744504096E-4,5.653637477497084E-5,2.0824241256093526E-4,0.002734180750370147,3.7974281077608686E-4,4.457738640326216E-5,0.015521843399588758,2.2015090190278034E-4,6.24930769477985E-5,3.2882234059189566E-5,0.0012778271142790812,0.013729932899930158,3.280188159836131E-4,1.8103986156579524E-4,1.660866497061525E-4,4.491901782191289E-5,2.287906958447E-5,1.478913164906906E-4,2.2071124807721144E-5,0.0042759733339754625,0.004488302918534046,4.948807818079019E-4,2.9637580200855135E-5,3.201615264117537E-5,6.459756321911854E-5,5.95199756980162E-4,3.796999664490482E-4],[0.0033628741004192884,6.670584773175646E-4,0.0024683635265125726,0.002041466123689758,1.0,0.0027487510390738217,0.0030827935382785445,3.592640609886345E-4,0.013108852520675122,6.678252728665385E-4,0.0035928252318551766,0.002947983066500621,0.0021857149915565175,0.0012738866007367961,0.0029548917509470327,0.0015587659381263335,0.001859277987179334,0.014182816772664477,0.003208392648926169,0.0031514495803191575,0.0028381881842041547,0.0034786798456724675,0.0025708169793012383,0.0026313646566204635,0.013012339311429606,7.79117258647708E-4,0.0024623305572467275,0.0020388630063055786,0.008991661650116313,0.018934484944886344,0.0011072642191703053,0.002819861236356241,0.0034873395203963956,0.0027222227771201038,0.0024923371499239897,8.895149548137416E-4,5.809846736134645E-5,0.010932168615634601,0.0063872254036382485,0.0023611697080812327,0.0021200933281049408,0.0016867638919928559,6.994888539995468E-4,0.0014098739504670886,0.00279807934497355],[1.3329850455966907E-4,3.4769140371244724E-5,8.890091783667922E-5,4.405153524404275E-5,0.0027487510390738217,1.0,0.001531110146753479,8.412421701797631E-5,0.0020222269959374213,5.245180376373339E-5,6.428051349511631E-4,3.538057282614339E-5,6.504367588590895E-5,4.2961706362348825E-5,7.662453559562326E-5,3.121474296896985E-5,9.056506052691273E-5,0.006513699716475545,1.225302584145631E-4,9.730922987429794E-5,4.606666105193374E-4,0.0011463263660671445,2.0594353914030715E-4,4.786775898243991E-5,0.013415822001566427,2.7253938657545066E-4,9.294947246644369E-5,1.6799296939018106E-5,0.012603925921610996,0.013874774252706413,8.648346752445007E-5,0.0010451290463616366,0.005250711027598667,4.4593723016634056E-5,2.690120128348246E-5,1.3749114724681045E-4,1.3368301775339372E-5,0.0015100472723160372,0.00791599249633908,1.8654036539267796E-4,4.0121575257947144E-5,3.0069660113756327E-5,9.542510418152826E-5,2.5968421541219767E-4,5.423053461727119E-4],[0.0015376962110424026,2.8121353813433136E-4,2.973982409605665E-4,2.4410372376355383E-4,0.0030827935382785445,0.001531110146753479,1.0,5.427403014123038E-4,0.015011260947507828,0.0025067641409223544,0.0030905598800803342,0.0012182360941535358,0.0028850616065891213,4.5257378631000984E-4,3.888131634836462E-4,5.4761761947991815E-5,4.3536451980731117E-4,0.008868774083149249,9.675078690922672E-4,0.002577284736344078,0.0027853421049022333,0.003291971600413526,0.002339888577478415,0.0016093308280442941,0.007942723368614204,6.533053849119065E-4,1.055991737910564E-4,0.0017166252639555922,0.01424684393479348,0.01394193711703753,9.172550786115297E-4,0.0028622122037985005,0.004921055298935885,0.0021449524017615774,0.0015616863658320951,0.0027228591060434277,0.001075435408019069,0.009928733556783267,0.011932533326949109,0.0024735502999174196,1.3340366423551515E-4,0.0018808561230955116,5.833491044957879E-4,0.0027635426588888687,0.001910188192061524],[1.8887492284505112E-4,2.566754689309297E-5,2.0854711359858795E-4,6.758698995301515E-5,3.592640609886345E-4,8.412421701797631E-5,5.427403014123038E-4,1.0,0.015768370094383952,1.748342080965979E-4,7.330397275345381E-4,1.1442192462641094E-4,1.498698836998507E-4,8.323154619644104E-5,1.5845862970664598E-4,1.655280138931951E-4,1.9626913651590787E-4,0.011334355769065994,2.7492662532666706E-4,2.0201588089326545E-4,3.108189991909435E-4,0.0029763200096477845,8.112196465933559E-4,1.277096424066245E-4,0.007513628148515346,2.7490581885066174E-4,1.9755867379872804E-4,1.5104082846429195E-4,0.0053039461459079675,0.004266480352621027,4.20546847083526E-4,6.317527555874548E-4,0.0020358122255538765,1.7905359140658924E-4,1.7334696459749872E-4,2.1523902842451165E-4,1.9039843823512256E-5,0.004437317414151309,0.009448100315229645,0.0011353729183258374,6.232057910596346E-5,1.4361066290175014E-4,2.1693320196874044E-4,2.9026207116120416E-4,7.504700583341739E-4],[0.014492281759973347,0.018631584935589935,0.0071068215667931,0.020732890526547046,0.013108852520675122,0.0020222269959374213,0.015011260947507828,0.015768370094383952,1.0,0.005493762167437145,0.004193237594597631,0.014653717180455588,0.01944440439589877,0.010394491852512733,0.016295652179419983,0.011995703597846958,0.011534115014335338,0.017762827663296305,0.0036182822613150907,0.008027049384632806,0.01606725166819873,0.005293076699771709,0.018846629512683614,0.010683952126434935,0.022074266943089085,0.018669445522236233,0.011959661904542982,0.006314565259067326,0.020607369536818455,0.023146768980237487,0.0130930489640773,0.015484648662860095,0.011739440432659145,0.014447398581978087,0.02001209732587824,0.009070754886788518,0.009911027758413675,0.022022265699353914,0.015780125536232068,0.015832879186941807,0.020022795845304465,0.012025914172060058,0.005375917072875558,0.010851588352271386,0.014570233323396596],[1.49982739398829E-4,1.250785523255702E-4,1.4758950341928117E-4,4.557701100556778E-5,6.678252728665385E-4,5.245180376373339E-5,0.0025067641409223544,1.748342080965979E-4,0.005493762167437145,1.0,0.003219162808991257,5.836653234202825E-5,1.3652051036233448E-4,9.476351530712221E-5,1.335411906613099E-4,7.914301765068403E-5,1.316269988137442E-4,0.007885828064913392,5.167949904390709E-4,1.083780577262458E-4,1.8048876452859633E-4,0.003289115096665576,9.007512126677319E-4,1.2248955602332142E-4,0.0021861591361246858,1.5706715185949703E-4,1.0776967762649598E-4,1.1891246814426916E-4,0.014148354293395523,0.016842041563999596,2.833317247653888E-4,2.2760426973103708E-4,0.0033271085362314126,9.97672458451249E-5,1.243922927693389E-4,2.0834073512153027E-4,1.0681458592461862E-4,0.002847152193457462,0.0127413519726598,8.642468186901365E-4,2.9051131710408486E-5,6.387008556048484E-5,1.2024479369781218E-4,0.0012389662701039078,7.476252582279137E-4],[0.0021799927246321646,1.3125414489408095E-4,8.808671354813937E-4,7.599553905296018E-4,0.0035928252318551766,6.428051349511631E-4,0.0030905598800803342,7.330397275345381E-4,0.004193237594597631,0.003219162808991257,1.0,0.0024720306758105057,0.002044983456854984,2.8617061241617813E-4,0.0033328302251698057,8.816965927253878E-4,8.752341540338886E-4,0.01309581374273837,0.003819934942560367,0.001837324011907228,0.0023312301574872733,0.003539868297779121,0.003061113291412566,0.002310495803345932,0.015262823323306187,0.0028157820589852,0.001970915750446387,1.917127800664319E-4,0.012924388386203309,0.014531986737538676,0.0010601118937318501,0.0033114918528884653,0.00453068228157693,0.0026085928425877767,9.000927605139391E-5,0.0023751471402157077,0.0022326693500993896,0.005282847409564696,0.006053847756075659,0.00275291671302963,0.0013717018650524198,0.0015182163891563714,0.0016549974739905123,0.0034948740263471296,0.00168244315117527],[5.075464122395419E-5,1.1312570152086997E-5,1.0128919751367349E-4,2.9952496337443483E-5,0.002947983066500621,3.538057282614339E-5,0.0012182360941535358,1.1442192462641094E-4,0.014653717180455588,5.836653234202825E-5,0.0024720306758105057,1.0,9.358639991960502E-5,3.370468278896895E-5,6.569091452761499E-5,2.126673794845489E-5,6.757639162328659E-5,0.0052698646321824695,2.919688627425368E-4,3.208029035208568E-5,3.5226997273042767E-4,0.0011859440227516237,0.0010877363298009148,4.7431651636939165E-5,0.016790432806743163,1.931618426501582E-4,6.283831733412806E-5,1.1274813228682893E-5,0.0022961191015798076,0.01819844485079709,1.9902542153943595E-4,5.560732609818978E-4,0.0038101178178224413,4.492837828074184E-5,1.300428648487958E-5,1.5517417171358574E-4,1.1422971237345558E-5,9.029498097505797E-4,0.007515211789621664,9.64539702916903E-4,1.2033759223889176E-5,1.7795167989694727E-5,4.0164878627308866E-5,6.207998129966468E-4,7.970421366889305E-4],[1.52670845373633E-4,4.147826811403423E-5,1.5590123936002807E-4,1.293396402760795E-4,0.0021857149915565175,6.504367588590895E-5,0.0028850616065891213,1.498698836998507E-4,0.01944440439589877,1.3652051036233448E-4,0.002044983456854984,9.358639991960502E-5,1.0,9.933094140008572E-5,1.4499345614667818E-4,3.699514764037927E-5,1.4698254528977518E-4,0.012279889406829734,3.571296475451843E-4,1.1979242259263085E-4,4.372766952162487E-4,0.002576525113099011,4.290186337438822E-4,1.2651234928373273E-4,0.003227667714555554,2.31274090312816E-4,1.2068878503957825E-4,3.2463890249555515E-5,0.014155383566941633,0.016404137579458928,2.5783407148604866E-4,5.93678937288944E-4,8.468895561202806E-4,1.1399470752580432E-4,1.1762225327408208E-4,1.7287957750922864E-4,1.2573440032337258E-4,0.00767170023128299,0.007115790576919551,9.646221979625396E-4,7.943979957403843E-5,1.0565954682036878E-4,1.349556872545262E-4,6.400789735924775E-4,7.549462224964422E-4],[4.2208696301952064E-5,2.517576413529708E-5,1.0509543502768907E-4,4.0813313525350495E-5,0.0012738866007367961,4.2961706362348825E-5,4.5257378631000984E-4,8.323154619644104E-5,0.010394491852512733,9.476351530712221E-5,2.8617061241617813E-4,3.370468278896895E-5,9.933094140008572E-5,1.0,4.975863618505462E-5,3.357891737486528E-5,1.3068208163675852E-4,0.008435294350882095,1.0343724510706963E-4,4.950388183793788E-5,3.744932642357136E-4,2.2571025763504373E-4,5.805072385322021E-4,5.030504514954334E-5,0.011758557873074052,9.483099342292857E-5,6.437253393394465E-5,2.4098565949913275E-5,0.00129673981851953,0.018332624537580722,3.3492288047858916E-4,1.5274213085013935E-4,0.003346118704209798,4.287079431501756E-5,3.2302256414844513E-5,1.8352981589224952E-4,3.13947745433274E-5,0.0025243302643556164,0.0072630602505610676,8.041610332232178E-4,3.788471768297318E-5,3.5775826712830025E-5,6.550401127422561E-5,1.2451043246837476E-4,2.893671578766583E-4],[1.4468983092067754E-4,5.479031983074472E-5,1.5507347452325726E-4,8.90379132483842E-5,0.0029548917509470327,7.662453559562326E-5,3.888131634836462E-4,1.5845862970664598E-4,0.016295652179419983,1.335411906613099E-4,0.0033328302251698057,6.569091452761499E-5,1.4499345614667818E-4,4.975863618505462E-5,1.0,1.1797465963176115E-4,1.332477930584188E-4,0.0044443904155365855,4.5796254933991586E-4,1.1881483225895505E-4,2.5428904075038407E-4,0.0030733903481581586,6.410525612524207E-4,1.1492575451748591E-4,0.0016414353287858207,2.5604550174324845E-4,1.233474850495874E-4,6.890028275544243E-5,0.011503230391221397,0.009905579211363355,3.6971125371258046E-4,1.4739436434050638E-4,0.0014527017610961276,1.249106245636144E-4,4.518712904145874E-5,1.3816927562935953E-4,7.875806783074502E-5,0.005559763102899326,0.006980589565009907,8.975787621497086E-4,1.1110701647531176E-4,1.0701192105362197E-4,1.2001099940621435E-4,0.0012087667389618132,0.0012583588652618645],[3.954090531124107E-5,1.2982088764615504E-5,1.0493377109473588E-4,3.391328416617906E-5,0.0015587659381263335,3.121474296896985E-5,5.4761761947991815E-5,1.655280138931951E-4,0.011995703597846958,7.914301765068403E-5,8.816965927253878E-4,2.126673794845489E-5,3.699514764037927E-5,3.357891737486528E-5,1.1797465963176115E-4,1.0,8.018287683097131E-5,0.003738475880030802,5.577671179236473E-5,6.975049320694812E-5,2.292579027004744E-4,1.0367683533380648E-4,0.0013224124757257954,4.8838617467371235E-5,0.0010261570525833933,7.436903618394247E-5,8.307032153646074E-5,2.341541317054369E-5,0.007453987632342816,0.014815048167404596,1.4655776209462212E-4,9.82685614857671E-4,0.002248325603279262,4.153833098064061E-5,2.6850732945834517E-5,1.4939494601555887E-4,2.385592594758748E-5,0.007571042347748788,8.228067863368572E-4,6.727629820341247E-4,1.5720287582674937E-5,2.768359363512926E-5,9.35152729786937E-5,0.0010025254508249427,0.0010005498275932959],[1.387732806572973E-4,3.658049052586434E-5,1.7132742552790605E-4,9.172484272145149E-5,0.001859277987179334,9.056506052691273E-5,4.3536451980731117E-4,1.9626913651590787E-4,0.011534115014335338,1.316269988137442E-4,8.752341540338886E-4,6.757639162328659E-5,1.4698254528977518E-4,1.3068208163675852E-4,1.332477930584188E-4,8.018287683097131E-5,1.0,0.003182283884739443,2.87106915496827E-4,1.1718588383827634E-4,2.1149734959550394E-4,0.0016021055280865549,0.0010015498991872967,1.0066363188741821E-4,0.02082166943176026,1.672338333574185E-4,1.0879679008154882E-4,1.5826025460358913E-5,0.010193260857010743,0.02083960900122534,1.529158674598123E-4,4.6342176549211175E-4,0.0011219764490747691,8.363809328682918E-5,3.153853249510863E-5,1.6794415895886636E-4,4.9368428453578455E-5,0.010040892238557525,0.008964780450163521,1.3350584527001426E-4,1.3268307613144672E-5,1.0036270871922331E-4,1.2541323274045966E-4,0.0012831361891544584,4.082277654016321E-4],[0.0029046401568650947,0.01111199072185174,0.013373924224317721,0.014430406365737291,0.014182816772664477,0.006513699716475545,0.008868774083149249,0.011334355769065994,0.017762827663296305,0.007885828064913392,0.01309581374273837,0.0052698646321824695,0.012279889406829734,0.008435294350882095,0.0044443904155365855,0.003738475880030802,0.003182283884739443,1.0,0.016076453181897654,0.013757766831237398,0.008929425828955322,0.01263672465019749,0.0055941129141205085,0.002178041469450335,0.0187112254763689,0.008959085309759942,0.007114895857274316,0.0021775101537653504,0.014688250454431777,0.017553891123971287,0.008748809801550789,0.010410728576206377,0.006022421088321248,0.01631139123861598,0.015850794695181112,0.0014693240392308665,0.011153760382827458,0.013119241308621485,0.01576297093224202,0.012254148042508798,0.015081461403014952,0.01382680500223588,0.00463360078378407,0.011281171045702598,0.012392356122485095],[4.249655505291947E-4,2.405458907595856E-4,3.923340787498955E-4,1.9144208744504096E-4,0.003208392648926169,1.225302584145631E-4,9.675078690922672E-4,2.7492662532666706E-4,0.0036182822613150907,5.167949904390709E-4,0.003819934942560367,2.919688627425368E-4,3.571296475451843E-4,1.0343724510706963E-4,4.5796254933991586E-4,5.577671179236473E-5,2.87106915496827E-4,0.016076453181897654,1.0,4.953901693756117E-4,5.219094597815418E-4,0.002799161942113001,0.0012169236382917536,3.847843600478259E-4,0.01584376262188246,4.005091203891193E-4,4.924936896721454E-4,2.0178219438732E-4,0.0034769703519688623,0.014445241247540406,5.219885693670332E-4,9.425046069818969E-4,0.0011274355685527875,7.898478184720003E-5,5.154135777587286E-4,3.213297476687026E-4,9.298574980972184E-5,0.001380610716497419,0.009334193999057612,9.609763316328576E-4,4.6083774330919747E-4,4.1976645597994555E-4,1.7385050511620784E-4,9.669025095618985E-4,0.0011061942634201889],[1.4385849378545894E-4,4.815182046878238E-5,1.6082460427415795E-4,5.653637477497084E-5,0.0031514495803191575,9.730922987429794E-5,0.002577284736344078,2.0201588089326545E-4,0.008027049384632806,1.083780577262458E-4,0.001837324011907228,3.208029035208568E-5,1.1979242259263085E-4,4.950388183793788E-5,1.1881483225895505E-4,6.975049320694812E-5,1.1718588383827634E-4,0.013757766831237398,4.953901693756117E-4,1.0,4.7542084894894136E-4,7.859821960132045E-4,7.874865692501047E-4,6.757758665149814E-5,0.0147000599216521,2.7419999747392457E-4,1.0450706853471219E-4,8.260378991299498E-5,0.0140768788306761,0.013785906479401672,3.483050167105298E-4,7.752339451900441E-4,0.005162781129997521,8.56076173806857E-5,3.793109939095248E-5,2.0350790218095629E-4,5.569599511762824E-5,0.0016743554628497017,0.008853908577352926,7.968181902524925E-4,8.896866613399338E-5,1.0548284282801679E-4,1.073798839012785E-4,6.245328952806634E-4,7.171072263214386E-4],[4.7765467135808993E-4,1.0607752981391749E-4,2.699575069905959E-4,2.0824241256093526E-4,0.0028381881842041547,4.606666105193374E-4,0.0027853421049022333,3.108189991909435E-4,0.01606725166819873,1.8048876452859633E-4,0.0023312301574872733,3.5226997273042767E-4,4.372766952162487E-4,3.744932642357136E-4,2.5428904075038407E-4,2.292579027004744E-4,2.1149734959550394E-4,0.008929425828955322,5.219094597815418E-4,4.7542084894894136E-4,1.0,5.733583334465418E-4,5.25710587402648E-4,1.4318033013343827E-4,0.008760639617950343,3.7229481774159645E-4,3.7389626412896124E-4,3.4580094665508706E-4,0.007257158434796006,0.013771940863537113,4.6310540648461556E-4,8.11460331918803E-4,0.0028568424891893592,3.04210432171164E-4,3.8443453636137606E-4,3.1515043061495644E-4,1.6553066108167697E-4,0.010238457715226064,5.668820778839585E-4,5.470300604177646E-4,4.590426005317431E-4,4.241941159339564E-4,2.2794770955393952E-4,0.0012422877416274941,8.932600423785139E-4],[1.9138011456406196E-4,0.0017802375070563642,0.0031708726427231424,0.002734180750370147,0.0034786798456724675,0.0011463263660671445,0.003291971600413526,0.0029763200096477845,0.005293076699771709,0.003289115096665576,0.003539868297779121,0.0011859440227516237,0.002576525113099011,2.2571025763504373E-4,0.0030733903481581586,1.0367683533380648E-4,0.0016021055280865549,0.01263672465019749,0.002799161942113001,7.859821960132045E-4,5.733583334465418E-4,1.0,0.0032172625963667045,0.0021400540230772864,0.011208229738434852,0.001513488804027387,5.121140802269942E-4,9.16758192793577E-4,0.012154236166551563,0.020607686824950937,0.0018284726506962818,0.0031593320675164897,0.005094450159183878,7.082192185462981E-4,0.0022863647127173985,3.5931645462571765E-4,3.1424478366059956E-4,0.010590827408685607,0.009881290792512407,0.003330483993012325,5.923064413967152E-4,5.2250277120065674E-5,0.0013809808495394724,0.0016339980557100158,0.0014569710263763588],[7.085226411772873E-4,5.9238625400097816E-5,4.2160749727426344E-4,3.7974281077608686E-4,0.0025708169793012383,2.0594353914030715E-4,0.002339888577478415,8.112196465933559E-4,0.018846629512683614,9.007512126677319E-4,0.003061113291412566,0.0010877363298009148,4.290186337438822E-4,5.805072385322021E-4,6.410525612524207E-4,0.0013224124757257954,0.0010015498991872967,0.0055941129141205085,0.0012169236382917536,7.874865692501047E-4,5.25710587402648E-4,0.0032172625963667045,1.0,0.0010667587561750697,0.021599610835242995,5.425697438124294E-4,0.0012200433642281464,4.906636573011092E-4,0.009322542624949508,0.009962480234366942,7.912746208968938E-4,0.0012317607153127493,0.0021071518311524175,8.73702327439688E-4,6.713362330128919E-4,3.1282382451971167E-4,4.843284145589702E-4,0.007914136347787244,0.003896976506831666,0.001274582833936841,0.0012736539556830887,0.0010413337014427658,2.224990675868739E-4,0.001327316956976961,0.001406170701613952],[8.394375248556444E-5,3.2134936883258346E-5,9.328920904937987E-5,4.457738640326216E-5,0.0026313646566204635,4.786775898243991E-5,0.0016093308280442941,1.277096424066245E-4,0.010683952126434935,1.2248955602332142E-4,0.002310495803345932,4.7431651636939165E-5,1.2651234928373273E-4,5.030504514954334E-5,1.1492575451748591E-4,4.8838617467371235E-5,1.0066363188741821E-4,0.002178041469450335,3.847843600478259E-4,6.757758665149814E-5,1.4318033013343827E-4,0.0021400540230772864,0.0010667587561750697,1.0,0.006544323019516421,5.7383175457595E-5,6.767812279107928E-5,3.931219383992212E-5,0.01252959507015328,8.629080609802984E-4,9.978756700489518E-5,4.086774303866775E-4,4.5515773742481265E-4,4.750047426848799E-5,2.8623053928126782E-5,1.6895533293796646E-4,2.787114748194528E-5,0.007503617954516629,0.009205645486382153,0.0011489455671828042,5.0149446579944333E-5,5.023911353121264E-5,5.3686581945499535E-5,2.8669848582635777E-4,5.072767727594126E-4],[0.008787120137678338,0.007165198717521646,0.008669306007642267,0.015521843399588758,0.013012339311429606,0.013415822001566427,0.007942723368614204,0.007513628148515346,0.022074266943089085,0.0021861591361246858,0.015262823323306187,0.016790432806743163,0.003227667714555554,0.011758557873074052,0.0016414353287858207,0.0010261570525833933,0.02082166943176026,0.0187112254763689,0.01584376262188246,0.0147000599216521,0.008760639617950343,0.011208229738434852,0.021599610835242995,0.006544323019516421,1.0,0.0035657612987569803,0.006394009174822532,0.013654395025556487,0.020945227796599936,0.023073959084544484,0.00430916455395853,0.01375396893567146,0.018467898645061726,0.018295674348781907,0.010041010682725036,0.011452389246782891,0.019562559230083352,0.0160938457956812,0.01764715481289537,0.0074178313880877075,0.012227420356883414,0.01676304950209302,0.009322342541214536,0.004528656396497206,0.020337138335041176],[2.1249114501787722E-4,1.334715676627812E-4,2.7285597999198276E-4,2.2015090190278034E-4,7.79117258647708E-4,2.7253938657545066E-4,6.533053849119065E-4,2.7490581885066174E-4,0.018669445522236233,1.5706715185949703E-4,0.0028157820589852,1.931618426501582E-4,2.31274090312816E-4,9.483099342292857E-5,2.5604550174324845E-4,7.436903618394247E-5,1.672338333574185E-4,0.008959085309759942,4.005091203891193E-4,2.7419999747392457E-4,3.7229481774159645E-4,0.001513488804027387,5.425697438124294E-4,5.7383175457595E-5,0.0035657612987569803,1.0,1.628273326462587E-4,1.9698721495607857E-4,0.00908562324829763,0.012016249042848754,3.179478661599071E-4,5.52105607904671E-4,0.0012010897609963263,2.424377560510312E-4,1.3478506328019107E-4,2.286695349445612E-4,1.969256741653446E-4,7.567002194922167E-4,0.010653351129789594,6.325615203208806E-4,4.141314151843592E-5,7.085481976476804E-5,1.1469151804754647E-4,8.863780005875848E-4,8.034188154826772E-4],[1.4257035156739362E-4,3.812095389025902E-5,1.23379456528374E-4,6.24930769477985E-5,0.0024623305572467275,9.294947246644369E-5,1.055991737910564E-4,1.9755867379872804E-4,0.011959661904542982,1.0776967762649598E-4,0.001970915750446387,6.283831733412806E-5,1.2068878503957825E-4,6.437253393394465E-5,1.233474850495874E-4,8.307032153646074E-5,1.0879679008154882E-4,0.007114895857274316,4.924936896721454E-4,1.0450706853471219E-4,3.7389626412896124E-4,5.121140802269942E-4,0.0012200433642281464,6.767812279107928E-5,0.006394009174822532,1.628273326462587E-4,1.0,2.9096670126338623E-5,5.917286535951796E-4,0.01641820012649318,2.3739214781959465E-4,7.142813340571836E-4,6.829155178693494E-4,5.910152832487436E-5,3.621211967650238E-5,1.791205975491016E-4,6.478183774546099E-5,0.004927885720743122,0.004683593727191787,3.29497728016879E-4,7.965129402369676E-5,6.028552652439759E-5,1.0559535163045043E-4,7.880791955821162E-4,5.805642546574381E-4],[9.920624419550525E-5,1.1372543900963915E-5,1.1059910233444424E-4,3.2882234059189566E-5,0.0020388630063055786,1.6799296939018106E-5,0.0017166252639555922,1.5104082846429195E-4,0.006314565259067326,1.1891246814426916E-4,1.917127800664319E-4,1.1274813228682893E-5,3.2463890249555515E-5,2.4098565949913275E-5,6.890028275544243E-5,2.341541317054369E-5,1.5826025460358913E-5,0.0021775101537653504,2.0178219438732E-4,8.260378991299498E-5,3.4580094665508706E-4,9.16758192793577E-4,4.906636573011092E-4,3.931219383992212E-5,0.013654395025556487,1.9698721495607857E-4,2.9096670126338623E-5,1.0,0.006032794893073888,0.022109675352556424,3.0355615627277805E-4,9.233064524634976E-4,0.00197495305194034,1.1739463597279437E-5,1.5821693311939997E-5,1.27163178920163E-5,1.1471059872603526E-5,0.007285387214087495,0.01094187205822039,9.78380962185701E-5,1.1964849790838994E-5,1.645016172158949E-5,6.048867153047608E-5,6.37906992311381E-5,1.554922019066712E-4],[0.0024155273678087086,0.003969106911199964,0.0017735427944104928,0.0012778271142790812,0.008991661650116313,0.012603925921610996,0.01424684393479348,0.0053039461459079675,0.020607369536818455,0.014148354293395523,0.012924388386203309,0.0022961191015798076,0.014155383566941633,0.00129673981851953,0.011503230391221397,0.007453987632342816,0.010193260857010743,0.014688250454431777,0.0034769703519688623,0.0140768788306761,0.007257158434796006,0.012154236166551563,0.009322542624949508,0.01252959507015328,0.020945227796599936,0.00908562324829763,5.917286535951796E-4,0.006032794893073888,1.0,0.020109133904330778,0.007900162411250576,0.0075759811326390775,0.006840412604312012,0.0039689197939188885,0.013548159056743099,0.00782789584262133,0.014474388208024219,0.011146899528293829,0.014405356259764902,0.013979568543561494,0.0033715878572192254,0.007107386538772909,0.010586734486001562,0.012484058046420556,0.009763288460330094],[0.002217815434433229,0.010398418678703792,0.017020636910288406,0.013729932899930158,0.018934484944886344,0.013874774252706413,0.01394193711703753,0.004266480352621027,0.023146768980237487,0.016842041563999596,0.014531986737538676,0.01819844485079709,0.016404137579458928,0.018332624537580722,0.009905579211363355,0.014815048167404596,0.02083960900122534,0.017553891123971287,0.014445241247540406,0.013785906479401672,0.013771940863537113,0.020607686824950937,0.009962480234366942,8.629080609802984E-4,0.023073959084544484,0.012016249042848754,0.01641820012649318,0.022109675352556424,0.020109133904330778,1.0,0.007779707441785171,0.008205085561025456,0.02295015870569139,0.008467645840781527,0.011892012796229435,0.0077970870842496084,0.02160839883891381,0.011623365194811835,0.019646143923339156,0.016931933673475136,0.0011197013938576668,0.02160841520592154,0.009953528510792562,0.019504038669155385,0.0022071629594849714],[3.196914104353736E-4,2.8876705111244484E-4,3.2137296650521055E-4,3.280188159836131E-4,0.0011072642191703053,8.648346752445007E-5,9.172550786115297E-4,4.20546847083526E-4,0.0130930489640773,2.833317247653888E-4,0.0010601118937318501,1.9902542153943595E-4,2.5783407148604866E-4,3.3492288047858916E-4,3.6971125371258046E-4,1.4655776209462212E-4,1.529158674598123E-4,0.008748809801550789,5.219885693670332E-4,3.483050167105298E-4,4.6310540648461556E-4,0.0018284726506962818,7.912746208968938E-4,9.978756700489518E-5,0.00430916455395853,3.179478661599071E-4,2.3739214781959465E-4,3.0355615627277805E-4,0.007900162411250576,0.007779707441785171,1.0,6.737376149725228E-4,0.004811775227168215,3.86198872390855E-4,2.396255056799867E-4,2.3785614939583432E-4,2.3088309842431358E-5,0.006544931968937886,0.013205539347261798,0.0010697989113345175,3.599458099623786E-4,1.2646871040626937E-4,1.4418458734381245E-4,0.0010465033232299932,5.190341841472882E-4],[8.938314167498399E-4,1.7709530915446463E-5,5.749174124461316E-4,1.8103986156579524E-4,0.002819861236356241,0.0010451290463616366,0.0028622122037985005,6.317527555874548E-4,0.015484648662860095,2.2760426973103708E-4,0.0033114918528884653,5.560732609818978E-4,5.93678937288944E-4,1.5274213085013935E-4,1.4739436434050638E-4,9.82685614857671E-4,4.6342176549211175E-4,0.010410728576206377,9.425046069818969E-4,7.752339451900441E-4,8.11460331918803E-4,0.0031593320675164897,0.0012317607153127493,4.086774303866775E-4,0.01375396893567146,5.52105607904671E-4,7.142813340571836E-4,9.233064524634976E-4,0.0075759811326390775,0.008205085561025456,6.737376149725228E-4,1.0,0.0043119043745809115,3.666559429033221E-4,6.018049897152059E-4,6.100978131526594E-4,7.188373247919189E-4,0.006585932841893799,0.0071663217987683984,0.0011382748127897985,4.541647945187797E-4,9.023719921991246E-4,4.691732997552732E-4,0.0012568587940306546,0.0010726559322814858],[0.0011152724961616353,0.004578309990713153,0.004598987682348623,1.660866497061525E-4,0.0034873395203963956,0.005250711027598667,0.004921055298935885,0.0020358122255538765,0.011739440432659145,0.0033271085362314126,0.00453068228157693,0.0038101178178224413,8.468895561202806E-4,0.003346118704209798,0.0014527017610961276,0.002248325603279262,0.0011219764490747691,0.006022421088321248,0.0011274355685527875,0.005162781129997521,0.0028568424891893592,0.005094450159183878,0.0021071518311524175,4.5515773742481265E-4,0.018467898645061726,0.0012010897609963263,6.829155178693494E-4,0.00197495305194034,0.006840412604312012,0.02295015870569139,0.004811775227168215,0.0043119043745809115,1.0,9.74494769480618E-4,0.003034619079549007,0.00284558668575269,0.002668375089785776,0.009118797498975333,0.009627857571833983,0.005030265984466246,0.0028636112869881315,7.332736799657247E-4,0.005189382352356451,0.0015455385473255815,0.005192512238557723],[7.914812814882687E-5,3.7231825427838754E-5,1.421451378785627E-4,4.491901782191289E-5,0.0027222227771201038,4.4593723016634056E-5,0.0021449524017615774,1.7905359140658924E-4,0.014447398581978087,9.97672458451249E-5,0.0026085928425877767,4.492837828074184E-5,1.1399470752580432E-4,4.287079431501756E-5,1.249106245636144E-4,4.153833098064061E-5,8.363809328682918E-5,0.01631139123861598,7.898478184720003E-5,8.56076173806857E-5,3.04210432171164E-4,7.082192185462981E-4,8.73702327439688E-4,4.750047426848799E-5,0.018295674348781907,2.424377560510312E-4,5.910152832487436E-5,1.1739463597279437E-5,0.0039689197939188885,0.008467645840781527,3.86198872390855E-4,3.666559429033221E-4,9.74494769480618E-4,1.0,3.0045294543345942E-5,1.4958105793807624E-4,3.476734726347253E-5,0.00443697677006938,0.012579007328462913,9.506848251324784E-4,4.4813104250255516E-5,3.7773827410186094E-5,6.795272242099706E-5,9.079706009416E-5,0.0013915417022575744],[8.625788500041727E-5,1.7775418570183673E-5,7.688117697958783E-5,2.287906958447E-5,0.0024923371499239897,2.690120128348246E-5,0.0015616863658320951,1.7334696459749872E-4,0.02001209732587824,1.243922927693389E-4,9.000927605139391E-5,1.300428648487958E-5,1.1762225327408208E-4,3.2302256414844513E-5,4.518712904145874E-5,2.6850732945834517E-5,3.153853249510863E-5,0.015850794695181112,5.154135777587286E-4,3.793109939095248E-5,3.8443453636137606E-4,0.0022863647127173985,6.713362330128919E-4,2.8623053928126782E-5,0.010041010682725036,1.3478506328019107E-4,3.621211967650238E-5,1.5821693311939997E-5,0.013548159056743099,0.011892012796229435,2.396255056799867E-4,6.018049897152059E-4,0.003034619079549007,3.0045294543345942E-5,1.0,8.132000699609268E-5,1.566260320948225E-5,5.114331217193654E-4,0.00377487610457568,0.001002589160209555,1.2778158089578744E-5,2.5596349412406944E-5,7.958475347417229E-5,5.601851398578261E-4,0.0011181764426232699],[2.0891946886833704E-4,2.0464934785963668E-4,1.9005102511301364E-4,1.478913164906906E-4,8.895149548137416E-4,1.3749114724681045E-4,0.0027228591060434277,2.1523902842451165E-4,0.009070754886788518,2.0834073512153027E-4,0.0023751471402157077,1.5517417171358574E-4,1.7287957750922864E-4,1.8352981589224952E-4,1.3816927562935953E-4,1.4939494601555887E-4,1.6794415895886636E-4,0.0014693240392308665,3.213297476687026E-4,2.0350790218095629E-4,3.1515043061495644E-4,3.5931645462571765E-4,3.1282382451971167E-4,1.6895533293796646E-4,0.011452389246782891,2.286695349445612E-4,1.791205975491016E-4,1.27163178920163E-5,0.00782789584262133,0.0077970870842496084,2.3785614939583432E-4,6.100978131526594E-4,0.00284558668575269,1.4958105793807624E-4,8.132000699609268E-5,1.0,1.5306617416537398E-4,0.009645094866879547,0.009706846771989498,0.0011118411669678633,9.453588700854836E-5,4.380857358649126E-5,1.8058844564439473E-4,4.969854807408877E-4,3.8763871596768704E-4],[6.759037030478419E-5,1.1697391205259285E-5,8.097054603070224E-5,2.2071124807721144E-5,5.809846736134645E-5,1.3368301775339372E-5,0.001075435408019069,1.9039843823512256E-5,0.009911027758413675,1.0681458592461862E-4,0.0022326693500993896,1.1422971237345558E-5,1.2573440032337258E-4,3.13947745433274E-5,7.875806783074502E-5,2.385592594758748E-5,4.9368428453578455E-5,0.011153760382827458,9.298574980972184E-5,5.569599511762824E-5,1.6553066108167697E-4,3.1424478366059956E-4,4.843284145589702E-4,2.787114748194528E-5,0.019562559230083352,1.969256741653446E-4,6.478183774546099E-5,1.1471059872603526E-5,0.014474388208024219,0.02160839883891381,2.3088309842431358E-5,7.188373247919189E-4,0.002668375089785776,3.476734726347253E-5,1.566260320948225E-5,1.5306617416537398E-4,1.0,0.010439405473899925,0.00704194036910218,1.8636754420779244E-4,1.2168015849813916E-5,2.1983751872957817E-5,1.0018335172373725E-4,0.0011792196863639386,2.923078845755976E-4],[0.0036508993870590285,0.007765445403432888,0.003528207797937685,0.0042759733339754625,0.010932168615634601,0.0015100472723160372,0.009928733556783267,0.004437317414151309,0.022022265699353914,0.002847152193457462,0.005282847409564696,9.029498097505797E-4,0.00767170023128299,0.0025243302643556164,0.005559763102899326,0.007571042347748788,0.010040892238557525,0.013119241308621485,0.001380610716497419,0.0016743554628497017,0.010238457715226064,0.010590827408685607,0.007914136347787244,0.007503617954516629,0.0160938457956812,7.567002194922167E-4,0.004927885720743122,0.007285387214087495,0.011146899528293829,0.011623365194811835,0.006544931968937886,0.006585932841893799,0.009118797498975333,0.00443697677006938,5.114331217193654E-4,0.009645094866879547,0.010439405473899925,1.0,0.012294908019241739,0.007465256822034697,0.0050006601228965815,0.009752868361079385,0.0013605339470501316,0.0032227223359562202,0.004866267418141488],[8.25207545382128E-4,0.009893636094132931,0.005341066779369323,0.004488302918534046,0.0063872254036382485,0.00791599249633908,0.011932533326949109,0.009448100315229645,0.015780125536232068,0.0127413519726598,0.006053847756075659,0.007515211789621664,0.007115790576919551,0.0072630602505610676,0.006980589565009907,8.228067863368572E-4,0.008964780450163521,0.01576297093224202,0.009334193999057612,0.008853908577352926,5.668820778839585E-4,0.009881290792512407,0.003896976506831666,0.009205645486382153,0.01764715481289537,0.010653351129789594,0.004683593727191787,0.01094187205822039,0.014405356259764902,0.019646143923339156,0.013205539347261798,0.0071663217987683984,0.009627857571833983,0.012579007328462913,0.00377487610457568,0.009706846771989498,0.00704194036910218,0.012294908019241739,1.0,0.00484201764463406,0.009838108708327893,0.007038819718386141,3.549097167808629E-4,0.005570346897119759,0.011404714892365482],[3.9743704375653057E-4,1.7802881515713203E-4,0.0011451489146802503,4.948807818079019E-4,0.0023611697080812327,1.8654036539267796E-4,0.0024735502999174196,0.0011353729183258374,0.015832879186941807,8.642468186901365E-4,0.00275291671302963,9.64539702916903E-4,9.646221979625396E-4,8.041610332232178E-4,8.975787621497086E-4,6.727629820341247E-4,1.3350584527001426E-4,0.012254148042508798,9.609763316328576E-4,7.968181902524925E-4,5.470300604177646E-4,0.003330483993012325,0.001274582833936841,0.0011489455671828042,0.0074178313880877075,6.325615203208806E-4,3.29497728016879E-4,9.78380962185701E-5,0.013979568543561494,0.016931933673475136,0.0010697989113345175,0.0011382748127897985,0.005030265984466246,9.506848251324784E-4,0.001002589160209555,0.0011118411669678633,1.8636754420779244E-4,0.007465256822034697,0.00484201764463406,1.0,6.590684046811321E-5,4.913902924944122E-4,2.6327693768124667E-4,0.0012209882851009254,0.0014022594062468897],[3.508740980099856E-5,1.1584402886808502E-5,4.422620025701142E-5,2.9637580200855135E-5,0.0021200933281049408,4.0121575257947144E-5,1.3340366423551515E-4,6.232057910596346E-5,0.020022795845304465,2.9051131710408486E-5,0.0013717018650524198,1.2033759223889176E-5,7.943979957403843E-5,3.788471768297318E-5,1.1110701647531176E-4,1.5720287582674937E-5,1.3268307613144672E-5,0.015081461403014952,4.6083774330919747E-4,8.896866613399338E-5,4.590426005317431E-4,5.923064413967152E-4,0.0012736539556830887,5.0149446579944333E-5,0.012227420356883414,4.141314151843592E-5,7.965129402369676E-5,1.1964849790838994E-5,0.0033715878572192254,0.0011197013938576668,3.599458099623786E-4,4.541647945187797E-4,0.0028636112869881315,4.4813104250255516E-5,1.2778158089578744E-5,9.453588700854836E-5,1.2168015849813916E-5,0.0050006601228965815,0.009838108708327893,6.590684046811321E-5,1.0,1.833173146836017E-5,7.026009720744695E-5,0.0012387164765191078,9.536785847702894E-4],[1.4188378305888725E-4,1.1619472729045496E-5,1.3459352098281696E-4,3.201615264117537E-5,0.0016867638919928559,3.0069660113756327E-5,0.0018808561230955116,1.4361066290175014E-4,0.012025914172060058,6.387008556048484E-5,0.0015182163891563714,1.7795167989694727E-5,1.0565954682036878E-4,3.5775826712830025E-5,1.0701192105362197E-4,2.768359363512926E-5,1.0036270871922331E-4,0.01382680500223588,4.1976645597994555E-4,1.0548284282801679E-4,4.241941159339564E-4,5.2250277120065674E-5,0.0010413337014427658,5.023911353121264E-5,0.01676304950209302,7.085481976476804E-5,6.028552652439759E-5,1.645016172158949E-5,0.007107386538772909,0.02160841520592154,1.2646871040626937E-4,9.023719921991246E-4,7.332736799657247E-4,3.7773827410186094E-5,2.5596349412406944E-5,4.380857358649126E-5,2.1983751872957817E-5,0.009752868361079385,0.007038819718386141,4.913902924944122E-4,1.833173146836017E-5,1.0,2.7495142334639917E-5,1.5837829470808647E-4,5.147660874912404E-4],[1.1187914514775564E-4,5.950061014034475E-5,1.682286215651674E-4,6.459756321911854E-5,6.994888539995468E-4,9.542510418152826E-5,5.833491044957879E-4,2.1693320196874044E-4,0.005375917072875558,1.2024479369781218E-4,0.0016549974739905123,4.0164878627308866E-5,1.349556872545262E-4,6.550401127422561E-5,1.2001099940621435E-4,9.35152729786937E-5,1.2541323274045966E-4,0.00463360078378407,1.7385050511620784E-4,1.073798839012785E-4,2.2794