[[1.0,0.01773089838017509,0.056321236717379715,0.04131765949578583,0.02475642195124389,0.05474013238267397,0.05058365602261818,0.04516555882259809,0.01088627813593137,0.0024703163061874384,0.0409451113449994,0.03918903414478907,0.023105091330093964,0.03371156778350171,0.044129749437015135,0.017721469362014197,0.055809641901208046,0.034069433326542706,0.0525311484934015,0.026648765935669397,0.054104433050648645,0.0019956690601673735,0.015089744303361989,0.014979958592246398,0.05886340203511687,0.0024392730465886536,0.008758272919509855,0.02247876649998079,0.015847132393136485,0.05093746552836941,0.01065059376347651,0.0373819538343802,0.04579887363262853,0.05436438854597779,0.056845302447731706,0.043137680034360366,0.07758036090955259,0.025123327055727104,0.058291135720989096,0.05976175206776349,0.013072810679305623,0.03499836170342881,0.027146438224257167,0.017286872527364407,0.05403838889693755,0.004137252977647287,0.06045802742879046],[0.01773089838017509,1.0,0.0020723865291790732,0.001760973569145374,0.0058097121553009855,0.0018000668779478606,0.001953514951250714,0.0013611320386440024,0.004363623262000509,8.36200583539981E-4,0.02099262898238091,0.0014676862748489836,0.009019629123130332,0.0013167549047028567,8.967848026979553E-4,0.0032364732888328965,0.0018830279482859088,0.0020487208177699104,0.004238183520329222,0.0012215177443563132,0.0112851620040785,0.0018125972852363502,0.0015495781146689352,3.978033761580129E-4,0.0019207678988167253,9.579092075339634E-4,0.0014545575319194074,0.00405353921834941,0.002075744251173781,7.973193857489346E-4,0.0024375383092627677,0.0014621091252375318,0.0023481234914669597,0.0017989329474822928,0.0010302236240636558,0.012811418811082697,0.0039271486735336335,0.0018620769038732558,0.001672683239645009,0.021730498897571605,4.459500126315399E-4,0.0019008143278192338,0.0021004062282852258,0.002230295445445079,0.0020122965534349843,0.001435587576054965,2.022560840104024E-4],[0.056321236717379715,0.0020723865291790732,1.0,0.001878897025691541,0.01153101335187115,0.0015762746757455157,0.002004265419585323,8.664837457615711E-4,0.0028342652980399285,7.052149279979091E-4,0.036671189537012386,5.997591531564319E-4,0.006052787769146194,0.0019049281460950182,0.001104320498090807,0.004495103154865241,0.0017811492782357369,0.0018152706231070797,0.004917139717067387,0.0019266905349985086,0.00503399668901827,0.0017577830484820926,4.031009874000638E-4,0.0017192988928969098,0.0015040042522163001,1.2343394323830059E-4,0.0016459719427148515,0.010149090759781224,7.394903346885163E-4,0.0013316312044689364,0.0024840755999847933,0.0011656717093126226,0.0024882088031904117,0.0017172912410840465,0.0015381982386202513,0.011103835117388324,0.024785446453468307,4.969143896993724E-4,0.0016741570209117679,0.03220109379194536,0.0012320809085673208,0.001286599272363129,0.002075511692697534,0.0021514389305932625,0.0014504035092204818,0.0011350333404006273,5.388649027237678E-4],[0.04131765949578583,0.001760973569145374,0.001878897025691541,1.0,0.006291826613709125,1.737817358546976E-5,9.85855813007183E-4,2.250307551686148E-4,0.0017633178784363535,1.5632376619975435E-4,0.02952919512515023,1.5461960143595257E-4,0.004208101233952594,3.5283472517776544E-4,1.679982149718859E-4,1.921018296534767E-4,9.763378619438261E-4,9.394898651484224E-4,0.01146634656500127,2.420460414661244E-4,0.010032512332528476,7.97481170829974E-4,2.526325136909675E-4,9.920920567710163E-5,1.0315015125481638E-4,1.3620344290737839E-4,1.7928092179090576E-4,0.008937252235350428,1.0644875145359429E-4,9.777201262868262E-5,0.0016375777379820191,4.967574051173068E-4,0.002202906975630901,3.65140138611829E-4,1.5636147904716835E-4,0.009418190978975833,0.0826434539233684,1.6951417633712614E-4,4.988688023634437E-4,0.0041278143319408225,1.316053409009521E-4,2.8568165902124467E-4,0.0016947553566864456,3.0452532148093664E-4,5.462047206427577E-4,1.6970381874429312E-4,6.769174588578609E-5],[0.02475642195124389,0.0058097121553009855,0.01153101335187115,0.006291826613709125,1.0,0.005088734400888617,0.006069888325994593,0.00987311851035762,0.0076543910585042075,0.002075691188989966,0.019905741809070066,0.0018718558808656332,0.01241313173214071,0.0033442527257202476,0.010067575973665683,0.010429646673212022,0.004661993639476264,0.009653140334705811,0.013116685884850003,0.005836998196156301,0.020132536534209766,0.008745630681511875,0.005593767640699318,0.0013667135222461926,0.004670408390982139,0.001975394719235868,0.0015576431795626996,0.012120984324568344,0.0042058484692280886,0.0060972881176793595,0.00701827291522285,0.009335062015432109,0.00835740894418108,0.006924485468823266,0.003283181299418004,0.012489802752427556,0.029965507618825767,0.006901945126762579,0.007423726161630459,0.02420586526163964,0.007265669571138533,0.008376650595806253,0.006945483365046643,0.0051813449575323235,0.004361253446120817,0.009112372205504005,0.002928739044380743],[0.05474013238267397,0.0018000668779478606,0.0015762746757455157,1.737817358546976E-5,0.005088734400888617,1.0,3.4472780265631307E-4,7.672470358339029E-5,8.251473215753431E-4,1.0243701997754887E-4,0.03577344133746038,3.15183446300901E-5,0.008198572218782844,9.735196762153537E-4,1.7821951455275936E-5,2.3826036407416097E-4,1.659029226303857E-4,0.0014297744154200783,0.009645536517684598,8.322697859871553E-4,0.019366177138372007,7.695014848115688E-5,3.0301386213197267E-4,1.974218343843994E-5,2.999202751430298E-5,7.779315223459633E-5,8.902385862567482E-5,0.010916320990580328,8.377899747301212E-5,3.0300562580674948E-5,0.0032880913449774563,0.0011200533026574956,0.0017929791852982029,8.947002609151995E-4,2.9167731315415093E-5,1.0784157309581069E-4,0.07224615651846118,4.0616810195296546E-5,0.0011690866613789923,0.005864697736888117,4.5169227906646437E-5,6.398608732658457E-4,5.268279746042414E-4,0.0020442461791673264,8.449283305054077E-4,7.499389907447852E-4,1.56589715876962E-5],[0.05058365602261818,0.001953514951250714,0.002004265419585323,9.85855813007183E-4,0.006069888325994593,3.4472780265631307E-4,1.0,0.0010720407971956656,0.003199052440065889,8.630890578475467E-4,0.023657635352170144,8.212298023595414E-4,0.012399329551419166,0.0011432639220219495,6.507755165048937E-4,0.0018056850641470718,0.0012136362983930797,0.0013730582071887782,0.004889954554469651,0.0011593270372066043,0.0012682878866030112,0.001102464944722674,9.1494876042333E-4,4.1102764649805003E-4,6.834514573544092E-4,6.748384886470983E-4,6.003218222318774E-4,0.00597338018160904,2.3001279106535215E-4,0.0010732818444387365,0.0014496501861435323,0.001139932850460408,0.0019363195767367906,0.001163004141734651,0.0010697583709451202,0.004834552291944507,0.06911670976073003,0.0010568295131157188,0.001239338066753115,0.03502727284787177,4.0441550647613277E-4,0.0011357306987437401,0.001243452157872895,0.0016115898807140569,0.0011326679142359495,0.001096463370272141,5.712519804956427E-4],[0.04516555882259809,0.0013611320386440024,8.664837457615711E-4,2.250307551686148E-4,0.00987311851035762,7.672470358339029E-5,0.0010720407971956656,1.0,0.00565599540270869,1.8680580504966025E-4,0.014638339339352853,2.305515585655128E-4,0.010192003773965364,3.55706860812173E-4,1.6978109621037827E-4,0.004726943508488726,6.630065551680524E-4,5.862496429353172E-4,0.007844598869936605,6.167414393194654E-4,0.0053088135605657855,4.600807831166784E-4,2.9412549310938005E-4,5.426223749979079E-5,2.6133578138728606E-4,2.2299851958740188E-4,2.5283004465311265E-4,0.0075287324784391926,1.0475831499715129E-4,2.329361576907649E-4,0.002814994990916076,0.0011468783225299535,0.002071357604924067,8.495534271533793E-4,2.0488255410166698E-4,0.009383927918633243,0.019856795607793874,2.603398888474125E-4,2.945782073001198E-4,0.022131000833485955,1.475168352359487E-4,6.609866589304487E-4,0.001166193819891911,6.458290770718134E-4,8.389534560030921E-4,2.847078127951885E-4,1.716684029295171E-4],[0.01088627813593137,0.004363623262000509,0.0028342652980399285,0.0017633178784363535,0.0076543910585042075,8.251473215753431E-4,0.003199052440065889,0.00565599540270869,1.0,0.0016383794024935115,0.010022579036620852,0.005273513000286637,0.00729506792189135,0.007102929150370908,0.006800878734474821,0.006298773351211204,0.0032174427274648185,0.0049863401041643565,0.0146392815786742,0.004402340775418515,0.01480530518938474,0.004180451240808375,0.0027798198744308305,3.9702623359897965E-4,0.006362451055661247,0.0014701124545138113,0.0013774217076209462,0.008974074600278943,0.004938363003812116,0.0011091441120331643,0.004334206033377214,0.002974935467877104,0.003817333514724945,0.002072812334705772,0.005723370840892557,0.00965779697524561,0.08944801642156915,8.267278052360182E-4,0.0017444717963331358,0.03063824466692757,0.0031668008885205727,0.00604128090818401,0.0031967715000530373,0.0046873935739173275,0.002991552988187424,0.003786794959520391,0.003994245979081464],[0.0024703163061874384,8.36200583539981E-4,7.052149279979091E-4,1.5632376619975435E-4,0.002075691188989966,1.0243701997754887E-4,8.630890578475467E-4,1.8680580504966025E-4,0.0016383794024935115,1.0,0.02028833752526533,1.3366738191751185E-4,9.750400883827687E-4,0.001053860485588116,1.5650073904731893E-4,0.00549098246381977,8.602205418251801E-4,0.0013546805009171257,0.0032446154516313883,3.973630075121332E-4,0.010397729728141689,7.269807272602376E-4,2.4008138664980463E-4,1.0610441751263121E-4,1.5179964029442343E-4,1.49713425157638E-4,2.009799922167409E-4,0.004000746442892319,9.429776059699139E-5,9.724682023332673E-5,0.0032692042505476043,2.934937564309271E-4,0.0018915909285472207,8.787017201941924E-4,1.5261619474654084E-4,0.005291105014002112,0.010237928462658115,1.587079856862541E-4,2.3069835101627642E-4,0.004017477160231601,1.474858956772277E-4,4.478269400431656E-4,9.317799262535984E-4,0.0010086473554873538,4.152259249813468E-4,5.548357139397577E-4,1.4941366558842713E-4],[0.0409451113449994,0.02099262898238091,0.036671189537012386,0.02952919512515023,0.019905741809070066,0.03577344133746038,0.023657635352170144,0.014638339339352853,0.010022579036620852,0.02028833752526533,1.0,0.002348205686999933,0.02133205681178311,0.01411689829369458,0.030544429703501852,0.014253853852525046,0.0021346232104408657,0.01478208964980008,0.02595102832933214,0.01541652073519923,0.025953337951074625,0.024558408639671507,0.006649262813591466,0.01909980806695843,0.00555716479087661,0.03601398115895853,0.018991158402503667,0.013058053214784782,0.0031177980169434343,0.032403502332360216,0.03334223550941498,0.030271417007899194,0.018432550311574723,0.008844009234347822,0.0017822536836079165,0.021931682154967755,0.0900573933946304,0.025471421032190297,0.0189083270243472,0.039370103816983124,0.033971564595642004,0.03421526294436769,0.009826287381729325,0.03421641965036181,0.010267992076827107,0.02408602930207995,0.014234035120232478],[0.03918903414478907,0.0014676862748489836,5.997591531564319E-4,1.5461960143595257E-4,0.0018718558808656332,3.15183446300901E-5,8.212298023595414E-4,2.305515585655128E-4,0.005273513000286637,1.3366738191751185E-4,0.002348205686999933,1.0,0.006602263162556567,2.94199563048924E-4,1.1229530068099484E-4,5.725059056799755E-4,7.713532874133938E-4,0.0014143760925250392,0.01061624691106867,7.590603604786591E-4,0.002601364114095501,5.877714765792751E-4,1.7455994946105318E-4,8.589917797938722E-5,8.277777805467025E-5,1.1209593885497406E-4,1.7192147997504567E-4,0.00846409113306236,9.547094162850604E-5,8.351037790961607E-5,7.178875336441184E-4,4.1355419576683206E-4,0.00160979251967495,0.0012772283715471807,1.4174278013010032E-4,0.006337512684950569,0.03763832598347803,1.6780936117549424E-4,3.354216628632844E-4,0.03358566390341101,1.1262603454290154E-4,6.827835664914395E-4,0.0019049190363081877,0.002352749558518715,3.1964885118375045E-4,2.3890123067616032E-4,8.902482818074582E-5],[0.023105091330093964,0.009019629123130332,0.006052787769146194,0.004208101233952594,0.01241313173214071,0.008198572218782844,0.012399329551419166,0.010192003773965364,0.00729506792189135,9.750400883827687E-4,0.02133205681178311,0.006602263162556567,1.0,0.006082111694082234,0.011387888958406058,0.007110613563456505,0.008939005295694163,0.009267530940137379,0.013244761570722121,0.004144466440647171,0.020599623933849415,0.006694415617309175,0.0036064916025160664,0.006090250306178262,0.002131564206629656,0.005952277088967975,0.00529688170975838,0.01251917044834526,0.0055548620746367836,0.001415327766014866,0.0052152154205089,0.009142678735621855,0.011317979380949791,0.003972241715159589,4.884509275431425E-4,0.013098709042857423,0.05079383879453743,0.0011280504941651795,0.007485434459188958,0.036731074701832456,0.010890350637101571,0.00838887521741851,0.006693879042972849,0.009436315506351628,0.0020662998506719367,0.005874952951495019,0.011960506042155594],[0.03371156778350171,0.0013167549047028567,0.0019049281460950182,3.5283472517776544E-4,0.0033442527257202476,9.735196762153537E-4,0.0011432639220219495,3.55706860812173E-4,0.007102929150370908,0.001053860485588116,0.01411689829369458,2.94199563048924E-4,0.006082111694082234,1.0,7.475362660851366E-4,0.005617705248754529,0.001305898155400751,0.0014143119906723913,0.008520299006409469,0.0011792878914354016,0.009200162354724362,0.001157676370424136,9.993514218383885E-4,0.001144279370574589,6.55784411913058E-4,0.001124567111226714,0.0011077066199505871,0.010647595114637646,4.2604754737860976E-4,0.0010504335743485285,0.0036090370725659045,0.001172730386524136,0.0015872249029881959,0.0014592421578338618,4.7814104254382866E-4,0.00246706610288234,0.03362004268093976,7.860915488249777E-4,0.001251265991785486,0.019828039998180443,2.2705265724178904E-4,0.0011564922042387776,0.0012209652006395773,0.001727559979631945,0.001172167182804695,0.0011413636754618115,6.125061660502985E-4],[0.044129749437015135,8.967848026979553E-4,0.001104320498090807,1.679982149718859E-4,0.010067575973665683,1.7821951455275936E-5,6.507755165048937E-4,1.6978109621037827E-4,0.006800878734474821,1.5650073904731893E-4,0.030544429703501852,1.1229530068099484E-4,0.011387888958406058,7.475362660851366E-4,1.0,4.3467815086378796E-4,4.6034206246837203E-4,0.0015692426271239996,0.00405078497791154,9.500890627377823E-4,0.0014980378104405732,3.283846823507606E-4,3.296829661579545E-4,4.38963921750078E-5,1.0309042620010661E-4,1.2778335548030033E-4,2.1837794957318884E-4,0.011402137457165026,1.4562481185324271E-4,6.986919344232977E-5,0.00126260826247205,0.001094783008137042,0.0018377071987490108,6.125797212453788E-4,1.584390977249113E-4,0.007450958944093313,0.026911522265014486,1.9046658934680714E-4,4.3171196575233844E-4,0.044368985989948026,1.4202266580390003E-4,2.379246659333582E-4,0.001202583605672264,0.0023341321126080943,5.383096714363751E-4,6.361782161715821E-4,1.482840296839475E-4],[0.017721469362014197,0.0032364732888328965,0.004495103154865241,1.921018296534767E-4,0.010429646673212022,2.3826036407416097E-4,0.0018056850641470718,0.004726943508488726,0.006298773351211204,0.00549098246381977,0.014253853852525046,5.725059056799755E-4,0.007110613563456505,0.005617705248754529,4.3467815086378796E-4,1.0,0.0032697492643197186,0.004212036394309317,0.007096918339016773,0.0051463960652517685,0.013934306741200154,0.005259365923494427,0.004217046029695904,0.003998607706021151,0.00433540391133211,0.002327305300386712,0.0041038213450288455,0.006580329150560941,0.004976305184916144,0.004566301381890801,0.00454879001212982,0.0031984830920479537,0.0034775017319627916,0.004739475616381161,0.0038948580233383353,0.01166118125732096,0.07572391188544834,0.002171223057946906,0.0021995350948190782,0.038683336368037675,0.0032231141562702303,0.005308157675328607,0.005299505997849487,0.0049810371702704425,0.005688222164256549,0.0034224891820907096,0.003641338939724949],[0.055809641901208046,0.0018830279482859088,0.0017811492782357369,9.763378619438261E-4,0.004661993639476264,1.659029226303857E-4,0.0012136362983930797,6.630065551680524E-4,0.0032174427274648185,8.602205418251801E-4,0.0021346232104408657,7.713532874133938E-4,0.008939005295694163,0.001305898155400751,4.6034206246837203E-4,0.0032697492643197186,1.0,0.0015979128013122988,0.013699360916776215,0.0013824003202738445,0.006021501212657298,0.0012461762477431022,8.17324462221929E-4,8.128863947347532E-4,0.0015616467166353325,3.8085230666952966E-4,8.03736713315819E-4,0.006079093840902121,0.0015314853937580565,1.7298757996608648E-4,0.0017152803740697533,0.001370912029081578,0.0024075389958012876,0.0015772717634215982,0.0014687414748245091,0.005402392622818113,0.033531657319864704,0.0015403427242636821,0.0015809185029497005,0.013626818128081095,4.723193218419682E-4,0.001410180884006012,0.0018362621173604382,0.0019646581902383934,0.0013946387312275062,0.0012858293948033533,0.001065268808629335],[0.034069433326542706,0.0020487208177699104,0.0018152706231070797,9.394898651484224E-4,0.009653140334705811,0.0014297744154200783,0.0013730582071887782,5.862496429353172E-4,0.0049863401041643565,0.0013546805009171257,0.01478208964980008,0.0014143760925250392,0.009267530940137379,0.0014143119906723913,0.0015692426271239996,0.004212036394309317,0.0015979128013122988,1.0,0.006439474385316512,0.0012727063241168698,0.004570925066961596,0.001520532915247546,0.0013084078492295098,0.0012883409453470522,0.0014913615656160868,4.6767305022532443E-4,9.20866760878652E-4,0.00433371104717767,2.2727405311078928E-4,7.550547801173987E-5,0.0034806786134312104,0.0011753861503127387,0.002000675404066805,0.0015467320099088414,0.0011462167879395403,0.009814687009166623,0.03824100719150088,8.640755197583353E-4,0.0014354627287978673,0.029338477350593483,0.0011574388192385667,0.0017193261654497214,0.0020441398808554857,0.002251555687636486,0.0014666087799563908,0.001246059362269071,0.001328283519760371],[0.0525311484934015,0.004238183520329222,0.004917139717067387,0.01146634656500127,0.013116685884850003,0.009645536517684598,0.004889954554469651,0.007844598869936605,0.0146392815786742,0.0032446154516313883,0.02595102832933214,0.01061624691106867,0.013244761570722121,0.008520299006409469,0.00405078497791154,0.007096918339016773,0.013699360916776215,0.006439474385316512,1.0,0.0113107246517431,0.01964722961052122,0.007616186076530581,0.01106045100442274,0.01004293085751893,0.013493523515918142,0.011947271191729883,0.012832786897222646,0.012350020587639702,0.014669474708445474,0.012174636031979049,0.014701055986472217,0.004633634345360018,0.01388239743142389,0.007940017588208661,0.0055306608368903025,0.01412777055198824,0.053301862197453795,0.00834192560414694,0.002503028979957001,0.04225546762274244,0.005130959151922825,0.00126967395859677,0.007199788376904093,0.01179737466178319,0.0035676823453155222,0.011562463161837028,0.01123505148398173],[0.026648765935669397,0.0012215177443563132,0.0019266905349985086,2.420460414661244E-4,0.005836998196156301,8.322697859871553E-4,0.0011593270372066043,6.167414393194654E-4,0.004402340775418515,3.973630075121332E-4,0.01541652073519923,7.590603604786591E-4,0.004144466440647171,0.0011792878914354016,9.500890627377823E-4,0.0051463960652517685,0.0013824003202738445,0.0012727063241168698,0.0113107246517431,1.0,0.010965963051813212,0.0010823313749500558,0.0010706618445192524,9.863140557100488E-5,0.0010569284433540379,2.924765604095919E-4,8.308344116441692E-4,0.007991670361809573,6.775634112609785E-4,5.666228528817552E-4,0.0026542477720215406,0.001208437673159564,0.0014146487174019717,0.0014761751763018916,2.523279633927952E-4,0.003393303532987834,0.031735521014049375,9.701347686846703E-4,0.0012350613413993168,0.039118010686810686,7.630034869453236E-4,0.0011961930406380187,0.0014770344760092,0.0020961019670742514,0.0011355086593585802,0.0010970216994525249,8.742800912003552E-4],[0.054104433050648645,0.0112851620040785,0.00503399668901827,0.010032512332528476,0.020132536534209766,0.019366177138372007,0.0012682878866030112,0.0053088135605657855,0.01480530518938474,0.010397729728141689,0.025953337951074625,0.002601364114095501,0.020599623933849415,0.009200162354724362,0.0014980378104405732,0.013934306741200154,0.006021501212657298,0.004570925066961596,0.01964722961052122,0.010965963051813212,1.0,0.017297066833733166,0.016665619892440788,0.013313535619169902,0.011543069138184824,0.0013292973085846384,0.02052516507001017,0.012395128971587453,0.010400004936413644,0.018749473647581408,0.006048833873803583,0.006597771519384931,0.007501642802919924,0.0211807696247568,0.014374511338373886,0.01489025983646783,0.021323789062566805,0.005439203443776672,0.01827285688337217,0.021291086132469196,0.009700572998502544,0.006508916101368709,0.017135928861298878,0.021088035715784288,0.016555725976753706,0.015537461386490719,0.0050859936458116295],[0.0019956690601673735,0.0018125972852363502,0.0017577830484820926,7.97481170829974E-4,0.008745630681511875,7.695014848115688E-5,0.001102464944722674,4.600807831166784E-4,0.004180451240808375,7.269807272602376E-4,0.024558408639671507,5.877714765792751E-4,0.006694415617309175,0.001157676370424136,3.283846823507606E-4,0.005259365923494427,0.0012461762477431022,0.001520532915247546,0.007616186076530581,0.0010823313749500558,0.017297066833733166,1.0,4.952108004091993E-4,2.8321471058248488E-5,7.799891818839462E-4,7.290411019511226E-4,3.212828778478931E-4,0.0012314127532640994,7.614139862041696E-4,4.83659693390529E-4,0.0035138059572927182,0.0010923461448288203,0.0016679807503302898,0.0011569676625135033,9.8393902694369E-4,0.01225394819261566,0.022333680950026805,6.094166039657927E-4,0.0011667971552884286,0.014400099572307465,9.714533608192582E-4,0.0011048959592915534,0.0018021202938826397,0.0014627262419877407,0.0010658256342037096,0.0010426522289583506,9.868147136144327E-4],[0.015089744303361989,0.0015495781146689352,4.031009874000638E-4,2.526325136909675E-4,0.005593767640699318,3.0301386213197267E-4,9.1494876042333E-4,2.9412549310938005E-4,0.0027798198744308305,2.4008138664980463E-4,0.006649262813591466,1.7455994946105318E-4,0.0036064916025160664,9.993514218383885E-4,3.296829661579545E-4,0.004217046029695904,8.17324462221929E-4,0.0013084078492295098,0.01106045100442274,0.0010706618445192524,0.016665619892440788,4.952108004091993E-4,1.0,2.0353982567334394E-4,1.3455681360075237E-4,2.03397978313337E-4,2.871047032759378E-4,0.010076551995774903,1.904372063717785E-4,3.4034101637548834E-4,0.0013831076224043353,0.001118872928752766,0.0022221102661430644,5.484828983319438E-4,3.2841080187448024E-4,0.008881795198474344,0.05223673079175086,2.393643393929909E-4,8.448571789655652E-4,5.223172770083024E-4,3.3033837390918975E-4,6.317237923501363E-4,3.532517994559888E-4,0.0022771472878599336,7.894269621826874E-4,8.7024170117109E-4,8.501765892266604E-5],[0.014979958592246398,3.978033761580129E-4,0.0017192988928969098,9.920920567710163E-5,0.0013667135222461926,1.974218343843994E-5,4.1102764649805003E-4,5.426223749979079E-5,3.9702623359897965E-4,1.0610441751263121E-4,0.01909980806695843,8.589917797938722E-5,0.006090250306178262,0.001144279370574589,4.38963921750078E-5,0.003998607706021151,8.128863947347532E-4,0.0012883409453470522,0.01004293085751893,9.863140557100488E-5,0.013313535619169902,2.8321471058248488E-5,2.0353982567334394E-4,1.0,2.7782302652744462E-5,9.638828854242518E-5,1.357833794864809E-4,0.003769008361584663,7.58863981191029E-5,3.537835639278874E-5,0.0029137479556381645,6.657659571225551E-4,7.290552485822938E-4,1.2153047329188528E-4,6.66051005630634E-5,0.003373393137754303,0.003921896550558933,1.4048912197358405E-4,5.02213668741096E-5,0.024910523164561223,2.6442600215678993E-5,8.786568910042804E-4,0.001102939336841737,0.0018255208101531923,6.91133368228641E-4,9.83777288520699E-4,3.682929121810542E-5],[0.05886340203511687,0.0019207678988167253,0.0015040042522163001,1.0315015125481638E-4,0.004670408390982139,2.999202751430298E-5,6.834514573544092E-4,2.6133578138728606E-4,0.006362451055661247,1.5179964029442343E-4,0.00555716479087661,8.277777805467025E-5,0.002131564206629656,6.55784411913058E-4,1.0309042620010661E-4,0.00433540391133211,0.0015616467166353325,0.0014913615656160868,0.013493523515918142,0.0010569284433540379,0.011543069138184824,7.799891818839462E-4,1.3455681360075237E-4,2.7782302652744462E-5,1.0,1.009342067596241E-4,2.1056731727575815E-4,0.0033639906084126396,5.5952783548250706E-5,4.9085366723897846E-5,7.610234174416086E-4,0.0011403362859349932,8.409610829653381E-4,6.47438840789618E-4,1.3842270805656048E-4,0.012701414200332975,0.0432853608530003,7.552887727219201E-5,6.604756257535093E-4,0.017906290839905543,1.0029867079845169E-4,1.9663596389797922E-4,0.0017355656984860122,0.0026076543732205734,2.519471304155502E-4,4.501203494089353E-4,6.00355177349104E-5],[0.0024392730465886536,9.579092075339634E-4,1.2343394323830059E-4,1.3620344290737839E-4,0.001975394719235868,7.779315223459633E-5,6.748384886470983E-4,2.2299851958740188E-4,0.0014701124545138113,1.49713425157638E-4,0.03601398115895853,1.1209593885497406E-4,0.005952277088967975,0.001124567111226714,1.2778335548030033E-4,0.002327305300386712,3.8085230666952966E-4,4.6767305022532443E-4,0.011947271191729883,2.924765604095919E-4,0.0013292973085846384,7.290411019511226E-4,2.03397978313337E-4,9.638828854242518E-5,1.009342067596241E-4,1.0,2.0727686318316104E-4,0.008832029701558193,8.845170118812004E-5,1.0764133983798987E-4,0.0010758822666029869,5.097749835420375E-4,2.0976029430612648E-4,6.268050857652598E-4,1.2727989212644132E-4,0.003322366323469242,0.031134462356482838,1.780609170788637E-4,8.478717041654567E-4,0.015048492749767134,1.1815674408104646E-4,5.633361869506669E-4,0.0017556426591021637,0.0017419219386201202,7.055201312052851E-4,7.690755163669356E-4,8.758192393414112E-5],[0.008758272919509855,0.0014545575319194074,0.0016459719427148515,1.7928092179090576E-4,0.0015576431795626996,8.902385862567482E-5,6.003218222318774E-4,2.5283004465311265E-4,0.0013774217076209462,2.009799922167409E-4,0.018991158402503667,1.7192147997504567E-4,0.00529688170975838,0.0011077066199505871,2.1837794957318884E-4,0.0041038213450288455,8.03736713315819E-4,9.20866760878652E-4,0.012832786897222646,8.308344116441692E-4,0.02052516507001017,3.212828778478931E-4,2.871047032759378E-4,1.357833794864809E-4,2.1056731727575815E-4,2.0727686318316104E-4,1.0,0.004354911856903576,2.100435905204691E-4,2.0721838582045093E-4,0.00303353009447197,4.1406821424088563E-4,9.269783100817872E-4,5.399827314358286E-4,2.0218938506968195E-4,0.005413294091034765,0.0678296376129058,2.148920706057796E-4,9.857984857101012E-4,0.03283208333566757,1.4578135304823522E-4,7.05591374276815E-4,5.154810164482719E-4,0.0017188943477944372,9.868880545161566E-4,6.724166139788401E-4,1.3434291885719397E-4],[0.02247876649998079,0.00405353921834941,0.010149090759781224,0.008937252235350428,0.012120984324568344,0.010916320990580328,0.00597338018160904,0.0075287324784391926,0.008974074600278943,0.004000746442892319,0.013058053214784782,0.00846409113306236,0.01251917044834526,0.010647595114637646,0.011402137457165026,0.006580329150560941,0.006079093840902121,0.00433371104717767,0.012350020587639702,0.007991670361809573,0.012395128971587453,0.0012314127532640994,0.010076551995774903,0.003769008361584663,0.0033639906084126396,0.008832029701558193,0.004354911856903576,1.0,2.3664581265695704E-4,0.011322067288325808,0.008996089384140439,0.005568626880310172,0.010556778667965892,0.009653490107001518,0.0016369326654730506,0.012517491235033595,0.04723716210513089,0.0012264879881382007,0.006370177403959491,0.012306043787276275,0.0027667354697685454,0.007184050916250916,0.003110630206566851,0.0059042152025908096,0.010980248788154831,0.005751822965727958,0.0015844141312287728],[0.015847132393136485,0.002075744251173781,7.394903346885163E-4,1.0644875145359429E-4,0.0042058484692280886,8.377899747301212E-5,2.3001279106535215E-4,1.0475831499715129E-4,0.004938363003812116,9.429776059699139E-5,0.0031177980169434343,9.547094162850604E-5,0.0055548620746367836,4.2604754737860976E-4,1.4562481185324271E-4,0.004976305184916144,0.0015314853937580565,2.2727405311078928E-4,0.014669474708445474,6.775634112609785E-4,0.010400004936413644,7.614139862041696E-4,1.904372063717785E-4,7.58863981191029E-5,5.5952783548250706E-5,8.845170118812004E-5,2.100435905204691E-4,2.3664581265695704E-4,1.0,7.973445132004281E-5,0.002529978605170426,5.786805228408097E-4,0.0014138814554214782,2.4411650503476466E-4,1.4125982470289817E-4,0.010466837170521727,0.01737222746886092,1.1872079836488114E-4,0.0011759052424132833,0.03823200693258928,1.0813404747209631E-4,7.07159627099966E-4,0.0010133375969314752,6.03207373906367E-4,3.8615856440083276E-4,9.460968312741736E-4,8.256904827836606E-5],[0.05093746552836941,7.973193857489346E-4,0.0013316312044689364,9.777201262868262E-5,0.0060972881176793595,3.0300562580674948E-5,0.0010732818444387365,2.329361576907649E-4,0.0011091441120331643,9.724682023332673E-5,0.032403502332360216,8.351037790961607E-5,0.001415327766014866,0.0010504335743485285,6.986919344232977E-5,0.004566301381890801,1.7298757996608648E-4,7.550547801173987E-5,0.012174636031979049,5.666228528817552E-4,0.018749473647581408,4.83659693390529E-4,3.4034101637548834E-4,3.537835639278874E-5,4.9085366723897846E-5,1.0764133983798987E-4,2.0721838582045093E-4,0.011322067288325808,7.973445132004281E-5,1.0,0.0020121188954200214,0.0010019984550841022,0.0022880300622554637,0.0012896258177587684,1.4479753606522913E-4,0.008267818320271464,0.04694430301862733,1.8056532997171037E-4,0.001210711650664757,0.02305073808446148,1.1842591159241431E-4,0.0010851150901563154,5.857915277557022E-4,0.0013731613174766315,8.100535605228881E-4,1.1688725776397638E-4,6.692402049659605E-5],[0.01065059376347651,0.0024375383092627677,0.0024840755999847933,0.0016375777379820191,0.00701827291522285,0.0032880913449774563,0.0014496501861435323,0.002814994990916076,0.004334206033377214,0.0032692042505476043,0.03334223550941498,7.178875336441184E-4,0.0052152154205089,0.0036090370725659045,0.00126260826247205,0.00454879001212982,0.0017152803740697533,0.0034806786134312104,0.014701055986472217,0.0026542477720215406,0.006048833873803583,0.0035138059572927182,0.0013831076224043353,0.0029137479556381645,7.610234174416086E-4,0.0010758822666029869,0.00303353009447197,0.008996089384140439,0.002529978605170426,0.0020121188954200214,1.0,0.001159511256292651,0.002845366114867478,0.002846888940870977,0.0021264611288228552,0.004868438280794456,0.010659152874644081,0.002295594255399864,0.0027651245164821018,0.007840953772295581,0.0017586605452288631,0.0035911313637481948,0.002425335802859271,0.003525005967837049,0.0019054371697198032,0.001681139727649562,0.003360335259306498],[0.0373819538343802,0.0014621091252375318,0.0011656717093126226,4.967574051173068E-4,0.009335062015432109,0.0011200533026574956,0.001139932850460408,0.0011468783225299535,0.002974935467877104,2.934937564309271E-4,0.030271417007899194,4.1355419576683206E-4,0.009142678735621855,0.001172730386524136,0.001094783008137042,0.0031984830920479537,0.001370912029081578,0.0011753861503127387,0.004633634345360018,0.001208437673159564,0.006597771519384931,0.0010923461448288203,0.001118872928752766,6.657659571225551E-4,0.0011403362859349932,5.097749835420375E-4,4.1406821424088563E-4,0.005568626880310172,5.786805228408097E-4,0.0010019984550841022,0.001159511256292651,1.0,0.0015846168964614485,0.0014956954345270988,0.0010214929667906154,0.0117451612267773,0.02950939694446232,5.717792356411664E-4,0.0012560243860510031,0.023368230614705564,2.0451930752972343E-4,0.0011554639428820463,0.001369339854594169,0.002179529035842898,0.0011371670747332048,0.0011040449579242345,8.774391156690249E-4],[0.04579887363262853,0.0023481234914669597,0.0024882088031904117,0.002202906975630901,0.00835740894418108,0.0017929791852982029,0.0019363195767367906,0.002071357604924067,0.003817333514724945,0.0018915909285472207,0.018432550311574723,0.00160979251967495,0.011317979380949791,0.0015872249029881959,0.0018377071987490108,0.0034775017319627916,0.0024075389958012876,0.002000675404066805,0.01388239743142389,0.0014146487174019717,0.007501642802919924,0.0016679807503302898,0.0022221102661430644,7.290552485822938E-4,8.409610829653381E-4,2.0976029430612648E-4,9.269783100817872E-4,0.010556778667965892,0.0014138814554214782,0.0022880300622554637,0.002845366114867478,0.0015846168964614485,1.0,0.0025306703262925577,2.8696150977589757E-4,0.00410018878652498,0.07481839810759859,9.588387042876398E-4,0.002546455172322797,0.010695260143949887,0.002461894505251436,0.002310884807268619,0.002324685054600833,0.0025700196170927326,0.0014373261484760627,0.0017760008853784813,0.0014417356879235666],[0.05436438854597779,0.0017989329474822928,0.0017172912410840465,3.65140138611829E-4,0.006924485468823266,8.947002609151995E-4,0.001163004141734651,8.495534271533793E-4,0.002072812334705772,8.787017201941924E-4,0.008844009234347822,0.0012772283715471807,0.003972241715159589,0.0014592421578338618,6.125797212453788E-4,0.004739475616381161,0.0015772717634215982,0.0015467320099088414,0.007940017588208661,0.0014761751763018916,0.0211807696247568,0.0011569676625135033,5.484828983319438E-4,1.2153047329188528E-4,6.47438840789618E-4,6.268050857652598E-4,5.399827314358286E-4,0.009653490107001518,2.4411650503476466E-4,0.0012896258177587684,0.002846888940870977,0.0014956954345270988,0.0025306703262925577,1.0,0.0013728852994107823,0.01051167617203904,0.07713327745620936,9.666737015160401E-4,0.001466522655259593,0.011747469840506819,0.0014724812887204155,0.0014617967386808773,0.0017923322115615608,0.00208254729323266,0.0013812679897229926,0.0013942858335446397,2.374824445047752E-4],[0.056845302447731706,0.0010302236240636558,0.0015381982386202513,1.5636147904716835E-4,0.003283181299418004,2.9167731315415093E-5,0.0010697583709451202,2.0488255410166698E-4,0.005723370840892557,1.5261619474654084E-4,0.0017822536836079165,1.4174278013010032E-4,4.884509275431425E-4,4.7814104254382866E-4,1.584390977249113E-4,0.0038948580233383353,0.0014687414748245091,0.0011462167879395403,0.0055306608368903025,2.523279633927952E-4,0.014374511338373886,9.8393902694369E-4,3.2841080187448024E-4,6.66051005630634E-5,1.3842270805656048E-4,1.2727989212644132E-4,2.0218938506968195E-4,0.0016369326654730506,1.4125982470289817E-4,1.4479753606522913E-4,0.0021264611288228552,0.0010214929667906154,2.8696150977589757E-4,0.0013728852994107823,1.0,0.004176927993371547,0.08591268520539015,1.8547313175770646E-4,2.0598266929534263E-4,0.03031959993406198,1.3097720605251937E-4,5.267804531831001E-4,2.803056708070073E-4,9.174901115451129E-4,2.97349752898594E-4,4.175348098190312E-4,9.949232038771377E-5],[0.043137680034360366,0.012811418811082697,0.011103835117388324,0.009418190978975833,0.012489802752427556,1.0784157309581069E-4,0.004834552291944507,0.009383927918633243,0.00965779697524561,0.005291105014002112,0.021931682154967755,0.006337512684950569,0.013098709042857423,0.00246706610288234,0.007450958944093313,0.01166118125732096,0.005402392622818113,0.009814687009166623,0.01412777055198824,0.003393303532987834,0.01489025983646783,0.01225394819261566,0.008881795198474344,0.003373393137754303,0.012701414200332975,0.003322366323469242,0.005413294091034765,0.012517491235033595,0.010466837170521727,0.008267818320271464,0.004868438280794456,0.0117451612267773,0.00410018878652498,0.01051167617203904,0.004176927993371547,1.0,0.04647960540565057,0.006370516962799025,0.0030607495637453904,0.043601810997105396,0.0117200201725409,0.0040259416722733185,0.0102842457953138,0.008297615020509061,0.01009682539204238,0.0061137511667967905,0.01130787592286762],[0.07758036090955259,0.0039271486735336335,0.024785446453468307,0.0826434539233684,0.029965507618825767,0.07224615651846118,0.06911670976073003,0.019856795607793874,0.08944801642156915,0.010237928462658115,0.0900573933946304,0.03763832598347803,0.05079383879453743,0.03362004268093976,0.026911522265014486,0.07572391188544834,0.033531657319864704,0.03824100719150088,0.053301862197453795,0.031735521014049375,0.021323789062566805,0.022333680950026805,0.05223673079175086,0.003921896550558933,0.0432853608530003,0.031134462356482838,0.0678296376129058,0.04723716210513089,0.01737222746886092,0.04694430301862733,0.010659152874644081,0.02950939694446232,0.07481839810759859,0.07713327745620936,0.08591268520539015,0.04647960540565057,1.0,0.02072597977984385,0.028143920763013912,0.061237370774040296,0.015264534619021873,0.09058922394733268,0.014294014760571674,0.024250317145215052,0.08950112573444524,0.042293457881909316,0.03863177835747315],[0.025123327055727104,0.0018620769038732558,4.969143896993724E-4,1.6951417633712614E-4,0.006901945126762579,4.0616810195296546E-5,0.0010568295131157188,2.603398888474125E-4,8.267278052360182E-4,1.587079856862541E-4,0.025471421032190297,1.6780936117549424E-4,0.0011280504941651795,7.860915488249777E-4,1.9046658934680714E-4,0.002171223057946906,0.0015403427242636821,8.640755197583353E-4,0.00834192560414694,9.701347686846703E-4,0.005439203443776672,6.094166039657927E-4,2.393643393929909E-4,1.4048912197358405E-4,7.552887727219201E-5,1.780609170788637E-4,2.148920706057796E-4,0.0012264879881382007,1.1872079836488114E-4,1.8056532997171037E-4,0.002295594255399864,5.717792356411664E-4,9.588387042876398E-4,9.666737015160401E-4,1.8547313175770646E-4,0.006370516962799025,0.02072597977984385,1.0,0.001102401393568528,0.04470972872767563,1.6211061720839586E-4,0.001087414278441906,0.0010202242861190158,3.848276364734825E-4,7.827232067724074E-4,4.021424587546488E-4,1.2967862225837307E-4],[0.058291135720989096,0.001672683239645009,0.0016741570209117679,4.988688023634437E-4,0.007423726161630459,0.0011690866613789923,0.001239338066753115,2.945782073001198E-4,0.0017444717963331358,2.3069835101627642E-4,0.0189083270243472,3.354216628632844E-4,0.007485434459188958,0.001251265991785486,4.3171196575233844E-4,0.0021995350948190782,0.0015809185029497005,0.0014354627287978673,0.002503028979957001,0.0012350613413993168,0.01827285688337217,0.0011667971552884286,8.448571789655652E-4,5.02213668741096E-5,6.604756257535093E-4,8.478717041654567E-4,9.857984857101012E-4,0.006370177403959491,0.0011759052424132833,0.001210711650664757,0.0027651245164821018,0.0012560243860510031,0.002546455172322797,0.001466522655259593,2.0598266929534263E-4,0.0030607495637453904,0.028143920763013912,0.001102401393568528,1.0,0.012851900502945095,0.0010268340918831373,0.0012059468161305972,0.0019403402474660917,0.0013204333181495867,0.0012092705416384137,0.0010441451208032596,0.0010460393619707074],[0.05976175206776349,0.021730498897571605,0.03220109379194536,0.0041278143319408225,0.02420586526163964,0.005864697736888117,0.03502727284787177,0.022131000833485955,0.03063824466692757,0.004017477160231601,0.039370103816983124,0.03358566390341101,0.036731074701832456,0.019828039998180443,0.044368985989948026,0.038683336368037675,0.013626818128081095,0.029338477350593483,0.04225546762274244,0.039118010686810686,0.021291086132469196,0.014400099572307465,5.223172770083024E-4,0.024910523164561223,0.017906290839905543,0.015048492749767134,0.03283208333566757,0.012306043787276275,0.03823200693258928,0.02305073808446148,0.007840953772295581,0.023368230614705564,0.010695260143949887,0.011747469840506819,0.03031959993406198,0.043601810997105396,0.061237370774040296,0.04470972872767563,0.012851900502945095,1.0,0.008148378897691114,0.020697441274172012,0.010524783658180542,0.009323657429898833,0.00884324129201888,0.03247217174281192,0.014936709272714484],[0.013072810679305623,4.459500126315399E-4,0.0012320809085673208,1.316053409009521E-4,0.007265669571138533,4.5169227906646437E-5,4.0441550647613277E-4,1.475168352359487E-4,0.0031668008885205727,1.474858956772277E-4,0.033971564595642004,1.1262603454290154E-4,0.010890350637101571,2.2705265724178904E-4,1.4202266580390003E-4,0.0032231141562702303,4.723193218419682E-4,0.0011574388192385667,0.005130959151922825,7.630034869453236E-4,0.009700572998502544,9.714533608192582E-4,3.3033837390918975E-4,2.6442600215678993E-5,1.0029867079845169E-4,1.1815674408104646E-4,1.4578135304823522E-4,0.0027667354697685454,1.0813404747209631E-4,1.1842591159241431E-4,0.0017586605452288631,2.0451930752972343E-4,0.002461894505251436,0.0014724812887204155,1.3097720605251937E-4,0.0117200201725409,0.015264534619021873,1.6211061720839586E-4,0.001026834091883137