[[1.0,0.0013262135235329788,0.002399156256157358,0.002227142507721779,9.405074098245279E-5,0.004636193506321108,0.004988794240431757,0.00516355323634349,0.005166480726516594,0.03648474926918419,0.013777086678200788,0.005087409396654644,0.0036627867192119707,7.252307685454767E-4,0.004710184343371,0.0027895257357730464,0.012444141809099248,0.0119684602163861,0.003133443645534216,7.612857219545444E-4,0.002782545977877609,0.0030041858991731738,2.783491939860048E-4,0.0036592115825792026,0.004547410456766614,0.003462935525376891,0.01305026920864875,0.004753582064223205,0.0037449958437121627,0.00843684833745466,0.0036365431652614216,0.005170257460296522,0.001837791740766999,0.004429427667706877,0.0010146960551433307,0.002450188897770921,5.276436131381449E-4,0.005264688166086446,0.0049624235600051955,0.003400042336758253,0.0017512216119296784,0.0012456143368055855,0.027652227395711635,6.854707853905164E-4,0.0040730535177301505,0.008652277809261463,0.002482440907505818,0.0014307029644199277,0.003270148904148758,0.008136276523587276,0.004876260597191908,0.005106687728387448,0.004637894853117933,0.006701753640745248,0.013235300391811346,0.00882734994198806,0.0019044984912523094,9.213063236920515E-4],[0.0013262135235329788,1.0,1.7688726932349653E-5,0.0011201131256628348,3.144977998953231E-5,1.4911070403839227E-5,4.1210602505819486E-4,7.498887649014091E-4,3.069027948947781E-4,0.0067412353166050746,0.0015263931745812236,2.1622812530717764E-4,3.9362653553091866E-4,1.656685428117992E-5,9.342244410210698E-4,1.5998890273418257E-5,0.019313276827049745,0.005743110413195249,0.001033499804033112,1.6285251765274048E-4,1.2953597690543647E-4,4.540332189938001E-5,1.0361070082633416E-4,5.509025477606145E-5,0.002039902403734098,1.5118050572232295E-5,0.00837507279754059,3.345374080239022E-5,2.1829189750214843E-4,0.00262383495874252,2.00569145365077E-5,0.001129387621994055,1.4800568988987078E-4,1.7369914658490204E-4,1.8539174166273234E-5,4.0923076651076004E-4,3.636048376069525E-5,2.6055104360037226E-4,2.2829336110064783E-5,1.884049031465749E-5,6.351511350808027E-5,7.06001779493283E-4,0.008786010244207445,8.793862948519751E-5,1.1860303958181228E-4,0.01863586062871108,1.720629136821828E-5,1.4744663085042138E-5,1.2898637670874026E-5,0.006998015765842792,5.537096933724921E-4,8.630592143923937E-4,1.1319453939907597E-4,7.092491068480622E-4,0.013327062922117376,0.005976324400006652,8.413568157922633E-4,3.349835939649474E-5],[0.002399156256157358,1.7688726932349653E-5,1.0,3.969863705854571E-4,6.791112258247853E-5,1.78889182873938E-5,2.1753416952921502E-4,5.832617167710797E-4,0.0010037978288895586,0.029585669753640288,0.005011975195096734,2.0095771923396024E-4,0.0023387458098254313,1.45728192893068E-5,0.0025684748599400747,1.268855202487785E-5,0.08832842914424639,0.009496711928513951,6.348247681733908E-4,1.3457633351157786E-4,8.71158395643007E-5,3.544878024066438E-5,1.4488848510995977E-4,6.229309731524586E-5,6.648794321535556E-4,1.9286269637991776E-5,0.014038667790301922,3.6537015234436196E-5,2.0948997264828108E-4,0.006237214311585012,2.1115859406426432E-5,2.44140929163514E-4,2.5723851644958147E-4,1.5253695324155355E-4,3.409274538778822E-5,9.53653524643334E-4,3.711222255358634E-5,1.7526774449424745E-4,2.3321408872813945E-5,2.0994275493884384E-5,1.477597502786255E-4,4.968495941134676E-4,0.00513971155906166,9.807598677352811E-5,2.972158696264238E-5,0.009833099563821172,3.1558445263926924E-5,1.9816547130680244E-5,1.6854606291858246E-5,0.001266781332134929,0.0036407109353862634,7.595251191848185E-4,0.0010262790055186408,0.011543220328729755,0.009637621010162875,0.009847680325706924,3.426300750520009E-5,1.4671022633991733E-4],[0.002227142507721779,0.0011201131256628348,3.969863705854571E-4,1.0,0.001128078239879394,0.0014347780051241843,0.0015917025313129656,0.0010634857794540862,0.001682799696702526,0.038532046127605205,0.006935647919647027,8.763852568870127E-4,0.00245875443010904,6.115721026003463E-5,0.0034237311071070174,7.951430930739107E-4,0.06630045538100036,0.0022518193936170174,0.0014426501610876946,3.4362019533910534E-4,0.0011324049418745578,1.0446491020053186E-4,4.397593259110585E-4,0.0012690258498706767,0.002050307761041176,0.001661330779452542,0.012835828006702929,9.493110456188954E-4,0.0016432890174004435,0.004161755166002517,5.036616026362829E-4,0.0015076721185729623,0.0016910830178685143,0.0014944876263470691,2.137092466741379E-4,0.0011957684863973218,3.922789201783348E-4,0.0014460208639192423,7.798113468787562E-4,5.223609415249266E-4,0.0015933228099686942,0.0013853257689383552,0.029010802354514923,0.0013450230925838723,0.0012022839954228062,0.0023600812331156782,9.33502633980113E-4,0.0014845726344662946,9.228438030918722E-5,0.00654423432745557,0.0030528652909673406,0.0016218078316970535,0.0015059093451387827,0.008947323307880017,0.002587468659574905,0.004664145303466016,0.0010850676019181027,0.0012209533263469368],[9.405074098245279E-5,3.144977998953231E-5,6.791112258247853E-5,0.001128078239879394,1.0,4.394969466424778E-5,0.0013370968669794484,8.882423875349243E-5,6.624167911171238E-4,0.061575655359248936,0.01262252617726591,1.5292461101065307E-4,8.196470116219875E-4,4.7951698999990595E-5,0.003935069693901868,1.9748023098813902E-5,0.033024238907673406,0.005117520297824571,8.2089523518453E-5,9.926209175193321E-5,1.244594382814006E-4,7.390555627328986E-5,1.4278807785983932E-4,7.545697179915514E-5,3.4350124498654333E-4,1.206649083859177E-5,0.00923463896563528,8.824253562575592E-5,8.800506230753365E-4,0.007322937248117205,3.671320027656413E-5,8.812842065610781E-4,3.256530195561589E-4,1.495250524149655E-4,7.191870556148884E-5,7.62371136839112E-4,6.068099586208252E-5,3.3028006781290884E-4,7.047895741337006E-5,2.4562787323951616E-5,1.3434210690828718E-4,4.7106999686136305E-4,0.00848752536999963,1.0933118778484127E-4,1.4725243160554452E-4,0.01529111459027956,6.601748835941778E-5,2.023555641266529E-5,6.010418371068849E-5,0.008645265649471424,0.0022948351625462645,0.0010092175972740802,6.803451014635728E-4,0.010136893337850932,0.0015845388942248167,0.008145599970388318,6.498602386072009E-4,9.581882921454427E-5],[0.004636193506321108,1.4911070403839227E-5,1.78889182873938E-5,0.0014347780051241843,4.394969466424778E-5,1.0,9.409365098333036E-4,5.032756557093198E-4,4.0698093143902404E-4,0.06256978406151363,0.016902076848976627,2.3355909921572894E-4,1.0323341867204346E-4,1.326586153536851E-5,0.002248995107733817,1.2495892299119067E-5,0.03556208696906796,0.011980702596757872,0.0011286165500910817,6.916014080787458E-5,1.6496053153606074E-4,4.221970186503019E-5,4.433975660631259E-5,1.9113113125952763E-5,6.891227311523626E-4,1.2158506440864268E-5,0.0062658463403971135,1.0848330500096045E-4,7.503995321330704E-5,0.0035354353608039054,1.5614769786377426E-5,0.0011222460077895677,0.001049521470612381,1.7464953863246166E-4,1.7046087666248785E-5,2.170607972561138E-4,2.5214562012792227E-5,0.0010365224220026967,1.7401882051343828E-5,1.6335909300513004E-5,2.6331423438238207E-5,3.5653468682379633E-4,0.0028006965871790732,2.5077329669432416E-5,1.4938821411256427E-4,0.012609591025891785,1.6618569506675453E-5,1.303080876705742E-5,1.2893686370644076E-5,0.001001418854604386,0.0021215489723768704,4.2414822300205644E-4,6.52392707595116E-4,0.010857160343408587,0.006338396324269515,0.004697471634165508,3.074566102993088E-4,1.4556773956471883E-4],[0.004988794240431757,4.1210602505819486E-4,2.1753416952921502E-4,0.0015917025313129656,0.0013370968669794484,9.409365098333036E-4,1.0,0.0014409521927649075,0.0012828310709323758,0.014550295813329516,0.016416319392497793,3.314946418872237E-4,0.002779277024280915,4.0924627203609E-4,0.0043280795857916065,9.321982110553585E-4,0.03908619228865995,0.003275429401037878,0.001533876955656729,0.0015691734788895473,5.189395934410318E-4,8.944199473653572E-4,4.5941005625344526E-4,0.0014176602344337483,0.0026811656974022467,7.333328874203545E-4,0.006900064754384405,1.8725316910440828E-4,0.0015551375445744422,0.005139070352037289,4.2569888456197327E-4,0.0012443638935145881,0.00120600522580836,0.0011518131318432304,3.2776479104317614E-4,0.0015325346898343657,0.0015293970330990474,0.0015186503860799517,0.0010285277819900031,0.0014987164886063765,8.894650772997526E-4,9.620227667024888E-4,0.013815140041745142,0.0015268875793564658,6.700737787254007E-4,0.005545903285562143,9.104916663910851E-4,0.0014515211665981926,3.0133716858481255E-4,0.002564989325418342,0.0029712888456220887,0.001419473554678799,0.0013548983482026171,0.007502150976473073,0.013015003461214968,0.00459819460261434,0.0010242625919164177,0.001356383270321888],[0.00516355323634349,7.498887649014091E-4,5.832617167710797E-4,0.0010634857794540862,8.882423875349243E-5,5.032756557093198E-4,0.0014409521927649075,1.0,0.001050622236423116,0.07882589385994665,0.0060758467044234755,8.316304770616162E-4,0.0010912891328911103,1.1373435184848883E-4,0.002771377493930701,8.394135712242252E-4,0.029679111676478825,0.007784418392576182,0.0012706839146202616,6.912747521400309E-4,4.284603696013445E-4,9.74855570594396E-4,7.765837709005035E-4,7.59269907037954E-4,0.0023834026700820317,3.706820855369546E-4,0.016076319799295892,6.031141931037047E-4,0.0010394427732130672,0.0029251991098165663,2.2929515606035506E-4,0.001057382530140932,0.0010078172916092173,1.9672783802569916E-4,6.30191252382771E-5,0.0010050491798532866,6.859710393659549E-4,0.001206980101350935,3.7858468442921974E-4,5.912791927927279E-4,6.897061473807115E-4,9.769550456558132E-4,0.03230460991586121,2.7309682023214963E-4,5.372247740476166E-4,0.0031453589693921412,8.320687948245307E-4,6.407509719661855E-4,7.156600240032629E-4,0.0023192654420772013,0.0015838909475829454,0.0010434121285319527,0.0010444490025092786,0.009884908285362969,0.001830390482778465,0.006174941866515767,0.0010003305259315026,3.513479324631437E-4],[0.005166480726516594,3.069027948947781E-4,0.0010037978288895586,0.001682799696702526,6.624167911171238E-4,4.0698093143902404E-4,0.0012828310709323758,0.001050622236423116,1.0,0.030715148215459027,0.005909038867552141,7.311272582983571E-4,0.002350158834987069,7.574244669092115E-4,0.004431366765330081,9.923725223266417E-5,0.07550923265634593,0.01288625257742427,0.001244956983189381,8.052829314535853E-4,1.7792014358125746E-4,0.0010278334118054865,6.948989617976806E-4,8.844908002542014E-4,0.0013495107056889152,4.2241731162911327E-4,0.015323072658096062,3.1197132231158153E-4,0.001227164540802873,0.005413259855429653,4.870596834511728E-4,0.001146052794953633,0.0011472411959896239,6.741642301494753E-4,2.384326475547042E-4,0.001169832994595319,7.427608140112559E-4,0.0012567031036080636,2.7592917168728197E-4,5.55949099399582E-4,5.553531798341846E-4,0.0011216266606873307,0.007097731323357536,0.001032894551785246,2.3270255910729076E-4,0.01531396486968022,1.1245978621150987E-4,5.772426691608465E-4,6.907601043699461E-4,0.007287984829816309,0.0012062010410446176,0.0011174058352377563,0.0012086782138147234,0.0017213106757147613,0.008142112907797518,0.003995403953217628,0.0010974466398911333,0.00107744339868209],[0.03648474926918419,0.0067412353166050746,0.029585669753640288,0.038532046127605205,0.061575655359248936,0.06256978406151363,0.014550295813329516,0.07882589385994665,0.030715148215459027,1.0,0.033410123091749,0.04074451383251589,0.08245752455457327,0.06307559029564982,0.07837425226506667,0.04110409321828146,0.09299174034641104,0.024031906691871094,0.0797651003283698,0.08212675607506618,0.09764495505832017,0.05100565336597244,0.011412028329809835,0.019023468848928058,0.035696928462193016,0.0734044877199998,0.052803431278047555,0.06216576009979911,0.07324992564748828,0.07907275503878916,0.03659311789783651,0.07617485792523347,0.09417761551738763,0.019527665276817457,0.016373565238651175,0.011679451854953952,0.013532845103205663,0.09702598109090417,0.02792402127905476,0.05203539231329904,0.013091482341988306,0.05527300237057384,0.06281083941517955,0.07282213436987968,0.09892982667706286,0.027001101403125324,0.048809643226561644,0.07526594504962633,0.060136965926231016,0.013547637854504167,0.02715877788779714,0.022110826917927744,0.09182099608051053,0.033613564554102075,0.07687742660356829,0.060394956956631676,0.08103930611492992,0.003127842395644887],[0.013777086678200788,0.0015263931745812236,0.005011975195096734,0.006935647919647027,0.01262252617726591,0.016902076848976627,0.016416319392497793,0.0060758467044234755,0.005909038867552141,0.033410123091749,1.0,0.017689861201459402,0.009961071978434129,5.380456984812959E-4,0.005089440419999235,0.011540775039470645,0.053875993103232316,0.018404271498204783,0.0023958070839119965,0.012033280435982372,0.007932285479967013,6.981631762032576E-4,0.008492622655139153,0.003653196791695248,0.011507168703284724,0.006479125659671597,0.018414200554431277,0.010388773694319975,0.010845944335462408,0.009742686148616874,0.01649117898810045,0.012684216371599501,0.0060364542131906,0.017831069376115914,0.019227884931606494,0.0035321168985598065,0.009677239720028123,0.005005365780122607,0.010364885840130981,0.002271319777407056,0.008661823673212698,0.0010823032003428165,0.036284793640242397,0.01909931381187902,0.01342606178665979,0.0196078431372549,0.00923161088759569,0.018803482972542356,0.0022232605486776874,0.015282908417336503,0.010010777022289911,0.0028373512998513192,0.004757229551587539,0.019252300905605788,0.017396128529053048,0.01931641189106758,0.006694295476689658,0.0037693427777477613],[0.005087409396654644,2.1622812530717764E-4,2.0095771923396024E-4,8.763852568870127E-4,1.5292461101065307E-4,2.3355909921572894E-4,3.314946418872237E-4,8.316304770616162E-4,7.311272582983571E-4,0.04074451383251589,0.017689861201459402,1.0,0.0028230682294003856,1.6661816858430195E-4,0.0020820937395444024,1.7240576476830428E-4,0.0390924802430622,0.01562992099756358,0.0011498449315331639,2.429660831572565E-4,2.2284861701130044E-4,9.79680035377025E-5,1.686504067688529E-4,2.252309838107285E-4,0.0011335472956733286,7.598197291217783E-5,0.0027208572138341523,2.6556991226199154E-4,0.001093816613104992,0.002652241915494475,7.539755533357452E-5,7.185848530896791E-4,4.6834380511989135E-4,2.5184358023731796E-4,2.4471022706251075E-4,6.28565570602627E-4,1.0266991102219581E-4,0.0011438186592921348,2.697380027633036E-4,2.3546866230291598E-4,2.3088082659552584E-4,3.2824171614083435E-4,0.017679270446381627,1.400905712167142E-4,2.3978429000143752E-4,0.00290786727675395,4.572187997399875E-5,1.1591685775732462E-4,2.2198111022527067E-4,0.005255856365028878,0.0025130261418178025,4.674654723785331E-4,6.690721767236307E-4,0.0010086601935872033,0.00897437665024804,0.007000408033506185,7.148641085043579E-4,2.529915943963471E-4],[0.0036627867192119707,3.9362653553091866E-4,0.0023387458098254313,0.00245875443010904,8.196470116219875E-4,1.0323341867204346E-4,0.002779277024280915,0.0010912891328911103,0.002350158834987069,0.08245752455457327,0.009961071978434129,0.0028230682294003856,1.0,9.882858567670842E-5,0.004465618034642445,0.0026183742551369655,0.024777421013592045,0.016474021482126348,0.0023378700120008176,0.0017171677363758567,0.002053625157393709,0.0026735250552694803,4.512568845775372E-4,7.984169390814453E-4,0.002827890625165057,0.0012074620936627996,0.010686101777964196,0.0010382071523346744,0.002266992360861996,0.005641762355183996,0.0028265828085902184,0.0030717650195229936,0.002669983398405559,4.903756295864752E-4,5.930206165402644E-4,0.0016770140909285833,0.0017687194315673786,0.0015641776235022662,3.187167197187697E-4,3.2887617781288125E-4,0.0029869000697075767,0.0021983550222108156,0.02502746618164181,3.034239616780302E-4,0.0024912271132021303,0.008839790016899572,0.0013858388219748644,0.0023696762473427156,0.0010564158553451762,0.0064737879804646625,0.003365610394759044,0.002886017897521582,0.0021985562530268976,0.011902640978804689,0.011307570003867142,0.00691528474715306,0.003039692987768185,2.812653080035055E-4],[7.252307685454767E-4,1.656685428117992E-5,1.45728192893068E-5,6.115721026003463E-5,4.7951698999990595E-5,1.326586153536851E-5,4.0924627203609E-4,1.1373435184848883E-4,7.574244669092115E-4,0.06307559029564982,5.380456984812959E-4,1.6661816858430195E-4,9.882858567670842E-5,1.0,0.004513944094330388,1.3334854996631294E-5,0.002831931597659167,0.003753212680868597,5.236801618382148E-4,8.402043334086793E-5,1.7215227942988327E-4,3.5541586230557334E-5,7.72106707875815E-5,7.221045932722644E-5,0.0020303095136883225,1.3130502271438782E-5,0.006059748595634872,2.0858905288765686E-5,1.783034298398947E-4,0.0080004449814794,1.4197892427018794E-5,9.058979367164857E-5,4.5562838396737647E-4,8.231912250821672E-5,2.2036071408029463E-5,5.315990446605806E-4,1.3433316680981345E-5,0.00109690379806485,2.9872626199263424E-5,1.7306194286074052E-5,1.6218946785740912E-4,4.6804496952090673E-4,0.04429020387565601,9.327380666387094E-5,6.843554798681207E-5,0.006917610122305011,3.342862127227223E-5,1.3045743475696916E-5,1.2799585358568968E-5,0.0017109957158298133,0.003291339151068767,9.917560409634968E-4,7.3111729323408E-4,0.005251524852732896,7.878716038925095E-4,0.010147236988550783,3.570312519477073E-4,1.2336977628197302E-4],[0.004710184343371,9.342244410210698E-4,0.0025684748599400747,0.0034237311071070174,0.003935069693901868,0.002248995107733817,0.0043280795857916065,0.002771377493930701,0.004431366765330081,0.07837425226506667,0.005089440419999235,0.0020820937395444024,0.004465618034642445,0.004513944094330388,1.0,0.003712088938432099,0.05032023006547106,0.0060703050363674176,0.001806369042242305,0.004385721471410819,0.003321523857376157,0.0035740846317030136,0.0036291551660053933,0.0013602080823381577,0.0033789028787800514,0.0015065540870401503,0.013092219142402585,0.0025556430617697202,0.004296046748497051,0.005026691244090763,3.876977675230454E-4,0.003769791400895252,0.0015254132849692721,0.0043826575530422915,0.003899990087676011,0.0030445665274901872,0.004035908144791448,0.0022970351559322014,0.0018024907363028244,0.003022799212076477,0.004534160972589648,0.0022928921090419633,0.03112984601854629,0.0014174601231427158,0.0029391466220801753,0.005708167877895389,0.0029426362692455145,0.0011947586867813189,0.004042945252873789,0.006989036938686206,0.003868516640518497,0.003302591848775435,0.0015481928144992039,0.005339783757780749,0.006220272584118206,0.009159157034178078,0.002893549134889731,0.003195373331265388],[0.0027895257357730464,1.5998890273418257E-5,1.268855202487785E-5,7.951430930739107E-4,1.9748023098813902E-5,1.2495892299119067E-5,9.321982110553585E-4,8.394135712242252E-4,9.923725223266417E-5,0.04110409321828146,0.011540775039470645,1.7240576476830428E-4,0.0026183742551369655,1.3334854996631294E-5,0.003712088938432099,1.0,0.08830310235362812,0.004090155993164379,0.00121403194046088,7.690577883180055E-5,1.5960456141066496E-4,4.6574384491856036E-5,5.1175776444126005E-5,7.37736311785651E-5,0.0013895451320225906,1.1981941139373764E-5,0.013152722710699795,9.68556706663037E-5,8.871142345158406E-4,0.004827041164839549,1.8403083985831442E-5,9.126979517536494E-4,6.909033290928678E-4,2.0771666100504457E-5,1.9488367460509426E-5,9.5212239622333E-4,2.5331614977430964E-5,4.940769462969167E-4,2.3198279409804278E-5,1.5741826548990896E-5,2.885294780802014E-5,8.407275930313724E-4,9.257996917145931E-4,3.80434212433673E-5,2.335257912048095E-5,0.006724557800104337,1.674938477766038E-5,1.2578533889720836E-5,1.2185506273666073E-5,0.009886320158700359,0.002092018827713601,4.454746785676865E-4,5.632216205515065E-5,0.003512969909938701,0.01099400484048465,0.006011572060921572,5.838477322469181E-4,1.217802687256382E-4],[0.012444141809099248,0.019313276827049745,0.08832842914424639,0.06630045538100036,0.033024238907673406,0.03556208696906796,0.03908619228865995,0.029679111676478825,0.07550923265634593,0.09299174034641104,0.053875993103232316,0.0390924802430622,0.024777421013592045,0.002831931597659167,0.05032023006547106,0.08830310235362812,1.0,0.021672577013606784,0.0720803934555466,0.051170739110400945,0.07374124336198026,0.049356580528948125,0.026023789086430427,0.009442681202145307,0.03674164194336049,0.06234228553124519,0.07866957542313735,0.06893371908663179,0.054403642430812305,0.08567647936767239,0.04836283538741045,0.0688165954260506,0.0270920518548329,0.06883102690420546,0.03969229475418539,0.08479122880306114,0.009019702164412545,0.024081373755032748,0.059891253230544214,0.03046338412290762,0.05949726253306645,0.08800699129023477,0.06924389836892948,0.0742443732784467,0.007036792190705612,0.037322902167136414,0.032178122876093104,0.04381527207173671,0.0187315162599877,0.08676155339980951,0.08945476411129435,0.024422419080276495,0.06619020986237883,0.021764470309954598,0.045919292845834826,0.043373307680212046,0.021565716648895505,0.015080540213889944],[0.0119684602163861,0.005743110413195249,0.009496711928513951,0.0022518193936170174,0.005117520297824571,0.011980702596757872,0.003275429401037878,0.007784418392576182,0.01288625257742427,0.024031906691871094,0.018404271498204783,0.01562992099756358,0.016474021482126348,0.003753212680868597,0.0060703050363674176,0.004090155993164379,0.021672577013606784,1.0,0.004208335092863631,0.004546621299346891,0.009103228790533267,7.938669891768333E-4,0.01268005292781507,0.004255790102711112,0.0027792406847289867,0.0028524935410908403,0.01678533360992586,0.008393996485238413,0.005410610202031953,0.010562958764348242,0.010829071022348122,0.0070422213506175346,0.004344535939313798,0.009155342944241824,0.014476797006882624,0.011786826491248773,0.012296506045099813,0.00869380695464251,0.01054563233804803,0.01651227391725608,0.003583346504204643,0.001810063434671334,0.0316258743931041,0.007361463047979609,0.010445996269529075,0.018895987858059182,0.010529591073031148,0.015410290907033561,0.006235729779006072,0.016042041053736147,0.007265313210910134,0.008965303754413751,0.007943825159909695,0.01815577738428261,0.013962684802094893,0.014508652986524095,0.014272052433167443,0.0011901089698318633],[0.003133443645534216,0.001033499804033112,6.348247681733908E-4,0.0014426501610876946,8.2089523518453E-5,0.0011286165500910817,0.001533876955656729,0.0012706839146202616,0.001244956983189381,0.0797651003283698,0.0023958070839119965,0.0011498449315331639,0.0023378700120008176,5.236801618382148E-4,0.001806369042242305,0.00121403194046088,0.0720803934555466,0.004208335092863631,1.0,6.332321476709597E-4,7.740756258161434E-4,3.6346713135793784E-4,0.00140571487714197,8.700782534232373E-4,0.0019044461110230737,5.913231946435469E-4,0.003053958978204648,8.484253589439904E-4,0.0013196833574287525,0.00852141389529847,7.082217009481136E-4,0.0011951634663883123,0.0013399591964074738,6.801998075176578E-4,0.0013935014196930426,0.0013025878285116749,0.0011594872278903158,0.0014016951573931754,8.244449242617786E-4,6.110507299575316E-5,5.01038141283833E-4,0.0012880067942283807,0.03343119124646784,0.0011358497916117397,5.175778278324808E-4,0.018050792955093098,6.468188626491818E-4,0.0011460985091566913,3.12760039870675E-4,0.006940051232566533,0.0031910783880190717,0.001357457145332407,0.0012973663334565405,0.005710639999595996,0.0021631170183848505,0.0022225754995905643,0.0013864404399869838,6.931589307286505E-4],[7.612857219545444E-4,1.6285251765274048E-4,1.3457633351157786E-4,3.4362019533910534E-4,9.926209175193321E-5,6.916014080787458E-5,0.0015691734788895473,6.912747521400309E-4,8.052829314535853E-4,0.08212675607506618,0.012033280435982372,2.429660831572565E-4,0.0017171677363758567,8.402043334086793E-5,0.004385721471410819,7.690577883180055E-5,0.051170739110400945,0.004546621299346891,6.332321476709597E-4,1.0,2.0395448525509767E-4,1.1987370217462069E-4,1.7804096407401043E-4,1.4921572236389227E-4,9.520536956073552E-4,1.1687359319830389E-4,0.0145452767975399,1.8148948661958882E-4,2.1813924241619433E-4,0.005788173537202127,5.637635098182533E-5,7.545325084597968E-4,0.0011201633045770797,2.002975464127166E-4,1.1265945955369952E-4,0.0010041667141760511,9.074917297640663E-5,0.0011416679951157397,6.939973237161797E-5,3.1839032120349835E-5,1.974856221427448E-4,2.832916098022759E-4,0.034669963296087326,1.7018529111950892E-4,2.021943036672792E-4,0.018753361210756873,1.2737822451033772E-4,1.222636649017527E-4,6.32572818174148E-5,0.006711395846229545,0.0025268440868404522,4.619211954935596E-4,7.274598764389922E-4,0.008330753543945288,0.009955133154146973,0.005005105212164871,2.8035209990816165E-4,2.0358862523422628E-4],[0.002782545977877609,1.2953597690543647E-4,8.71158395643007E-5,0.0011324049418745578,1.244594382814006E-4,1.6496053153606074E-4,5.189395934410318E-4,4.284603696013445E-4,1.7792014358125746E-4,0.09764495505832017,0.007932285479967013,2.2284861701130044E-4,0.002053625157393709,1.7215227942988327E-4,0.003321523857376157,1.5960456141066496E-4,0.07374124336198026,0.009103228790533267,7.740756258161434E-4,2.0395448525509767E-4,1.0,1.7486020372768212E-4,1.585900794637217E-4,8.536763351191411E-5,0.0019212246495384432,1.1128719268133376E-4,0.004357179541398965,1.6424710525169946E-4,2.4192942194485774E-4,0.004979658777279157,1.0289693177607811E-4,0.001080042490329087,4.216535624065556E-4,1.8551311195107948E-4,1.2727529527428264E-4,4.946719391539297E-4,4.524356437725955E-5,2.836593397339556E-4,1.0119820752372332E-4,1.5424689386491587E-4,1.7608493574738533E-4,6.878579941264558E-4,0.03706679390818081,1.235329148795963E-4,1.5634997396516225E-4,0.012439925569558438,1.7084792728563842E-4,9.889204496892377E-5,1.733555286918337E-5,0.004943574381159475,4.729409455590845E-4,8.636264450896084E-4,4.84406935532793E-4,0.00934142370961099,0.0019491201309277367,0.009665656653074974,9.184274842074233E-4,1.8255922539968606E-4],[0.0030041858991731738,4.540332189938001E-5,3.544878024066438E-5,1.0446491020053186E-4,7.390555627328986E-5,4.221970186503019E-5,8.944199473653572E-4,9.74855570594396E-4,0.0010278334118054865,0.05100565336597244,6.981631762032576E-4,9.79680035377025E-5,0.0026735250552694803,3.5541586230557334E-5,0.0035740846317030136,4.6574384491856036E-5,0.049356580528948125,7.938669891768333E-4,3.6346713135793784E-4,1.1987370217462069E-4,1.7486020372768212E-4,1.0,1.2856392237291583E-4,5.870262822783443E-5,0.0013196205702210287,1.6623723861538665E-5,3.907111584083393E-4,6.0786717226031825E-5,5.164513561906777E-4,0.007560258132136632,4.4522814555534776E-5,3.9743839947858277E-4,9.426050672159395E-4,1.819131872350767E-4,3.784886977501993E-5,5.171150034847144E-4,4.3603439754301606E-5,3.589078824446745E-4,4.0079411227030794E-5,4.573836713816008E-5,1.4316878387657584E-4,4.443062000838866E-4,0.011248133444451781,7.958256107711315E-5,5.750631461281504E-5,0.007307388116158351,4.638372658335195E-5,3.2063148612758785E-5,3.213727256550011E-5,0.008866211055423661,0.002037880945791558,6.125752514260382E-4,4.517341072574266E-4,0.012118670552081373,0.003772881913839872,0.001204959927906512,1.1617343075352222E-4,1.498945877297072E-4],[2.783491939860048E-4,1.0361070082633416E-4,1.4488848510995977E-4,4.397593259110585E-4,1.4278807785983932E-4,4.433975660631259E-5,4.5941005625344526E-4,7.765837709005035E-4,6.948989617976806E-4,0.011412028329809835,0.008492622655139153,1.686504067688529E-4,4.512568845775372E-4,7.72106707875815E-5,0.0036291551660053933,5.1175776444126005E-5,0.026023789086430427,0.01268005292781507,0.00140571487714197,1.7804096407401043E-4,1.585900794637217E-4,1.2856392237291583E-4,1.0,9.15825655356628E-5,0.0019209389704306374,1.3165379006735688E-4,0.017106813208645964,1.2880440330076287E-4,8.427478287713287E-4,0.009608643303912067,1.5135997273908822E-4,6.73640535271617E-4,1.9259076497667556E-4,1.80780785388854E-4,9.799182392105808E-5,6.356006558922727E-4,1.1303899583554495E-4,7.942851338023627E-4,6.21616792388512E-5,5.770689353679157E-5,1.605075259848179E-4,6.988500834376973E-4,0.004583272406438785,1.5022512740865468E-4,1.5548036047099983E-4,0.016933555302601273,8.433297961840891E-5,7.26633390512289E-5,5.077998947589474E-5,6.336141981690335E-4,0.0020754532342129504,4.890781330650872E-4,5.04442964023706E-4,0.016817637232772506,0.011561575981078894,0.008567431314725288,9.575671878104997E-4,1.7301903985697748E-4],[0.0036592115825792026,5.509025477606145E-5,6.229309731524586E-5,0.0012690258498706767,7.545697179915514E-5,1.9113113125952763E-5,0.0014176602344337483,7.59269907037954E-4,8.844908002542014E-4,0.019023468848928058,0.003653196791695248,2.252309838107285E-4,7.984169390814453E-4,7.221045932722644E-5,0.0013602080823381577,7.37736311785651E-5,0.009442681202145307,0.004255790102711112,8.700782534232373E-4,1.4921572236389227E-4,8.536763351191411E-5,5.870262822783443E-5,9.15825655356628E-5,1.0,8.166314576251499E-4,4.3967975662495654E-5,0.011135134321454637,9.693495013426196E-5,2.3860934585671846E-4,0.0036239802700512485,4.566529147801893E-5,3.386627803432474E-4,7.291995176567643E-4,1.0645585533341298E-4,6.012023801525548E-5,8.766102162647469E-5,4.892847483517358E-5,2.2709458128002146E-4,3.8709306568489844E-5,6.231712966921403E-5,1.606024246111175E-4,8.613936278742926E-4,0.02282799185009863,8.907502274612354E-5,1.0215703113591038E-4,1.2013306056766832E-4,4.3445694178612096E-5,4.159391086471621E-5,3.095037601437768E-5,0.00974089420424926,0.002560173278273551,9.364798491826384E-5,5.596547911350726E-4,0.01090952360679951,0.006217098421819328,0.007360934389150809,1.9743405286695552E-4,1.402298442879951E-4],[0.004547410456766614,0.002039902403734098,6.648794321535556E-4,0.002050307761041176,3.4350124498654333E-4,6.891227311523626E-4,0.0026811656974022467,0.0023834026700820317,0.0013495107056889152,0.035696928462193016,0.011507168703284724,0.0011335472956733286,0.002827890625165057,0.0020303095136883225,0.0033789028787800514,0.0013895451320225906,0.03674164194336049,0.0027792406847289867,0.0019044461110230737,9.520536956073552E-4,0.0019212246495384432,0.0013196205702210287,0.0019209389704306374,8.166314576251499E-4,1.0,0.00192004473184349,0.014882487378308372,0.0011935497460274535,0.002355108510773989,0.005604081756894744,0.0019384195426789689,0.0024145887410316684,0.0024461276945505557,6.827964170996646E-4,0.0013362608661492306,0.0026814101648500108,0.0017329620104638505,0.0024974578151719306,0.0026085691761232686,0.0012952703603289165,6.60430040660885E-4,0.0018617989535081785,0.02582426446969929,0.0019510577644957837,0.0016215753492686863,0.014593250963094306,0.0021224322649586657,0.0019520304725900086,0.002406219990907909,0.008846834729230599,0.00291268427318408,0.002261436567123119,0.0014031344303892443,0.012071216500057321,0.005281286324385475,0.005856589014917514,0.0025190404999424544,0.0016108544992464822],[0.003462935525376891,1.5118050572232295E-5,1.9286269637991776E-5,0.001661330779452542,1.206649083859177E-5,1.2158506440864268E-5,7.333328874203545E-4,3.706820855369546E-4,4.2241731162911327E-4,0.0734044877199998,0.006479125659671597,7.598197291217783E-5,0.0012074620936627996,1.3130502271438782E-5,0.0015065540870401503,1.1981941139373764E-5,0.06234228553124519,0.0028524935410908403,5.913231946435469E-4,1.1687359319830389E-4,1.1128719268133376E-4,1.6623723861538665E-5,1.3165379006735688E-4,4.3967975662495654E-5,0.00192004473184349,1.0,0.005035104662391236,3.5464741317204E-5,8.942457255685668E-4,0.0082297982165621,1.8508730776178407E-5,2.0820092953469034E-4,2.3502315367696767E-4,1.581783702774986E-4,2.9676576246362583E-5,0.001093607240298493,2.906175173359339E-5,0.0011554361789315568,1.6367764604742267E-5,1.4911426719437006E-5,1.294124961137373E-4,2.5287054050219713E-4,0.02574419560513869,3.4346706654188215E-5,9.605594006285288E-5,0.018593340200653674,1.407354757980777E-5,1.2436692908431186E-5,1.2385247338017566E-5,0.004616644915813687,0.002047789728590562,3.2726073441444306E-4,0.001169712557680222,0.012028556905166653,5.770908162631005E-4,0.004823860606778218,1.4380941761975185E-4,5.933266692740659E-5],[0.01305026920864875,0.00837507279754059,0.014038667790301922,0.012835828006702929,0.00923463896563528,0.0062658463403971135,0.006900064754384405,0.016076319799295892,0.015323072658096062,0.052803431278047555,0.018414200554431277,0.0027208572138341523,0.010686101777964196,0.006059748595634872,0.013092219142402585,0.013152722710699795,0.07866957542313735,0.01678533360992586,0.003053958978204648,0.0145452767975399,0.004357179541398965,3.907111584083393E-4,0.017106813208645964,0.011135134321454637,0.014882487378308372,0.005035104662391236,1.0,0.005604590428645298,0.002316192013030793,0.015739692556198864,0.011538518818105267,0.0164064668934875,0.00985836676899446,0.016299274346836982,0.01245457865338958,0.006657640761254479,1.4934579291746346E-4,0.01584861449365149,0.008043317540351876,0.0015759666809097876,3.912020987554463E-4,0.00332928977169688,0.03807307396580202,9.071719182037112E-4,0.011231832209314433,0.01787047553325852,0.008008459457195782,0.003856130519101974,0.015847226177361038,0.013942843326705048,0.017048282264475786,0.017109082072959025,0.00656885639295407,0.017599214406930717,0.014121245699693002,0.012542433564381608,0.016013135742241075,0.014463810804564367],[0.004753582064223205,3.345374080239022E-5,3.6537015234436196E-5,9.493110456188954E-4,8.824253562575592E-5,1.0848330500096045E-4,1.8725316910440828E-4,6.031141931037047E-4,3.1197132231158153E-4,0.06216576009979911,0.010388773694319975,2.6556991226199154E-4,0.0010382071523346744,2.0858905288765686E-5,0.0025556430617697202,9.68556706663037E-5,0.06893371908663179,0.008393996485238413,8.484253589439904E-4,1.8148948661958882E-4,1.6424710525169946E-4,6.0786717226031825E-5,1.2880440330076287E-4,9.693495013426196E-5,0.0011935497460274535,3.5464741317204E-5,0.005604590428645298,1.0,4.1322557379909816E-4,0.009341916191602467,4.99423130452773E-5,6.149326757290946E-4,0.00110924696767705,1.3191261613431754E-4,7.135453349461895E-5,4.2191053166589187E-4,4.6813822806820975E-5,3.757408650613656E-4,4.833431738007591E-5,8.278145917224446E-5,1.2147328456993455E-4,4.161981697983136E-4,0.041975050708921074,1.1704456961071156E-4,1.3278922653053643E-4,0.019383706101303896,1.0959286824858177E-4,1.771985824081004E-5,3.2571894069010894E-5,8.553953659397363E-4,0.0015974105229497213,3.818837437571519E-4,2.9343039205095953E-4,0.005300393607707526,8.093510247578821E-4,0.004016163446197445,4.916263700775406E-4,1.6716866840536663E-4],[0.0037449958437121627,2.1829189750214843E-4,2.0948997264828108E-4,0.0016432890174004435,8.800506230753365E-4,7.503995321330704E-5,0.0015551375445744422,0.0010394427732130672,0.001227164540802873,0.07324992564748828,0.010845944335462408,0.001093816613104992,0.002266992360861996,1.783034298398947E-4,0.004296046748497051,8.871142345158406E-4,0.054403642430812305,0.005410610202031953,0.0013196833574287525,2.1813924241619433E-4,2.4192942194485774E-4,5.164513561906777E-4,8.427478287713287E-4,2.3860934585671846E-4,0.002355108510773989,8.942457255685668E-4,0.002316192013030793,4.1322557379909816E-4,1.0,0.004835478842013708,4.3378701463433475E-4,0.0012033767582042508,0.001175146335148857,3.4110138378361384E-4,4.249114042094361E-5,0.001183547536191008,0.0010161828772112138,0.001312811115023384,6.146967039644447E-4,5.375660138102377E-4,9.810925732682808E-4,9.813324459667329E-4,0.021079957501401844,1.3867166205102396E-4,6.146942784425187E-4,0.019447765547809085,1.9699767631503563E-4,5.126547171120623E-4,1.1431316695647901E-4,0.003591751981112944,0.0030216496071309015,0.0012025492147099413,0.001237079855468131,0.014402437192075426,0.0035056585064173343,0.0018818429432319824,0.001186258160997341,7.636322537131035E-4],[0.00843684833745466,0.00262383495874252,0.006237214311585012,0.004161755166002517,0.007322937248117205,0.0035354353608039054,0.005139070352037289,0.0029251991098165663,0.005413259855429653,0.07907275503878916,0.009742686148616874,0.002652241915494475,0.005641762355183996,0.0080004449814794,0.005026691244090763,0.004827041164839549,0.08567647936767239,0.010562958764348242,0.00852141389529847,0.005788173537202127,0.004979658777279157,0.007560258132136632,0.009608643303912067,0.0036239802700512485,0.005604081756894744,0.0082297982165621,0.015739692556198864,0.009341916191602467,0.004835478842013708,1.0,6.043453149285402E-4,0.0030279754397370493,0.002642705955427557,0.005190988434140986,0.003914198959096129,0.004731271361955451,0.007403549449667203,0.0031280641260847284,0.0041144507258164984,0.008669190474983709,0.00391865565371184,0.0051090845582936785,0.023111542222280707,0.0019897972363511034,0.0023378724404610847,0.010201217804316183,0.0079152168816182,0.0030070217793499417,7.052160495915656E-4,0.009845558803308726,0.006532979453815405,0.002602633450033049,0.0061459339409547925,0.016039602914590202,0.011342202079229452,0.010624682738461011,0.008640755170886135,0.009208598303996425],[0.0036365431652614216,2.00569145365077E-5,2.1115859406426432E-5,5.036616026362829E-4,3.671320027656413E-5,1.5614769786377426E-5,4.2569888456197327E-4,2.2929515606035506E-4,4.870596834511728E-4,0.03659311789783651,0.01649117898810045,7.539755533357452E-5,0.0028265828085902184,1.4197892427018794E-5,3.876977675230454E-4,1.8403083985831442E-5,0.04836283538741045,0.010829071022348122,7.082217009481136E-4,5.637635098182533E-5,1.0289693177607811E-4,4.4522814555534776E-5,1.5135997273908822E-4,4.566529147801893E-5,0.0019384195426789689,1.8508730776178407E-5,0.011538518818105267,4.99423130452773E-5,4.3378701463433475E-4,6.043453149285402E-4,1.0,5.100129423282653E-4,4.901567984613818E-4,3.853141134966069E-5,3.1884458294873265E-5,7.15797303012328E-4,4.16583990554371E-5,4.5504945246252644E-4,2.6081960607947526E-5,2.153658375733467E-5,4.967255420279408E-5,6.690502927386396E-4,0.04403131312645787,1.1221300518914694E-4,9.160512239458489E-5,0.01199392033427271,2.6201727212786393E-5,1.538342381923345E-5,2.2820464095506208E-5,0.009199269925009206,7.776911052300722E-5,6.985170509378002E-4,0.0011548231468080708,0.010188430499473267,2.809414080296884E-4,0.008658591089910066,2.5755373253278106E-4,8.007051327346983E-5],[0.005170257460296522,0.001129387621994055,2.44140929163514E-4,0.0015076721185729623,8.812842065610781E-4,0.0011222460077895677,0.0012443638935145881,0.001057382530140932,0.001146052794953633,0.07617485792523347,0.012684216371599501,7.185848530896791E-4,0.0030717650195229936,9.058979367164857E-5,0.003769791400895252,9.126979517536494E-4,0.0688165954260506,0.0070422213506175346,0.0011951634663883123,7.545325084597968E-4,0.001080042490329087,3.9743839947858277E-4,6.73640535271617E-4,3.386627803432474E-4,0.0024145887410316684,2.0820092953469034E-4,0.0164064668934875,6.149326757290946E-4,0.0012033767582042508,0.0030279754397370493,5.100129423282653E-4,1.0,0.0011450848351193383,5.216322892663721E-4,5.097083074619091E-4,0.0011640343047084772,5.285631251946686E-4,0.0011753813310613219,8.856876406296329E-5,6.72651878972406E-4,9.522950558455279E-4,9.943066159829308E-4,0.03195361226105713,7.194422344020806E-4,1.569513981394638E-4,0.010158115310265206,2.4181537330967542E-4,0.0010129451393267148,4.159121132801257E-4,0.005369689825550588,0.0012068225652374822,0.0010934464172611224,0.0011700831614697154,0.01665229449032203,0.007170517351220413,0.0018522881211724882,0.0010055439633811225,7.150502628075286E-4],[0.001837791740766999,1.4800568988987078E-4,2.5723851644958147E-4,0.0016910830178685143,3.256530195561589E-4,0.001049521470612381,0.00120600522580836,0.0010078172916092173,0.0011472411959896239,0.09417761551738763,0.0060364542131906,4.6834380511989135E-4,0.002669983398405559,4.5562838396737647E-4,0.0015254132849692721,6.909033290928678E-4,0.0270920518548329,0.004344535939313798,0.0013399591964074738,0.0011201633045770797,4.216535624065556E-4,9.426050672159395E-4,1.9259076497667556E-4,7.291995176567643E-4,0.0024461276945505557,2.3502315367696767E-4,0.00985836676899446,0.00110924696767705,0.001175146335148857,0.002642705955427557,4.901567984613818E-4,0.0011450848351193383,1.0,3.77860187067341E-4,8.240688848209796E-4,0.0011604482392978148,9.506016187323785E-4,0.0011486916583784885,1.408209116150353E-4,4.1529954114061793E-4,2.283429398945078E-4,0.0010195193503492633,0.009914760903748415,3.6130741440456866E-4,8.879029322438866E-4,0.01356789938588523,4.264017988340039E-4,5.139975165705775E-4,5.248288871377778E-5,0.001696335162397653,0.0017957343055778792,0.0011169520872802618,0.0011847456627652251,0.006140815862522606,0.005129247273388107,0.004914550852054929,0.001047337